-8.308885497855717404e+02
-5.158735116982290492e+03
4.353162491974087970e+03
1.061788613197994437e+03
-1.900563077450800392e+03
-2.574503064120652652e+03
3.937323736312137044e+03
-9.534387062550936207e+02
-1.257616662366433786e+02
-9.384021884184555802e+02
3.032479678052300642e+03
-2.153447193796201645e+03
9.070695445493932993e+02
-2.165852539333164088e+02
1.478251361088113072e+03
1.743814290291407190e+02
-3.259121806237566943e+03
-2.782011659367261132e+02
1.404335404629767936e+02
8.847595553539173352e+02
-4.792463041140692894e+02
-1.335638330607496528e+03
1.946988383827981806e+03
5.644419028506260929e+02
1.783320362379976359e+03
1.263361206783131593e+03
5.715158677652430015e+02
8.551017188570812095e+02
-5.085933420169830583e+02
-9.277369583091982577e+02
1.001590515428414051e+03
9.433122485883585568e+02
-2.650233427728609854e+02
9.421514528046993746e+02
-5.287792604178305282e+02
-2.092816641728205923e+03
3.903068422065057916e+02
1.330750866240924495e+02
-1.276504426445619856e+03
3.233796439638602465e+02
1.173994007396896905e+03
-7.447849078607172260e+02
5.720246559995420057e+02
2.094592697522990420e+03
-6.196918170173536282e+02
4.416338118410758966e+02
6.192875935714209845e+02
-1.396278255497467740e+02
-1.612212235138647657e+03
-1.283292783710832737e+03
-7.333120019709602957e+02
-5.938638138894717713e+02
-8.812919700925413053e+02
1.205544761304620579e+03
-7.510237817180864113e+02
-1.251257170212262963e+03
6.266692651842685109e+02
-4.991083252751368491e+02
-2.234980778159462886e+02
1.424121401007417035e+03
4.477016771844694176e+02
-7.732754752961250233e+02
1.203190847929042093e+03
-1.016555175328872735e+02
-8.725157323967191303e+01
1.028253027789366342e+03
3.521686977189879144e+02
7.651551825458744815e+02
9.912653245418681536e+02
-4.185288199744276199e+02
2.972834108382168665e+02
-3.870602325439953120e+02
4.275440305517378761e+02
1.242729000141065825e+02
-4.084816265271821294e+02
4.706642339570345257e+01
1.152386749041355415e+03
-1.126567573855090359e+03
9.680635311923334712e+02
-6.475927015487911831e+02
-1.655875703440747202e+02
-7.240262039950140434e+02
6.188516755747375555e+02
4.440404030655462293e+02
9.274281081217135352e+02
7.862340311309974368e+02
-4.166365907190173630e+02
-1.151549194635149206e+03
7.612518690713585556e+02
1.072887662378698451e+03
3.606352355237843881e+02
-5.449190182464319605e+02
-1.590473075064500676e+02
-1.537414098719564208e+02
6.619436952085546864e+02
2.665808679467884872e+02
-7.013302994092128984e+02
6.639210682210009509e+02
2.353516197570435509e+02
-6.306907645341990474e+02
-5.660154988058325642e+01
6.328077786459366507e+02
1.121939757015455598e+03
7.897294129234502407e+02
-2.370451500072063027e+02
-6.354586874551346227e+02
-2.450927258850874466e+02
-2.400541602240494399e+02
-2.407956921823688674e+02
-1.464620974451710538e+02
-7.627033169970522408e+01
-3.580365941696720711e+02
1.499126742287485285e+03
-9.762833054361797736e+01
7.332664957812171451e+02
-2.108005069523923112e+02
-6.194038607194365795e+02
-2.108297375334495314e+02
-3.750292840430219030e+02
2.121310597568767093e+02
1.008200468880200447e+02
6.058158192471899639e+01
-1.806028983019013481e+02
-2.896107696498744417e+02
5.271329203898541209e+02
-3.149525055577085482e+02
-5.985132374022855402e+02
-8.146725944547638676e+01
1.349740328432024853e+03
1.222957351811009090e+02
1.235352540973220812e+02
-2.543003483365215232e+02
-2.545603312723316094e+02
6.409834890829422420e+02
2.375219931855087907e+01
-4.610643509053165872e+02
4.253950822520545216e+01
2.948489127126593417e+02
-7.768924541767727021e+01
1.277731963276972635e+02
-4.457057047455950851e+02
5.755720053855397964e+02
3.408673494147976726e+02
5.740522834155295584e+01
1.162695435650736471e+02
-1.410116488580027294e+02
-1.442386005751956191e+02
-1.903358509175413928e+02
-1.523693504643641461e+02
-4.617537041740733912e+02
1.713688357855137383e+02
4.654217891981911635e+02
-1.210519049097862165e+02
3.576969303163099312e+02
-2.098788998235357894e+02
2.962809064475185323e+02
8.642346898745088879e+01
-9.731572531344201593e+01
-3.907607919732435420e+01
-1.834731880835614106e+02
-2.423364954661631714e+02
-9.158746809534709143e+01
1.493801803928642187e+02
-1.526479138624013387e+02
4.407236043768632783e+01
4.027232293935238658e+02
-5.155578855254642576e+02
-2.611474456489414138e+02
6.161336356094623170e+02
-4.624009857369221663e+02
-2.971578093091333699e+02
-3.266829446374470081e+01
-4.746143444877064894e+02
-6.340410226693931008e+02
1.828550512634413110e+02
2.836553569783149555e+02
1.600652521463909181e+02
1.691513066183883325e+02
4.585915269555925278e+01
-1.843871848446927970e+02
1.159096332698989187e+02
1.220180661865449991e+02
2.245139398027852167e+02
7.867502464005330864e+01
-1.135506361342761750e+01
1.541247160173773239e+02
1.880468642068442762e+02
-1.299417362676482810e+02
-4.155425641814260871e+02
-3.670767617541083609e+02
-3.861684392490483901e+02
-1.917604699361056646e+02
1.418166479591906750e+02
-1.750855232057587898e+02
2.739859048211795880e+02
2.013599367302911674e+02
-2.027906448264010635e+02
-4.062342163302997164e+02
-3.130099162919839841e+02
8.018300062920566518e+01
-1.894717683254210954e+02
2.241583397298651334e+02
5.281100753146744182e+02
-3.491328443196920972e+01
2.144546440782720254e+01
-3.010844440592879891e+02
-2.279089350941004000e+02
-1.202255793874048706e+01
6.625522387561233906e+00
-3.095626723254778767e+01
8.453693498730463318e+01
-2.409799329330688238e+02
-7.750978629374162665e+01
8.371983273462094033e+00
-2.371330058129027236e+02
-2.169396514341905231e+02
-8.731827573583886704e+01
4.142763130211664588e+02
-4.910270179675470672e+02
7.542766331614797082e+01
-1.209986351103667204e+02
2.228578435874511285e+02
-5.575360914922417805e+02
-2.561496040911360410e+02
-1.783863933341910979e+02
-2.805369568628580055e+02
-1.115210277912492529e+02
-2.856918904513966595e+02
-1.800738940460421986e+02
7.076445935223375727e+01
3.833017709269449114e+01
-2.659095013258188445e+01
-2.910245099563747431e+02
5.748119988983937674e+02
1.835033611198460619e+02
-3.818695258479800714e+02
-2.912713471648910968e+02
4.026042441908710998e+02
-1.506094352433010783e+02
-2.998222790083609652e+02
2.566776603739010731e+00
1.530869763047294043e+02
-4.390977403975316662e+01
1.953017513688805593e+02
-3.450346970151961727e+02
-5.430946318619800905e+01
1.128811219656163445e+02
-5.134210510045481790e+00
9.708821824480335749e+01
-1.520418783198665267e+02
8.481070345621625961e+01
3.339786193306641593e+01
-6.767654691645363130e+01
-1.894780136656376044e+02
3.115740867656844557e+02
3.391959834709677324e+01
-1.787562571824426527e+02
-1.539617437376177520e+02
1.478907904314012853e+02
-2.742018641969168584e+02
-9.148303908575135779e+01
-3.857645465000561558e+01
-7.915395403722665435e+01
-1.454155312171158130e+02
1.632874862063517583e+02
2.135350047399798541e+02
1.406411690741359450e+02
-1.215359178046474682e+02
-1.049952007435331458e+00
-4.580473849077876736e+01
-9.835527203296985022e+01
-1.319112243798025759e+02
2.497338399141998764e+02
-1.103082550077264656e+01
-3.996956783024539277e+02
7.130464959987914142e+01
-3.796637622487804009e+00
9.125107268011853989e+01
-1.046706855278269330e+02
-1.640416801554565893e+02
-1.338818318824617677e+02
7.284166835438701071e+01
2.205588012852788324e+02
3.282839302984121446e+02
-1.797766089471176656e+02
2.112400496139964048e+02
4.519586881099635889e+01
2.372240488320062752e+02
4.370824614186989265e+01
5.746689257072558377e+01
-1.518692354413935561e+02
2.223380930265925759e+00
3.586782573400114416e+02
2.072367479219354607e+02
-2.736093242021186711e+02
-7.344646698766668180e+01
-1.845645021842584583e+02
-3.945697002767511208e+01
-1.935028296053810948e+02
4.081711375158790247e+02
