-1.706854386699581482e+03
-5.424017580063274181e+03
-4.990432623672358403e+01
-3.943846414703216851e+03
2.929182674239202697e+03
8.190416164938545762e+02
-2.975316849875032403e+03
1.816177783381290055e+03
2.758979993027538058e+03
-2.003518194019396560e+03
2.178053127377610210e+01
-4.435543493009412828e+02
3.256898783676586390e+03
-9.862038470374678809e+02
-4.217630270488950259e+02
-1.757983615844477299e+03
2.505601586073101771e+03
-1.111543342246230623e+03
-1.323278238856725011e+02
-1.006829723317224989e+03
-3.003609606854726735e+03
3.142957215670969617e+03
-2.006358539325285392e+03
1.723392632828819160e+02
1.223367841848542639e+03
1.813633547821578077e+03
-3.492678511891766675e+02
-5.467790807778898170e+02
-7.673123128616815620e+02
1.082747444194175614e+03
-1.176826193083624958e+03
-8.755212694754463882e+02
-4.508462414017261040e+02
-1.684645329312618287e+02
-3.938201679767133783e+02
7.460076520227109995e+02
4.293226793005204058e+02
-2.331296939831528334e+02
4.898532368288587691e+02
-9.108205480786577368e+01
-4.335957084184299788e+02
-1.537837503408377415e+03
-1.213223734564160168e+03
4.289156263686630268e+02
4.570445529403343699e+02
3.006660898905602153e+02
-6.317618208965068334e+02
2.050643206041418694e+02
-8.596106272505097650e+02
5.799463660416687105e+01
-4.674308923187101641e+02
4.491066222483744923e+02
-3.897417554465329204e+02
-2.620130344426123656e+02
-7.198016508661606849e+02
-7.006745023548324980e+01
1.380693283097475330e+02
4.385275756549572179e+01
9.478757075383896336e+01
7.179679930287622938e+02
-4.097169791064540050e+02
-2.053405278807232662e+03
1.333110229233317767e+01
-1.679453008725063000e+03
-3.551202972032758112e+02
1.186204086541652487e+03
4.742726628673412961e+02
1.873708718177865933e+02
1.161793524967767723e+02
-4.899563799263340513e+00
8.471044341308029857e+01
1.099103355227535758e+03
-2.047924053378501696e+02
-3.346119001451515373e+01
4.142518195964096321e+02
-4.924136487603014984e+02
1.984901634932183967e+01
-4.360600199866354956e+02
-5.184915474580106576e+01
-7.599729480068255327e+01
-2.285234294522783927e+01
-1.464117710885392682e+02
-2.466714622043206475e+02
5.441708555568768588e+02
5.510407190533110224e+02
2.098723824653396548e+02
2.691126001132492433e+02
-2.083407219041148437e+02
4.473318155243634742e+00
-7.958445126384501123e+01
1.441034263889488045e+02
-1.190340975405636925e+02
4.880628261890722115e+02
2.967976981227027409e+02
3.995594701779078832e+02
1.622769874489204653e+02
-3.765702134042054894e+01
6.401954370422296279e+02
1.589240881202595972e+02
1.918894056546895683e+02
-3.105243988521782512e+02
-7.022300544625359464e+01
2.210936480945186418e+02
-8.160465737779405799e+02
2.048141098549795061e+02
4.283733469310726605e+01
4.851693198123325601e+02
-3.023624644054450528e+02
3.348324634920131757e+02
1.768118377196009590e+02
-2.560982477840454408e+02
-6.039786222834072760e+02
4.132225061213656545e+02
-2.176013518080166875e+02
5.267256267202672007e+02
6.956217856837970714e+01
-4.503941594352218090e+02
-5.551097366532608248e+02
-2.410447176560911089e+02
4.691512992750469380e+02
2.304832301752715296e+02
-9.603685559929176918e+01
4.624575219539305522e+02
-8.576131626205604164e+01
4.619803734963338684e+02
-5.105161793899360845e+01
-3.527467460047996042e+02
-5.000121552489663372e+02
2.910393083347316292e+02
1.161640643267976571e+02
3.819396910150101121e+02
-3.404059673332445755e+02
-8.211523137055945654e+02
4.890498306790559582e+02
-2.279391999170423233e+01
-6.874339474378196257e+01
-8.526464592394555098e+01
-1.307649779007652455e+02
2.731647730727799939e+01
2.601689102757233627e+02
-3.441946433212674492e+02
1.426944202956699712e+02
2.846554881482181827e+02
1.499372873763564940e+02
-7.729714984485703155e+01
6.415113320231532725e+02
4.892746737349720121e+01
5.052208712323823647e+01
2.201782555456134389e+02
-9.353310194093383245e+01
2.574824085337511974e+02
-1.974627540193116033e+02
-2.368685938592572171e+01
1.564126238684032444e+02
-4.468413348345108034e+02
-3.317033895863391422e+02
-2.946212885433054112e+02
1.278832459263148280e+01
-1.041743213540846398e+02
-6.026238376570002231e+01
-2.548369150253004989e+02
-1.539735921339267861e+02
-2.028831151217219713e+02
1.613134901462418895e+02
-3.669914644435108926e+02
4.745747510780701077e+02
6.268353493590107206e+01
-3.105132001385981084e+02
2.596468839228767820e+02
6.657672469279968652e+01
5.790607344536407020e+00
2.255499971962078405e+02
1.623623065176468288e+02
-2.330551570746082746e+02
-2.495261856609362496e+02
3.792473099076092922e+02
-9.249704222323254044e+01
-2.937112754682486866e+02
1.393811173539280333e+02
-1.905673332063903160e+02
-1.249400612021236867e+02
4.401749283234418897e+01
2.115886488078543834e+02
2.061347722295511886e+01
3.248619880948953664e+02
1.389226428419790977e+02
2.335597059270528320e+01
-1.770407353224367455e+02
1.361946768036700561e+01
-2.289531302492109148e+02
-5.101805489567592389e+01
-1.938154270388511407e+02
-8.938252212270215580e+01
6.967893516462046932e+01
-5.294223640963544852e+01
-7.087174337946497360e+01
9.926046482652184011e+01
1.559622094682147697e+01
-2.180059399027981044e+02
-5.447068928956068845e+01
-4.331594158215543189e+01
6.486135777734020280e+01
2.601149311202397030e+02
-2.433748464286740898e+02
5.229553118758236963e+01
3.498923197945887864e+01
-2.686407896540976026e+02
8.487125525821884509e+00
-1.206509872767230291e+02
-1.860914409500370255e+02
-1.849879639610301467e+02
-3.743476490229497955e+01
1.601165237593186532e+02
-3.229493133902368385e+01
-1.136469034874201185e+02
-2.252048736329425651e+02
3.943455262021514329e+01
1.001657304730120899e+02
-5.665728704442721408e+01
-1.187265127759189625e+02
-5.710971322876572032e+01
1.780077702032265563e+02
-3.923932625168209825e+02
6.202965367131402274e+01
-2.756290051229676692e+02
1.141033595244117436e+02
-1.877809099673250444e+02
1.407629001169726735e+02
1.172894100568194915e+02
-2.204786699029215242e+02
-7.858439157879060222e-01
-9.263816353666172176e+01
4.285186045914543485e+01
1.754668753676654376e+02
1.774342990285524593e+02
-1.570384630163699846e+01
-8.682950306704138654e+01
3.525290367446955315e+02
-1.366161838049436028e+02
-2.990524103775993581e+02
1.376477822413608862e+02
1.693316625341516612e+02
2.112801525785139631e+02
7.023962859436232975e+01
-1.002269771046108957e+02
-3.806627662422354206e+02
7.276392743805003249e+01
1.266495227382381330e+02
-5.531235024319830273e+01
6.485663486074810180e+01
-1.622081948577235266e+02
-1.211843087918425397e+02
-6.094158897470578751e+01
-1.365064766743940083e+02
8.941597483916480016e+00
1.442163900207035852e+02
-2.991513635112805787e+02
-1.897909553675911241e+02
7.411304121749175522e+01
-4.092225151344857181e+01
2.152929057193147742e+02
-7.477385255055268942e+01
5.453460905994642616e+01
-7.127925612206156813e+01
2.202723705202164979e+02
1.133269826520839132e+02
3.046567248019774183e+02
-1.337565568003967087e+02
-1.519165257438868935e+02
-3.379979199219436481e+01
-1.120566263715992221e+02
-1.256808285089861812e+02
3.018079055671042852e+02
2.497899856901362909e+02
-2.109123573254833275e+02
-1.205062988527952967e+02
5.110675066955017343e+01
-5.737389221768520287e+01
2.079736550895277105e+02
-1.278221704467151767e+02
-1.053343153857459669e+02
-8.375298835225449068e+01
-2.906535942941581752e+01
8.243923545716923229e+01
6.048458802631851938e+01
-1.903895687856656309e+02
2.918048747956606093e+01
2.274730627133295968e+02
2.165815846595135952e+02
-4.656749256321111119e+01
-3.099189687705601415e+01
1.022015952559621752e+02
5.138879449925624954e+01
-6.629965190536451303e+01
-1.497363250867289253e+02
-1.660461491945717114e+02
-1.212497507380066537e+02
-1.297619837050125682e+02
-2.452411021938245028e+02
2.117968050741591526e+02
