-6.021689630451304765e+03
-1.417149449466035094e+03
1.347564382397595182e+02
-2.085791506811649469e+03
5.964646145277821461e+02
1.051380151633931519e+03
3.717999936959748538e+03
-6.299447096610730341e+02
7.946606233414955511e+01
1.222372433989839209e+02
4.231115919872796667e+02
3.137202359483249438e+03
3.347237328072446871e+03
9.146952361552940829e+02
1.709855929588935169e+03
-5.562545445130208464e+02
-7.324811989826173431e+02
9.356738078155065068e+02
1.272912973387824877e+03
6.476028939891623395e+02
-5.561832202764154545e+02
-2.939845559881994177e+03
2.783808468444893606e+03
-1.034244904087656096e+03
-4.605892756490794113e+02
-7.708762899511518754e+02
-4.097134123349478045e+02
2.489537507162379484e+02
-9.607853553506361095e+02
-1.494485931338670071e+03
-5.892463002901589562e+02
-5.945045068530729537e+01
-2.874274393408220931e+03
4.433317898313174510e+02
1.150347412978538614e+03
7.579524706959412583e+01
1.109288400918509865e+02
6.128706116525619336e+02
6.003043244137757029e+02
1.728280259851979679e+02
1.193413367298825278e+03
3.882484135526237310e+02
-1.381367246777061609e+03
-2.297711711556706575e+02
1.574333977870528997e+03
1.218718800790272553e+03
4.925376693629405054e+02
-5.970170929098937904e+02
5.087767721620355132e+02
7.072658091212401814e+02
8.070893439602857597e+02
-3.938902614603640018e+02
-3.595122509785935563e+02
-6.864423342296025794e+02
-3.287325235055918142e+02
6.036931842961129178e+02
1.768504202046618445e+02
-5.124982911132033223e+02
-2.863980783722869887e+02
-9.718312849080977003e+02
2.340186404584493403e+02
6.271306901951479631e+02
4.441826870189364058e+02
-3.068405232869451424e+02
1.436042579650139260e+03
1.021058886811708362e+03
-2.454585392235450456e+02
1.662345180639939031e+02
-4.795817388749418910e+02
1.495133134895438616e+02
1.141771855342864654e+02
-3.288448840281544108e+02
-1.573357878980639590e+01
1.714985169615922302e+02
9.523339290940467663e+02
-3.286299628858471351e+02
-3.275336330919558918e+02
-6.692259422499151924e+02
-7.272759166349235329e+02
-8.029819116546553914e+02
4.867612477074774233e+02
8.544042744902442337e+02
-4.958109851902542573e+02
-2.059382236039529701e+01
-3.309537334016950183e+01
5.159511052576822294e+02
-5.733373828797278975e+02
5.020986059781458266e+02
-1.404561559910889059e+02
1.748380408562111370e+02
-1.309140297842436667e+02
-1.381816967049853417e+02
6.339049962124688591e+02
1.356869259379400887e+02
-5.663198331776654868e+02
5.129221154844076125e+01
4.941510631869631425e+02
8.780748173696777314e+01
1.179405523747558959e+02
-1.836707374768590384e+01
1.759382658676417464e+02
3.104118404294576408e+02
-1.364184741282341804e+02
-2.054939255129510229e+02
1.297225112195793599e+02
7.494600640693703042e+01
2.935931912424439929e+02
-1.069033574869974643e+02
-2.827375383101888247e+02
5.697108366634093954e+02
-1.550155996926344244e+02
-7.463972629347425425e+01
-4.217526783897831706e+02
-7.065413993896865641e+00
1.484454666927017854e+02
8.415844598891462169e+01
8.408009930845568647e+01
-4.693345551794889658e+00
-2.533514463952698463e+02
3.436442866788683546e+02
-6.699861880657957514e+00
-6.401217834288995334e+01
1.414119538893343702e+02
-1.893759226896201540e+02
1.297009119385403721e+02
-5.610081010590969086e+00
-4.614822113011734359e+02
-4.946623601297084747e+02
-5.259411290738974998e+01
7.435887411939257063e+00
1.822241005137297876e+01
-3.813409173671956864e+01
2.308663108832370767e+02
7.510995682569057408e+01
-9.471795432656200830e+01
-1.801153524121064819e+01
2.142120929305372385e+02
-2.244398737143740163e+01
-2.853722189245318646e+02
2.867265658941483366e+02
5.540720401187527386e+02
-4.926304554632129680e+02
-2.761957881687614531e+02
-7.264082853153338704e+01
4.084619172862380765e+02
2.050509190064871490e+01
-6.222012855616511473e+01
-1.668399118149448555e+02
4.100654520070069253e+01
4.405601519097540830e+00
4.386243454254784524e+01
-2.391648074034137323e+02
-1.496874979109201433e+02
8.539614949141963507e+01
-9.497308962378374986e+01
-3.034785034097936673e+01
4.306204340632833549e+01
-8.209373619246511566e+01
-2.012544395673988049e+02
1.422247480425243111e+02
1.845291330603506310e+02
-6.142702343025438694e+01
-2.226027271723402521e+02
1.115410304839032278e+02
-1.592544510929693615e+02
-3.279076703917558007e+02
1.195164210338163358e+01
1.320723600919098999e+02
1.490457304897130371e+02
-1.985451201119496432e+02
1.240161689649742272e+02
-3.812308566636131673e+02
-2.780573834141076617e+01
3.085979106356325635e-02
-3.570718219185042130e+01
1.677402183008392456e+02
1.553250495181297595e+02
3.236524419009084852e+01
-5.455310814595206637e+01
-6.617717686863348092e+01
3.829373806215780860e+02
6.615852708387403425e+01
1.409888386643370950e+02
1.479317039735658454e+02
1.098582427611628276e+02
5.926621091382175877e+01
-8.389821550109658688e+01
8.050394430517745548e+01
4.588168505918868334e+01
-6.996498710775786378e+01
1.179589807818375533e+02
2.591376855634154595e+02
-2.424931476400040609e+01
1.153133964199818564e+02
-1.741364106044582343e+02
-9.226038998724973794e+01
-2.647167802391870737e+02
-7.722875242518770733e+01
-2.119324740679798253e+02
1.768021570365172224e+01
-8.708468124276780031e+01
-1.809138084357685443e+02
8.383677409303635386e+01
-1.059998565033199469e+02
-6.362167958466174866e+01
9.764368013916795519e+01
-4.368927678857350116e+01
1.253766999303160787e+02
6.547491145774002597e+00
-1.480246813792566627e+02
-2.459234433966917663e+02
4.249698364145211826e+01
-3.664111402592116917e+01
-8.445685032553913629e+01
1.094130396290625953e+02
-3.195875617702702343e+01
9.146725289350241894e+01
3.295183378782188015e+02
7.763084342098707680e+01
-1.647790562327186876e+02
-6.138863275257869390e+01
9.157405758245696248e+00
-6.757294928040276716e+01
2.521172408360570927e+01
-5.280489903724088663e+01
-1.349777045655627035e+02
8.702692101484435838e+00
-4.859463653458185206e+01
-8.301201825225356856e+01
4.231064102770834978e+01
-6.580573565521727630e+01
-4.188100531016032591e+01
9.490880823902422492e+01
-1.847275074859502411e+02
3.626067717826336434e+01
-1.323076164039875664e+02
-9.902383251089970884e+01
-3.740325366922742489e+01
-1.021581542926121813e+02
1.099705565633500193e+01
-1.105869488041455782e+02
-2.390358750178383218e+01
5.470791735785073939e+01
-1.139718625629214017e+02
-7.396583156091905664e+01
1.404893821293224505e+02
1.779801352120841429e+01
-1.059454353016224957e+02
-5.185117073533402987e+01
-3.005369854740449398e+01
4.238616115996085654e+01
1.794766256751873641e+02
6.363788103730532697e+01
-1.339565818315324179e+02
1.701463954758632724e+02
8.313059066790850693e+01
-9.042997487403732748e+01
5.748474666605616790e+01
-8.109738137748755094e+01
-1.666229619262679194e+02
-1.497947299974607738e+01
1.028632728341845990e+02
-2.538043421984412262e+01
4.195120906418896567e+01
-7.891002019132021417e+01
-1.381707341525825861e+01
2.235767760555784776e+02
8.295198821491426600e+01
2.411312645344631846e+02
1.198184413237159731e+02
3.105676025987536093e+01
-9.772368001079054523e+01
-1.201690144806045026e+02
9.075000429044231964e+01
9.024870271956542922e+01
-1.327620954858932691e+02
1.378664090047532795e+02
6.067424435451578546e+01
-2.243120816932328410e+01
2.052638273627875947e+02
-3.896999795716213555e+01
4.490726734340895376e+01
1.265095917603190827e+02
7.208350576810323673e+01
2.780555406570513099e+01
-1.867877296092379424e+02
-8.504642331244866682e+00
2.148858577497885847e+01
2.154826528846106726e+02
2.918027870506323751e+01
-3.730792742238237025e+01
3.464948420726279465e+01
-5.729489899407742115e+01
-8.301694907139709301e+01
-2.879028870265076989e+01
7.011760131219052994e+01
-1.052251043654297291e+02
2.714069221592849246e+01
7.253696515339530038e+01
1.232686775172410307e+02
