-3.797917515693318364e+03
-8.126725587636601631e+03
-1.945219427271067161e+03
-1.950713964166902315e+03
-1.129067465309955196e+03
5.164039890513821547e+02
-1.082022457738602498e+03
-2.121767493472566457e+03
1.783099993593682711e+03
-3.380489836557821945e+03
-1.406462684983713189e+03
1.964562549435084748e+03
1.669272990200732011e+03
-1.648429501878775454e+03
3.147531613212334378e+03
-3.046856922404307170e+03
1.725094943736000232e+03
-5.060819935334289426e+02
1.523890100044779047e+03
-8.621032746943911889e+02
-2.596671316003444190e+02
1.231672235640833378e+03
-7.152797738148935878e+02
6.395027481051712925e+01
-1.193384448440631559e+03
-4.256853700724045098e+02
5.840492892453642071e+02
-1.039392439725781287e+03
-5.673350868466156527e+01
1.050237774828332022e+03
-1.373234766570270949e+03
-2.149942023760000666e+03
-7.591319067707707973e+02
-5.359241612561582997e+02
6.402904759378063915e+00
1.009274530204517305e+03
1.089223924505193509e+03
-1.417042623977515404e+03
-5.523013753640945822e+01
2.177100139041510261e+02
3.710332207215636657e+01
2.532245544103157044e+02
-5.592952972527892825e+02
1.599159106666389562e+03
2.046822990473026778e+02
1.483586468175186912e+00
-7.059581406428832224e+02
-1.491033213620758033e+02
-7.542278238259738146e+02
-8.268072127485703504e+02
-1.682845577745079709e+03
-1.836061400635669258e+02
-6.247744028846969968e+02
6.394327812132252831e+01
1.431329282983889470e+02
-1.912476042186336258e+02
-1.248244178330700151e+03
-2.087858343893242647e+02
-1.128050940957987507e+02
1.197801439320514305e+02
-6.763778074950264454e+02
3.025667476444018575e+02
-5.621570792008209310e+02
-1.869900893307270735e+02
-2.820141663571920390e+02
1.306293565497708187e+03
-6.962008577611775308e+02
5.557570292788143433e+02
2.382035580226772140e+02
3.972831152041636642e+02
3.473687513966377338e+01
7.885488744592835531e+01
4.362236191348040393e+01
-1.429827155955572664e+02
-1.406162156805650625e+02
-3.145305469913147931e+02
8.379641433501560641e+02
-6.666309146375571117e+02
-6.201235539354275943e+02
1.049935044583425849e+02
1.278707960650828142e+02
-6.210292905494225124e+02
6.208081571077274248e+02
8.724180803705767175e+02
1.383550157165715007e+02
5.933784013997674265e+02
2.927432592583705286e+02
-7.008556275321082012e+02
4.079119504409080150e+02
1.055962575917167072e+02
3.450904096791677489e+01
7.031612547590702889e+02
1.251233599339761327e+02
-5.645588483151287846e+02
3.346955509900551533e+02
-5.562811129395731768e+02
-5.860990316785531604e+02
5.840478678103766015e+02
-6.423854216642845358e+02
5.465265843225163280e+02
-2.623029438847740380e+01
-8.183952318206962673e+01
2.509858177633228493e+01
-2.958340092958889045e+02
7.693966991088051373e+02
6.165220158097231007e+01
2.032192252970764912e+02
-2.553975298540644019e+02
5.838764411729746371e+02
-5.074213641236480044e+02
1.776004707840489800e+02
-1.251836115700585310e+02
5.995639931564827521e+02
4.028263370912392247e+02
-4.300769408093616448e+02
2.989144659151222072e+02
3.093311229669382101e+02
1.395695401967946907e+02
-1.174243692721692582e+02
5.332679593354805547e+02
6.793222817395699167e+02
-7.344730998449948629e+02
2.361998873063540429e+02
-9.842821267712221811e+01
7.359829970899025966e+02
-2.239196594310941748e+02
-7.163364937643194708e+02
8.246052570872947740e+01
-9.279248112649331404e+01
-7.126494399829104154e+00
4.842964795291189830e+02
1.653889001069583173e+02
-4.630083995006010866e+01
2.716399109438388564e+02
-2.152037994881465579e+02
6.063588461803071823e+02
-2.527709521404400448e+02
5.140261678460029771e+01
1.884859998183544860e+02
5.638125238462565392e+01
-2.314485166314645426e+01
-2.248028417936781693e+02
1.670575422133318710e+01
2.553298808246520650e+02
-1.235813851000208885e+01
2.502589307191308308e+02
2.365177358286702543e+02
8.214073673629458199e+02
-1.456080525257502645e+00
4.151120481712006267e+02
-2.517527930726593866e+01
-9.505419509717700066e+01
3.001403880626247087e+02
-9.265321869577088876e+01
-4.006927438920969848e+02
-3.817561714708445209e+01
-5.866592520472848094e+01
-2.713394820599677928e+02
-2.428805503350355366e+02
2.997140822540930003e+02
-5.403274654930501697e+01
1.235241137147492285e+00
-2.016206145123817350e+01
-4.381410005574242632e+02
-2.789439466825273826e+02
-8.757177780411846868e+01
1.214660682273822090e+02
1.794509436711803687e+02
1.853113236356768141e+02
-9.770496360831975835e+01
-1.533670046905415631e+02
-4.161801836162423740e+01
1.109731567528929475e+02
-2.388358451909237701e+01
2.200694095898371074e+02
-7.837766764848451828e+01
-1.322845164705889545e+02
-4.612725658188193165e+02
1.192809645731618247e+02
-1.572136780939635230e+02
8.171669105988680712e+02
-2.111094452406343009e+02
4.112032030842967174e+02
4.940943165476464571e+01
-8.561793233609182607e+01
1.854446712957707746e+02
-3.820465576546035891e+02
8.809538983359867359e+01
-1.834923926315336473e+02
1.501884378426979367e+02
-3.729844496041039292e+02
-7.161572190828420048e+01
-1.653462084555195872e+02
-1.307207461338503549e+02
-1.832034578399498912e+02
-3.563842467975576938e+02
1.685858666489134237e+02
2.472394524084435261e+02
-1.784395345313453731e+02
9.889517839689988321e+00
2.101753237608609126e+01
-6.521320791368304981e+01
-3.084058078603067656e+02
-3.174199211891838956e+00
1.271262391892134325e+01
-8.228446890887843779e+01
-1.838647830052009056e+02
-1.824883496753044199e+02
-2.431090261440452238e+01
-5.617649164615782809e+01
8.080646825193571203e+01
1.934660093500095002e+02
4.041384200807375038e+01
2.351960122162947187e+02
-1.110434757100402265e+02
1.232165807692825723e+02
-1.131977740008237276e+01
1.284348934150070534e+02
4.825278856267301109e+01
1.411977849565582233e+02
1.738107561894941000e+01
7.795617843580807005e+01
-1.055341308883363212e+02
-9.464316244550448687e+01
3.357515011186973197e+01
-3.525383512097600942e+02
1.079638369928833299e+02
-2.940914305202383616e+02
1.001371981458635361e+02
4.229078118321979218e+01
-2.516427937605222098e+02
-7.928502502547557640e+01
-1.833452737430060608e+02
8.713787578716002713e+01
3.036415560562126643e+02
-9.848876358852915303e+01
1.967575533964188139e+01
1.933395198431863093e+02
-2.464000693434404639e+02
-1.110094495777752286e+02
-1.930135226874845102e+02
-1.383047619014987504e+02
1.243897994720299067e+02
1.481526021393614023e+01
8.922248788172744582e+01
-1.331798210847337032e+02
1.677890426684050738e+02
-2.150069507239609266e+02
3.202009579196575118e+01
1.513470127554587634e+02
-7.916002319266371501e+01
-5.638451316042105788e+01
-8.947606948393958248e+01
-1.839124672436646222e+02
-9.425572277084906148e+01
6.621340760175911555e+00
7.666929693707369609e+01
-9.538394363316868407e+01
2.421868447167173315e+02
-8.977602287489217758e+01
2.065078825260797544e+02
1.516796954493597660e+01
1.533118121650390187e+01
5.857241546427150780e+01
1.951639130123502355e+02
1.195741497344504012e+02
1.909529683098176918e+02
9.724941354333080312e+01
-1.862450378848411958e+02
-3.709425248762496352e+01
2.002732224530374481e+02
-2.470918038538138717e+02
1.190923179324370977e+02
3.020863956802512575e+02
-8.622662095443642727e+01
-3.572462083079423678e+01
-1.064452946236975635e+02
9.921043919230680075e+00
6.372538121577495218e+01
-1.649149187811497086e+02
-1.052132388000882059e+02
2.083890538573057540e+02
-1.294661707377877633e+02
7.234665424265452316e+01
-7.905683360397710580e+00
2.252632553704335976e+02
-2.480337342470791100e+02
1.299774792146068592e+02
1.990161086306067375e+02
6.987922022725034310e+01
2.704000077583199868e+02
1.013923979490012925e+02
2.330734739343649551e+02
-1.739603299488148878e+02
-2.214267124179494317e+02
9.763696921749810542e+01
1.457674480152205945e+02
1.516869563065826876e+00
3.224151508222465878e+01
-7.489542229167140874e+01
