2.120130496207267697e+03
-2.472826191041563561e+03
-5.042219513089815337e+03
-1.001451411617504050e+03
5.295937109660853821e+03
8.602755033326908460e+02
-2.165649860542744136e+03
2.258851112844233285e+03
3.324650146850499937e+02
8.028236243526513363e+02
-3.026130350051228106e+02
-2.820981050781516387e+03
2.119019446678118584e+03
2.333364188689314744e+02
-1.387954253223582100e+03
1.296251734369570840e+02
-6.996177214846368315e+02
7.276216778269389351e+02
8.224779289646129428e+02
-9.730984972153345325e+02
1.782573954989443337e+03
9.547706936443203176e+02
7.170331818472488976e+02
7.382792980162540744e+02
1.881280288416216536e+03
1.722743259030143008e+03
-2.425148380953463061e+02
1.021535566416103620e+03
-5.675281668186562456e+02
-1.334976467639820385e+03
-8.126659905548767711e+02
8.896552078747276937e+02
-1.654752357933436144e+02
-7.120951559665866171e+02
-6.773033278771684991e+02
4.867441985246255740e+02
-5.937269503354477820e+02
4.722727914163763216e+02
5.554335667193821564e+02
8.918579306764404464e+02
6.887437966517638870e+02
-1.161085281959539770e+03
1.049853398161958324e+02
1.269178836302608033e+03
6.464032705962762293e+02
5.270827827607766949e+02
1.245674433431715670e+03
2.416979866963189636e+02
-4.570347423787360412e+02
-3.178098680113350269e+02
-9.083985873239341799e+02
-2.899748866817850157e+01
7.098682911884034183e+02
-1.005342039366098447e+03
1.147996557012507424e+02
1.218026619157585060e+02
1.007650706563809308e+03
3.044968731971578109e+02
1.023173324383877798e+02
1.795475927497692794e+02
-6.439468560034349593e+02
-9.587735505750237053e+02
-3.245534518721446489e+02
-5.990223298230181399e+02
-6.176760666375284927e+02
1.031322904517272576e+02
8.476370983409071869e+02
2.712442560647712639e+02
3.959618152143154362e+02
6.597113199109369361e+02
3.160746880575881050e+02
1.120181019268698492e+03
3.213444770004239217e+02
8.556762098564951202e+02
6.450135500720970185e+02
-6.461024997358882729e+02
3.895905421574509546e+02
-2.103882429740806685e+02
3.637048360747771198e+02
-1.390379628883595160e+02
6.892671633355375889e+02
8.507724451581893845e+02
-2.870801150114155007e+02
2.445414061307780571e+02
2.358206680296851800e+02
4.873176680921345110e+02
-3.064916437470537289e+02
3.545278084013687021e+02
2.751137398761446775e+02
7.333647441969188208e+01
2.669881661373345310e+02
-2.796172857013674502e+02
4.017108941766656471e+02
3.780597102194391823e+01
9.923510689468615453e+01
1.479525922992081348e+02
3.823914944737622932e+02
3.136247639575448716e+02
3.930666390809668655e+02
-3.561772399995072647e+02
3.869159913083398550e+01
6.152784333067465923e+02
3.375374371034675960e+02
-3.195492512720602463e+02
-4.668064499100279363e+01
-3.021776154546581097e+02
-1.715067266409691342e+02
7.830727301515845795e+01
5.588143751334630451e+02
-2.516349093440032902e+02
6.943115729624688370e+00
-7.168270752614765797e+02
-2.250896704153972294e+01
-5.224135205733346083e+02
2.693248697058540984e+02
1.540749136441320957e+02
-1.747101081652707251e+02
-3.070828100387325890e+02
-3.778880950999929951e+02
2.633962103779986705e+02
3.132248396277154256e+02
3.262603036150608773e+02
-3.010944828313585049e+02
2.665227536380546098e+02
1.343187936086802736e+01
6.491400406460201999e+00
1.738530506983715043e+02
1.218525025462709124e+02
-3.402134440755735341e+02
3.321226879533863325e+02
-4.477322313863973022e+02
-3.707063334335072113e+02
-2.491946733241574350e+02
5.622145589640879280e+02
2.251108397954811267e+02
1.553009144348427242e+02
2.137531937857256636e+01
-4.951383390669054734e+02
2.543097164906712919e+02
2.391190433498232437e+02
-3.328307388646953768e+02
7.781411065458637211e+01
5.496300926568507066e+02
-5.524883709098882889e+01
-2.761081054460632913e+02
1.191478103533696924e+02
1.859777725552794436e+02
-4.374875559390823696e+02
1.509144421869489179e+02
3.022742940735451498e+02
8.073201264410367628e+01
1.314231789769843317e+02
-3.837675434749562555e+02
-1.498061390053825903e+02
-3.194488473457643067e+02
-5.295613717936415554e+01
1.809813802710051789e+02
1.693832481969227786e+02
1.627759253723486665e+02
3.597865914244420082e+01
-4.416189075072576031e+01
7.553033034733327611e+01
1.160074690691639887e+02
2.158634489271364600e+02
1.980583671548470193e+01
-5.621580299319836627e+01
1.090672462724454874e+02
-2.980120713928303076e+02
1.570950686598153823e+02
-5.205183671341546869e+02
-8.328758830925821144e+01
4.920041226646578707e+02
2.357060015320903119e+02
7.327097359492559292e+01
-8.793942727278631821e+01
2.904876478016109900e+02
-6.586812745788016343e+01
2.025171450653858756e+02
-2.913812766060010517e+02
-2.227641399022131452e+02
3.451455910043675317e+02
3.843063730833163305e+01
-5.424611518169257351e+01
-1.949281215952503032e+02
-2.729450675196025600e+02
-3.605509557896102706e+02
6.908519430057255306e+01
-1.371608665871797825e+02
-1.659761988694863533e+02
-2.607683156170008942e+02
-1.295050135820148967e+02
-1.220709866309719160e+02
-6.615160746097561173e+01
8.056660836909342649e+00
1.863704097451068620e+01
-9.374008081077070642e+01
1.719206154285112698e+00
-2.629821336017554927e+02
3.410314269325533587e+02
1.537626070686281707e+02
-8.697475073192413220e+01
-2.542716764820085018e+02
6.769896995097831223e+02
5.677058747390510973e+01
6.252848878756182671e+01
-1.879674863429478364e+02
-1.398065581226861411e+02
9.546877024600779293e+01
2.014483119367786514e+02
2.322637623312761264e+02
-1.986043581014454560e+02
1.171039989602640503e+02
-2.783434283046275937e+02
1.382189861305611487e+02
-5.922853406700306067e+01
-2.484656616217032763e+02
-5.912254434619449661e+00
1.491183598416058373e+02
-3.063475608189374952e+02
-3.067056211667282639e+01
4.474458411304225791e+01
7.496231595633464195e+00
-4.813515815877565274e+01
-1.127174661667239874e+01
-3.963681827582473716e+02
-6.483016896890337932e+01
-1.868117362520771110e+02
-1.608269582242529623e+02
3.080774238254013540e+02
1.088633037754444501e+02
6.853453400623055813e+01
1.355112601340683511e+02
-1.045831504459102774e+02
9.615961066261037971e+00
6.183370407738740937e+01
-1.568862643628183093e+02
-2.588845556594711752e+02
1.846350155469546053e+02
-1.551939767958491245e+02
-1.995130535605692899e+02
8.731624212373917260e+01
1.396936109898443874e+02
6.603655172124874184e+01
-1.224018578729908029e+02
-1.202342511902192825e+02
1.409472544037810948e+01
-2.420106464261966721e+02
-2.319733723619777663e+02
1.657286098415683568e+02
-2.355233748479280678e+02
1.699637379461911451e+02
2.448722745554966025e+02
7.905554586672884909e+01
-2.005572257129450406e+02
6.058839592246124539e+01
1.120958962772801186e+02
-1.631257548084078053e+02
3.255960893961467661e+01
8.449680082437468798e+01
-1.099782626209335312e+01
3.277632487797160366e+02
-5.419607042005660702e+01
8.960839574464894497e+01
-2.754313049166721044e+02
4.312178938996170814e+02
1.484281363928547215e+01
5.568508447948727280e+01
-1.361140463769767273e+01
-3.496168463377543958e+02
-8.450414516538866394e+01
-1.811153517919331648e+02
-4.253796906043303494e+01
1.935460863534732994e+02
1.265049858031172079e+02
1.988125790864997100e+02
1.361899730311556311e+02
2.745846368633808154e+01
1.587197007962583406e+01
2.048527383598747917e+02
-5.544593098792522312e+01
-1.486364470713818662e+02
-7.037933406480458132e+01
-1.801389590136037810e+01
4.980465172080221237e+01
-5.630257194769065876e+01
3.130562017080015949e+02
-2.112254811120521083e+02
1.830674760151336216e+02
-1.348183408415586086e+02
4.907712760884781744e+01
1.238368115108651892e+02
2.897078795609928648e+01
2.973600907496922829e+01
-4.916632406757051399e+01
-1.781070553045495615e+02
6.523006653101572283e+01
-1.371227778812277531e+00
-1.033023905357114387e+02
-6.483397623654015840e-01
9.980167518512458003e+01
