-5.316406887460913822e+03
1.880099293267290022e+03
-2.368881120190081674e+03
5.716368062986311088e+03
2.185633529021039976e+03
1.083494715273192469e+03
-1.329332187465137395e+03
1.039512694910308937e+03
-8.025347223403466614e+02
-1.861788723305277244e+02
-6.440291893292572922e+02
1.543018805268017104e+02
1.971147488972215797e+03
6.006791624576311506e+02
9.526878045142907467e+02
4.753275458486599746e+03
-4.172881371679901008e+02
8.953569528624423128e+02
-1.229003606092370688e+02
-9.426355506750630866e+02
-4.060032025489448415e+01
8.990654218863999176e+02
5.348049397068177768e+02
-9.505396979769703876e+02
-2.015330433478633836e+02
8.815052727113521769e+02
5.449884883551359849e+01
2.070108496468213559e+02
7.675908267788375952e+02
-7.456768657447119040e+02
-9.030085513207244503e+02
-9.179864456152843104e+02
-9.479118523195376156e+02
1.151648428046372175e+01
-6.584040027174247598e+02
9.083223137741877053e+02
3.146637068354741587e+02
3.063184289510678013e+02
6.682581010554712009e+01
-1.863458633089546993e+03
-8.631001354240943328e+02
-4.113947055104417672e+01
6.760088526741434407e+02
8.926131120070816678e+02
6.429579593032734408e+01
-2.196456627499032663e+02
-8.072110384531500813e+02
3.101621180125126784e+02
-2.262466036354055916e+02
-3.828304038684824917e+01
5.028570951437906729e+02
1.082694256128293020e+01
3.444645670215207929e+02
-9.749718165450326524e+01
-1.322299611112067055e+02
7.146738465967908382e+01
-2.301371229396341107e+02
-3.497426736191994223e+02
4.643441800821929633e+02
-2.204048674293850070e+02
9.115508390333358193e+02
8.647652789212551170e+02
2.200342685992694669e+01
2.669264767618526548e+02
6.465374953292542841e+02
4.200087061866278759e+02
-2.386978811697352114e+02
8.081565408202723120e+02
4.176196817833874775e+02
-6.723853796239203575e+02
-5.345516942013950512e+01
-5.443301098510299880e+02
5.266920038227208352e+02
-2.886640749739474927e+02
-1.309798527423604071e+02
-1.036007246026415913e+02
-5.807127516664373843e+02
-5.557904485753682593e+02
2.794742779850875536e+02
1.080340698649995659e+02
-2.992396387495676322e+02
-4.051070496660575486e+02
-9.894195059385661750e+01
2.690955170930917006e+02
-1.540017087851242934e+02
-4.135312536423116399e+02
5.344882659669598723e+01
3.966791684631041335e+02
7.283479738586953545e+02
4.735606821778974336e+02
-2.906707801592403939e+02
-7.084505869464004491e+01
-3.127517994836334196e+02
-2.516814379485984716e+02
-2.042994900419700173e+02
-2.544006600967078953e+02
-6.167763122110378760e+01
-1.743881449116153703e+02
-1.383413028826397237e+02
4.870437929133208854e+01
1.749598223230997363e+01
5.640475808333640089e+02
3.193079969848864152e+02
-1.355089427414177408e+02
-1.560440800606784251e+02
4.422374451237977233e+00
2.891828004886936476e+00
8.881306590564973646e+01
1.301001390383325713e+02
4.257658430024388849e+02
-3.395146998796666367e+02
-2.834434846309222849e+02
1.743230238908619611e+01
-2.862644214079777498e+02
-5.393454525166435332e+01
-4.569993722138338654e+01
-3.072517251669542304e+01
1.033527568866535944e+02
3.431042426542551311e+02
5.821139306789021362e+01
3.171669086689610850e+01
-1.017433768919724031e+02
1.696798998202910980e+02
2.528578736891243572e+00
-2.500251366486081039e+01
1.135715352924385257e+01
-1.462504039175274499e+02
2.431327669345585605e+02
-2.633825895811215219e+02
1.264459320511665297e+01
-1.705120162006659257e+02
-1.066380518429532742e+02
-2.268308286289476143e+02
-7.732778300611630584e+01
-3.311097855476452310e+02
-3.864785299302387784e+02
-9.231686344968301228e+01
-2.039357301600891219e+02
-4.269881272287555163e+01
-6.533315495215897784e+01
7.928722113130957894e+01
1.108874635084862916e+02
-2.794624305263293351e+01
-5.617583535305012532e+01
-7.342803107600760271e+00
1.099129650391395074e+02
2.631935385578113369e+02
1.918632424098509546e+02
2.318681650414450530e+02
2.160347339088930241e+01
2.455677819604489116e+02
1.998469744298481601e+02
-3.806291586894663226e+01
-1.343628342754821290e+02
-1.749570741292356217e+02
-1.899886750482419018e+02
-6.600425002034424438e+01
-6.019880081330356347e+01
-5.168104394156089398e+01
1.417925052589395136e+02
-1.949054244714787956e+02
5.161434935330840545e+01
-1.776968026961281737e+02
-1.424173363800766197e+02
1.742140436352210386e+01
7.162737847969361837e+01
9.636138272444026143e+01
1.206469088146975395e+02
-4.251076468370458628e+01
4.164043583462257061e+02
-3.025806916595721532e+02
1.487262240529982762e+02
1.725634791281572404e+02
4.187834774661149595e+01
5.410064845025321034e+01
-1.521381133334041280e+01
2.924512615521509673e+01
1.013044802116584009e+02
-7.849946589302021493e+01
-7.104009809762297323e+01
-4.679659516126413621e+01
-1.151637968883135699e+02
-3.349605179315062031e+01
-6.562048740872008068e+01
-4.146720895113294603e+01
1.567850391555152498e+02
2.821209677700322231e+02
-6.458139514998607922e+01
-4.277493150900102137e+01
-1.702610414768205374e+02
1.854541495775042961e+02
-1.062985686014893929e+02
-8.367711541231287242e+01
5.711368343743477283e+01
8.989287733335213204e+01
5.513920764217346004e+01
-1.454537022435735878e+02
-2.960568273627382752e+01
1.430900350412635369e+01
4.007483426496206391e+01
-5.890182475768174442e+01
-1.652700590379534447e+02
-1.690299854516198650e+02
2.475178495260535527e+01
6.953059675337195600e+00
1.299707348505087623e+02
1.299947598448414681e+02
-7.970360273029796216e-01
3.119465717341848787e+01
2.065823470504389192e+01
9.329914789820830379e+01
5.485941839893242467e+00
4.850257769395045671e+01
-4.677798654064195460e+01
1.400319056437478196e+02
3.657770939167483704e+01
3.749569427472632555e+01
2.770932184903495568e+02
1.614629177597931120e+00
-2.057598357078753963e+02
-6.027809583338431310e+01
-1.515363358134115401e+02
7.183889419820255284e+01
6.449731786032747038e+01
-2.599104110074919660e+01
3.273532978270672800e+01
-8.140712250841286846e+01
7.557532646307120672e+01
1.798739347923362857e+02
-1.023142116969200188e+01
-2.318377672569254955e+01
-7.630897133792576881e+01
-4.786827173683551706e+01
2.054335944876236653e+01
1.458939818157146462e+01
6.760763982958491169e+01
-1.830411271880955582e+01
1.200784456826652047e+01
1.387375972682641816e+02
1.880636200592860163e+01
1.905197715966579963e+01
-1.099187772419550981e+02
-1.416509379641358635e+02
3.536835111776735374e+01
6.245726647620880101e+01
1.561484337308317834e+02
6.148981840288478828e+00
5.464718616706056054e+01
-7.764424581839931250e+01
2.996302144249224142e+00
1.764109030421392177e+01
-1.838714075827487449e+01
2.066272203648040886e+02
-3.199036443633013604e+01
4.188312971211833435e+00
1.588363595524023992e+02
-1.067517983578376715e+02
-2.395948716388514015e+02
2.277186809574267912e+01
5.074710084580782166e+01
-1.250349673274185136e+02
-1.546868734768060172e+01
-7.288311769310013233e+01
1.544749446717871990e+02
-3.388339106884494356e+01
6.062225537696368605e+01
-1.405861589453689362e+02
-1.685551360123084521e+02
2.484922160259505475e+01
6.885858450097528305e+01
-1.532998229692457528e+02
-4.609101738122891589e+01
5.011631595538779749e+01
-1.566605731461443440e+02
8.615933398568853363e+01
-8.410590979163235659e+01
1.889548480429035067e+02
2.760658298972586522e+01
7.912947775677307050e+01
6.773097695204242541e+01
-2.306560677572267437e+01
6.837476641876297379e+01
-4.255110360580555096e+01
2.366578914674859391e+01
4.528461762359651033e+01
-6.105205438768618542e+00
-1.226845517205834426e+02
-1.337375462288988182e+01
3.495328902947750294e+01
2.412512830109984208e+01
-8.518456779590439965e+01
3.941672789702396784e+01
-8.705424287130415451e+01
-2.003980361187297632e+01
7.053696611263190164e+01
-5.828222539471836683e+01
3.449663591696946696e+01
-5.602169154720828459e+01
6.895759300777353928e+01
-2.816567750340589527e+01
