1.973239283337186862e+03
-8.758148058853006660e+03
-9.211906709087120362e+02
-2.013945759619110959e+03
-2.593681703426429674e+00
3.146071020378250978e+03
-2.317858322907814909e+03
2.153506707067108891e+03
9.760968555830295372e+02
1.945684033998254790e+03
1.158302709173500034e+03
1.342859723005532260e+03
-4.465015703565927083e+02
2.320494003877964133e+03
1.290928610946759136e+03
6.079042257799975459e+02
1.480178654934607266e+03
-3.150912460651645233e+03
-1.967341072676998465e+03
-2.275920600733650190e+01
3.532374687613820242e+03
1.178835806476555717e+03
-1.160519025548871923e+03
1.666206991128019126e+03
1.511130962544943031e+03
-8.523117564096808110e+02
-9.768625259907199734e+02
5.741105817002073763e+02
8.535980697257764405e+02
6.992993077601169034e+02
-2.324244217991116841e+02
1.056066418186766668e+03
-4.129689117390375941e+02
-3.015131537956410170e+02
-1.112688412754461979e+03
-1.155538100909029254e+03
1.140928663968939418e+03
2.991773185155108763e+02
-2.515333686086873684e+02
-3.858395634474575218e+02
2.175151452972637287e+02
8.738997113283161298e+02
-2.826934947804738840e+02
1.839780713362087226e+03
5.832790712222284810e+02
6.237827593659479817e+02
1.139912763762281656e+03
-2.057019049849790235e+02
-5.744554213297698197e+02
2.219410057195452168e+02
-1.727082382346016630e+03
-1.469788369497041913e+03
2.839899898609994011e+02
4.419498361355851443e+02
-1.162043622238565064e+02
1.485441347953898799e+02
4.726214350691290065e+02
4.984033702758390518e+02
-4.094105121041918665e+02
2.571972728170157438e+02
-3.867317800604774902e+02
-1.046989323040529825e+03
3.055214004070628420e+01
-5.227122138455425784e+02
8.271170030586730491e+02
1.211538935577441407e+03
1.875938926668262866e+03
1.125466824089372267e+03
1.317067687961203433e+02
1.222890324769850565e+02
4.981161067475672439e+02
4.643451820336937317e+02
1.377197209866471006e+01
1.848083541731586763e+02
-1.225213996513540167e+02
-5.546055024188830203e+02
1.392692831319854577e+03
-6.084566636459097708e+02
2.068463573500760333e+02
-6.117926860732966361e+02
3.234574006918406326e+02
5.682656548775711371e+02
-7.963928400828531551e+01
-1.920625444925734939e+02
4.893516098793822380e+02
3.420434034242138068e+02
-3.048526427612056295e+02
3.815197433622068957e+02
-2.053637467757866091e+02
3.209370336391493197e+02
5.528080076734998016e+01
-4.581271917064536296e+02
-1.887898390142640537e+01
-1.714359878230839342e+02
3.822287153293396500e+02
-1.766907601884983947e+01
-4.903567243846615753e+01
-1.876948183497118521e+02
3.398675160629489369e+02
-2.994273189199361696e+02
1.692922587745431713e+02
-4.066209887101408640e+02
9.931842187117852916e+01
3.663189316187727513e+02
-2.557442876284995137e+01
-3.162209268791313548e+02
-4.603025200208253409e+01
-2.193384635762314190e+02
3.306640670845499699e+02
6.596414959831487579e+01
-2.118132472259273413e+02
3.990903979142215263e+01
6.437407268738753601e+02
-3.346414796108779228e+02
4.510689604174483520e+02
1.694360311854624399e+02
-9.800382600948533991e+02
1.036112260379874215e+02
2.031467189259127508e+02
2.798673483023073345e+02
3.253150384700486484e+02
8.281799657284384608e+00
2.499040589009304938e+02
-3.043005877206940681e+02
7.293223772723825959e+02
-7.931757810628016614e+01
-1.792265808670091758e+02
-5.813638749711752780e+02
9.282680976590247610e+02
1.310825968014162584e+02
1.871669413925791332e+02
-5.875729717910587624e+02
-7.879409710012896539e+02
4.045145585354723039e+02
6.608921238202999575e+02
-4.703664592805563984e+02
2.916778300905361903e+02
6.968017579657407623e+01
-1.163216426155498482e+02
6.310172565536536240e+02
1.106397825596095430e+02
8.587726816277624664e+01
3.633108135823540579e+02
3.573816850008894335e+02
-3.412456230461698397e+02
-7.777222672660768410e+01
1.868323913529762237e+01
3.133554319001067938e+02
2.988607788217267398e+02
-3.864804314432280563e+01
2.178430010920365021e+02
2.862213690203794769e+01
2.311117202067141250e+02
-3.267578737808117495e+01
-3.773881009843324819e+02
3.344029870602043388e+02
-1.243722844502978688e+02
2.570346389018810669e+02
1.340257347237112242e+02
-2.388629974937907150e+02
-5.359802748489182278e+01
-1.921899289955754284e+02
-3.389141950573002759e+02
-3.687110820888918283e+01
-2.618085958586933160e+01
5.346064631401348777e+01
-3.133706321089480866e+02
-1.101624317859651541e+02
1.447347974287900456e+02
-2.873149743833903358e+02
2.343607009191118777e+02
2.193293458519258934e+02
2.281713620530337892e+02
-2.682124359772691946e+02
-1.214817207765455294e+02
2.299079723696502811e+02
-7.100397189922527730e+01
-2.499592811920383539e+01
-1.410082136039243039e+02
-2.298516116664297328e+02
3.782166708344832387e+02
7.021860214675484713e+01
4.255217678233748870e+02
-1.240318586094324971e+01
1.843902977502868623e+02
2.715514342243452006e+02
1.508274970693519776e+02
-7.774345033256088300e+01
-3.553024597335054864e+02
-9.669908204200724811e+01
4.592508865236893456e+01
-2.815323109491034757e+02
-4.251400005947076721e+01
-2.544678003325149405e+02
-9.394455112434813771e+01
-3.281560333248093571e+02
-1.060643848463958250e+02
-3.454779746516626915e+02
2.092551106997742636e+02
3.576183943403956391e+02
-1.289050161493202040e+02
6.102109170952871153e+01
5.088556595725113993e+02
-9.237399322985184824e+01
1.311808031255369258e+02
-4.274081945551974293e+00
-2.192436798198326642e+02
1.643482381371563861e+02
3.063588241109544015e+02
-1.625388062354353451e+02
4.095826167059817635e+02
1.393700792730485603e+02
-1.166570918456311645e+01
1.648523190336834716e+02
-3.609157407459509841e+02
-3.010717075661412423e+02
-4.936346665434121661e+01
3.534065894557006686e+02
-3.893536074977071735e+02
-2.766462902014927749e+02
6.163774587425282903e+01
2.299704303825252794e+02
-2.536053684631914678e+02
-1.251845881754019700e+02
-4.179330817692572282e+02
-2.099881194644563607e+02
-2.388251624811503007e+02
2.252804253237402747e+02
-1.820769652385781256e+01
-2.986834560095063296e+01
-2.707282425392492655e+02
-8.229282743358687924e+01
-1.668536497624419610e+02
3.368544618799756449e+02
3.139227699382129799e+01
-1.570080677326846796e+02
-3.372905037993349424e+02
4.325772128261458533e+02
-1.941573200016599685e+02
-3.538441455817279007e+02
1.403942897976342294e+02
2.472660256538504484e+02
-1.813830774296962716e+02
-6.677887572170280350e+01
-2.137620076581505657e+02
-2.145997343174964911e+01
-1.392743927921398779e+02
-7.342432879907134691e+01
-2.041626235030564018e+01
6.412499149111303609e+01
-6.082535426878821028e+01
2.126442927818511350e+02
-1.726891756356999963e+02
-2.653511011170918437e+02
7.146191197636720460e+01
-1.158933169556809588e+02
-4.623897684677608595e+02
-1.039380344619935386e+02
1.471651773814795376e+02
-5.692235403538150251e+01
4.208518250293318630e+01
2.596704318351938241e+02
-8.257706580795903051e+01
-1.603892066711897826e+02
4.915253473322836726e+02
1.500740506582189653e+02
1.966151882607186394e+02
-5.384314989141826269e-01
-2.104210402888157887e+02
-1.724800787410475778e+02
-1.960611314462154198e+01
7.028598806954583722e+01
2.373009024391128889e+02
2.031067507341188616e+02
-8.067770061300403484e+01
1.222894225257262661e+02
-1.498586259142549260e+01
2.743337199364898282e+01
1.635356742682627953e+02
-3.164868609428830837e+01
-1.739160894738540719e+02
1.583848975916414474e+02
2.465142326692879919e+02
1.925691147042712998e+02
6.381015904357717261e+01
1.388963166146578487e+02
-4.627566787637140777e+01
3.763448374107100562e+02
1.194237073959231310e+02
2.840992410431626922e+02
3.033693534419019784e+02
9.011232748210986188e+00
1.575021006224343978e+02
-6.246592942849231633e+01
-2.415043851844272638e+02
-2.492237025700068642e+01
-1.128971703783613520e+02
-1.613746363537019590e+02
-2.065106245709776829e+02
3.466580853281751047e+02
