-7.761964363692023881e+02
-5.481357240818746277e+02
-8.074113186684649008e+02
5.229202633085744310e+03
1.742104354288836703e+03
-3.832745531567497892e+03
2.351311934325490824e+02
-3.194452456048366003e+03
-2.617943485476484966e+03
-5.509533823550893885e+02
1.841890484442193383e+03
-5.459213016816705704e+02
-4.480534486332656456e+02
6.007078778483160022e+02
-1.250117137732847368e+03
-1.098440500029550776e+03
1.908223826170047232e+03
6.503878688600527767e+02
1.825148243918970365e+03
1.159605737080328936e+03
2.877327207141092458e+03
1.287108962617947100e+03
-4.878845133560885188e+02
2.242409276947869785e+03
-8.361876430572309005e+01
1.132620613870785292e+03
2.308437729085851799e+02
-1.641801194648028854e+02
5.757365377481044106e+02
-1.002571264613257540e+03
-4.179121706506927012e+02
2.414352757026035476e+02
-1.220339089153794475e+03
-1.060386866787169993e+03
-1.109367558143302631e+03
-5.459885096832504132e+02
-6.273671403031069076e+02
-3.918709738065830379e+02
-1.547077417758887350e+03
1.144229968219159446e+03
2.079237415249761796e+02
-1.940135538894920501e+03
1.008201387560761617e+02
2.127810484412243113e+03
2.745750966457334812e+02
1.225645635939706381e+03
-7.549969245494480674e+02
-5.559208160765463163e+02
1.629881473651595911e+02
1.071776882929928888e+03
-2.643971135951266547e+02
4.015624894990420524e-01
-1.564880217840934620e+02
-1.511624944109438218e+02
-1.132918000149951240e+03
3.452323721595013808e+02
8.297241803910212639e+02
-1.362031509104150651e+01
4.354223274318039785e+02
-3.187427179776776853e+01
-3.115880102595363610e+02
-8.711497418065914644e+02
3.076777161787574073e+02
-5.489351773180336522e+02
1.181707864673507942e+02
3.698014493794514124e+02
7.283718863092240099e+02
2.766380064711682394e+02
6.575777231832989855e+01
-2.999350132059643101e+02
1.810950841856356135e+02
5.849284678222643379e+02
-2.977631369534227019e+02
4.589600849009271428e+02
4.595376109502342956e+02
-7.763756634094099240e+01
7.105743194957977948e+02
-7.780171936072646304e+02
3.108650736066205056e+01
-6.554955344984721251e+02
1.472015365291182718e+02
-4.708392386100289286e+02
-5.999044887089798976e+02
9.418041442818980613e+01
3.310989172143628707e+02
-3.679974261692867117e+02
-2.963685547053011646e+02
4.389937060250563405e+01
3.142809885900553013e+02
2.547782229205216424e+02
-5.898339641216134766e+01
-5.795803462384448039e+02
-5.950274187555966137e+02
-5.604123344960497661e+02
1.399432459123239596e+02
-4.027802255411621672e+02
-5.360173821833967622e+02
6.035367200467032234e+01
9.964759432449673682e+01
-6.566097341242600578e+02
-4.108551070808598382e+01
-4.326905397980645489e+02
5.678708151587574093e+02
-5.742920890622135488e+01
3.731057410074094349e+01
-4.173798318138904619e+02
-1.231222887546125655e+01
-2.576716739334015216e+01
1.091437236555213133e+02
5.016650705461174766e+02
-7.154716655332406390e+02
8.700244794629702483e+01
-1.468842537782106206e+02
-3.670319596837650238e+02
-2.219914941906417027e+02
3.157998252890031949e+02
-6.378843787684436393e+02
-2.872538701070986917e+02
7.114124112399817932e+02
-1.770555628759396996e+02
-1.157683226923255972e+02
1.687387201692808389e+02
-7.985210580773446054e+01
1.577116453058434900e+02
1.815999563844572435e+02
2.024674993643458549e+02
8.637048716365433165e+01
2.054706899512898417e+02
2.841225970974236930e+02
3.723479951594068780e+02
3.071998228471043291e+01
-3.734706753697563499e+02
-6.241606579290053105e+02
4.441358634107289731e+02
2.603063975213876233e+02
-2.634779359935138245e+02
9.537222033449144476e+01
9.458893496986305882e-01
7.450854544696760229e+01
1.080275848140907300e+02
4.356956243289151587e+01
3.484824421617651069e+02
-2.313211507012058803e+02
1.878943285348337611e+02
-4.447035973237782969e+02
1.184176356181682763e+02
2.543470322474192642e+02
-2.332422084182989011e+02
1.234589971605413439e+02
3.037998320386142268e+02
-2.602108283727239950e+02
7.422837618752329547e+01
2.367991433079817511e+02
-8.600960180895110341e+01
1.248527123718384928e+02
4.302242112893598573e+02
3.052770374972100740e+02
-1.176098970992915271e+00
-2.960430876454777405e+01
5.268001854542816318e+02
-2.761536829468391261e+02
-1.308066509478572641e+02
3.477313815205683056e+01
4.519559885308913039e+01
-2.410701276168582581e+02
-7.846340376492292989e+01
-2.862925734746540911e+02
-1.190840775019055826e+02
1.840053900504217665e+02
-1.031949080310417202e+02
1.137040163106243966e+02
6.134635188579284204e+01
3.509588893661045290e+02
-4.421904875064863916e+01
-3.999742711912740560e+02
7.665185008651393161e+01
-4.728695594218820588e+02
-3.364253808570364299e+02
2.072941340718175525e+02
1.009572130212849430e+02
6.863243611187728277e+01
8.367822453123245907e+01
6.985988562051009865e+01
1.318533256901860682e+02
-1.862093256532951671e+02
2.528072329524414386e+02
-6.397691180104753350e+00
-8.977745106353015103e+01
-2.418368635574327072e+02
-3.257819334999883267e+02
9.748078452141760053e+00
-7.305567715254869654e+02
1.465574743880694655e+02
2.429917171898050015e+02
2.842172575044513678e+02
2.021143215217917941e+02
2.755023451863755781e+02
-1.534219415457788216e+02
4.893444483738560393e+02
1.748781324634752252e+02
1.909830561775870308e+02
-4.423265422050545936e+01
2.270322103865301528e+02
-1.019357217887903602e+02
1.846530125314693862e+02
-2.015797092909808441e+01
-1.439533603360764857e+02
9.889663831299613150e+01
1.998995780930075910e+02
1.601356300659747376e+02
5.630543916925790882e+01
-2.273332215476684723e+02
7.640793496392172202e+00
-1.390136388779486936e+02
2.457600293631547217e+01
-2.454007616590130851e+02
-1.567756596743016644e+02
1.086588333544734581e+02
-4.497697031547495783e+01
1.488672160689970099e+02
-6.780536253937228253e+01
-5.307937822524521465e+01
-3.813696177264835541e+01
-3.646198882549290587e+00
-2.478594567399699997e+02
-1.714722349319119985e+02
-2.331439335936414068e+02
-1.437514004619511923e+02
2.873761540600136186e+02
2.170924408132644601e+02
-2.224061728697533908e+02
-6.516324780256314853e+01
-2.134487788847694389e+02
1.343506786526060353e+02
-2.621474114551891077e+01
-1.963663825903972224e+02
-9.477707622382759212e+01
2.197585745643846735e+02
9.626197773246526879e+01
-2.285943609367871261e+02
5.758267549490339832e+01
1.937322625019376403e+02
-1.541451067649200013e+02
3.535243523320291956e+02
-9.662959965713267252e+01
-6.968912008436316796e+01
8.183843179509440802e+01
2.772333575800677608e+01
-1.529990322498610453e+02
-7.268394248120387147e+01
-1.744104037942614411e+02
-1.533418005326116251e+01
1.766650503724137877e+02
-2.513572617847999311e+02
1.842240669591994617e+02
-3.731141323608073890e+02
-1.432940575317310277e+02
-4.344673526828487731e+00
-7.119185872024996797e+01
6.834072964594996336e+01
1.102680895409999948e+02
1.865660718320040132e+02
-6.355957400690976300e+01
-9.916420223408151102e+00
2.020312933104552826e+02
9.686111841046702864e-01
1.409714048995101052e+02
-1.482592086824457169e+02
2.954550865485344957e+00
-2.292910111737805892e+02
1.400483281096984456e+02
1.111095320351625162e+02
2.134098941681738495e+02
3.294338787511837268e+02
3.675976391369991347e+01
1.987636341226198411e+01
-2.079537843115017779e+02
2.237179026628657397e+01
-3.694136347680704091e+01
7.676991471197320038e+01
1.533728838404095995e+02
1.961232519410392854e+02
2.297990365126234167e+02
-8.204265266677758461e+01
6.780977293502992609e+01
1.535114595214592441e+02
-1.463580291732613432e+02
-6.296040450571867808e+01
-1.289658129724254998e+01
3.474550265937693450e+00
2.184580947467740657e+02
3.610460229258735865e+01
3.857211013848936432e+01
-5.960158996438165957e+01
-2.855320324843913227e+02
-1.373188290635831343e+01
-8.958552024094170463e+01
-1.500035149776521948e+01
9.527909059792676771e+01
1.984536507364049100e+02
