-3.996345426182242136e+03
-2.888630384845340018e+02
-2.951794163571082208e+03
-6.141211729145636127e+03
9.760332428241505340e+02
1.757564579838597638e+03
9.593733135247383643e+02
2.792914617564979380e+02
2.456621076982399700e+03
-3.857284168212281088e+02
1.935312661914102819e+02
-9.867976150733704799e+01
-9.485804147430712874e+02
-9.740759752537653071e+01
-1.427166440026414193e+03
-1.538054782051882796e+02
-7.318124276707094111e+01
7.325662052811316016e+01
8.994100890692576513e+02
1.648127494366118071e+03
7.566788348526849859e+02
2.512682223587151782e+02
7.435014961826379931e+02
2.032899819675476749e+02
-3.807571581380286716e+02
7.033137070134797568e+02
1.136700405710371484e+02
-6.961399692314770391e+02
7.654127001000925645e+01
5.677083510241608337e+02
-3.187501625967811378e+02
-8.925696980377090313e+02
8.523222705891276973e+02
4.581503511274446510e+02
1.046374678606464840e+03
1.351910221449172241e+03
3.717835062383485223e+01
-4.839251647385887622e+02
-1.119580822553424923e+03
-9.035125741177272403e+02
-7.454358123231514810e+02
-8.770543123884957595e+02
-8.559240865696806395e+02
-5.344010718175272245e+01
-1.555803855858593465e+02
7.641635807444361035e+02
-6.506839911767701778e+01
5.435868774170182860e+02
4.221334296885086133e+02
-2.855394874204698112e+02
-6.624089435671577348e+02
-3.394208338620778704e+02
-2.401037825375798036e+02
-2.180258622210645001e+02
5.564991880563208042e+02
6.163732541712498687e+02
4.497885313682198216e+02
-8.170845768582511255e+02
-6.065487862571505957e+02
-3.108571745966810909e+02
-1.193746740380942413e+02
9.588469192577305193e+02
2.287532250278134143e+02
-7.933893119765076563e+01
-4.111582205200208477e+02
-6.212055865982292744e+02
-7.037764961331544100e+01
-2.130938734152742882e+02
-6.465616971989572903e+02
1.215795234050770404e+02
7.463441803899595470e+02
-6.638239859924250368e+02
1.008611705484338756e+02
-8.326987263330654514e+02
3.137224895986099114e+02
5.321036871810026980e+01
3.983182697066308720e+02
-6.210014507549985865e+02
2.654679199528696927e+02
1.506078056847244113e+02
1.746165771878416137e+02
1.011109266009508048e+02
4.623943563813672313e+02
-1.098092687797583835e+02
-8.224414701955791429e+01
4.117505091485239177e+02
1.144022191807312794e+01
3.440561320774414185e+02
3.808468541545985317e+02
-1.238565670001552945e+02
-1.100173508477982764e+01
1.631586302533561081e+02
-7.192642438503835933e+01
-1.702168804602927707e+02
-3.116850746188917398e+01
-3.793264541528480294e+01
-3.717124523837994587e+01
3.761980844990908963e+02
-3.879447963144727964e+02
-5.655633226415513946e+02
1.357648767836861623e+02
-1.246235447279215407e+02
2.637272251965662804e+02
1.885685369832584115e+02
5.059267591474057895e+02
3.710923874575533432e+02
-4.627798112921892653e+02
-6.743660789494440166e+01
2.876809303375084710e+02
-1.489627677230766380e+02
-2.290480711867923560e+02
8.557990683353366990e+01
-1.274295353013581433e+02
-7.750000384690935107e+01
1.048214553982135868e+02
2.811163571427653665e+02
-9.943769110353154872e+01
1.535212085752652911e+02
-1.719152615699123601e+02
3.752258334602059335e+02
3.651002530515368250e+01
-3.617053452290906534e+01
3.915530459086261850e+00
3.425823044408951432e+02
-1.195672231559679375e+02
-6.429391258655569175e+01
-2.531946013241724529e+02
-1.003723276817459720e+02
-3.254536685880357254e+02
2.907330391171539645e+02
1.333898621413924568e+00
-1.428928957494159988e+02
1.749650691289941449e+02
-2.139346806869753550e+02
1.493720857255180761e+02
1.339211472388949176e+02
-7.627035249100244130e+01
2.851030535164193935e+01
-3.288104185566592008e+01
-2.286690048599280658e+02
-8.288541221294072159e+01
-1.525911121833749178e+02
1.048624155459084477e+02
2.174467086742898800e+02
1.900888882435721143e+02
2.009876895418981491e+01
2.710656391606957527e+01
2.174187063737194592e+01
5.417087638276355221e+01
3.178024166512414794e+01
-1.409553982802622443e+02
-1.069814418337882529e+02
-7.850134980684524066e+01
-1.408482085949337881e+00
7.206078612560783192e+00
1.819617182148485313e+01
-7.096087026761425420e+01
-5.447165201897811215e+01
-1.444393181108011390e+02
9.597871582395518075e+00
-2.194993182363571194e+01
-8.172337125191734231e+01
2.678203681880099296e+01
8.535246758036016956e+01
-3.761104221454781538e+01
-2.563210328727148521e+02
2.352390034256029594e+01
6.723526363029158404e+01
1.078661075020640112e+02
8.116023989232066072e+01
1.496131042842983163e+02
1.970936043480760986e+02
1.837736360534218250e+02
-7.147329494312367615e+01
7.364351672813018013e+01
-6.097392568631134679e+01
-6.363780053015472760e+01
-5.750129194092609808e+00
-1.704018819395278683e+02
7.555748277918476674e+01
2.062687225402089553e+02
9.195770504554526781e+01
-7.087120700247412586e+00
2.596987797922188790e+01
-1.398393731120887367e+02
3.136198141383212601e+02
1.701851805695990194e+01
-1.259774601139727537e+02
1.559121624740948562e+02
-3.156975993113798609e+02
-6.753582562326467098e+01
-8.932548153929676005e+01
3.995444936043918460e+01
-3.752309203322433717e+01
2.488088039414620880e+02
-1.406898272632440410e+02
3.889914573366176143e+01
2.197803069418966402e+02
6.150126623764808897e+01
-2.087312526960526498e+02
7.420009212099419926e+01
6.366065724720266417e+01
-8.822387717544971508e+01
9.666721473660415143e+01
-1.124943042491036493e+02
-1.003662822333070892e+02
-1.132793530597339071e+02
-1.659644892953569695e+02
4.958973374696449099e+01
7.059634652205420480e+01
2.107930937676649989e+02
3.366257610051984539e+00
-1.159327899096630858e+02
-1.134980680692698627e+02
-3.411985824283798507e+01
-5.618899219907605413e+01
7.866741232587877164e+01
9.638722822774711574e+01
5.787947234852075695e+01
-2.233528990180987250e+01
7.245930054459162761e+01
2.427618083982359920e+01
-1.240651880750435652e+02
4.383574201127404280e+01
-1.094438976828613477e+02
-6.815858872455926587e+01
5.319297910445553157e+01
1.151026262699633804e+02
-2.842936388017599825e+01
-1.516367828227070333e+02
-1.083202353018255195e+02
-7.126922546630754596e+01
-6.537800324880404901e+01
5.253603258072039317e+00
-1.432763875175548662e+02
1.289583265277323392e+02
-1.730210321651034633e+01
2.334388167113549173e+01
2.360969665154613608e+02
1.055496821793421560e+02
-7.049670178801076759e+01
1.501676842442958844e+02
-6.290754036232344504e+01
7.209783236416487284e+01
1.951481391031112622e+01
1.010653052288563458e+02
1.022785549057697665e+02
-3.408773278632215664e+01
2.382387637156945459e+01
-9.836022666951222959e+01
-7.178504841817792226e+01
1.408924628768452791e+01
-1.435195138036344531e+02
3.702000599910062029e+00
-3.812542655031889893e+01
-1.640145904969879780e+02
9.012456232080707252e+01
7.493065951087586996e+01
-2.029961270196356793e+01
3.105103217034179153e+01
5.248599726298127166e+01
-1.837175994897361608e+00
2.186782733835790893e+01
-6.259441774527341806e+01
5.533627932670429317e+01
-1.198742169319536011e+01
2.305796903304098677e+01
-1.268422191186372601e+02
-1.206958136454763775e+02
-8.993082304372337887e+01
1.144486242320016203e+02
7.639298076199240484e+01
-7.906975589868083887e+01
1.319415088932161098e+02
-6.426521521963194061e+01
-2.224540753630161305e+01
1.506445423530275605e+02
-7.760499599749506672e+01
1.184376273423888648e+01
3.626985137217381805e+00
4.130178112073409835e+01
-1.493151717226952258e+01
9.089698475015920565e+01
-7.715687048014119398e+01
1.087264412092530996e+01
-9.617647578849437551e+00
7.497508259146502496e+01
3.059752683829998432e+01
8.429877508368988970e+01
1.016122958083461647e+01
1.233357121029892909e+02
3.009418681964196196e+01
2.854747968124576474e+01
5.182115244226024231e+01
-6.595399988882829234e+01
4.386726658646548316e+01
6.045492599933900379e+01
-4.119783051228836257e+01
4.763111113698832000e+00
2.571260130453626047e+01
