-1.052707906507869666e+03
3.882605257895899285e+03
-2.721326477186555167e+03
-8.733943303248272514e+02
-3.891094586060501570e+03
-1.183665301381789277e+03
-2.440885871193103753e+02
1.097646457864025706e+03
-2.134834767719171850e+03
-1.476050845925376962e+03
-6.416305923297013578e+02
1.902464740524688068e+03
6.492073976417692620e+02
-7.589823477521729274e+02
3.611867691343818478e+02
9.563494246020601395e+02
-1.447010804359698284e+02
3.771773897059402429e+02
-9.209945639792895236e+02
-9.999060390460660130e+01
5.644983789380877397e+02
-9.142837817688582618e+02
2.141972539834960969e+02
-6.918999292959078957e+02
1.539075471012096159e+02
4.774295349036796665e+02
8.629223679603543360e+02
-4.218949755644616175e+02
-1.018040183040216107e+03
-6.473403984389991592e+02
2.282667101113357546e+02
4.247602879464540138e+02
4.285458896346498250e+02
1.441416039044777051e+02
-2.673622187797178640e+02
7.143610175848981498e+02
2.162450180645106173e+02
2.719989258166297645e+02
6.019774118251952189e+01
-3.255188125831928119e+02
-3.074865965543397692e+02
3.855278160704871198e+02
-4.261865639053676773e+02
-2.355844332752057824e+01
1.563070525229707641e+02
-4.253067620980397123e+02
3.153767653765883097e+02
6.011810557957002175e+02
-3.504455974773095761e+01
-7.000256290991706010e+02
3.139576293271380791e+02
3.247737211824193651e+02
-2.794110704895806521e+02
-2.730614131078862670e+02
1.201101811146393743e+02
-1.258582791962485601e+02
5.740895188514651863e+02
8.131594568942193746e+01
3.520179100459308756e+02
3.636371737025190214e+02
2.645830545833356382e+02
-2.877865353678517408e+02
2.536149412180729712e+02
1.365722633651424758e+02
2.404805572393740647e+02
4.054535467519685312e+02
3.083617334010634181e+02
-4.598888801967240880e+01
4.387881021562645287e+02
3.699711811188010415e+02
-1.618576698003676881e+02
2.704289671785570590e+02
-1.535883887882047283e+01
2.184032470114925388e+02
-3.597345710330009183e+02
-1.788219589223188848e+02
-2.699502049879963579e+02
2.065442448055700453e+01
1.955510057957778614e+01
-2.704439436981825793e+02
2.700477952338080740e+02
-2.260631507489170033e+01
4.640767370048906741e+02
-6.897789520455675074e+02
-3.972621480579571198e+02
1.097412963944949382e+02
-4.892165332787259757e+01
-3.337165427009673522e+02
-1.761176953852282452e+02
-3.785159035977661119e+02
1.990778318988578235e+02
1.527435979399921848e+02
1.426999019049336859e+01
-3.636810623196913639e+02
2.212531498562185561e+02
4.499364510571916753e+01
5.158809693608200320e+01
-3.735551186061528597e+02
-2.848699910263050583e+02
1.080942047859015105e+02
1.518242863169753889e+02
-2.930372992129505860e+02
2.158986331976063298e+02
-1.249825619698554533e+02
2.705885767723226536e+02
-9.991400265460232788e+01
-8.562566772700647277e+01
1.507943960306047302e+02
2.713142336721840309e+01
-1.630187016842150172e+02
-3.628001960144131317e+02
-4.962159340666013918e+02
-4.228755314854224139e+02
-1.282115686942997002e+02
-6.530514359591161622e+01
1.393911206867200576e+02
-4.942109518814208968e+01
-3.660547890260305053e+02
-1.721052333487287171e+02
3.926514665081575117e+02
6.983377545755676863e+01
2.785290845706886103e+02
1.567182045697369119e+01
3.113040999120516972e+01
2.116230070499914291e+02
8.931151753963204953e+01
-1.841045355233357839e+02
1.991679401450728903e+02
3.175543456111421392e+02
-4.027085741132822250e+01
-2.016309228506797524e+02
6.926178380188872552e+02
-3.049230075640348403e+01
-6.026981242154954010e+00
3.580376183907676335e+01
1.795209497867086839e+02
1.238124399547927794e+02
-1.668609911649676008e+02
6.994896125220131466e+01
1.841575251218389440e+02
-1.235059125344230182e+02
-1.143382365223571782e+02
2.831138314897908685e+02
2.111085474082583175e+02
3.269449669121996180e+02
3.953596707572967262e+01
-4.800413784783388849e+01
-1.499856806718351088e+01
4.720568726020511008e+02
-5.880698008064310756e+00
1.975327566402935133e+02
-2.883900921289086909e+02
1.294731156859820373e+02
2.900294270500450580e+02
1.553506813986802904e+00
-3.004983554751580854e+01
1.009617498248135234e+02
2.082129580847253578e+02
9.962195493437783966e+01
-3.287408850162850626e+02
1.771114288301178874e+02
1.429946992436649964e+02
3.701938588588510584e+02
-1.318446468065106671e+02
1.559720850392498619e+02
5.670883530319333232e+01
-3.907954617123958485e+01
1.014975622851079180e+02
-3.186725346652764301e+01
1.602704235466283933e+02
9.008587248642571410e+01
-1.758261828644580191e+02
-2.235876826304795770e+02
4.663150608135534014e+01
-4.219593697497447948e+01
3.889461503255312778e+02
1.493209004886636748e+01
1.041952198767290128e+02
-4.470072453061418116e+01
-2.764452774111705367e+02
-4.649312910144418964e+01
-5.369717798424181154e+01
2.305416616999127655e+02
1.774334477143181630e+02
1.707395390381072673e+02
-1.820117155752409133e+02
2.260526211269269652e+02
-8.889095868298194603e+01
-1.739819023287791993e+02
1.241428432268545379e+02
1.113149259089508547e+02
1.495454134586315433e+02
-1.827257014249975668e+02
-3.000294267181602663e+02
2.306177140454445862e+01
-4.293820101773711428e+01
-3.128671731524076449e+02
1.065665801217068918e+02
-3.820368122424604707e+01
1.494711371439253469e+02
-9.704408994536173338e+01
-1.619368956744008017e+02
3.606428653208643027e+02
-5.526016977732809465e+01
3.131814506814742383e-01
-3.620199293684083841e+01
-8.871338051433957617e+01
-9.925370319555335641e+01
-2.193728935069350783e+01
1.312690881635175515e+02
-6.143445420609329233e+01
2.181294749949209688e+02
-4.042428626969063998e+01
1.090353171164561807e+01
-8.750471036202290520e+01
1.785425448610910735e+02
1.236885057797288212e+01
8.246466858994720894e+01
-1.327880444157566444e+02
5.049849758788914045e+01
-3.253536082910934510e+02
1.376358716099682624e+02
-2.765070749858248291e+02
-1.213941407851536702e+01
-8.852699267077316847e+01
-2.493208270153238004e+02
-2.227910494046950589e+02
3.536860251900218088e+01
-3.450182557016670160e+01
-1.096614419378686591e+02
-5.043242092027144707e+01
-3.162670264086618843e+01
-1.399046376964445528e+02
-1.160485557508599612e+02
6.713040694464650926e+01
-3.099842252014787292e+01
-5.412632824707817036e+01
1.991318750374870916e+01
-7.764680515101933622e+01
2.334015339788329513e+01
4.117424538443894733e+01
-8.819532413998649290e+00
-7.324734888995578785e+01
-2.744426444348287646e+02
-5.815733755352717083e+01
-3.520506948297177274e+01
-6.791177469767987418e+01
-1.176777579088302872e+02
-1.450772254136619495e+02
-1.068195167414201174e+00
1.733227486613856172e+02
1.806356268940341181e+02
1.686659534596106198e+02
-4.449901479164554274e+01
1.606552379098988297e+02
1.367629806373614372e+02
-1.905792768619616107e+00
-3.208651694033151358e+01
-1.449468550445876360e+02
-7.132621149455961529e+01
5.376975621065737698e+01
2.354449530496674825e+00
-7.219258352758640740e+01
1.929680959868781258e+02
-3.011276303091563378e+01
9.112829526324635765e+01
-2.887816170673714922e+01
8.167090366323510864e+01
-1.430223004237413988e+02
8.021850976175518610e+01
-2.236074739763348020e+02
1.216355344340203573e+02
-9.007777254553325008e+01
-1.251757511300849615e+02
1.071772694803639894e+02
-4.611027335059198151e+01
8.668201745732451968e+01
5.639302397965018088e+01
-1.014895711965380798e+02
-8.222151638944444585e+01
-1.605702174916237368e+02
8.582408826476428487e+01
-1.179136227805972759e+01
-6.465789292682972089e+00
-4.397056189249714642e+00
1.496034219830069567e+01
1.341193533866547511e+02
-3.055542228765568424e+01
-1.153535105033289625e+02
4.027805277670854167e+01
-8.985655612754442245e+01
3.615681022720514903e+01
3.992760140874201369e+01
-1.142823690537217196e+01
1.272078262384361267e+02
1.427103206298988880e+02
-4.908446211307938967e+01
4.290579015774479643e+01
-8.003371146055025065e+01
1.150748469968324343e+02
