-5.363575521886258684e+03
-1.192474817391607758e+03
-6.234230394179538735e+02
6.832646264564735930e+02
-2.221486093363665532e+03
1.022486110265584500e+02
1.150835354413177214e+02
3.442371635155973308e+03
7.565685476541339938e+01
6.470299882716980164e+02
-3.987088228861573498e+03
-3.487867704591257620e+02
4.581541330454071499e+02
-2.196735346859156834e+03
-3.365843683792930960e+02
5.221687154376537592e+02
3.088935241827819027e+02
1.045139601308157125e+03
-7.331061473041518184e+02
-1.211448742384991874e+03
3.192712394442060031e+02
-8.697082268793686808e+02
-1.065603057201551792e+03
1.757568749935143842e+03
-5.708949641884649964e+02
-6.861134273657280573e+02
7.850874135824298037e+02
1.139418027278392856e+03
-4.687404529037031580e+02
-6.415532028928930686e+01
1.053318073892080093e+02
-6.380767962552663448e+02
-5.987819990316469330e+02
-5.124529694068733079e+02
-1.072107424237678515e+03
-5.452297819692749954e+02
6.279968308236599341e+02
-3.728913833615675344e+02
-3.765373599894049050e+01
5.252816507195129816e+02
1.210287684920690765e+02
4.864210492590294734e+02
4.342348356364684037e+02
-5.133569598819731539e+01
4.762969812749138754e+01
-2.696273528906150432e+02
-7.173633464650237102e+02
-7.046747312065525648e+01
1.822822019201564956e+02
8.459562417778249710e+02
6.692595823481075286e+02
7.170029181624587409e+02
-8.175945366064113387e+02
-3.714613016366722604e+02
-2.302185297726087754e+02
-2.073927050128122573e+02
5.806877760692727861e+02
-1.094664328237356159e+02
-6.217684998203668556e+02
1.796267779963999089e+02
6.094482154607756996e+01
-5.290176917114381467e+02
-2.115663095982206698e+02
2.853083441515882441e+02
6.753602966591341783e+02
-3.799948484403556677e+02
-1.330204110093360157e+02
-5.079183756850178497e+02
-7.292454549634577461e+02
3.333580986708166733e+02
4.053920796608824162e+02
-3.416165766846526708e+02
1.871031789961846812e+02
-5.995529536235172685e+01
4.056428826569901389e+02
-1.713231749274701485e+02
8.443220790492682681e+01
-5.214693723360611699e+01
2.536056274998167055e+02
6.202158856576352264e+02
2.799008896403903890e+01
1.905686231170211329e+02
5.321106007281346706e+01
-6.048690396887562315e+01
-3.232748074193000321e+02
-1.501709426962832765e+02
6.446338778336398434e+01
4.277248080472958236e+01
-4.790569969003843909e+01
6.220860892131354092e+01
7.671976544646101104e+01
-2.301174879677251681e+02
1.790660779139211911e+02
-4.757490651835771587e+02
6.742016185580750687e+01
-2.519365628667028432e+02
-1.773667304225360510e+02
-1.720274049230998230e+02
3.742972030042701590e+02
-8.817747592188344186e+01
1.215045937786987338e+02
-6.534594246300692078e+01
-3.436630824997550349e+02
-2.516230717091636677e+02
-2.737370585209773211e+01
5.993177645975570300e+01
-1.712434235716937678e+02
6.103722384909517906e+00
3.646553843301184372e+01
-1.121499524226935165e+02
7.628161457425387937e+01
6.834155110364172003e+01
1.831815342202462773e+02
8.768331869890877783e+01
1.676255430568394047e+02
-7.259873178909546709e+01
2.702212507758195557e+02
-4.967976819964313506e+01
2.192640511861153527e+02
9.171610686093973186e+01
-2.793017035965705190e+02
-3.177734234107797917e+01
-4.686093796864876140e+02
2.098252213234834187e+02
-4.776907302356968898e+01
-2.406625979604399959e+02
-1.166648149355394253e+02
-7.460246788403156870e+01
-8.556635825230503656e+01
-1.215585893153577643e+02
2.604848866150599633e+02
-1.859249642340601554e+02
4.843579703423403515e+01
8.569803708350661964e+01
-7.601925026072322567e+01
-8.858499634234499354e+01
-9.976086352685399561e+00
3.886506800890761042e+02
-1.541355943536548523e+02
9.784354337111564348e+01
-4.679307292412973851e+01
6.598070885401087082e+01
6.864397591582777736e+00
-3.823041916556108788e+01
-1.297064945597514907e+02
1.708258848271082115e+02
-7.940940963404707986e+01
3.228712764930498746e+00
-4.933326630362451937e+01
-4.338907159401350100e+01
-5.666808392162986152e+00
1.077733973724167384e+02
-1.599540050856482765e+02
-1.778658878653631259e+00
-2.266260507566019271e+02
7.284437633431576842e+01
1.010599511183850439e+02
-9.140996188020459323e-01
9.955799119191894420e+00
1.484667888576981909e+02
1.379599194805671232e+02
7.370096789730935427e+01
-4.814145348820464676e+01
2.563866220097072457e+01
7.414035868052509137e+00
3.493234573920958752e+01
-2.419419010523403131e+02
1.065066365961713188e+02
-4.565033447510125342e+01
4.145989519502178666e+01
1.335892718448920391e+02
1.904944935483841562e+02
1.575355551118022674e+02
-2.926912434400928120e+01
-1.451868557326883469e+01
-1.134465954992573700e+01
-1.190793460567991815e+02
-1.316268802091621524e+02
3.399985038677175453e+01
3.990774201663721499e+01
5.588213825851590144e+01
-9.697242554069862308e+01
-1.287056448484363713e+01
-1.019241365442342868e+02
-5.969314843662838932e+00
1.800109477728832630e+01
-6.673112044589444736e+01
9.280497086746049717e+01
2.079743118872506784e+02
-8.953156945394211164e+01
-4.893380804311757259e+01
-8.052659935047182671e+01
-8.119919809838890501e+01
-4.047216154735985505e+00
7.294421952535508069e+01
-5.557129007288762779e+01
1.031289811034682913e+02
-7.167861912084890719e+01
-2.055418646729561658e+02
3.506585404457622790e+00
1.263316181146842467e+02
1.152112965167994645e+02
-8.270572309310011860e+01
9.897007645591111213e+01
-1.494969376721604704e+01
1.906851855886969815e+01
1.151343207875132606e+02
-1.830511474481415490e+01
2.207169443970351530e+00
3.013371748143448059e+01
9.576517489906559888e+01
-1.336283643295574279e+02
2.567652545442571110e+01
-3.199750173065974934e+01
-1.408961611806792007e+02
-1.256398200401640821e+02
-3.197225824127898974e+01
-1.612478955584899438e+02
-4.682975765994188322e+01
1.130885315163289420e+02
-6.678884189084547529e+01
9.408245819723300940e+01
-5.421211540740860357e+01
2.069924138351135525e+02
1.650802164781144654e+02
-8.389173680856562498e+01
3.629097404905892432e+01
-6.831666290672918862e+00
1.991122309301934195e+02
-8.236989196356527998e+01
-1.717719879957472244e+02
4.414692503734028151e+01
-3.759383715938151482e+01
-5.600691522018685475e+01
5.522399639935333227e+00
-4.326474696157655586e+01
-1.519310930880152100e+01
-1.023679912624266919e+01
1.434647047697583560e+02
1.250178718228367387e+02
7.732739556822500049e+01
8.366771794277300955e+01
5.024660788425406821e+01
1.363478659990707911e+02
6.333462673553692213e+01
3.569372701389200842e+01
1.154227874605779505e+02
-4.028855448304504705e+01
3.512435607829236517e+01
-8.001668079489681418e+01
2.370719103742557721e+01
-1.343708745562976592e+00
-3.183758419277824103e+01
-3.175116283333871081e+01
1.559032294301629484e+01
-1.831003253084480207e+02
-7.328167618391883309e+01
2.525524650029369766e+01
9.135653442829793391e+01
-4.136437926133135790e+01
-7.530949407390542660e+01
1.252901276023252422e+02
2.210508666821637647e+01
-1.091372927794887033e+02
2.258298567880778762e+01
-1.156248233950464943e+01
-1.064156151790482028e+02
-3.035623079346726882e+01
-1.293375382453650912e+00
-4.118810763721667456e+01
-8.682257750352370351e+00
8.982872243876927598e+01
-9.789998138032983377e+01
4.861846367741323860e+01
-3.331563445715099903e+01
-4.669058021569367867e+01
5.403433060557819800e+01
5.384080847562442074e+01
-1.901672231669968127e+01
-9.154125983869214167e+00
1.258008912682502434e+01
1.061033372796126599e+02
-3.442675395845540720e+01
-5.901607417592320104e+01
-4.913234348134591301e+01
2.242408368991601009e+01
-1.022575646018328968e+02
-3.259001790230181683e+01
3.596872590730480823e+01
-9.218229882694366495e+01
8.326966625044954640e+01
5.546977685895822674e+01
-1.859162324014607748e+01
1.892573513336795088e+01
-1.407820129437859613e+00
2.314597497880370369e+01
9.026886933924624046e+00
1.527055959668416207e+01
1.817470195921279696e+01
-2.668227697442943835e+01
