2.730940910247815737e+03
-4.424556939942423014e+03
1.626963362159382996e+03
1.262932627297876252e+03
-1.369229110138745114e+02
-2.047679724815061036e+03
4.328924655143808309e+02
3.356577222020013778e+03
-2.638557438154371084e+03
1.683400964950017624e+03
-1.892772779515699767e+03
-8.582341685042473500e+02
2.368782225271146217e+03
-5.062038893977868383e+02
-7.208115365605458180e+01
1.294489788639121457e+02
1.051092238547333295e+02
-1.473045884044061722e+03
-1.363707051815054683e+03
6.495334784759380682e+02
6.067015830797462286e+02
-2.806487505070966790e+02
-1.482826738549053687e+02
1.205963391801897842e+03
6.177124176407739498e+01
8.935450673712844036e+02
1.018152094019362863e+02
-2.826327118325627907e+02
5.801630898124515170e+02
6.483615706902753573e+02
-1.432320489918533326e+02
2.142249738907042683e+03
-6.345987749170249259e+01
-1.360840029091706811e+03
-5.337666248873923678e+02
-2.305101698043995384e+02
-1.061740020755191154e+03
2.829209582313573890e+01
-9.716127875520762700e+02
6.298320687913145548e+02
-4.050490327706681626e+01
-6.686792424608769352e+02
-3.711897155703944122e+02
6.047789863021457677e+02
9.960399796317710752e+02
8.519996072429332798e+02
4.497081235400576134e+02
-3.419995162846190624e+02
3.790491503010797203e+01
-2.033867659716287903e+02
-9.812204244066928140e+02
-3.199152085615186252e+02
4.225210078145788657e+02
3.784348282327069768e+01
-9.694613895828386774e+01
4.918685504887462798e+02
-7.346294203509556553e+01
1.694611196559087887e+02
-2.376018323343955103e+02
3.400057905282566253e+02
1.957289021457567344e+02
-7.554242632231818106e+02
1.375307771391508993e+02
3.240406901117100915e+02
-3.522461795574694179e+02
5.263587227581946308e+02
-7.186540183813761473e+01
4.798989122973164854e+02
5.820273169336214778e+02
-1.715152337955287294e+02
4.542829601953545193e+02
7.085152681340130130e+02
-5.263828089722368020e+01
-4.206178472218134630e+02
9.139562622939692460e+01
-3.902285346426167507e+02
-6.713659072771459080e+01
-4.528767482035227090e+02
1.011363869771668533e+03
-4.080133444205948194e+02
6.665541845988869909e+02
1.200913810216489566e+02
-4.685776703895231208e+02
-7.328987499267407202e+01
-3.996729997264679923e+01
3.932552777458824522e+01
-4.684921093738369109e+02
6.302605965139605360e+02
-1.901526819668381165e+02
-6.355879249047701478e+02
2.807149091367492701e+02
-2.566490191018219775e+02
-1.858316789072273423e+02
-2.404788134023754651e+02
7.047260137841896039e+02
2.246031035130877456e+02
2.609395924576053289e+02
1.988073741939262717e+01
-3.179440289554477772e+01
3.553814281177370304e+01
7.470611544534507686e+01
-1.086147887347315759e+02
2.895801799750065797e+01
-5.784466353996257340e+02
-6.994081563457008599e+01
-2.539449698830428872e+02
3.074087260407373634e+01
-4.172635175992532481e+02
3.422108559960386174e+02
-9.969864776598251410e+01
-2.828179096329325830e+02
-2.009768079983688551e+02
3.764564528145484257e+00
-3.551117165597935355e+02
3.988258397310280543e+02
1.380174279288610535e+02
-2.449212223568054867e+02
-5.789863835403491521e+02
-3.477081990608509727e+02
-1.774714507422636345e+01
1.785927085122223161e+02
5.221487746930575895e+02
-2.336657622154680780e+02
2.707185917783256173e+02
2.280271273712508560e+02
3.790036814057587122e+01
1.383932490685579708e+01
5.719609729733750925e+01
1.205429362876740917e+01
4.251212400581803195e+02
7.228942823735118850e+01
1.048251765965537459e+02
-2.438466536940011622e+02
1.729549404690879726e+02
2.830303133203935317e+02
-5.516718170301547275e+01
-4.799303136611693787e+01
-1.772767535952628180e+02
4.943316461223612635e+01
3.746734421000217026e+02
-8.715377226170771507e+01
1.808035776945028772e+02
2.349897438482229859e+02
1.912841021206263292e+02
-2.733573074653086792e+02
2.831380613504337589e+02
8.701332217125535351e+01
5.652950530975206078e+01
3.486780798350648070e+02
1.107306146669880320e+02
1.236248615336340606e+02
-9.705246412198589212e+01
-9.065717862055133480e+01
4.280471871644501647e+01
-3.043585274300370358e+01
-2.285697481853760848e+01
2.042428065244981497e+02
2.022006551970799819e+02
-1.698396744794001165e+02
-6.709005306166604043e+01
1.940221950122099770e+01
5.166062090454848033e+01
1.280712824127843703e+02
3.325219148827141424e+01
-1.486851788074448848e+02
2.253212792639413209e+01
4.124093700426754339e+01
-2.233843759465884204e+02
-2.426895640589971208e+02
-1.645524863525818660e+02
6.063245147192274942e+01
4.008901066267756619e+02
1.842885569398912651e+02
9.087032974788886008e+01
-2.227571831651207788e+02
1.931744241078108359e+02
-9.960206628676431251e+01
-3.909071505857970408e+01
-1.001346891427602372e+02
-3.147110624668123435e+01
2.479653128201182426e+02
-8.049082835303421746e+01
1.109816529078489822e+02
1.437227699007537467e+02
-8.811996241679878494e+01
-1.515743400094482638e+02
3.206177880916989125e+02
-1.950651434142345408e+02
6.154722051124178961e+01
-2.770767169437646515e+01
-1.578505245298718194e+02
-2.097802286637673603e+02
5.785391190117866245e+01
-1.759813434040399329e+02
-8.531468405310546643e+01
-7.900353297759937732e+01
-6.503870149470111528e+01
-1.658990275745216252e+02
2.156681042671266084e+02
-1.217164161982561055e+00
-1.608342581087818246e+02
-1.648495569421351661e+02
2.878770668617929687e+02
-8.817255186635083675e+00
-1.563173176201692449e+01
-7.370559226307337042e+01
-1.334578481430786923e+01
2.633843693534001886e+02
1.641673766185506906e+02
-7.586333554400559365e+01
-2.697733210343571386e+01
1.530080510450728468e+02
-3.085330956161111260e+01
6.448920790810785775e+01
-3.310014796011249700e+02
3.336433510828790361e+01
-6.634682430091912408e+01
3.136779081585216389e+01
-1.858722606123417904e+02
-7.403021668091952279e+01
1.730992155192811666e+01
1.156089256755036985e+02
-9.600594834942846489e+01
-1.103534912665634948e+02
-4.848449393407810817e+02
-1.018850741134553317e+02
-1.267949567266582704e+02
-1.703128630337893412e+01
8.577268666429716859e+01
1.382691084612163763e+02
-2.697435776043148437e+01
9.606766739626296570e+00
-5.742588928634160794e+01
5.291887068518958159e+01
1.055243305034749710e+02
-1.023788690914534243e+02
-1.883172754789898704e+02
2.830625036561379488e+02
-1.424894795663673719e+01
-1.925151653247598063e+02
7.602940169473384913e+01
5.279351029932814043e+01
-3.970871012290093205e+01
-2.757175729488514904e+01
-1.631253323614987494e+02
-2.712853381422965882e+01
-9.290326458584198122e+01
-1.626961275865174912e+02
2.556662658037782521e+01
-1.345760567026515560e+02
1.674615564910301373e+02
1.016161697801691304e+02
1.314757680311750789e+02
-1.413252149195898255e+02
-1.036050551127174302e+01
8.295444357676440461e+01
-1.355014148119458355e+02
-2.653852277186217279e+01
2.489182114283072167e+01
-1.094707174910530370e+02
2.995090327239068415e+02
-1.758210995995605685e+02
2.145830473947893680e+01
-2.944121814178747059e+02
2.487090480018739527e+02
9.851815754052474006e+01
1.202589222640473849e+02
1.108201419733672033e+01
-1.990462381438379396e+02
-4.665228338934404206e+01
-1.026404763254041370e+02
5.578325611167964837e+01
1.697940374315524821e+02
8.068531049026427127e+01
1.943056643141928816e+02
2.965294544425098522e+01
-6.440487648290883271e+01
-1.005830538709668218e+02
-2.253391386157066023e+01
-6.408019815599085689e+01
-1.178431100874390012e+02
1.024171030343523370e+01
5.614850482878180316e+01
-3.229855672627789431e+01
1.902961019884814864e-01
1.972503890605866559e+02
-1.743532430967761968e+02
-5.031314835313566158e-01
-1.387756366289481491e+02
1.258769709539937622e+02
5.517196341501155388e+01
-2.803050398639962282e+01
-7.190422548341784648e+01
-3.866615109635685599e+01
-1.757646569302843602e+02
-8.961392129497407666e+01
6.249084136948885870e+00
-1.564648048290507063e+02
-1.149639446647034333e+02
1.726344734478318230e+02
