5.123407793154982528e+02
-2.569243731426983572e+02
-2.294470465647121728e+03
1.900957707506084660e+02
-1.660614104336021626e+02
-2.994471291526403093e+03
3.045301682283624700e+02
2.256876796235253096e+03
-1.868879863026970042e+03
-1.955903012853027576e+02
-1.803545760023033381e+03
1.363074113590490697e+03
2.573928442949684268e+03
6.040521656308501406e+02
-7.144309541557436205e+02
-6.615080966215427907e+02
-2.872852394998712811e+01
1.235983462575316480e+03
-4.815087910316780153e+02
-1.411522255650393447e+02
1.014675131273323245e+03
8.111002678373582739e+02
-1.677436171115648449e+03
1.203540937604466535e+03
2.547040081806416083e+02
4.551892781266713541e+02
-7.047991416342377136e+01
4.619465611380193764e+02
1.211502048996779877e+03
7.090908001652040866e+02
-2.960312395877483027e+02
1.724580133824412769e+03
-1.986331217437282817e+02
-4.449546707721581242e+02
-8.397194767716695196e+02
-4.408171734086286619e+02
-2.711468331836412062e+02
-3.896146955126008038e+02
-5.240023030463142959e+02
1.384634016762076499e+03
6.146734514546775472e+02
-2.891484340407674267e+02
-8.250654221421994805e+01
4.415736335546793043e+02
8.403840290963656798e+02
7.781070613640935107e+02
-3.136520169704790817e+01
-5.665966122837444345e+02
-2.433962212520558523e+02
6.587776240125639333e+02
1.553640767336291617e+02
-1.706544410371623499e+01
8.866743282615130965e+02
-1.516800326581079617e+02
-1.128928694350146543e+03
7.776393069171793968e+02
3.939940025477089875e+02
5.785340531700322799e+02
-2.170611050555056067e+02
3.868658862939557253e+01
2.533694720618279561e+01
-2.632903315827181245e+02
1.006897795498360324e+02
-1.312824513124621717e+02
3.272286818686663423e+01
-3.645764043715627878e+01
-3.306809926669880184e+01
1.109473719195962929e+02
-6.465309718106466619e+01
-4.188892116494697575e+02
-1.361428969190656062e+02
1.491044882942586298e+02
-2.974953128724106932e+02
2.195367910174104225e+02
6.460496755099725874e+01
-7.442610738787536775e+02
4.329844501690157585e+02
-5.660210763168703352e+02
-2.500127802670864412e+02
2.917829349264952157e+02
5.185172872951999068e+01
7.706662834920858529e+01
-1.308328181186739982e+02
-4.890385911275103026e-01
4.013454987328772177e+02
1.266008617727894858e+02
-3.078331166593721946e+02
-1.491568082158030109e+02
5.349427906863287490e+02
4.595890532281454739e+02
-1.664248191016750411e+02
-4.948147602162776479e+02
-1.722122515925614152e+02
-1.842229506896091493e+02
-1.562572848091556637e+02
1.076146608142531846e+01
-2.776658172286732338e+02
-3.148803806168638744e+02
4.676624202383587914e+01
-7.164336267703320971e+01
-2.682046926589712257e+02
-2.121723377628927381e+02
4.677812534302040035e+02
-2.811389687777592030e+02
-1.748189534130273159e+02
-2.480643591538380477e+01
-1.552064390735244785e+02
-6.569594149908826353e+01
-1.533450827803041250e+02
2.484681787413438059e+01
-2.806465338313731195e+02
3.341203964795390675e+02
3.042251669544072712e+01
1.798658249539674046e+02
-3.089270894519997341e+02
2.121620261916569348e+02
-3.039377816743329390e+02
7.178484930206033710e+01
4.449639617182868392e+02
-2.113916720871178541e+02
9.095142525243673504e+01
5.657961523525499814e+01
-1.993594302646868073e+02
1.917169195452446502e+02
8.642847912563684076e+01
-1.124769794099207303e+02
1.537745780112354339e+02
2.596726060897918842e+02
-1.478970234100054029e+02
-5.504967555250487976e+00
1.332814570644874834e+02
-1.448687570000882374e+02
2.442099399353425682e+01
-4.063312867827748676e+01
2.160013555476757006e+02
-8.586781068040140852e+00
-1.457023164860273425e+02
6.858108685400098636e+01
2.554780984343212822e+02
-3.523941480532487844e+02
-1.092407771004725561e+02
1.833224047194781861e+02
-2.359898323623019962e+02
1.384796368175188945e+02
-8.820680663452451142e+01
3.298913927894960239e+02
2.375444736198430746e+02
-1.038492398135473707e+02
1.687901063125166274e+02
1.732358682817450983e+02
-1.857016980107389941e+02
1.624577033634731720e+02
1.816938944092042618e+02
5.048221797419490287e+00
1.716228851523610501e+02
6.696876305692727271e+01
3.679908823552179342e+02
-3.492675460720193303e+00
7.803634814535367070e+01
3.081591373878324021e+02
-3.457003853902910873e+00
-9.017820403252952133e+01
2.225900095246444010e+01
3.506747246962178224e+02
1.557789197296499424e+02
-2.631338684732197066e+02
-1.053022462443980629e+02
-2.887295935245670648e+02
2.073196130904052552e+02
-8.952732928886838693e+00
-2.834383343677452416e+01
5.974432641715547021e+01
2.841153818000987599e+02
-1.171444199562543815e+02
-1.729365084996703672e+02
-7.592393542986978616e+01
-2.755119896483136586e+02
-1.665262087039882601e+02
2.527563893240827042e+01
3.149379998552396742e+01
9.680135410677476671e+01
1.264937048162921513e+02
-1.189353973500599864e+02
2.973524950543937706e+01
-2.315918877499445045e+02
7.535383005259036793e+01
-2.508495244512919342e+01
-1.682529809040792941e+02
-1.812111046585889653e+02
-1.941838099396007919e+02
1.068462308479417260e+02
-2.721718827616674048e+02
9.549475323843937247e+01
5.963881687919803909e+01
-4.369516244365935620e+01
1.848087445632371839e+02
1.492524673018631347e+02
-6.122631484355893150e+01
3.229441903454668932e+02
1.128832923966895407e+02
1.770560016433288695e+02
-1.206755097044388805e+02
1.747894665046114540e+02
1.658350412456697427e+02
8.177510751610280693e+01
-4.090778631649327224e+01
2.580093995008988017e+01
-1.348034969367269653e+01
7.599375879304010084e+01
-9.154592112431180340e+01
-6.935054704965288863e+00
-1.871854488466591420e+02
-8.965881364282688537e+01
-7.753171825931374883e+01
1.120777249317272464e+02
-1.896625312529584448e+02
-7.184484964728657985e+01
1.634218164530476258e+02
-1.302236348277295690e+02
7.583924143890038749e+01
2.286673547853696675e+02
-2.270262926889368982e-01
1.064339804722453522e+02
-1.555289017431794321e+02
-6.830654399592428661e+01
-8.164597781337070614e+01
3.513191007094506801e+01
-1.530253350152003406e+02
1.234251718428129436e+02
1.210386283888688865e+02
-1.004513813199653924e+02
3.504064491947666937e+01
-1.277881834357176984e+02
2.176528654086887684e+02
-1.909032962692920066e+01
-5.459884935623002633e+01
-1.653446483998547762e+02
-3.573034480951762681e+00
9.796156947829391015e+01
-2.542991695156251453e+01
-2.948931223904463650e+01
1.916024243935668210e+02
4.298632987579978249e+01
2.073214844366298735e+02
-6.259698713393776615e+01
1.734163529374462553e-01
-8.806659580466978809e+01
-5.492291031797206102e+01
-1.231314008206566939e+02
3.823612061129337292e+01
-2.961608014807360334e+01
4.845689235921884119e+01
-6.881647103809748955e+01
9.278920525131233887e+00
-2.989555846287262852e+01
-2.066071328229731705e+02
8.610752910859339693e+01
-4.017930282454956625e+01
6.703778433320073304e+01
7.750623980163853233e-01
5.786955172678210602e+01
2.362809884881060540e+01
-1.145918193579395989e+02
-6.388109977509720494e+01
1.715115686059988604e+02
9.627211162747802575e+01
-1.735157195376487493e+00
-6.812969155787546072e+01
-2.853170949942036927e+01
-8.775989853959673326e+01
1.046752080817150414e+02
1.138558593355476347e+02
-9.723945163834628147e+00
2.095878376648495873e+02
6.046504025169541308e+01
1.559975303686998416e+02
-1.220578348128739066e+02
2.306271275111657637e+00
-6.531386649603872740e+01
1.398310678575459747e+02
4.084276539626224434e+01
2.293205960658621905e+02
2.307589315127495411e+02
-1.175616769686433400e+02
1.207579067070227694e+02
2.114117322168866053e+02
-1.541195109480168242e+02
8.814992582816303823e+00
-4.570560040732631535e+01
-7.325583825457948706e+01
1.811241680594898185e+02
1.711007660634364669e+01
3.850705668143826443e+01
8.470346433130455921e+01
-7.243196139495908881e+01
-7.380813475843496008e+01
-8.944165390093982637e+01
-6.970371867330511861e+01
1.165473326351009860e+02
5.051806082366436357e+01
