-2.640999980275108555e+03
-3.611747209815253882e+03
7.269045283791992006e+03
-1.250949301737043015e+03
-8.837328522212623056e+02
-2.679049732821637008e+03
-3.263755322302348304e+03
-1.292273356550456128e+03
-3.216235346259112475e+02
2.256044104682015643e+02
1.522094396428074333e+03
7.996919098648282898e+02
5.688517635229247560e+01
-1.381380491306628528e+03
-7.864478292155556574e+02
1.087883223205098147e+03
6.836299596787782775e+02
5.276294886565098068e+02
-6.311797816006345556e+02
-1.866588774589779860e+03
-1.629552636333530700e+02
2.456315189045805710e+03
1.089681168926250621e+03
-4.586421314643322944e+02
-3.640199276442268683e+02
2.193889187609262876e+02
2.705254463812419203e+02
7.602947836204673422e+02
1.348314970987376000e+03
-5.002510202352530087e+02
7.338430167356083302e+02
-2.011658198857528305e+03
1.970965519629283902e+00
9.412770744847675815e+02
4.916774493038639093e+02
1.139803154104876285e+03
2.977215346678077594e+02
-9.118041670789267528e+02
-8.177432312228017963e+02
2.962535526921761857e+02
4.020626452131014048e+02
-5.923370574996908289e+01
-3.498789775238342372e+02
5.125602477892492743e+02
-2.056362717642330153e+02
1.824706141485348496e+02
-3.309265307187214376e+02
-3.935518294637276426e+02
2.366147133856051710e+01
1.146109690993009451e+02
-4.536974507082229593e+02
5.356217270875715712e+02
2.943840209979789080e+01
4.495083723509877132e+02
-6.462316231085995923e+02
6.649714237657778995e+02
-5.468717679562662397e+02
-4.060854772012744718e+01
3.952163919246043520e+02
5.512945262609887322e+02
3.271373732795396450e+01
2.185574712100259376e+02
-6.904163701356101512e+01
-6.824796663955825125e+02
-4.268767532379073941e+02
-5.515658131935359734e+02
-3.324767064410460549e+00
-3.076787008722712358e+02
-8.138232704036224732e+02
-1.283309980471686540e+00
1.164899065723889748e+02
6.896690738736715502e+02
-1.274726722952281079e+02
-4.871287185321259585e+02
6.392341502233136907e+02
-4.298079623676776464e+02
2.565870050236340489e+02
-3.981960163465995493e+02
4.469384933743235138e+02
7.450848372273494533e+02
-3.864207958771079348e+02
7.116592616442000008e+01
-4.122540760518302250e+02
-4.015357076816925428e+02
1.085880035579371992e+02
-3.110815126828792927e+02
3.300621796152418028e+02
-2.605667524176378151e+02
-1.084783931680706104e+01
-3.567104190758499982e+01
1.887236995801790940e+01
-1.845846885650274771e+02
3.125332988832755632e+01
3.918714597166971316e+02
6.053951955901519710e+01
-4.108359358453234904e+02
-1.645782120330537452e+02
1.215180951580504001e+02
4.237691123624880447e+02
-6.006151038034484202e+01
-3.756820502500239627e+02
-5.971352418904190245e+02
6.172412845415793470e+01
-2.903444860638593354e+02
-3.026980282015496755e+02
2.798069758091086783e+02
-2.629305052684384947e+01
-1.480675192660175998e+00
7.268394702467762158e+01
-4.937826965852855778e+02
4.332891690365212867e+02
-3.300758358172902263e+02
2.188833472096370656e+02
-3.444562260328864056e+01
2.397142809299080852e+02
4.741880206700168969e+02
-2.752148585253776218e+02
1.919484839006364609e+02
1.036517996373696917e+02
-1.104407070523750463e+02
3.387913214804557924e+02
2.053966841898890721e+02
1.469573399871956667e+02
-5.240326885077374897e+01
2.585113787787162209e+02
1.881745204890643492e+02
-7.860948366416207023e+01
9.062752640425724593e+00
-1.953628133077238829e+02
2.934707173137320524e+02
-1.657549820157596514e+02
2.021176424893994863e+02
2.366441040767242896e+02
2.283014940315031538e+02
3.719242192991058005e+02
-1.590885395987392315e+02
1.374654897927661068e+01
2.931140687763186747e+01
-5.068135137080456332e+01
-3.914055640424424496e+02
1.623025629539995123e+02
3.134032241609684206e+02
5.112762016334256998e+01
4.703997444011970970e+02
-3.546210277295165838e+02
2.731470295643907065e+01
-2.243068249718173774e+02
8.445983800946758890e+01
6.663667634811702101e+01
8.531369130583330218e+01
2.395086422786061178e+02
-1.517399967603279265e+02
6.202246136601236515e+01
-1.160200153642451539e+02
-1.857968197195538949e+02
-1.239598431946538000e+02
-1.223553170582777909e+02
-7.403346485571363189e+01
-1.303228296993397066e+02
-1.468565590528936582e+02
7.413587482499663395e+01
2.635794074442173240e+01
3.140139106687675508e+01
-2.917760534515032944e+01
-1.928617487975093354e+02
-1.888350588370796146e+01
1.464916568952023397e+02
-6.670417413800022643e+01
-4.306910683790988514e+01
8.091052435567226198e+00
4.161957317357288844e+02
-9.450239706639375470e+01
-1.915260571881781289e+02
5.981546334236655582e+01
-6.639716784330683197e+01
7.644404220636930347e+01
1.871032637109081520e+02
-1.833408780476374318e+02
1.339756558478070474e+02
5.355610242755307127e+01
1.077959360925735552e+02
8.597265208464479258e+01
-3.364463443051699443e+01
-3.046675554104968597e+01
-7.823525679578852809e+00
1.995482648510994395e+01
-6.030172802084118899e+01
9.790910465689020725e+01
-1.397461208547164047e+00
-2.336919530956618587e+02
-4.023798035270201723e+01
9.755151580679236645e+01
2.934230106091656580e+02
-8.240744611730752567e+00
1.958147982387980903e+02
1.796021010322392328e+02
2.381623110238673178e+02
-6.330462307810466882e+01
-2.204392891454889423e+02
-4.133064316997340626e+01
2.099669229960967698e+02
5.190209057296029727e+01
2.211428827711570477e+01
-8.194663689789750549e+01
-1.551840673414150729e+02
6.541872960049414765e+00
1.734596029623077129e+02
-6.346467139839077021e+01
1.083876534307602100e+02
1.071820505450869518e+02
-2.780494233520398950e+01
-1.633403133839225916e+02
-4.814684437204229539e+01
-1.138568832203490722e+01
1.545103815032098566e+02
-1.366401033391536544e+02
1.031291671064582118e+02
-7.359301112285838542e+01
1.381622167990541072e+02
-5.777358884842904274e+01
-1.041410527734679192e+02
-6.921414215054632280e+01
1.953504863223417658e+02
5.631795608957325783e+01
6.449487960726280278e+01
7.336476768173052676e+01
1.325116445601163093e+02
1.412714794355692050e+02
-3.850418063534507240e+01
-7.398588493343942218e+01
-1.171031415897916901e+02
4.561853458124662808e+01
1.795518695877540694e+01
1.445405309160285690e+01
-1.160234920799605618e+01
-6.762903731302412780e+01
2.243750240132823315e+00
-1.396309559041044963e+02
-8.992155148216923521e+00
1.024999165279437392e+02
2.631725620441257263e+01
7.658685584874156405e+01
-2.122571572402681639e+01
-3.920984547262396802e+01
-5.703127123087509176e+01
8.717109934239395841e+00
-9.212269410090249266e+01
-4.225115548932959797e+01
-5.029932233458307422e-01
4.751767946808465126e+01
-1.528957495520764382e+02
-7.225202034737780821e+01
3.518940344922690855e+01
-3.885083250602873406e+00
-4.543052084962234716e+01
-7.492381411510133660e+01
1.984490034474476090e+02
4.972490364710475319e+01
-6.688993810494311276e+01
-6.162115432753508770e+01
2.996909497527133937e+01
-3.564622361966134179e+01
2.631539357782872290e+00
9.280650625054214231e+01
-2.068541305198990798e+01
-1.550138514659553302e+01
-5.708247490945903735e+01
-3.773991419867343922e+01
5.786233169156493972e+01
1.401160366399728332e+02
1.129717506245152663e+02
5.639362418612805072e+01
-1.256914968109931579e+02
7.318119774125071331e+01
2.093913284093605398e+01
2.515021654272068830e+01
1.226592150805442216e+01
-4.117986896890081283e+01
-2.176337365337831642e+01
1.605596423445239651e+01
6.189692026117652546e+01
-7.769094002918878061e+01
6.583143255816165329e+00
3.460379682035684112e+01
8.673527206937832190e+00
7.740889340334368285e+01
5.397089920493201021e+01
-1.254363100584320101e+01
1.360841758734340878e+01
1.476785060650666139e+02
-5.478277871739832960e+01
1.463455528534827010e+01
1.218277457330772222e+02
5.987945469587423020e+01
6.754417127739591820e+01
1.692644636839258609e+01
6.036706153675290665e+01
-4.174252481653130076e+01
3.124303389697829303e+01
5.237581999548207534e+01
