5.384620997235773757e+03
-1.656022787536636088e+03
2.398159562133250802e+03
3.071652225447108322e+03
2.618272201112175480e+03
-1.665056039858486201e+03
-8.344900130249229733e+02
2.408671018301150980e+03
2.721753477580116964e+02
4.010515293813227800e+02
7.361756848207743360e+02
2.880703109045430779e+02
-1.552014679926851102e+02
9.000143695354324791e+02
-2.464499893794634772e+03
-1.834226870107349441e+03
-5.241882380999705049e+01
-7.110856340213291560e+02
6.765244872021767151e+02
6.560765186823674640e+02
3.241023149730406203e+02
2.651161904094935835e+02
2.289577174620869471e+02
1.567707104528054742e+02
-5.215111735359179193e+02
-6.129700582595110063e+02
4.415062001662185480e+02
9.684901821553851278e+02
-1.261863081232065014e+02
6.195127245157519837e+02
-6.945879917980610117e+02
2.575237557523701639e+02
-1.119166567130708700e+03
-8.044985919645033619e+02
2.646901958765171798e+02
-1.582015338877259225e+01
5.231427938103977340e+02
4.692175897688809982e+02
3.368528740915984372e+02
1.704997248329944171e+02
6.426189161091712094e+02
-8.217592515457513400e+02
-9.129430024424373187e+02
3.517487630184487557e+02
-5.559268554310247055e+02
6.081540398062940085e+02
-4.353977493885847707e+02
4.285633551256883607e+02
3.278303608961065834e+02
-2.163636027287092531e+02
-2.761793463327947507e+02
-7.415525240796565640e+02
7.249235651856588447e+02
-5.891173502883403899e+02
-2.534047447040861130e+02
1.031789949694936695e+03
1.287570539323931484e+01
7.684676326539091917e+01
-1.984716692103711750e+02
6.827391800149175651e+02
3.327480808658765454e+02
1.404539093311374813e+02
1.021695614294645338e+03
-3.177995330623041355e+02
-2.674955708450253269e+02
4.565661296872951311e+02
4.325377793632112002e+02
4.015825903944327706e+02
5.552466869499488666e+02
1.581065920326467733e+02
1.062704698427372207e+01
1.721603171870251572e+02
5.253434007914803772e+01
4.169121079573657198e+02
2.578042069106677445e+02
-5.112761661476715602e+01
-9.166768045527193612e-03
-1.022626149245752117e+03
-1.046840116220161718e+02
1.041347680354286922e+02
-6.633112639063710958e+01
3.703474317148273371e+02
-2.520291627211203718e+02
-6.144058988870221327e+01
3.955706923471785075e+01
-1.870847929961254295e+02
1.538772519397041094e+02
3.577187919176798800e+02
3.248337718787911967e+02
1.447712249672212259e+01
2.272206320747438610e+02
-6.846880420297256933e+02
8.240809325404293872e+01
-4.174575642167963707e+01
-3.723472720862405936e+02
-3.456030762615686740e+02
1.287889948733085816e+02
3.347917447568823945e+02
1.776829429457623917e+02
1.262959630190078570e+02
-2.842551601316603751e+02
-6.848510206842682635e+01
-1.058437130009491511e+02
-1.001346977174356994e+02
-3.266243847153835986e+02
1.071856465449197486e+02
-1.308164329201360090e+02
-4.404454030634416029e+01
2.093058562858586527e+02
-4.758286088871724218e+01
-1.224290591092993452e+02
2.691007014487038873e+02
3.152589001922477792e+02
6.702899756409530596e+01
1.596902011933621282e+02
-3.432695309298809505e+00
2.464340270143001632e+01
-2.722558244584401450e+02
1.482107166232655402e+02
-2.238380971872990415e+02
-1.231320779832530690e+02
-1.551122205294913670e+02
-9.515396228860994654e+01
1.795349565278069122e+02
1.727766069123223645e+02
-4.073812639043081845e+02
2.498320113313292978e+01
-2.986542514115444078e+02
-2.072230846406048670e+02
-3.554478250975336096e+01
1.698812115929381861e+01
-2.874596463521380656e+02
-1.311221717745627835e+01
-1.294889520035609394e+02
1.112318320864791161e+02
2.898387958311137780e+01
1.418110671461143966e+02
1.010351232523997140e+02
2.533026450648997354e+02
-7.791744041208961846e+01
1.129375455753841351e+02
6.130374736934126600e-01
2.694664151515120807e+02
-4.283945500304145071e+02
-2.366276929345244469e+02
-1.226370644152879805e+02
5.290464883723638678e+01
-8.188204867487252070e-01
2.106103023134925536e+02
-9.496962412982698254e+01
2.774064338704237542e+01
3.711585876958130257e+02
1.175323582134217304e+02
-1.277824012451700320e+01
2.416669442323919839e+02
-1.105132411927486089e+02
8.504864533389576309e+01
-5.155091572311393122e+01
2.027318497037965415e+02
-2.897532048711292418e+02
1.370504139919603119e+02
-2.242182770477293161e+02
1.146459358011805278e+02
1.633174843744327234e+02
1.815780945496175605e+02
-2.014269536899017794e+02
1.421087019324577341e+02
-2.036080178400998193e+02
1.387211752543586272e+02
-1.609428336780374025e+02
-1.804578717146490305e+02
1.580723519167083566e+02
2.222634192070300116e+02
-1.711905343907441335e+01
-2.513327845712036037e+02
-1.172864639304533085e+02
4.585469128115489568e+00
2.135255687292726918e+02
-1.507002513749408763e+02
-9.691136762165187690e+01
2.670036080644802610e+02
6.410087631190201307e+01
7.375538128542849847e+01
-7.573940845935612565e+00
-1.446373747066143949e+02
5.982457329817818703e+01
3.695387836351732602e+01
-1.443657556120229231e+02
-2.115383099644984668e+02
-3.584149344885781261e+02
-2.711785586946680837e+01
-1.184553965069376034e+02
1.593611200840287268e+01
7.001627060114076073e+01
-2.248099083686823292e+02
8.462786664706821682e+01
5.117204809563548729e+00
5.528379498598028619e+01
-4.363212195867906473e+01
2.025927165209210443e+02
-3.440786722513382045e+01
-1.746875353797119956e+01
3.290904428736467935e+02
-1.046923288184387530e+02
-4.882634562812822310e+01
-1.789269826077538710e+02
4.755634926948471985e+01
9.028686797061561720e+01
-1.446647410375864773e+01
-7.278879827064821484e+01
9.504567519026784339e+01
1.038017641189221223e+02
-4.331947335551063816e+00
1.359519767604978426e+02
-1.589242363001457647e+02
-9.709799030145858012e+01
5.256612647481864542e+01
-4.199178907826699003e+01
-7.549959977026483671e+01
-1.145597213348402477e+02
1.052321492538605270e+02
-5.360725601372024585e+00
-1.494522239177750293e+02
-2.160079156398219595e+02
-1.034533869285829155e+01
-1.753974402901075180e+01
-1.775563669496405055e+02
-9.559693428762656708e-01
3.968893118561653921e+01
-2.072715793814188032e+02
-7.887703308380430656e+01
-2.970894735946911780e+01
-2.805608787112939950e+01
2.342574176567109703e+02
6.405194072443254782e+00
-2.937604758757932544e+01
-9.910037542654431775e+01
1.516285153249088324e+01
-1.158289590396536255e+02
-6.657910090181428586e+01
-4.204652432453207211e+01
9.761995465290624452e+01
2.840017528354694036e+02
5.872663107468927990e+01
1.427257436682350367e+01
1.521678463562842865e+02
-3.639896223480048576e+01
-4.827525281998259032e+01
9.418578418526197993e+01
1.563468952369692744e+01
6.517626220926879910e+01
2.404609575375315274e+02
1.394216053210035433e+01
-1.896726441078828600e+02
-1.353194472026976314e+02
-6.531892069316089078e+01
-1.117200319642428497e+02
9.213591735654932791e+01
5.940329445741934222e+01
2.000281446118449935e+00
2.557150239515366366e+02
4.532854718062957033e+01
-2.504521761636759791e+01
6.759572157598391584e+01
2.488416025855208602e+02
-5.113824584613551849e+01
-2.532527540152126733e+01
-1.337132239637832676e+01
-1.651361819714930945e+01
-7.374335263408192986e+01
-5.423108947109734856e+01
5.631009900206425556e+01
6.491639190770882806e+01
1.103083231017734533e+02
1.449582256847025690e+02
9.255803646663004258e+01
-6.304103163123451026e+01
8.071169013963880445e+01
4.573703659798583487e+01
8.999159062987332902e+01
-5.723637740338210733e+01
-1.186568759981786485e+02
1.473812173519110331e+02
9.350250049024887744e+01
1.987017515358577668e+01
2.163117140242501648e+02
-9.672484364037104854e+01
7.831763125492619793e+01
-1.079665962838337379e+02
3.060870284796896357e+01
1.128236723762240388e+02
7.799889853928014816e+01
1.386522200651662331e+02
1.980643087762627630e+01
1.543177509019948523e+01
-9.294737350509994656e+01
-3.809525114354321573e+01
-1.687254755659557190e+02
3.418661362228677092e+01
9.568589588244685729e+01
