1.681604404194426706e+03
6.086203889275186611e+02
4.962578598886115060e+02
4.199242782210340920e+03
3.949600075223557269e+03
-1.432481039403519844e+03
-1.128567550966249200e+03
-2.990620440859893279e+03
-1.697350266116545527e+03
3.053897630583806517e+02
3.835221381778588920e+02
9.185307067863810744e+02
3.414643540017022474e+02
-1.862129977520342834e+02
-2.148888394345072356e+03
-7.231692466791241714e+02
2.507657071977572741e+03
1.354909265858199888e+03
1.901237266526380836e+03
1.129263427924514644e+03
1.087905200256575199e+03
-4.847928188686860267e+02
-6.357828098783076030e+02
2.099721024929680880e+03
3.722554443515216462e+02
4.707504024237480849e+02
-9.366684263142885811e+02
-4.919576128216860411e+02
3.132783424919936124e+02
-6.429776089022319638e+02
-6.789753723124528051e+01
1.714952477614911004e+03
-1.611052397275811927e+03
-6.177662977931197474e+02
-3.680838988827515550e+02
-4.454818596199557419e+02
-7.438159340887581550e+01
-8.560093839163490657e+02
-9.971824149635818912e+02
1.691370612608600823e+03
-1.593419839689162529e+02
-1.396634091123232793e+03
4.948120061880809999e+02
6.169832901476345342e+02
1.420146647290829378e+02
5.996832840018396382e+02
-6.916046054306309543e+02
-7.759719841926399795e+02
1.162845868465352339e+02
4.270920238135041700e+02
-2.762431638913420784e+02
-6.586902449104410096e+01
3.164094634367417029e+02
7.375302334262755721e+02
-5.089952422679220945e+02
3.981757875304990080e+02
7.861587897403303486e+02
-3.820714687320462417e+02
-1.108011540783742532e+02
3.994103200629635353e+01
-3.965625082908015315e+02
-3.290225682519241559e+02
-9.091911873819181267e+01
-8.926844778707365435e+01
1.445661650960876443e+02
1.115253749550547155e+02
7.892974447681201866e+01
1.815977443208371938e+02
1.370518561716763095e+01
-3.366781792425489073e+01
-9.954678449039599286e+01
7.069001611659186892e+02
-4.395943603196433855e+02
5.739004136655555612e+02
4.092218666548051829e+02
-1.947297359803737322e+02
8.780316633470997658e+02
-4.970802678910378063e+02
-9.293409274443962431e+01
-2.437995469132698076e+02
1.466511016088757628e+02
-1.809535733649621037e+01
7.409650530971573801e+01
1.069138650963557495e+02
1.585108058757956542e+02
-5.249232144557109905e+02
-1.044049454251915847e+02
4.440981246883272604e+01
1.635002913804908076e+02
-1.731548660051529964e+02
-1.395788445097509225e+02
-6.516326227882055946e+02
-6.637231495081956609e+02
-4.259383282598550835e+01
-7.930708995700523189e+01
6.488529253585284096e+01
-1.540599950962764240e+02
-2.981711867404432610e+02
2.478111357061709725e+02
-3.974013127551968410e+02
-3.255185063514610420e+02
-4.744712053118332307e+01
4.018489838445904070e+02
-2.134338411866092997e+02
-2.467839589270072622e+02
-4.412901539638365307e+02
6.585424653319871879e+01
1.830051100207924151e+02
-1.725186296889149062e+01
3.340848988003152726e+02
-4.226913716366456129e+02
2.972069293199700155e+02
1.007512048872120971e+02
-5.962121241820934614e+01
-1.240641212620215441e+02
-1.911419672239368026e+02
-2.255281698112955269e+02
1.039396745284450105e+02
5.142388108146077457e+02
-1.199738616571343073e+02
2.200911713362727795e+01
2.658408701710604305e+02
-1.491435379457032298e+02
1.704732908689289275e+02
1.323548975447403109e+02
1.495641115744242597e+02
4.648010308711455423e+02
3.066602072227489089e+02
-9.280305243601276288e+01
-3.047063854928572013e+01
2.097475408337430736e+02
-2.051791038556930147e+01
-2.308598477960969433e+02
-3.048842305370707209e+02
1.580184351311424109e+02
-7.610539472281426754e+01
1.270128107901754788e+02
9.612343483843844183e+01
1.491574215017141682e+02
5.932554764796720548e+01
-6.259090447281887037e+01
5.884386893263828000e+01
-1.932290820863815100e+02
-7.962978728791442506e+01
1.920458299942758629e+01
2.996796593922211116e+01
4.261021544496876601e+01
4.936409335717268476e+00
3.432391618793272414e+02
2.880903685837815829e+02
-3.318417776692892858e+02
2.231709368731040968e+02
1.868848760572972196e+02
1.531735390992955956e+02
3.119181483562414883e+02
2.620316120561687399e+02
4.432859597853037030e+02
-2.217217967707672983e+02
4.300131053315589469e+01
1.456419826210283475e+02
-2.434695939152697122e+02
-1.348234448087200406e+02
3.382058498062892937e+01
3.481441239814599697e+01
1.357131228368807285e+02
-1.823402616905298146e+02
-1.405603025499899275e+02
1.134548976747173299e+01
1.947459988351054960e+02
-6.899364089069980821e+01
8.953711116476418042e+00
4.406388808324610551e+01
1.275715121087709747e+02
2.621746033618800453e+01
-3.423886582597597226e+02
-1.120022455914666608e+02
-1.735754127541127900e+02
1.124949807783009419e+02
-6.063056526328375639e+01
-3.556638212667895971e+01
1.234928877066686681e+02
2.260070777523774410e+01
1.651226132886513369e+02
-7.046964442537991147e+01
-2.764238583675154928e+02
1.505630021543635451e+02
-5.539701857111102612e+01
-1.813576628922265499e+01
-2.207799281620386864e+02
-2.405026843766102616e+02
-5.236987949874289505e+00
-1.610686814987248567e+02
1.940453883699392534e+00
1.292084596998288504e+01
-2.509607227367339988e+01
1.493077046589619385e+02
1.537286785220732099e+02
2.619327349717715947e+01
3.752328963558442183e+02
8.306415642377118047e+01
1.028923254533588789e+02
-1.638786847635490176e+02
1.464023284940591623e+02
7.780137224316133882e+01
2.129890362314260699e+01
-9.935547361269028599e+00
8.709012525014057360e+01
-4.548043704664077147e+00
2.398785693870179898e+02
5.833375355819607222e+01
-1.085472566435732489e+02
2.547189797602334949e+01
-1.383797674640735806e+02
8.874852861037078355e+01
4.178744411135480163e+01
-1.373744591412753380e+02
1.352678080562501748e+02
1.556159216998965178e+02
-6.665971929693048992e+01
-5.243100263226344815e+00
4.307076624426504452e+01
-2.336928725826922104e+01
-6.925504680358196197e+01
2.723574666791889198e-01
-1.523250804316524238e+02
-1.021737882113687164e+02
3.404160609133757731e+01
-2.238817879961609378e+02
2.433992308325349256e+02
6.064388363447998920e+00
-1.006361497595077736e+02
5.538013207711087915e+01
-8.114605649267838317e+01
4.652033629743901333e-01
-1.685952444791249434e+02
2.731817662541057956e+01
-1.481476761529152952e+02
1.422531182886389729e+02
-5.517639064926238746e+01
-1.362540026269180942e+02
-3.782810490170885487e+01
1.845841408666277914e+02
1.156891555821067357e+02
2.320433748197641535e+02
4.926333239340405612e+01
-8.351437571355743827e+00
-3.633043153341650111e+01
-5.145926435338221694e+01
5.163353297430458788e+00
-4.484353872632078719e+01
1.346715969825544903e+02
-8.974047509245023591e+00
4.504488325178096630e+01
-2.669141286905929533e+01
-1.505428281883509634e+01
-1.123496004508943429e+02
1.126413825488260656e+01
-9.886338004714282590e+00
4.723530542000550270e+01
1.129058353223322939e+02
1.457731895093255616e+02
-1.284890026705412502e+01
5.932420236704366090e+01
-5.079077305412031507e+01
1.932824030723467672e+02
9.557927071710145128e+01
-3.602812352349229030e+01
-2.751464565712739940e+01
-1.184772257185531430e+02
-6.244897380029576794e+01
2.020322745643600371e+01
1.545646965401888622e+02
2.028825340200623089e+02
1.723267467548477327e+02
1.237710724889273450e+02
9.725708522694084479e+01
-1.505054383697110154e+02
1.385354150537672524e+01
-1.132013096550561642e+02
1.406198743790019705e+02
3.203812034600779413e+01
1.163771298294105492e+02
5.181383081010728375e+01
-4.318387178895517309e+01
9.159126087462267662e+01
2.843454401066866808e+02
-3.965736900772691342e+01
-1.043770400513987511e+02
4.363352936074878130e+01
-7.352603022820062506e+01
1.761868314414171834e+02
-8.423859807906876540e+01
-3.126873582962956988e+01
2.437861169021513774e+01
1.966297589885708419e+01
-1.003474446894430940e+02
-3.040522078222651103e+01
-4.940552683268331435e+01
1.527918625470548193e+02
-6.743957585147431821e+00
