-6.891153391428635587e+03
-2.783445051463905884e+02
-1.516137649428433861e+03
-9.187911195611931134e+02
2.609859495832602533e+03
1.918641715129346721e+03
1.255581072874159872e+03
1.843913741400537219e+03
8.957798413111861464e+02
2.012474709571321455e+03
-1.933423074645441375e+03
-4.858732729545869233e+02
-1.632880425014265597e+02
1.516469403117844422e+03
7.754993282300304145e+02
4.092604471433535878e+02
-1.017187602300308640e+03
-1.574556393012348735e+03
5.694492233727470420e+02
-7.944813558696629343e+02
2.664447783403148406e+01
2.824605348128023365e+02
-8.641702338970073924e+02
-1.523002367809772068e+03
1.153276802870520896e+02
-8.774225264569970761e+01
-8.079601825151974026e+02
-6.600563056158484869e+02
-7.646556262311268028e+02
-1.690431527905571102e+03
-1.386812995163499522e+02
-8.147923658419422281e+02
-1.512750056058689268e+02
4.574043994601788654e+02
-1.750730017074891975e+02
4.288616473703537224e+01
5.865749374221301338e+01
1.020931223584395752e+03
3.932366403600919114e+01
-5.818611734074644346e+02
6.856989352681764558e+02
-9.932032630090219527e+02
-7.623265191876046742e+01
5.738952109128854318e+01
1.019488271826115465e+03
1.432070773232262127e+03
-2.449677225191983041e+02
1.211102453485345194e+02
-8.749856883964821463e+02
-5.741704087132198993e+02
4.409928105903210849e+02
-6.462153981915080294e+02
-4.938845657743622724e+02
-5.884714770219184174e+02
-7.103214690432173484e+02
-5.996882649033123016e+02
-1.317254531487506711e+03
5.311100022236734048e+02
2.044492851509553399e-01
4.554419199055209333e+02
9.118493001403757034e+02
4.638203125207451762e+02
-4.305731023585020694e+02
-2.140574295880997227e+02
1.349186154023962843e+02
2.223668916523721748e+02
-3.788089960729359404e+02
-2.529678811579719024e+02
-4.777517180894456601e+02
1.016442515181805817e+02
1.574971430355462871e+02
3.149817014672198070e+02
4.868356204276038284e+02
1.134074317016941649e+02
-9.205564690767243974e+01
-6.553495217577043377e+02
-5.418492439758659884e+02
-2.190163492211850098e+02
2.285752347355335132e+02
2.354917282453106111e+02
1.203389386748484213e+02
4.965129243468353479e+02
8.007686271685859936e+01
-1.241477332524019062e+02
2.980115666330055433e+02
-1.254127395214414662e+02
7.742062399203788914e+00
5.266278531999865891e+02
3.772590149037811784e+02
2.645591442224851448e+02
-6.662684885504771559e-01
8.152160206938193099e+00
-6.460614370303017040e+02
3.499995353621029039e+02
-2.548558732397128779e+02
-2.115615709340330852e+02
-4.222884436154759555e+02
-4.948495126808807640e+02
-2.163037864776562742e+02
-1.163348631347300994e+02
2.492748092647049063e+01
2.634143512454318738e+02
2.952562413460760808e+02
-2.593869481101114047e+02
-1.736501784892356000e+02
-3.400591736671377419e+01
-2.922805187264539200e+02
-1.332388182520825524e+02
-4.478272515109703136e+02
-1.035513243726882564e+02
-3.502072149050227381e+02
1.266801785560029998e+02
4.496748602047111376e+02
-1.175939371770868433e+02
-1.434343870010900730e+02
-2.084845154630179707e+02
1.452452066391641949e+02
1.902537908015229373e+00
3.779273018407421887e+02
-1.578059636612485122e+02
8.569427269455401586e+01
-1.720039847961499504e+02
2.963572668657347435e+02
-1.640648382613390197e+02
7.597305091982101999e+01
1.577027273386055697e+02
2.606022519426209669e+02
4.330829862306522955e+02
3.845651957239640240e+01
-1.490792414837297599e+02
4.030742371338236012e+02
-2.585984374591175765e+02
-4.379353447383600155e+02
-1.769731263134450501e+02
-2.608760687188115526e+02
-3.453433922626513777e+02
2.353010985543744482e+02
-8.331324931334732398e+00
1.258837310896422537e+02
-1.994537281995750675e+02
1.044184784668507149e+02
3.369907284189948200e+02
-2.606408371460468629e+02
1.445948695372287887e+02
-1.386587085824780274e+02
-5.905983083979881343e+01
6.267162938842461273e+01
9.248052756040813449e+01
1.790572287101378777e+02
1.010800028226541230e+02
-1.769487069971280278e+02
5.406590156478057452e+01
-1.718907868035445574e+02
8.465190793789562917e+01
-2.553749780755200049e+01
6.206184921288352285e+01
8.444097262283163730e+01
2.319381286383845122e+02
4.122304187148972687e+01
2.787110396380925863e+02
-2.938331400393217905e+02
4.105188505065985538e+01
-2.914080277676948185e+02
-8.256363108425883013e+01
-4.649808207385276226e+00
6.337175759158408539e+01
-2.685687151576240694e+02
-2.167763595846945464e+02
2.965436296769679814e+01
2.920728393720673353e+02
3.368920309403483202e+02
1.658830807930094693e+02
-7.415492685149631313e+01
9.247952993509865394e+01
1.605268770549067625e+01
2.197378127181051521e+00
8.454880507458678096e+01
-3.112572816147052777e+02
1.049137432750299581e+02
1.444486010704790715e+02
-4.755450965646551964e+01
4.664575897373167379e+01
-1.366353016310407895e+02
-1.222163626170365660e+02
-2.667611087164730748e+02
1.107573771330147494e+01
4.727563525403343903e+01
7.761466985579910727e+01
-5.870115870095287391e+01
-5.727968308571166034e+01
1.880880496421923738e+02
-2.362466444052547558e+02
-1.882711274227146419e+02
1.103581347147027572e+02
-2.751549400654892708e+01
1.024385330444815878e+02
8.253976406748755323e+00
-1.064467156957172165e+02
1.330768362557659259e+02
-2.031423271784234998e+02
-1.566864851953060622e+02
3.689919395805417679e+01
-1.393843321999063676e+02
9.748598838592774030e+01
8.191309882345515803e+01
1.761043707939456482e+01
4.198610913930849620e+01
-2.906182723447717535e+02
1.342029181616378537e+02
-2.206078254804909875e+02
5.581959643092670120e+01
-2.211091130814932058e+02
1.994423736272398173e+02
4.552346375510987286e+01
9.285890465158325924e+01
-1.467051165490406284e+01
-5.071528579049513752e+01
-9.157562282955790067e+01
-5.026016008029977655e+01
2.785695218673343732e+01
1.687174545425857559e+02
8.449623888789437842e+01
-5.751490881454559201e+01
-6.625518338115924166e+01
1.493791217980002628e+01
1.795117184187612338e+02
-3.768013871552142291e+01
7.039239290386859693e+01
1.052001787615107844e+02
5.718626576056333732e+01
-4.345600562132558053e+01
7.661114273377495465e+01
-1.305269057065743254e+02
6.223643217023087004e+01
-4.288893971270709926e+01
-1.186041855464712853e+02
-4.656207851079793514e+00
3.906623307584882809e+01
-9.635590620557499619e+01
5.368420847279411845e+01
6.642359545427440537e+01
-8.746808128260701309e+00
-1.306563890913967612e+02
9.100867980343484476e+01
4.825761718641469855e+01
-6.530333073804965238e+01
-6.293620620170604951e+01
9.748413227264882153e+01
-2.208750505667910247e+01
-3.882871598083954723e+01
6.116203928894758057e+00
1.875808361851274242e+01
-2.330918512709580170e+01
7.286006678694339200e+01
-7.700843371152799932e+01
-1.193027848043397654e+02
2.997908506914606619e+01
2.194632250756603398e+01
5.732902391950887910e+00
7.496464937082966173e+01
4.216804868736316081e+01
-8.173171951753639064e+01
-1.767343056534834389e+01
-5.605361105141452782e+01
3.957643517791501608e+01
-2.213001123427355310e+01
-1.104408858882376876e+02
-7.435239000067204174e+00
-1.377637399979046506e+02
-1.462673564731254139e+01
1.059266282765318294e+02
1.239810918545083780e+02
6.303631627619209610e+01
-2.018484003765046282e+02
6.648132313642518909e+01
-1.471622355007657257e+00
8.497150666814296471e+01
-3.885372619141690365e+01
1.053886153090014091e+02
-1.109183030010561595e+02
7.105499538383308789e+01
-1.831241746969685025e+01
-2.020797936140041600e+02
-1.111184977833363163e+01
9.634825799551131809e+01
-5.471441770673993688e+01
-1.479256713668833640e+02
2.099816001850628311e+01
5.233753377944233875e+01
4.783926223260525035e+01
-1.482020291197731865e+01
-5.486559539414292885e+01
-4.049464225383125004e+00
1.193939476001662001e+02
-2.261003890506643188e+01
-4.646845309162121396e+01
7.160949055865781077e+01
-1.311566256079713710e+01
4.766962415711251566e+01
-1.557699288297600049e+02
