3.702872753440379370e+02
-1.517995451226156092e+03
4.731987499219884739e+03
4.216839981150780659e+03
2.541543703935787562e+03
1.435493993664786331e+03
-1.855812848414417431e+03
5.960992118967575379e+02
-1.361969566755080905e+03
4.753190924833141366e+02
1.575683870517261084e+03
-7.980720250354587506e+02
-3.357112261968708822e+02
-2.003450033483421294e+03
-2.618306107778345449e+03
-1.316322598209299940e+03
5.419163316546930673e+02
-1.865646570656876335e+01
1.004142898547197206e+03
-3.298607972283460867e+02
1.011107971871663949e+03
5.182508657724127232e+01
1.129092284491502596e+03
1.208741397267891898e+03
-1.035218329303402925e+03
3.802319327157846374e+02
-3.675682986179410818e+02
-7.873103582341569791e+02
-5.101169014406037832e+02
-4.053656598012368022e+02
2.271426561760231664e+02
3.133113153566431492e+02
-8.988726915845313670e+02
-6.706821207161183338e+02
-6.837144730848439167e+02
-1.229868860974657991e+03
1.066011965037967229e+03
1.040981961248470270e+03
-6.135754210762719651e+01
1.129644106990434921e+03
4.800239077369248264e+01
-1.207206016542652151e+03
-2.152966398050760404e+02
5.657457689923727457e+02
5.987961344104403452e+02
3.889131189290559973e+02
-4.475933118734913592e+02
-4.156396451248004382e+02
-1.233633953568821198e+03
-8.520217772838245764e+02
7.547251554220589469e+02
6.723642388975690665e+02
-5.874398417993018739e+01
3.754266643314252292e+02
-9.163096205103545344e+01
6.469418234728219659e+02
1.441539804797182001e+02
4.169546090342099660e+02
-7.357737988073037627e+01
-2.952221424632478488e+02
-6.316094287179360123e+01
-5.287987705516518417e+02
-3.764149873051040913e+02
-9.156173059062340371e+02
-2.133027589713742316e+02
-1.836901944867242378e+02
4.215356429381882890e+02
6.337275692454401366e+01
1.165070041437757737e+02
-3.365193404658490408e+02
-5.797354771068069113e+02
-7.643001970111548644e+02
-4.614598553928294109e+02
-3.851566868643290036e+02
2.858898630425942429e+02
-3.013802676466507933e+02
2.030795049891211477e+02
-9.502836430182904337e+01
-4.076854206744151270e+02
-4.346666844038813906e+02
3.397625914148662929e+01
-4.729046191213108159e+02
-3.308276881935501290e-01
3.414254991651969817e+02
9.227218171799008815e+02
-6.084753058858729702e+01
-6.831148361465603784e+02
-2.945794384671312400e+02
6.783548475264595936e+02
3.331999283132036567e+02
-1.582995867386205475e+02
-1.631502139472223405e+02
6.238987387841345544e+00
-1.296710452446629063e+02
1.009116209473138781e+02
3.062892195753290707e+02
-6.970756933417663959e+02
2.040459093899529250e+02
1.414210074909819639e+02
1.121139621299193863e+02
-2.814984517961000279e+02
-2.234158358752924300e+01
3.595224175407576581e+02
1.560569298501851563e+02
-8.601358436990952328e+01
2.092864707738675634e+02
-1.305474830467613856e+02
2.125033516064822834e+02
-1.354878253543278959e+02
-2.445931792577557360e+02
-2.716177343417496672e+02
9.878265196649766722e+01
4.952158197299326048e+02
1.851240439568318550e+02
-4.283619919002401275e+02
2.931218108023518312e+02
6.755534889027960332e+01
2.153989288185882174e+02
-1.482873934755017160e+02
1.521362610161011020e+01
8.508215509981342350e+00
1.407177327166077703e+02
-2.115946733770442734e+02
3.493784524637842992e+01
7.055477067196974872e+01
6.913452800258346187e+00
-7.177682236587486386e+01
1.209193051543095621e+01
2.381104913659702902e+02
2.338204122606505280e+02
3.384139685567240008e+02
-1.855851772336961858e+02
1.180601218332354385e+01
-3.418823106207057663e+02
2.899443960598441095e+02
4.419608560274370745e+01
1.930703851337837875e+02
1.674429642662965989e+02
2.580908328423519151e+02
1.613026793320139873e+01
1.001152078782200618e+02
1.504911398959096402e+02
2.737861452081089997e+00
1.423019779670308935e+02
-2.034768657527556286e+02
2.065867882230052146e+02
6.569616220470125256e+01
1.111505872316349119e+01
-1.311976071526668761e+02
-2.965370740864192101e+01
-1.380616990046896149e+02
-2.433050473187069542e+02
-7.446968740932759090e+01
-6.546506043343767089e+01
-3.779577760778330457e+02
-2.362342585076357864e+02
1.524623273585722814e+02
1.368146438728771308e+01
1.426539192773244480e+01
1.382450078717559450e+02
-4.207857836502053317e+01
-4.967100081050907079e+02
-2.928332749239785358e+02
-1.232236187056230392e+00
-1.227781999644759310e+02
-2.897043912087153927e+01
-1.799290829976221175e+02
-2.274601187076473536e+02
3.490035554311640453e+02
-2.062958930811839409e+01
-3.380246067739992810e+01
1.131206896173705871e+02
-1.262095934437103573e+01
-4.637628572377724936e+02
-1.255104392549463483e+02
2.338887226741946392e+02
-2.748443682951495930e+02
9.521965329408007506e+01
7.374657444031993236e+01
-9.170056426878150546e+01
7.231750239420304638e+01
2.046984365044013998e+02
2.398506604974573264e+01
8.332989452589922053e+01
9.932015025189011226e+01
3.164104812030400922e+02
-4.542837586392931115e+01
7.220712381725522278e+01
-1.239122380690942578e+02
6.652992092201240837e+01
1.024354305333634017e+02
-9.593483271767573228e+01
2.478348413355477646e+02
9.884373908175071222e+01
-1.316527828499494319e+02
-2.917484882495404008e+01
1.544288982140209043e+02
-1.604110058835101427e+02
-9.066334108771091849e+01
1.078898131765053421e+02
-1.397535120435529450e+02
-5.641138002192040091e+01
2.234138077021714821e+02
2.021781259004375215e+02
1.821328394895200518e+02
-1.115056372383310013e+01
-2.864809290463161915e+02
-8.287402749376157374e+01
-2.342656123608706409e+01
-1.436820325772860656e+02
1.422898478614824285e+02
1.234352539471794756e+02
-2.547521769424426736e+02
-8.145315571591180515e+01
-1.773646424909292421e+02
-1.158677409009810191e+02
-1.016959088103435676e+02
2.499497114380676521e+02
-2.815039527186099804e+02
-1.244212523159347796e+02
1.959709481528684805e+01
8.112571338717488345e+01
4.577960755560162198e+01
-1.302925416216157544e+02
6.533586505585422799e+01
-3.129257211718331888e+01
1.052414551830328548e+02
-1.604682143473126033e+01
-9.431572993362642876e+01
9.409135263950517469e+01
-3.932066396166622013e+01
-3.819640066130608602e+01
-2.732861212862706566e+02
8.685760546892161926e+01
-1.250052808796934727e+02
-4.669662881252835973e+01
-1.466102822248037683e+02
1.208410178303511486e+02
-7.747964117366281656e+00
-1.743273970974747442e+02
-2.394647577141138939e+01
2.144703950313362384e+02
2.759202863190690636e+00
5.909466678698901632e+00
-1.396768401870860714e+02
4.540132020673341628e+01
-3.243488907262080545e+01
3.115179072464306920e+00
-5.354926155605561178e+00
-8.131657133876730370e+01
-7.970257846855170669e+01
5.144086473417547722e+01
-4.160449738342631321e+01
-1.177187205662614957e+02
-9.837847796592290806e+00
-4.787266333969834164e+01
-1.120167645748339709e+02
3.974676785461279849e+01
-3.793759736396931004e+01
-9.474925383852474070e+00
1.253929112680668823e+02
2.479049143784445575e-01
-1.681199231709103401e+02
3.309592823990628929e+00
2.292145871743640271e+02
2.199065064701576375e+02
1.593774102986670016e+02
-2.731858842185055281e+01
-5.599438866234437029e+01
-2.332503602086256222e+01
9.889494036534659926e+01
8.237858011109727485e+00
2.539496352663256218e+01
7.372319414619212807e+01
-1.615925875069910091e+02
-1.829906193061697763e+02
-4.734319138106032199e+01
1.162012170811143648e+02
-2.042752475162307491e+01
-7.455491909280924290e+01
-3.662570729288589888e+01
1.167586921140424039e+02
6.412790600040894162e+01
3.357760077408734389e+01
6.146167462655629521e+01
1.937490227727118111e+02
-3.306724387703278722e+01
1.837592590674950941e+02
-6.683881033723338305e+01
-4.319567749833419867e+01
7.439492468325727259e+01
3.646184719735787638e+01
7.564792350932546583e+01
5.049023116118299015e+01
-4.078819478535282883e+01
-9.594159983581222662e+01
-1.018290695852840884e+02
-9.910358075726340132e+01
1.463644268811864713e+01
1.091750872784606763e+01
