-1.476721697982422256e+03
2.033028314261124024e+03
7.252905534652993538e+02
-3.309038587862076383e+03
9.159197062925018145e+02
-1.512246666609742931e+02
-7.855447097835333352e+02
8.397270131995876454e+02
2.137592165089815808e+03
-6.916249278729537764e+02
1.506505389066355292e+03
8.234156473209726528e+02
-2.031156602201656824e+03
3.329970985711949538e+02
-1.967761853691835540e+03
-1.533896662951177404e+03
-6.813449302565651351e+02
-2.517294283063080229e+02
1.334450214171124003e+02
1.975314739403253839e+02
-6.823768143083796076e+02
-1.221053970741799958e+03
3.707239043161162044e+02
-2.050566375923540647e+02
3.400948814274223508e+01
-1.842206841584452803e+01
-1.472477134122313558e+01
-2.436564239720401019e+02
-4.394784971255818959e+02
-1.217715294172008527e+02
4.026292332966890513e+02
-5.146004161009312838e+02
9.165904878671000233e+02
1.180075649792801187e+03
2.719014502144656262e+02
1.566670048141171719e+03
-3.769779207930282041e+02
-1.224810959808540076e+02
-3.636993211185069299e+02
-1.013663444374958885e+03
7.647895743408165004e+01
5.478001062371213266e+02
-3.130621725436431575e+02
-8.106696966059307670e+02
1.007772988434798407e+02
-6.756717523434999748e+02
-1.042892572946822582e+02
9.492261363044240170e+02
2.574142161677174840e+02
-6.972827274970868530e+02
2.817777266034039485e+02
-2.958298744556340694e+02
-4.822450396516501314e+02
3.062632400712397498e+02
-1.142186445722533108e+02
4.690500979471884193e+02
-5.442347180592834093e+02
2.572655656204697152e+02
7.398372311342285457e+01
3.968199718433954786e+02
-4.373423835281972742e+02
-7.129297253737765061e+01
2.371081234489539895e+02
6.850272526722068278e+01
-2.146214669240022772e+02
-5.892562344899022975e+01
-6.260444533251517640e+01
-1.265768770328849371e+02
-9.121437213963268960e+02
6.483057894287412637e+01
-3.111344975326581448e+02
-1.134112884786390367e+02
1.816710078937497315e+02
-8.491758607437314765e+01
-3.826015681023117168e+02
3.337109006123377526e+02
-5.196256289413873901e+02
1.120792018818584239e+02
7.837336935720331610e+01
-3.160168689697598552e+02
2.427797362214363375e+01
3.805199750681197770e+02
-1.764186250958229252e+01
-1.832734399652119919e+02
-4.235675593852413954e+02
1.065870905640135078e+02
5.668372161001832410e+01
1.205377421845935686e+02
-3.047417685806457825e+02
-4.312067800561937361e+02
2.795836401859505145e+02
2.044920779490470011e+02
5.288198002769310051e+02
-3.765048080380533975e+02
-2.521415619801355774e+02
2.083825224686912350e+02
6.541029478042992196e+02
-2.810740860894718480e+02
7.780937343076456791e+00
1.657787946394001324e+02
9.137745472835079852e+01
-7.606653344566210251e+01
-3.543753315909741559e+02
2.008222425870181667e+02
2.681298854577409685e+01
-2.878648327926566139e+02
7.096519434180110864e+01
-8.284698925530058489e+01
1.076102821021750202e+02
4.039028777877901462e+02
-5.680856868908959711e+01
-4.731406193906332760e+02
-3.866334064567512883e+02
-2.006076199444938482e+02
6.180928183229237050e+01
-1.906878996679384386e+02
-3.913721384781699726e+02
-1.356980988465191444e+02
-3.282498321373632280e+02
1.637106782530199496e+02
1.245426303131474839e+02
-7.170857268700234499e+01
-6.283857981184380037e+01
-4.697946071851847449e+01
1.580444411654614498e+02
-1.946855084582962547e+02
-2.495647290270212864e+02
1.521256365913055220e+01
-5.463300291067453962e+00
-3.858817676601706381e+00
-1.660763662337482742e+02
3.657864665306212828e+02
-2.614964405312422855e+02
1.822515954747532874e+02
1.836883963425311208e+02
-2.913886503956192655e+02
4.216821007994438020e+01
-3.890056208104907114e+02
1.420870544838490446e+02
8.598285878297612328e+01
-4.272166714537798171e+00
-1.409786414211184535e+01
2.754897171568197791e+02
4.733772834841745691e+01
-2.120574490071611962e+01
2.384178579641730380e+02
-6.231815289209743014e+01
3.932848771853437064e+00
-4.244389558481561409e+01
4.092010095553767712e+01
2.253082761732372887e+02
-2.085988572528571012e+02
2.972234153251983813e+01
2.133840429109372749e+01
-5.207318684403976761e+01
-5.939632037476037851e+01
-3.220660533055390715e+02
3.607178368952703522e+02
-3.247839102201433548e+01
-2.540370278551241086e+02
-8.410958555923427582e+01
1.480388790414322386e+02
1.801366145441343747e+02
-3.634519737079487527e+02
-1.800348498567817757e+01
1.897152049400218345e+02
1.204143542898875197e+01
7.511271381004711145e+01
-1.355601159328249707e+02
1.609214157372364866e+02
7.455815518124013863e+01
-1.144091535922542704e+02
-8.185297275435132747e+01
6.025155273847600768e+01
-1.722679417433813285e+02
1.788670149278253803e+02
2.952927929270489358e+02
-6.547353181338286277e+01
4.895976674264726825e+01
1.963477410279754736e+02
2.360879486756079189e+02
-3.900700367205969883e+02
2.959497589947571328e+02
2.885098759953183958e+02
-1.682016623271551437e+00
-5.139407422646612211e+00
-9.761797264582645539e+01
4.550838196121213741e+01
-5.010281975637126806e+01
9.504161302336829920e+01
-2.452538428267605397e+01
-1.658739635921195088e+02
-1.219184740028327525e+02
1.230412036049536262e+01
-2.070789685176584527e+01
-1.539016026060474189e+02
-3.475254489238059250e+02
1.259242646575013254e+02
7.262476587323966726e+01
8.503796694809051360e+01
1.148576652080809595e+02
1.123112671625737562e+02
2.350639830021613363e+02
-1.808093939477743106e+02
-7.966346510082887278e+01
-2.111277607111447452e+01
-1.303178086801166842e+02
-2.590225777322734046e+01
-1.725285305560049309e+01
6.513205225571643098e+01
-1.060101329759180544e+02
-1.594034827906182272e+02
-6.139444882562985129e+01
-7.614454110676965648e+00
-1.699800854405802086e+00
-3.513967284016591464e+01
5.598672952666759528e+01
-6.474942107272833880e+01
-1.223899928554281757e+02
2.550436038195872612e+00
-3.482057640153423108e+02
1.584381237458288183e+02
-1.638886675668183557e+02
-6.079400716583977271e+01
1.350352351652904019e+02
-2.864618369807133149e+02
-4.003479777705826592e+01
2.194546108545049492e+02
-1.329555677366919575e+01
-6.519223682457742086e+01
1.483826092714542888e+01
-2.007365244009697278e+02
-2.026000288389163870e+02
3.095459617818396580e+01
2.315254535180615960e+02
-1.179145324944314268e+02
1.232410628928502945e+02
2.280650072619030766e+02
-1.429416793460104174e+01
-1.207461724444946753e+02
-1.416287933092436546e+01
-2.985257858575431555e+01
-3.636728493628789920e+02
-6.610755349480102439e+01
-6.620483050919807511e+01
-1.651499247573570983e+01
-2.960540040071953172e+01
3.227354301499632072e+01
-1.004147233328529687e+01
-3.018496900364937119e+01
1.647998426884077219e+02
7.711679789662906614e+01
2.543463531816374541e+02
9.470379180926846630e+01
-6.094764254313549401e+01
7.444225263692000283e+01
-1.042217176322093763e+02
-1.479140467643580052e+02
-1.951411699712572556e+02
7.487891814399263524e+01
3.145371517265564876e+01
1.852239656946711364e+02
-8.241990857779180146e+01
1.523431661001224882e+02
-7.386386351114522597e+01
-9.294937945780823441e+01
3.011598422049385704e+02
1.253038301736997226e+02
8.034117366083842171e+01
1.728651940176800395e+01
-9.677834223585014684e+01
8.371386158270996702e+01
3.701058409984108977e+01
-2.636429633918903193e+01
-6.622236121894131600e+01
1.133705714226209267e+02
1.005882008118810660e+02
6.724972711099385947e+01
-1.473166143588574784e+01
-1.523655359588165368e+02
-1.201850918041492520e+02
2.085348220612525552e+02
-7.447224973732859610e+01
4.908744056126833755e+01
-9.451421867758044471e+01
-2.439299186512931072e+01
1.433891204584856496e+02
-6.458112408882008992e+01
2.445770290946920866e+01
1.122842703425633601e+02
-4.944464007912077186e+00
1.391617696177188463e+02
7.138186147358501898e+01
8.514700373394097710e+01
-8.618525302417577905e+01
1.553983700348420882e+02
-2.024123110981919549e+00
7.214322616669447541e+01
-7.434944909433993132e+01
9.733154604289427425e+01
