-3.482939443611987372e+03
-5.513931083105895823e+02
-3.129696200810578375e+03
-1.078581498318599046e+02
-3.347598997320879334e+03
-2.410293925193768700e+03
-8.152937024817919109e+02
1.356762213289446436e+03
6.637239131200823294e+02
-1.051894402736334087e+02
-1.758386736734981426e+01
-1.068880032784965124e+03
-8.777525499146283039e+01
-1.599436322605918406e+02
-1.007114539435154143e+03
-1.121420355047164094e+03
3.282498287414917968e+02
-1.060076719772777324e+03
5.245002974298578238e+02
6.973911883188311549e+02
1.992168093292821823e+03
8.880250150886705569e+02
7.653816180219183707e+02
1.204950932928172506e+03
4.087895850801940014e+02
4.066566764439982649e+02
4.074010298125847385e+02
-4.462327263926521823e+02
-7.588103783646839702e+02
1.012980120415456327e+03
4.803330382369776430e+02
-2.144063121460802961e+02
8.843117567691572276e+02
-1.057449764620093902e+03
-3.104795496219242068e+02
-4.090132170643474865e+02
-2.382985888450318157e+01
1.330526792506404490e+03
-7.291010295523986429e+01
1.620759993965951708e+03
1.581875477352371320e+02
-9.033913048199992772e+02
6.264041221010716072e+02
7.534070077319759093e+02
-4.086525644577397429e+02
1.093032988552564575e+03
-5.117730292339289804e+02
-6.605511130413985939e+02
-7.088686848227121118e+01
2.295473965930680151e+02
3.674631554002523899e+02
5.141846839640379585e+02
2.444324019333437263e+02
7.880630620342257089e+02
-5.826239067433527907e+02
4.196191875699464724e+00
6.468048604503245542e+02
-5.866359647587564723e+02
7.946430913097148050e+02
2.171501579863478355e+02
2.762674515448654233e+02
1.131248924119264530e+02
-4.367770180526264880e+02
-3.587307492741300763e+01
-5.470972888758506087e+02
-1.657413275652566824e+02
-1.457702959839697598e+02
-5.683413555312024528e+02
-1.927445547509641344e+01
5.786949879511547579e+02
6.439701803836023828e+02
7.553829426205091124e+01
-1.981307014553947567e+02
3.441715353424292516e+02
6.063458927425764386e+02
3.385760386971989533e+01
4.564895963962630958e+02
-7.361071885442642326e+01
-3.492072515520700335e+02
-1.962055901625324736e+02
9.439708329533431197e+01
-7.636655147805031163e+01
2.927787063583114673e+02
7.249723810172774563e+00
3.435853002790971544e+01
2.026676335249727288e+02
9.565166215440208930e+01
5.278054017424800577e+02
7.534365617254848075e+02
-1.171981674654224870e+00
-4.988825906736457938e+01
-1.071961978438820609e+02
-2.404676641636489762e+02
-2.660148667794553603e+02
-1.999756471262209345e+02
-2.444905604652011846e+02
-1.293794751668830827e+02
-1.455442088746950802e+01
2.257179500338387754e+02
-1.925809190562938227e+02
-1.512163968634205560e+02
2.621589901458307850e+02
1.836276315433015895e+02
-1.452416931706527770e+01
1.360488360583624399e+02
5.081331815961324878e+02
-9.519534866024703490e+01
1.648822969177408027e+01
-1.629316885914409170e+02
1.100023990147952873e+02
-3.052028867451593328e+02
1.651465230188199769e+02
3.124212959473308047e+02
-3.279373036315566736e+01
-1.824922921324618699e+02
-1.709158693130405879e+02
5.491623750580311736e+01
7.081246643758115056e+01
3.706251935582004648e+02
-1.239562261721550271e+02
1.963573179845698746e+02
-1.409968473416822121e+02
-2.363069788472775556e+01
1.913032257702925563e+02
1.599398046485707710e+02
-9.996491715639234599e+01
2.483237271842558869e+01
4.847654375728092191e+01
2.438290195213476252e+01
3.087505933191662280e+02
4.517682311452962267e+02
-6.127442857124718785e+02
-2.256977422854167230e+02
1.874282985322047921e+02
9.193033195717610795e+01
4.474990226786152192e+01
-2.521365392820389850e+00
2.020697176606987853e+02
1.640481703011865378e+01
1.561990273480305973e+02
8.612289877397286375e+01
2.544783790020918275e+02
-1.998184804371208827e+02
2.592054952129266781e+02
-8.700172944565149180e+01
2.573165247531487694e+02
-1.231140907272768459e+01
-4.252094260049947820e+02
-2.491739886454867019e+02
1.234102776433302182e+02
-5.898990714114356706e+02
-1.568282092846302476e+02
-7.283384543941827438e+00
-1.180432210971680149e+02
9.027494899183319887e+01
-9.220170309723678770e+01
2.710110434161157755e+01
-4.858004994665503773e+01
-3.671547147102585740e+01
5.482734534399572794e+02
-1.309451746862134485e+02
-1.636535098755473996e+02
-7.304244213966525479e+01
2.067805789709517228e+02
9.511403549140545977e+01
-3.511686972901151194e+01
8.717187123639085655e+01
-1.304075454238086138e+02
1.147204003596491333e+02
-1.300515478834519811e+01
1.135179394177346381e+02
8.806525822458408470e+01
1.689514833596304868e+02
-1.350041642329738067e+02
-4.079551246111611817e+02
-2.992663054937871721e+02
-1.973799089814605736e+02
-4.100427839254968490e+02
1.214552387161395757e+02
1.642134158092482039e+02
8.598236629446084578e+01
4.952394981105219074e+01
7.692458714419966270e+01
-1.176862026130718277e+02
-1.739901572817171882e+01
2.937134688487030871e+02
5.161380967011506016e+01
1.209557930059690420e+02
-3.542692644937065438e+01
-9.732585259448431714e+01
-1.348113128833762175e+02
-4.061734434954362882e+02
8.438500453085494257e+01
2.890014901169487160e+01
1.114603256541083880e+02
1.730466395193107854e+00
2.174866788564739863e+02
-9.685030934436916539e+01
1.196347110403454224e+02
1.344405911540316936e+02
1.750185709443984194e+02
4.463173118411757656e+01
-1.892394515865323967e+01
1.800973666604886887e+02
2.283449344193377044e+02
-7.720858589078375189e+01
3.978883230765750767e+01
-1.617105714224901547e+01
-6.926941545806812428e+01
7.019701059277278432e+01
1.335240916539020191e+02
-7.494105607094282107e+01
-2.618881092177326195e+02
-2.623068884869076984e-03
2.154906636512464502e+02
3.967342524389568581e+01
-2.401213474821149774e+01
1.603683561789733290e+02
-8.466571953763900638e+01
1.418469026302852569e+02
1.052677719515808406e+02
-4.724559139409233666e+01
2.681039486771409770e+02
-3.174092404269499212e+01
1.119764859852540013e+02
8.439666619237017997e+00
-7.422367443589205038e+01
-8.941620413075948193e+01
1.233402150752620230e+02
1.310193913229657880e+02
-1.493631824785362028e+02
4.508214178005518846e+01
-1.695652925021921646e+02
1.598705738718562941e+02
-1.108750761144371211e+02
-4.920857404391060896e+01
-9.257151588791893815e+00
-1.263490907028113241e+02
4.941682687908195248e+01
-1.309399641899391611e+02
8.505060829453267957e+01
2.107266635181052550e+02
-1.713999384225006395e+02
2.389881699582057024e+02
1.415878810226398059e+02
-1.992926603899705071e+02
-5.207738945578632439e+01
7.616296341355594279e+01
3.512950685231948711e+01
-3.893064307111028199e+01
-1.155492387922628552e+02
-1.948767812796068313e+02
-1.133529955288000650e+02
-2.225830278959629638e+01
-4.797080114044018018e+01
-1.524536319604335119e+02
-2.352152802895484385e+01
7.024543006338080886e+01
1.010523767404945943e+02
-1.045341925529450045e+01
9.568962525121204976e+01
3.755596903355527161e+01
-1.040955013521912775e+02
-9.721655943226481611e+01
-6.371323672416029638e+01
2.713587693766191364e+02
6.605933704610605162e+01
-2.432012637276445943e+01
-1.736606222602290117e+01
-1.761354582740077603e+02
2.963724017249751341e+02
1.279598984541168960e+02
-3.958530164675334362e+01
2.182499914965664800e+02
-6.143574744272626731e+01
-3.440107939907216661e+01
-8.615200493798401027e+00
-1.778383630730255618e+02
3.189413466282350740e+01
-2.878474153952979719e+01
1.408154320585868504e+02
1.017276920140442229e+02
9.166431532733047050e+01
1.026752222930369101e+02
-3.278274899652390939e+00
1.077352114051101353e+02
-9.154597649563888240e+01
7.606459767137343420e+01
-6.077105548508355071e+01
1.570093037644478784e+02
8.594109076541174375e+01
1.656073001883522693e+02
5.031763685297864441e+01
7.185371902432073909e+01
-8.795549724818174298e+01
5.561650143839458593e+01
-4.560250757346839379e+00
-9.928322426260872646e+01
-5.566183324806615218e+01
1.616871296458924974e+02
