-9.243353086341453491e+02
-3.978010385296276581e+03
7.444216439542630042e+02
-4.668448558217527875e+02
9.659517429569666547e+02
-7.351820690969760790e+02
9.428929430898904229e+02
-1.704009437493481300e+03
6.485374916279785111e+02
-2.536870914269913101e+03
1.117176017315675153e+03
2.773824479405477064e+02
-1.355277035123491032e+03
-4.852588040929942537e+01
6.373827053716762521e+02
3.942622113101601826e+02
3.286891615255750594e+02
-5.043537902597000198e+02
-7.958835920883467452e+02
-1.686531918395406393e+01
9.343977613983620358e+02
7.336149466588185533e+02
-3.001176173717745996e+02
2.098647160139097991e+02
-3.492188497286391566e+02
1.117522546175480329e+03
2.112974671613000737e+03
2.078883666219827830e+02
-5.280260196052952892e+01
-1.718853922945694706e+02
3.994985792227718093e+02
1.705866681072626989e+03
3.528502225377866921e+02
9.389279029821352651e+02
-7.858166150713346951e+02
4.048457821303865103e+02
-8.857240199210151559e+02
-5.750127412090550933e+02
-5.438548422145253198e+02
-3.537682824588527097e+01
1.870835389915496535e+03
-6.748299252989411343e+02
-5.319720627421613699e+02
-5.646734885717517045e+02
-3.286975354735271821e+02
7.740973224171992797e+02
2.085306107259076214e+02
-1.081239698007605966e+03
2.319257431689276245e+02
4.636410626516200182e+02
3.767252515464631983e+02
-1.178398661600296009e+02
1.020403907655145304e+03
-1.126792354932164386e+02
1.487821396425868556e+02
-1.329195099117043355e+03
-1.627490477069258759e+03
-6.982754325983270292e+02
-6.481199160605126508e+02
1.207897209368642990e+02
1.070369284342221761e+02
-5.918434842121746975e+00
-3.821643014874194364e+02
1.684297793578553240e+02
4.931258897676109996e+02
-1.196515699440627500e+01
2.052305436695972958e+02
-3.921204847116632095e+02
7.817398731315332725e+02
-1.233407551798047734e+02
1.830736988163100989e+02
-4.266221895719598756e+00
1.626895675382833062e+01
-3.061457395182721370e+02
-1.666156732844807777e+02
2.084000700362935277e+02
-5.251135942034916297e+02
3.408226885980279803e+02
9.547609221007930103e+01
8.131065271940624939e+01
6.236487661989084472e+02
-4.665011041006362689e+02
4.409115270091355114e+02
-1.060420788759820141e+02
4.792046418394867260e+02
-2.779330506783344958e+02
2.217728016071461994e+01
1.240827702868253084e+02
5.567510136330592729e+01
1.101662041834257479e+02
2.594347022718322933e+02
6.054276119150182467e+02
-5.184123111483128241e+02
-4.836425854916217304e+02
-6.347731304137344068e+02
-3.267420045242959077e+02
-2.331267233858017391e+02
-1.351433069748126714e+00
9.134010237832725920e+01
7.066655390639790824e+01
-3.537028802343616576e+02
-1.622875339883239860e+02
-4.803439656429080884e+00
3.513138167951864066e+00
2.616259218805438422e+02
-1.911577893566700084e+02
3.645909223869796278e+02
3.418952840649789326e+00
1.464125846976349692e+02
2.475562085410886652e+02
1.138360273368657118e+02
8.259685510252509744e+01
-6.444351126251245887e+02
5.796665596895944361e+01
6.165024593276109499e+01
-2.900186716951333779e+02
2.146881559825370971e+02
-2.449900208086298790e+02
-1.692131633063399647e+02
-5.176905955634206968e+00
-4.801355339495907515e+02
-1.032245823944174532e+02
-3.521038695211135519e+02
2.488574585527928207e+02
-1.990661213292381717e+02
3.276318922581727406e+02
-1.185609472153966522e+02
2.236656047769663758e+02
-3.701703342686769815e+01
-2.297325908979817655e+02
-3.037594337411952665e+02
-2.964500995389229274e+02
2.317004967425398831e+02
-2.866558971544961310e+01
-2.279145647723405546e+02
2.765421928018492181e+01
3.423388923778730373e+02
-2.287786745215816708e+00
-4.338069225227543768e+01
-2.345456362531879506e+02
-9.692395321250092621e+00
1.053973372987397283e+01
-1.941288964952943559e+02
-1.366105133350060328e+02
-4.266387408156217731e+01
-2.031566510969469732e+02
-2.590175959780035555e+02
1.090188653592758072e+02
1.626851677896738977e+02
1.192355408467049571e+01
-2.023474268178982811e+02
2.274848399865593365e+02
1.181016992667627648e+02
-4.466028922636990472e+01
1.538868914913127242e+02
8.453012389980676744e+01
-1.291896775919627061e+01
9.301056382469769801e+01
1.628687542029574047e+02
2.676664447389924248e+02
-8.191078767184303899e+01
-2.227319613746941229e+02
-1.461430629082597932e+02
1.399293732102609908e+02
-1.869212388386645785e+01
6.067041972968379326e+01
-1.793566212466765819e+01
-2.187740579885217187e+02
-3.991902899212766442e+01
5.389166313433575795e+01
2.998259517651431505e+00
6.916333817037094889e+01
-1.221464025009545793e+02
2.570396071703177654e+02
-1.031624190291032228e+01
-2.294371244885203112e+02
1.994421014256069782e+02
-6.330994729497861329e+01
1.241626567509413661e+02
2.841528544269545478e+02
1.323255860972348898e+02
-1.447481239895968201e+02
1.390592373740199719e+02
-1.602977972394144217e+02
-2.212265836969329200e+02
-8.593932995975272604e+01
-1.965525930425742729e+02
2.264470856451039538e+02
1.289908514105462700e+02
1.318002393763676992e+02
-8.654151927941911993e+01
-5.220371178565272174e+01
7.062779380110798400e+01
9.839225136928176596e+01
-4.375959635049729002e+01
-7.374617902622087229e+01
-8.480868805412050904e+00
-1.827472340078166440e+02
8.905496550848387471e+01
-1.153169624950958223e+02
1.425358652674215421e+02
1.179227170993095655e+02
-1.087607737118223667e+02
9.188060993223710682e+01
1.630416319932308511e+01
-7.871895161872523694e+00
-2.208431251597856360e+00
-1.087438415014815831e+02
-1.652108701584660366e+02
9.619730332880402557e+01
-1.921465800514736486e+02
-6.610095827882561537e+01
1.496926918562170101e+02
-7.633122738870955004e+01
1.542458355729386597e+02
-3.912169898905288790e+01
4.333624958546717920e+01
1.018001262274804191e+02
1.939906902279437517e+01
2.462705482567440924e+02
-5.506284011918734933e+01
-1.968111375154030043e+02
1.977782826145647732e+02
-8.640668618278930069e+01
-3.516701992372805563e+00
-2.585792160567970654e+01
7.218528742347756122e+01
6.096160735742698478e+01
-8.139038888466890853e+01
7.974453318662375167e+00
1.255189560129646651e+02
-4.260995978644219662e+01
6.239951602166517119e+01
-7.228745920962890636e+01
-7.891032723276708793e+01
1.752904125023442532e+02
6.058234346379702373e+01
-1.587983980740420797e+01
-8.179491832233819082e+01
-1.102920036583757195e+02
-4.999698309607795466e+01
-3.957155971530477956e+01
-3.491545822039171298e+01
9.827348562238374541e+01
6.618819755130161298e+01
1.157517923942702538e+02
1.237676798626098247e+02
4.706896977077416722e+01
2.303533664702652217e+01
-4.928620696413585733e+01
1.651344623794195741e+02
1.282762716018597260e+01
1.488378694117245686e+02
2.205211461987462584e+01
-3.964146729835469074e+01
-3.991918161389769892e+01
1.355168394710051416e+02
1.056320671590460236e+01
-3.548671539660835350e+01
1.227535688354559653e+02
-2.283452888755107324e+01
2.799848903381893805e+01
2.619725294770132717e-01
1.330861934221144907e+02
1.298406315450132453e+01
-1.154549390382243672e+02
6.585784415828621263e+01
-7.672455449761356761e+01
7.891993937905408529e+01
7.577026051489768577e+01
-2.666083008667411747e+01
-2.312188540150148697e+01
-1.362338583675989128e+02
-2.880332373632722920e+01
8.538594891127713638e+00
7.812718814001048884e+01
-7.542950718321772108e+00
2.612050333029903726e+01
-1.269454300415540757e+02
-7.773423994641700574e+01
9.304586589451965040e+01
1.435281049951860055e+01
-1.802869591672550342e+01
-1.482079260624404782e+01
-6.583098227243500844e+01
2.019630983634473154e+01
2.099546032607134194e+01
-1.221221938128246336e+02
-9.817843288014467262e+00
4.729898506344768094e+01
1.164831917062843871e+02
2.124897216604623651e+01
8.490693602164306242e+01
9.839195332692081308e+01
1.775787584702874966e+01
-2.262702422579214101e+01
2.481158365496216334e+01
-3.798281853992320212e+00
2.797186766260489676e+01
-1.240460201012524522e+02
