1.071636789898484778e+02
5.905008232813753466e+02
-1.495977962680213977e+03
1.147438226836326521e+03
9.549312784384188717e+02
-1.390078823622888649e+03
-8.679360679087094468e+02
-6.666771021962340456e+02
1.741343867418125228e+03
7.566272056687208760e+02
1.153218576436372132e+03
-9.933848794883571145e+02
-1.249886859734850304e+03
-8.948609904181496404e+02
1.320998963516232607e+03
-1.553061285003479952e+03
-1.015257632205933078e+03
1.629967113089963959e+02
-4.383569949335142724e+02
-7.925543011520773007e+02
-1.228245447640678776e+03
-4.997443034610807331e+02
6.448673669812682192e+02
-4.002982612619174461e+02
-4.804322383031945947e+02
3.407760147362965313e+02
1.281513844467890522e+03
2.542956863125503162e+02
2.610413123899379002e+02
-3.523058522256502556e+02
-5.866788461174655822e+02
1.758933541672842239e+03
-4.460102302720004275e+01
2.683710454801158676e+02
1.549220651192256923e+02
-8.345446174929735150e+01
-2.512614248298414736e+02
-1.132852410884097480e+03
3.044333290948781041e+02
2.224726349713074001e+02
5.493275849119114582e+02
1.930918937410430942e+02
5.611011667000807392e+02
-1.048010001336074083e+03
-6.927916365207329363e+02
4.182499551017189674e+02
6.268885302620063840e+02
-6.891930594287599661e+02
4.035816438560980828e+02
5.470708745424245762e+02
4.445852549768392237e+02
-6.439817200637374981e+02
1.842708207133935048e+02
3.367883935795780417e+02
6.365583525542437826e+01
-5.444716511663207257e+02
-1.387207564684608485e+02
-9.831846956284377370e+01
-8.971534362451384936e+01
-8.688230825267650914e+01
-1.373515309193022915e+02
6.107573602820222050e+02
1.664676298510550509e+02
4.477056582354617262e+02
1.923782241269376527e+02
-2.276778323488425428e+02
-1.168710647669996803e+02
-2.495068701926355743e+02
-1.584711194712521021e+01
-2.253864442731921258e+01
-2.196036239810348150e+02
-4.261474099391955406e+02
-4.731349453274617076e+02
1.099160637926676998e+01
-3.130880750293683832e+02
2.734979579356514137e+02
-2.327812722237669902e+02
2.412217934248463393e+02
9.419243484639473252e+00
-4.677905458753764378e+02
-3.509078261318430805e+02
6.168997210485005667e+01
1.882654805596149004e+02
1.704525105287884230e+02
4.014735862969502591e+02
-3.565052506515506536e+01
1.452618221338018145e+02
-1.396359568867301562e+02
6.586166717500989876e+01
3.493323602861556765e+02
-4.703864673848580935e+01
6.474290510482398986e+02
7.310168995387703035e+02
-4.691128203777625316e+01
-3.317898159649705576e+02
-1.552258783268769662e+02
4.829579690871950248e+01
2.604801550080050276e+01
2.151252671286136149e+02
1.771106119224162683e+02
-7.259329661170322368e+01
3.888712859777391486e+02
-7.952012945944514399e+01
1.988672970925307197e+02
4.041593782090444620e+01
1.954537773608500970e+02
3.101499239292309085e+02
-1.715894169901312125e+02
3.677049960770128934e+01
1.181172087776337207e+02
1.845487870343803252e+02
-1.677962622310828635e+02
1.119226483336575839e+01
-1.464081517234687624e+02
2.501911763762152248e+02
-4.381503246883490306e+02
-4.584362100317721911e+01
-1.493821992408647361e+02
-7.383080822126466103e+01
8.419760260991249368e+01
5.155540444915157394e+00
-8.405019108826897423e+01
9.113618909564779358e+01
9.628481945800936614e+01
-1.537900068138023357e+01
-3.772650739769451089e+00
-5.997078350884916631e+01
1.419518307576209963e+02
1.355487818818472334e+01
-6.154127561391480583e+01
-2.197075200727112474e+02
7.182369174233451758e+01
-2.160549652965418375e+02
-9.040465335310841510e+01
-5.740456247585609617e+01
-1.247356481435583362e+02
4.300556871349157007e+01
-1.428863964012914600e+01
7.128724665024010676e+01
3.373170223023433323e+01
1.023393943751215289e+02
-3.631263166289686950e+01
2.365238340905707659e+01
1.562842584985981489e+02
1.172577590356736721e+02
-5.217872915980927928e+01
-9.421943471839240658e+01
-5.263196873226876704e+01
-1.023044103596124756e+02
-2.268475585076361938e+02
-1.491545180299461606e+02
4.710729582473603472e+01
-1.068851247039539061e+02
3.520775147908880598e+01
1.437771202475991927e+01
-9.538640145084535504e+01
-1.631344383897184684e+02
1.893238379026336204e+01
1.055569666887675595e+01
8.344650730638161917e+01
-1.760430704050193924e+02
-1.094231997298817589e+02
5.572184891751140867e+01
5.430793156962371881e+01
-6.906398743098142745e+01
2.694810597378345278e+02
4.809983371162901022e+01
7.334279033455844399e+01
-8.461027584307271354e+01
-4.698322359366856915e+01
-3.834026560229053615e+01
-3.828018507912169355e+01
-7.986000383455240126e+01
3.731442854466073822e+00
1.149859601043069404e+02
-1.657093808987834791e+02
9.494487819371940418e+01
-1.244826086703981503e+02
1.816123107948588142e+02
1.206997937916763703e+02
2.548141990462776505e+02
5.347808473424463216e+01
1.746405461438846487e+02
4.265893565616283745e+00
1.534201868073806097e+01
-5.104234774210872416e+01
-3.050791704964012396e+01
8.884954270165181356e+01
2.568263178800416426e+02
1.130229876880212458e+02
-1.375840322546460186e+02
1.842329580185607441e+01
-1.188066460865716323e+01
7.772098535701893240e+01
-5.207536802332024450e+01
-6.937257383173326275e+01
-1.291938290591036491e+02
5.860156045559785554e+01
5.817597797077802824e+01
-9.690679545740644585e+01
-1.026598447717957896e+02
5.182199282651810535e+01
6.510437204786303766e+01
-8.600522072019431619e+01
-8.891781024665552025e+01
-9.112759804000911856e+01
6.503610829680205541e+01
6.666010412998811141e+00
-2.194542797872939843e+02
6.486558395356468054e+01
-6.138350834138777401e+01
-1.470866052177679535e+02
4.794544178479512198e+00
-1.620239724045667629e+02
-3.272838116770675931e+00
-4.646803618548037917e+00
8.290317429569286389e+01
-1.051456244928049699e+02
3.876981590670113320e+01
1.762226198056780646e+01
-4.266762400463963445e+01
5.036197660474726234e+01
-1.416178913787337201e+01
2.108296099710359783e+01
7.888632770089124335e+01
2.318358817140832429e+01
1.401857207575379789e+02
2.042233298841478017e+01
-5.253793310719877496e+01
-1.157736891250636830e+02
-1.094866432437674035e+02
-3.659773186253159594e+01
-7.921845526726575315e+01
1.122019224674481706e+02
3.803428006394194316e+00
-9.095262408137651278e+01
1.321114275256700239e+02
1.022059412716482285e+02
-1.323119591771176218e+00
8.661520781035994787e+01
5.729573462246174387e+01
3.688182550972712193e+01
-1.427059949508495720e+02
6.283837884653047468e+01
-6.792390710726510861e+01
-4.713311852736944729e+01
5.235468451896662145e+01
1.674896690265744041e+02
5.950159582522292112e+01
-4.319879486628634879e+01
-1.372535007494269266e+01
5.018794753761106620e+01
-2.257441152079462832e+00
1.456895236512990834e+02
-1.110205179230499937e+02
3.858907274285594546e+00
-1.854073344251355238e+01
2.245210191082416529e+01
-8.374613069951827526e+01
-5.896642054181741344e+01
-2.771213828721635508e+01
1.126139278130896315e+02
4.476399413718493037e+01
2.634399671588836611e+01
-3.354531669935968807e+01
-3.465771431888846621e+01
1.394066907074461881e+02
4.840858446962617911e+00
6.572542851488520910e+01
5.785495709369185136e+01
8.315395534022795854e-01
5.537472831773979465e+01
-5.405398907910369388e+01
4.863902688400948904e+01
-1.519479960186287748e+01
-1.329447824069994732e+00
8.621003474947913858e+00
1.787297384776716314e+01
-6.474133817592480966e+01
-3.820745642763960603e+01
-4.541882259269961253e+01
2.211398095239024997e+01
-2.993397634766077786e+01
-8.551182936915333599e+00
-3.598865880303279585e+00
2.294284794700847385e+01
1.903062497797865049e+01
6.208446243053862901e+01
1.596620086697750196e+01
9.235671384857145938e+01
-2.794949279432502182e-02
6.738578937109949152e+01
2.487059976563891084e+01
5.519061163213939913e+00
-1.236176522106446640e+02
7.968030562571561859e+01
4.398627485864628994e+01
6.658332474184392424e+01
-6.344045111574401652e+00
-7.188414469750095570e+00
