-2.174724222166602885e+03
4.444212496657552947e+03
2.372602357035136720e+03
1.758801976430718014e+03
1.866436318802662299e+03
-1.268178547891362768e+03
2.317495882219681334e+03
1.558675160586601578e+03
1.979151402811660091e+03
2.644511170515629146e+03
-1.477352639154081317e+03
-9.569187803507574017e+02
2.631560259040840265e+03
-1.313033743864107009e+03
-6.288521904277384920e+02
2.499940927641140718e+02
9.470075902320966179e+02
-6.584116301517359489e+02
7.469422092444992245e+01
-1.261532853446379931e+03
1.254967472159706858e+03
8.287042184888512111e+02
-1.043195092504992090e+03
2.912247657620582686e+02
8.933173871488713758e+02
-8.540923158777032995e+02
3.713573889824535854e+02
-1.532264414495842175e+03
5.190939962717842491e+02
1.839539292623706501e+01
-6.965490233889208866e+02
1.152474641637519198e+03
-6.863202315934336184e+02
-8.856348537113036627e+02
-5.278171775401287960e+02
-8.664482963411257970e+02
-1.182134060165442406e+02
8.297165453722818711e+02
-1.540913522678524487e+03
8.038216946073791860e+02
4.702729979029590623e+01
-1.731029842530204405e+03
-3.998982964716211314e-02
9.693853577520559384e+02
3.464761092168477603e+02
5.888455227580877818e+02
-9.334340276127667266e+02
-1.490143401994344231e+03
3.290157525528194924e+02
-6.002480049884184155e+02
5.992921723203756983e+02
-1.808280282663445746e+02
1.843401000797577467e+02
8.736915627079997648e+02
-4.624160451833014918e+02
2.033560960054557825e+02
4.831631374054841785e+02
-1.363111892727367831e+02
-4.519285993133342458e+02
-3.574841850816379463e+01
5.664359371307060655e+02
5.236174006856983851e+02
-5.191526002392089367e+02
-3.658956835135874996e+01
-5.495738666245374588e+02
-1.870864512736075937e+02
4.129560164128432120e+02
-1.578857658740473937e+02
-6.707482981395590969e+02
-2.358634384859760758e+02
2.971043443329937972e+01
-2.814122272094162440e+02
-1.500783711766096076e+02
1.725823807793750575e+02
4.610808205583015820e+02
8.679487699617733654e+01
6.084392716076860097e+02
-5.111180599451829210e+01
-3.986287142383171158e+02
-4.020679673800523801e+02
3.527834223323802689e+02
-6.241885576311061641e+02
-1.331730807159189567e+02
-5.637321517143328720e+01
7.291289508742615055e+01
-4.078766321318971109e+02
-2.093532033923945050e+02
2.079908734061844484e+02
5.021807411172084699e+02
7.002664729061119715e+02
-2.139992681885931916e+02
-3.532822379080818109e+02
-3.474777863072512218e+02
-7.328236155204234592e+01
-2.585721952375620276e+02
-2.310331838517262213e+02
-4.069611296257536992e+02
2.317769406822590028e+01
3.311690896057539248e+02
-2.968210977084671640e+02
1.104280925111475682e+02
3.017261556500702682e+02
4.864253351177865738e+02
-5.946983301966957214e+01
-2.610908436368195567e+02
2.135163387216488786e+02
6.317318883468800550e+01
-1.882078288874197654e+02
-1.445988322452851378e+02
-8.195042394972735167e+01
-2.514815429108681144e+01
5.718698326919180772e+02
1.876680471641933536e+02
-9.536756185605997871e+01
-3.410806361500260095e+02
6.048569792230522779e+01
1.413277081479201627e+02
4.298535749170786175e+02
1.715925194853421942e+02
-1.827664276269087793e+02
1.343267769867504740e+02
-2.027187656371990840e+02
-1.017017460371203157e+02
2.041043671918749851e+02
-1.000187927727538693e+02
2.531036025073426572e+02
1.120595356937103020e+02
9.770899261561082483e+01
-8.498769562047692716e+01
3.029747211303879908e+02
5.583444105042331103e+02
-4.376977498159444053e+02
-2.708293305650458365e+02
1.577865384015374559e+02
1.957608666932388530e+02
1.166504157709245248e+02
7.917659593661136341e+01
1.494040855914244332e+02
1.242139984383891687e+02
-3.099835278161202154e+02
3.014540915402646419e+02
3.488036793769235260e+02
-3.240433780776314165e+02
1.220293543631421187e+02
-1.695630744033497024e+02
2.858320367958929182e+02
2.604696863225439643e+02
-1.360972802828822239e+02
-1.421624033927870556e+01
4.459807376804486694e+02
-2.538460957933787654e+02
-1.103885439673942841e+02
2.173869707529977973e+02
-3.503169910544756931e+02
-3.022320001440948545e+02
-1.190626973252968668e+02
2.626506592769815711e+02
-3.902435500301522975e+00
-4.748325564379674013e+00
4.414347114459209820e+02
-1.594445038123046565e+01
-2.472271461905395711e+02
-3.167459681454883480e+02
2.684689332918156310e+02
2.165103576504018579e-01
-3.998083478918421747e+02
-4.235691229803600208e+02
-1.911410529030716532e+02
4.280311636265417974e+02
-1.587136906296155132e+02
-5.250463182122737749e+01
1.603316761027049608e+02
6.008490055035932897e+01
-2.185375570839024704e+02
-2.161728791282197335e+02
-1.541935865770830389e+02
-1.998127549485048462e+02
-3.321548098168372007e+02
8.093217862656818529e-01
1.461512868242952550e+02
3.001094409793362274e+02
5.251217036693844165e+01
7.757995916132763625e+01
-5.819730581421777771e+01
-7.109455453279663573e+01
2.755977623243768448e+02
3.715437562411284489e+01
2.174266466798535475e+02
1.600027353758288200e+02
-1.317143828906759495e+02
2.069089780216137697e+01
-3.212199844890381542e+02
3.632607603880732654e+02
8.691982538131817648e+01
2.163245005541181740e+02
5.417582574426931252e+00
2.617586609605838817e+02
-1.588690594536499248e+02
1.022271545955955645e+02
-8.156229847202169481e+01
3.428272762024499087e+01
2.095484269104310897e+02
-1.203630425900387877e+02
9.687774572085460889e+00
1.116567034675720578e+02
5.021214954897482130e+01
-2.568681846858241329e+02
2.907286022621108135e+00
-8.201678965132234111e+01
-2.989528986827896233e+02
2.235355729501659994e+02
-3.722537830889924066e+02
-1.719112743785562429e+02
1.111535224202017780e+01
1.353984546717807689e+02
-2.111001237199442357e+02
2.307696826475826057e+01
4.169182155108580901e+01
-1.788084075804628696e+02
3.901683005239608804e+01
2.162700225980249513e+02
-1.249677431517477117e+02
1.292172829837107599e+02
-1.310195713366470329e+02
4.616256495070456367e+01
-1.669627435252037344e+02
6.922866128949215181e+01
-7.456096244436086806e+01
9.344985679584527816e+01
1.482518003365336767e+02
-1.328364650599504273e+02
1.467553921044843968e+01
-2.452633393896218479e+02
1.904909113991309653e+02
-4.252827442774525935e+01
-1.809887336501432387e+01
7.394530033148028281e+01
4.802479153788652155e+01
-9.335228738079369748e+01
-3.448082882468147403e+01
8.085426958967097733e+01
3.057064037627719699e+01
-1.594821299562972001e+02
1.309059677738433436e+02
-1.014595307194923635e+02
2.127997263530026828e+01
2.110831812286834008e+01
1.604117116226023825e+02
-9.716503423778750648e-01
1.267802164569249257e+01
-1.144278409142952739e+02
1.926757669892565161e+01
-7.983578388776719237e+01
6.444341983351017689e+01
-1.281724864675736342e+02
-2.160933824345763696e+02
8.452729408093034635e+01
-2.132866692230928862e+01
1.807925426682971590e+02
7.782844711476987243e+01
7.738070914876020368e+01
2.161943069928103967e+02
-2.709717767084266598e+02
-1.123216724009362650e+02
1.427087040726025577e+02
9.994272926506559429e+01
1.980494077026131379e+02
-8.707594436356383483e+01
1.121607355546779559e+02
-2.703632987627586317e+02
2.266402601095128659e+02
9.661737043759639221e+01
5.170154947264987300e+01
1.218291587087154539e+02
-1.367153639550770379e+02
3.544392495085271833e+01
-3.844461852356614884e+01
-4.299639380454278381e+01
5.261191465932475353e+01
5.482457934210694361e+01
1.262840729553956152e+02
3.050932516619341754e+02
1.308381358203486684e+02
1.154384596266787213e+02
7.428797145950384540e+00
-1.531968825489903274e+01
-1.181912195678087869e+02
-3.913454838427135485e+01
3.244268473452833490e+01
-3.019233499134226406e+01
2.145383543547928866e+02
9.352307162449449152e+01
6.672797311629835804e+01
2.307964867679733700e+01
-1.253492522012262924e+02
-1.484447776526144764e+02
-2.665263854687898970e+01
-7.412024569073024338e+01
5.772296239267821960e+01
1.830234855157365814e+02
