7.585214705500152377e+02
4.429975102165612952e+03
-9.839212491801065426e+02
-4.045716904043412342e+03
-4.009608029030530929e+02
-3.446176316548262548e+03
-1.508919120131941554e+03
3.500793588819404931e+02
-1.750472821448457125e+03
-1.607573552714857897e+03
8.542311425683750485e+02
5.948662910952531320e+02
-1.535252080107144366e+02
9.990071812654144878e+02
-2.599545358885877135e+02
7.450867460537812121e+02
-2.976526924499553388e+02
6.767161214786781329e+02
1.996868902010988336e+02
2.042950270947622187e+02
6.766305364352443803e+02
2.499343665802401802e+02
3.581225287477612937e+02
8.256935926222164426e+02
-1.029919986724072345e+02
2.056445745466567132e+02
8.709470456959484181e+02
-7.836128453732334265e+02
1.329944642017641172e+02
5.272635889610158983e+02
-3.210579980101995261e+02
3.390545406158947799e+02
-4.460987985070553350e+02
4.332085194475042726e+02
1.477508534591149782e+02
1.673075240371956625e+02
-7.597654870861007339e+02
-3.488894999221026296e+02
-4.923594206424675690e+02
1.488127678875067339e+01
4.348706224839918946e+02
-3.777000463212552859e+02
9.354616921043991340e+01
1.707288532293633239e+02
-3.091035801857701131e+02
-7.903883140602835589e+00
-7.485652892374097291e+02
-4.811088448326973435e+02
1.320116009534796149e+02
-9.453715060534257475e+01
-4.627783611973912770e+01
2.046920022474293432e+02
9.911254232324324676e+01
4.259194270433413863e+02
-4.079609818703251563e+02
9.368429262555915216e+01
2.905071570025320966e+02
2.786134494893828446e+02
5.766504193946561685e+01
-1.553614746680979692e+02
-4.404976023038280459e+02
-8.402195260242660879e+02
-4.412271933374498190e+00
3.203565448375554325e+01
-3.020783972695580246e+02
-3.145732484645939735e+02
3.249532756069681341e+02
-3.044972800957451113e+02
-1.268647284858966344e+02
-1.053955278670571829e+02
2.031236069933176225e+02
-9.110999745534481065e+01
-1.876649974680304638e+02
-1.133384900202161560e+01
2.295223372122865726e+02
4.527662394646778807e+02
3.546096358776890725e+02
1.026555623670378594e+02
-9.754840953965572226e+01
3.864887438964770467e+02
-1.990619407722123526e+02
-3.941478188229159514e+02
1.689319451041383786e+02
3.054115617322025287e+02
-1.406119974731218036e+01
-2.971216150688054540e+02
-2.639094373354454888e+02
2.284743582970719729e+02
5.153171774415662867e+02
6.101460035314985220e+01
-1.216081039424177135e+02
1.309297555264778339e+02
-3.243111363399457900e+02
4.198296661472502223e+01
2.379349594813737312e+01
9.705156688977480428e+01
2.505069189681599369e+02
2.777501205158277457e+02
9.178370240480114717e+01
-2.807791404274834335e+01
-4.826155991414716482e+02
-3.293234956870357166e+00
-6.959401951539337006e+01
1.140178435344637897e+01
3.965175897271571870e+01
2.404685385272394171e+02
-9.514710342790858988e+01
-2.535859505984357156e+02
1.371299405723793825e+02
-6.427299838720583125e+01
2.144460373819217978e+02
-2.099653494229546169e+00
1.017855951682257256e+02
1.937952747346566014e+02
-1.332396428207810288e+02
2.727904101743773140e+02
5.129573252959603451e+02
3.082104322419637583e+02
1.527878393095364515e+02
-2.725661390982107832e+02
-7.023777856370702466e+01
-2.700694725962146094e+02
-1.625715040487015415e+02
1.196975714380583611e+02
-2.358636356626815314e+02
2.480914740173555231e+02
3.192532804914134772e+02
1.382228247207846152e+02
-4.131589843342044333e+02
-1.030011842871217169e+02
-3.106109765896167119e+01
-4.754407426466953552e+02
3.595086868667742692e+02
-9.614616307625195191e+01
-3.427182607262645320e+01
2.628197955891200976e+01
2.012891899563613833e+02
-2.073624795801312075e+02
7.450278030923567485e+01
-1.887042804376096115e+02
5.667832884879207711e+01
-6.796016042824120973e+01
-2.872797965491658942e+02
-3.461398404117523455e+02
6.071506059727419569e+01
-2.378265495530000067e+02
7.332390642272871162e+01
3.227071512784756635e+01
-2.803932236965372340e+02
-4.463770273493658181e+01
-9.553886313926160767e+01
2.778722581475586821e+02
1.264631202041933307e+02
-1.602737500160178001e+02
1.591711697242186005e+02
4.655421562486805698e+01
-1.672842852613965476e+02
-1.280822721157726960e+02
7.124410634159903566e+01
1.258953047710705988e+02
-3.564056258302009894e+01
-9.243403986769975234e+01
-2.133010783173016023e+02
-1.000657329366327133e+02
-1.148364998952558125e+02
-9.400757948586723955e+01
-6.013934120345791001e+01
-2.482592210528050032e+02
1.321152474891683539e+02
-1.366102370648964097e+02
-3.923099246983810673e+01
1.071844178205566465e+02
3.757113110029068537e+01
3.094215749435907981e+01
-9.738892607813953362e+01
-7.131272600947774265e+00
2.066118457368782657e+01
-9.390576771796285982e+01
6.279024597786214024e+00
1.391478582210501997e+02
-1.484067375693065287e+02
7.691567075880071513e+01
1.596468080341365408e+02
-1.060241283348860861e+02
-1.593456812359619050e+02
4.881806861390089125e+01
4.749752687754608615e+01
1.054713853247315711e+02
-1.255518250523286383e+02
5.548288304278601402e+01
1.323882312611406746e+02
1.296189544509176983e+01
1.270480834114036810e+02
4.371856889287996495e+01
1.081398333151824716e+02
9.746049805695530210e+01
1.250960291465168268e+02
1.432847413164793124e+02
1.858604540190410859e+01
-9.689169296213280802e+01
-1.013631234245863055e+02
2.258979911461615302e+02
-5.054485427006019194e+01
1.466180381371335670e+02
-8.361965042888390087e+01
2.618827631901698965e+02
4.698361222932555137e+01
-4.488315590394319088e+01
3.069408327916626789e+01
7.170845343937292782e+00
4.622078247569687193e+01
-3.020346714689653709e+02
-9.441110222725757239e+01
4.183427426962266793e+01
-1.859437294917102790e+01
-1.616039016235326926e+02
7.549839202246064751e+00
-9.215603255847049979e+01
-4.982159057407731240e+01
-3.244105654841095543e+01
1.691931148056765437e+02
-1.149691021597697187e+02
1.472238386898948193e+02
-1.200150213325047304e+02
9.372606017945570045e+01
1.260868724458732437e+01
4.278862112395047035e+01
-1.267662117935744419e+02
-6.187497447274071760e+01
-7.626592917384249404e+01
3.713873087185235455e+00
2.448382222991194723e+01
-1.919306377742401537e+01
4.486066623894418903e+00
-5.322640379672144206e+01
1.300374198445967124e+02
1.212852166893801176e+01
5.272036625853309033e+01
1.129766828847574942e+02
8.458229807363773034e+01
-1.260249112836678620e+01
2.739117376635370960e+01
1.732238801359506510e+02
6.159997012745392908e+01
4.670472545302726530e+01
1.197813100357254541e+02
3.179028443393544023e+01
1.490554659633998469e+00
-4.435662504228459113e+01
-7.608410467760454488e+00
-7.147741142247360813e+01
3.669819259849291804e+00
-1.120470297244323490e+02
9.187443124977718867e+00
-9.460313731280793093e+01
1.969216339373766189e+01
6.869244574037043094e+01
5.779910195680936225e-01
-4.086308076710873927e+00
-4.686411501175663830e+01
-4.833756804057311740e+01
2.333899747320388585e+01
-5.728506946726853499e+01
-9.969338696601161587e+01
7.875057588506319917e+01
9.178557523363007675e+00
-4.068614019408854432e+01
-1.090154189705669836e+02
-2.946999119321697336e+01
-9.166655621500461848e+01
-3.376904662793538847e+01
-8.272651441967708408e+00
6.717401830879627056e+00
1.148584877247253644e+02
5.644966762010973582e+01
1.483278998070738055e+02
-6.420967842039976858e+01
4.516992946938673370e+00
5.104603129346000401e+01
-1.829329566886489999e+01
1.097285385398067348e+02
-7.023490840083492515e+01
2.369689619609445685e+01
2.266190490283847225e+01
8.733558420267488032e+01
3.464745605936339246e+01
-2.189146008224717832e+01
-5.869649926123995698e+01
-2.869072170667812216e+01
3.219920438457541945e+00
6.382591998447833248e+01
-9.346427591010076696e+00
-7.190446651341434858e+01
8.759188969108502931e+01
-7.127860440959064192e+01
-2.574146058143456628e+01
4.274605470632494786e+01
-3.538317727760745868e+01
4.563374009907371942e+01
9.279563669872231690e-01
