-4.639412052905146084e+03
-4.624690258843390438e+03
2.151773444960053439e+03
2.279165492540099081e+02
-1.684805578056148306e+03
-1.699040980723426856e+03
2.496218270126009429e+03
-1.053028906124531659e+03
-1.831890104164852801e+03
-2.242120800105238686e+03
2.385765744258950690e+03
-2.033017771761240510e+03
-6.226011060386501867e+02
2.127803946881227603e+03
1.454835418909066220e+03
1.265733777728758014e+03
-1.768065677020796102e+03
-3.872558840023889388e+02
-1.408382775160052347e+02
-1.390110753251951337e+03
-1.705368608094001814e+01
-5.915151430496043758e+02
-1.861417583532296476e+03
7.505252759683114618e+02
1.154010361692077595e+03
-1.169825378253347935e+03
-1.546522515460058230e+03
-9.789849814231259870e+02
-1.559256660596033271e+03
-1.319675833882079587e+03
1.794414682825131422e+03
4.895190397052818554e+01
5.369341780224031027e+02
3.444261739049437097e+02
-6.358577347676057343e+02
-8.720980854272456781e+02
-1.047386309042367202e+03
-4.433314010772386951e+02
-3.309568528360028949e+02
1.331939037826901711e+02
-5.283525698008279505e+02
1.118067422434938635e+03
1.058611710864560337e+03
3.096321498922200703e+02
2.356502727124659486e+02
-1.729413165200148796e+02
1.144203000876372016e+03
-3.530663164663182556e+02
1.372585716964326139e+03
3.977657739530524736e+02
-3.339726851867275172e+02
-1.061557077496679256e+02
-6.846679726130102495e+01
-9.950466625055769043e+01
8.040403034338659438e+01
1.467501469457503390e+03
-1.217621474534571234e+03
5.663761342950847393e+02
3.021699785095972288e+02
-3.536274208793468574e+02
3.015657485956994037e+02
4.555365584984443785e+02
4.599212331255911863e+02
5.665580733067594110e+01
-1.018695376402605689e+03
2.710271354652538207e+02
-4.428719515706216612e+02
2.121281868824858066e+02
1.297985719993692442e+02
-5.553581662626652360e+02
3.575122911106276433e+02
-4.342507792703866016e+02
-5.068875516648770940e+02
3.919650470774155906e+02
-3.789815018795379729e+02
5.050114446787045495e+02
-4.578802263937081420e+02
4.000060615477339070e+02
1.198810195677744161e+02
-2.886397279644614287e+02
4.589234310459710287e+02
-8.070428503604647119e+01
-6.649731959093649039e+02
-9.784006486599884056e+01
2.970641135934492354e+02
-1.378955445533940463e+02
-1.318202131403580779e+02
9.783144475546536114e+02
-2.897651798331677924e+02
-7.782123202459580398e+02
3.043916039196304837e+02
8.759868756841208892e+01
6.356590018383963070e+02
-9.848387833207722508e+01
3.624433527677573608e+01
-3.993863113594421179e+02
-1.379247676331437447e+02
2.477386667456358680e+02
-2.270988691045173198e+02
4.295177911596690592e+02
2.696107745510343534e+02
3.203429972227524445e+02
3.395523485817093956e+02
-2.318852149255061192e+02
1.333004291104572872e+02
4.114057779253553804e+02
1.453258112135634121e+02
5.141471132087582419e+02
5.621605530516495719e+02
1.311842410045088059e+02
-4.512611641232577426e+02
1.659704808687271509e+02
2.245692818707834988e+02
2.291635527559436891e+00
-1.052490000618365116e+02
-9.882924090870872647e+01
-9.278608390298380471e+01
1.608435190598958684e+02
-4.574723093809182046e+02
-4.601177276711909769e+01
-8.680188560317792508e+02
-5.583962381576942136e+01
-4.403638724050552611e+01
1.853646122328338492e+02
1.084969878480476240e+02
7.468334376862709405e+02
-3.738990563743835427e+00
2.050779883747014196e+02
-2.007589968737318031e+02
5.650100379919827276e+01
-2.874007071000784208e+01
4.124278819530392752e+02
-2.694379990366012407e+02
-2.123673769458017659e+02
3.650907359894184196e+02
9.287975477201574392e+01
2.639212867778773557e+02
-1.442987004392530537e+02
-3.711307693133953762e+02
3.441899900981131850e+02
-4.931691960606783027e+02
-2.021459553065712100e+02
1.449486417268149978e+02
-3.092473045690851663e+01
-5.644593468842184620e+02
-7.879788901561929038e+01
-2.702260351763754329e+02
6.426093795627390648e+01
6.755652954578545177e+01
2.176863138945797402e+02
4.140904487901671587e+02
-4.447214542435013982e+02
-2.064024472432067014e+01
1.291988494281804094e+02
8.635821541951930413e+00
-3.102455788278457476e+02
9.847666113900328355e+01
1.735218295021043957e+02
2.425659102619157892e+01
4.931397490116124516e+01
-4.778921110336791145e+01
-1.146138263912752677e+02
1.949728705031870959e+02
-4.626928577544105110e+02
1.806661976622448549e+02
-4.000107796015591077e+01
-2.965320296821498118e+02
1.615794971240544342e+01
-3.881752418835645244e+02
2.445353201161492791e+02
2.224880133574316687e+02
1.460107394793412254e+02
5.277088197042165518e+01
1.728400569761591328e+02
3.692104297036888028e+01
2.609291085750622230e+01
4.758811205940818212e+01
-8.054106274959618617e+00
1.009734895539572932e+02
-1.315697854737742318e+02
9.157732737249430954e+01
-6.094582056688531146e+00
7.585775233994122857e+01
-5.852579620301334984e+01
-1.579556989373491831e+02
-3.761565025042779808e+01
1.804422458025804303e+02
1.770315718557671687e+02
-2.615551872250359793e+02
3.738784922709443292e-01
-3.420764823380661568e+01
8.809558124816905433e+01
1.137814220195540855e+02
-1.214071900378320805e+02
-2.729678287765721620e+02
-1.729831804026583200e+02
6.182222913862919000e+01
-8.849041366611756776e-03
-8.247227950551850029e+01
-2.107303576859076770e+02
5.361987995386764538e+01
-2.254297837383232377e+02
4.874310599307874980e+01
3.377269595164916183e+01
4.236030961091320535e+01
1.273158585458576795e+02
-1.008909340102578369e+02
-1.052886066714673348e+02
2.243408264940459560e+02
1.009584059465606458e+02
-1.235413538309408636e+02
1.002054901718947235e+02
-2.951543215477666138e+01
-6.831389784827723588e+01
1.878194668861694367e+02
1.351054308059263462e+02
1.094035678078131326e+02
1.336307745330418015e+02
7.578056161925596612e+00
5.144122932595067965e+01
-2.394792661483980467e+01
-4.050172995806602927e+01
2.456242600902987760e+02
1.380282628772407065e+02
-5.764511401578889860e+01
5.657021669415262721e+01
2.284344588969716767e+02
-2.783622076942401122e+02
-7.355538010103413171e+01
-6.957025846248663470e+01
5.758634491859107030e+00
-2.754167548028070769e+02
9.319790059562809859e+01
-1.689451124736382042e+02
-7.942029059578045747e+01
-8.390336608073202740e+01
4.612577139806413484e+00
-3.964045369464643187e+01
-6.473457680358782795e+01
1.925025145064605852e+02
-1.224482213060968689e+02
-5.346189522175526321e+01
-8.834581565616055343e+00
-7.481496654024778259e+00
-1.374669470153309021e+02
-6.897595598420973317e+01
-1.754544545677534586e+02
-1.071266283421545467e+02
3.552964619083559228e+01
2.392948821225164977e+02
1.194939131812142534e+02
-7.467040205944354625e+01
-4.390049760480069807e+01
8.389649652203821972e+01
-1.363911558180408576e+02
1.306600846062192147e+02
-7.175650474618265662e+00
1.249870055082454172e+02
2.451047088750202079e+02
-6.633519837268040931e+01
-2.150244870026779722e+02
-4.538327879380874208e+01
5.428976853916758927e+01
8.206930792579493072e+01
1.404009324761546225e+02
4.910618010925462684e+00
5.753937283552396309e+01
8.868880585731859867e+01
-6.761027778537859945e+01
-1.213248508002276935e+02
-2.362077497762701341e+02
-3.698243382405529900e+01
-1.529902777850585503e-02
-9.767433039275096007e+01
-3.618763477963459252e+01
4.986373475204076300e+01
-1.199840287195674904e+02
-4.149917405216154265e+01
-3.345923015711107951e+01
-5.758373331924896377e+01
4.306517147228673537e+01
-2.226185662677472621e+01
5.544383286527634169e+01
-4.165160396519382857e+01
4.995565015627279593e+01
3.966793397141545086e+01
2.989808625803114239e+01
7.729609149098803300e+01
-2.413661944085435707e+01
-1.707958386625318781e+01
-5.823645791871952326e+01
-4.183964582253533138e+01
-3.960127386519737058e+01
7.485912847515028545e+01
-4.565135456188560426e+00
-1.152798276000911954e+02
1.874749755507705800e+02
1.542385573778573260e+01
-1.022218201851703157e+02
7.138439216272493582e+01
