-4.986693041926410842e+03
-1.673625022361679612e+03
7.828069031849534554e+01
1.495901540799901795e+03
-3.398690595328992572e+02
-2.345554640309359002e+03
1.787951492857516314e+03
1.343579193587934697e+03
2.833452998466245845e+03
-4.234557032969682950e+02
1.118102892608311322e+03
3.353257325851136557e+02
-8.255480851374856002e+02
3.350343909727524533e+03
8.662245519786057457e+02
4.974454886242327234e+02
-4.525243573536970416e+02
1.996879048324746009e+03
-1.426773347111827434e+03
1.107566733516677004e+01
1.251963386895226762e+02
8.993044937530760308e+01
1.694170744962396157e+03
-4.657734362472175462e+02
6.624779219827146335e+02
-7.596407892796861461e+02
4.797741100732675363e+02
-8.633386864847901734e+02
-4.200602156913665652e+01
-5.736618632550163284e+02
-1.270395660825153300e+03
6.094478845967747702e+02
-7.907328568634231942e+02
-1.242473964903314936e+03
-8.524154548483778626e+02
-1.398727877732853358e+03
3.999286026348847258e+02
-5.453112233259428194e+02
-5.247404412838450298e+02
5.721828443684540844e+02
-8.188713791703549987e+02
-4.661491433101225539e+02
-2.971406755142838847e+02
-1.143283390840885545e+02
1.234666632036712372e+03
-2.462525798390809655e+02
-2.864890766447438750e+02
8.482425792669735074e+02
-1.402698498291654914e+03
4.065785791243142100e+00
-9.337021605124609778e+02
-4.479974830680183118e+01
-5.485857712681956855e+02
4.796564162699206690e+02
-3.498420068477772702e+02
1.957972873027689502e+02
1.258458469609966869e+03
1.575967073751728833e+02
-4.828286638894823000e+02
8.412341827124524798e+02
-2.450830629337669819e+00
-1.991054889388029778e+02
1.341316471891321953e+02
-2.307169547688471312e+02
-2.651637893982144192e+02
-5.413106301125620803e+02
-2.582292154871619800e+02
-6.296140843420022293e+02
1.321065582760202801e+02
8.077658708865729409e+01
-1.817414432057652220e+02
-1.084015887431948926e+02
1.850728238575386797e+02
1.621265984247833671e+02
1.698355550827654668e+02
-1.798870450864836243e+02
7.100740682544434890e+01
2.271276037903378437e+02
2.053949041465695871e+02
1.360878111563805533e+02
-1.327080744562548773e+02
-8.451911714815604455e+02
-2.197847833678073357e+02
2.476342537018982739e+02
2.062345919782412977e+02
3.766915123910830516e+02
-6.759120214670149007e-01
2.702648247818574418e+02
-4.287209917861936788e+02
6.272809338243943102e+02
1.561572144557549109e+02
-5.072377801819600904e+02
-2.264487066788247773e+02
3.079677103442990074e+02
-1.732668936622423246e+02
3.821210293446796982e+02
-4.845776221776933426e+02
-2.151021351875688197e+02
1.885689070804680512e+01
-3.999811015555059157e+02
-1.224122790891853043e+02
-1.519221638711031517e+02
6.344693242435788250e+00
1.935256455093244199e+02
-6.500554465154034745e+01
8.482818655529802854e+00
3.017701347189439502e+02
-1.548101049571116050e+02
6.159345644979080703e+01
-3.625645439316848524e+02
-8.099651032334288914e+01
3.924368911444183254e+02
2.808118108256477399e+02
1.951821769797871013e+02
-8.741690850390607181e+01
1.283557061265357788e+02
5.923046301666968247e+02
3.124694522004695045e+02
2.947378316969800380e+02
1.133209427253761703e+02
4.141582685231321648e+02
2.519505092786534703e+02
4.628443221891011490e+02
-3.434679476615856402e+02
1.182205329487833438e+02
-4.822624597926998717e+02
2.304571130258696883e+02
1.782305737546198259e+02
1.906922856261344279e+01
1.743602499754214534e+02
6.965286817274908060e+01
-1.764666882032723549e+02
-5.861552892358351130e+01
5.554462273665621552e+01
1.255774213293416892e+02
-4.647776782614874946e+01
-1.305334445799014702e+02
1.225403064671421447e+02
-1.177289711237911689e+02
5.547646605658049879e+01
-7.584871795123849836e+01
-1.907481437917185474e+02
2.499974585677561834e+02
9.500550566593466328e+01
-7.775113607567361385e+01
3.198595216628853564e+02
-2.901932315192533451e+01
-2.264880606778421850e+02
-1.162043530238892117e+02
2.739876869621141964e+02
2.973909861659655576e+02
-6.166439553573343169e+00
-1.080229339605129013e+02
1.309122952974597922e+02
-1.536019607445853410e+02
6.925961754232699263e+01
-2.774651558026303633e+02
-6.428000643693488314e+01
-1.029777195827472696e+02
-8.019352769754699750e+01
-3.833327050829063296e+02
-6.711568687785435827e+01
-3.349553120884978057e+02
7.174264487413849167e+01
1.077710075714698661e+02
5.713733794864757698e+01
-3.074339714055583386e+02
1.633460052299188590e+02
3.715581433605044595e+02
-1.083545601781938075e+02
2.559913387759652181e+01
1.371260178454276399e+02
9.169102353028523567e+01
-1.670918593403039836e+02
-2.473442759004888458e+01
2.060164433611298023e+02
-1.377493938443040236e+02
-1.285797512632610449e+02
-2.058049480552888255e+01
1.147082558805462327e+01
-4.742316538420300276e+01
-5.752900015111109155e+01
-7.343657694022539317e+01
9.453113965172369149e+01
1.194681270596864522e+02
3.740264163998609206e+02
-2.175034996643335887e+02
-3.346127083962395776e+00
-7.510492931420247942e+01
-2.598633271018524482e+01
-9.997830810384571976e+01
-1.863651908218228357e+02
-6.182305202015623280e+01
-1.992359417450794581e+02
6.628145862913976316e+01
6.994765333750841307e+01
4.398011045426395782e+01
1.373794898414745660e+02
-1.338241357048727309e+02
7.491664225445687109e+00
-2.245081964897162834e+02
-1.043028998826043932e+02
3.857993270024797283e+01
1.357735904467711805e+02
9.004304661809153743e+01
-1.675544493240393251e+02
-1.928901358173949632e+01
-3.802299957500009242e+01
-1.590910186657834515e+02
-7.613533708185393323e+01
1.138922930806593712e+02
-9.018025517486056231e+01
-9.866285011997433685e+01
-4.087319787321323616e+01
1.331351832721614699e+02
-1.201462197749320779e+02
-1.381827011707377437e+02
-4.521937611273453683e+01
-1.614788275844557575e+02
1.435440932673969030e+02
7.703659660128041153e+00
-5.251470134608695872e+01
-4.009083253776472588e+01
-4.308084642487433058e+01
1.097451363398888731e+02
-5.057105161630710910e+01
-1.077324799419933328e+02
-6.764627443104213000e+01
-5.245778556561312200e+01
1.637759343493492281e+02
-6.066430121331072911e+01
-1.481810338412786905e+02
3.919581077095543975e+01
3.295195233407807400e+00
1.013182144597101342e+01
-1.665201657061783180e+02
-1.671100433045329225e+02
1.428763002443722883e+02
7.742664204675101303e+01
-1.493381520008453833e+02
1.646709386170618217e+01
4.575983189180781352e+01
8.187820126248197994e+01
-9.261708903619083344e+01
-1.265963655075309049e+02
-1.418507072379763372e+02
-1.828094661638263858e+02
-1.220364602107068208e+02
9.624318694226050752e+01
-5.442978415938983972e+01
-4.081743203431289402e+01
1.942422710654313533e+01
-2.274392474317374990e+02
-7.086688895930858045e+00
7.199766617663681245e+01
-2.855665268045341776e+01
-5.124478301422409032e+01
8.475475658807565082e+01
1.720115246422059840e+01
1.395922442817933096e+01
1.793359829210843372e+02
-1.590423285350194682e+01
2.073665660071999284e+01
-1.211474933881789724e+02
1.153361923476738582e+02
2.786737411604255499e+01
2.214097563347221798e-01
5.086527946436330438e+01
-1.373730546870399394e+01
-8.770921654107182519e+01
2.288829037914109108e+02
-6.780727799294565727e+01
5.273126234750412067e+01
4.876000134639301820e+01
-3.868140822280097524e+01
-2.613011166909087279e+01
-3.650457720761207270e+01
3.540428618583418086e+01
6.134394869248725968e+01
-7.744219474625123212e+01
5.576854627545214882e+00
-2.489660626155895784e+01
1.090427846636080602e+02
9.984395257253426337e+01
4.175013688184857585e+01
4.766354389419834803e+01
-5.844834357943067005e+01
1.341826647691164283e+02
7.330973316019259300e+01
6.273409260106620700e+00
7.129711875421880229e+00
7.835196621998007060e+01
7.463090961558556558e+01
-7.964734766420856715e+01
-6.103053604265232224e+01
1.096698487966055922e+02
4.663050619098864757e+01
4.048702100887213362e+01
4.812578045858924902e+00
2.098562338422467235e+02
