2.706144841136974264e+03
3.075301874454356948e+03
-1.498552969477534816e+03
-8.999240317997802094e+02
-6.604000420695106186e+03
2.152877347440514768e+03
5.441876032553551568e+02
-2.555800592911985234e+02
-2.467922572742715602e+03
5.756585977162238805e+02
4.685189759866681015e+03
-2.176651060769694652e+02
2.760112103689022661e+03
2.813064232277356496e+03
-1.399829698482555614e+03
-1.371401124289410063e+03
8.014745804459463443e+02
7.629201442790368901e+02
-2.478305098148170487e+02
-5.553747680671933722e+02
-1.735293040994478588e+03
1.308627426006920587e+02
-2.067002714358739922e+03
1.198757804501182136e+03
7.924454731962233609e+02
-3.040449828471001297e+02
4.313356960113464424e+02
4.363184918560118319e+01
2.180850436576850484e+02
1.153262135364777805e+03
-1.502032515463841946e+02
-4.356343764196710708e+02
-7.891780152029144801e+01
1.620510313522094748e+03
8.067677873682278289e+01
-5.131690963507867309e+02
-1.390604785938258829e+03
-3.463941950624451351e+02
6.157545155860154296e+01
-5.391448066541053095e+02
-7.794862151107308819e+02
-8.431388188888847708e+02
-1.524907314115007750e+02
6.534754061518206925e+01
-1.197164874782015204e+03
1.499002036570744565e+02
-1.906392527006083810e+02
6.911368637647466358e+02
-8.564511109769872519e+02
-3.848989196760268214e+02
1.601216613851087516e+02
-2.056908621861473705e+02
-1.788358004378340809e+02
6.326172052393485501e+02
-2.742607027090141614e+01
7.007185888679916843e+02
-5.848262614806562851e+02
2.812617565949915388e+02
5.960683319197227092e+02
7.537340482355455151e+01
-5.028779401178335888e+02
-4.842539116226062674e+02
-6.109786046459935278e+02
2.295837549322456823e+02
6.665319624794329911e+02
1.429081064219816994e+02
-9.315100108469133033e+01
-4.162016128311881857e+01
7.407036691330380336e+02
7.862733583160780881e+02
9.828292087439439229e+02
-7.585466750705029426e+01
-2.210975488921471879e+02
2.701392806926949675e+02
3.208813475960714072e+02
-1.768012074676591965e+02
-2.369991401026823397e+01
7.430918620238597896e+02
4.985183047483796486e+02
-7.766142270067116442e+02
2.332006953703122463e+02
2.882285262129758507e+02
-1.163041598558852385e+01
2.297777379536496767e+02
-3.299782484474460489e+02
6.942230154049852899e+02
3.265117383352599063e+02
-1.106095107485307949e+02
5.961939983704074564e+01
3.512753717081216109e+02
-2.722522528699620352e+02
2.967143571006799903e+02
9.560478630646388183e+02
7.848103049161497147e+00
-2.960913214205383497e+02
3.001058490811582828e+02
4.110744548975251291e+02
1.440203153936518845e+02
-1.305413597196906323e+02
-2.942340917576855190e+02
1.852602205832465927e+02
-4.661386455463749030e+02
-3.576688484307516660e+02
-4.633168246471082057e+02
-2.054904215633059152e+02
1.043315259894000633e+02
-4.706620057043544136e+01
3.186057884095073405e+02
2.503196402557636020e+02
1.739883495338993669e+02
-2.292375753765647506e+00
-1.447646768593899083e+02
-4.032206133278224343e+02
-2.120413952084032303e+02
6.131692258057406661e+02
-2.355349308979763521e+02
-4.964375789739544871e+02
-3.380572588522135220e+02
-1.955016599141799816e+02
-3.222026805705058337e+02
3.084691376948298966e+02
5.644463989054075910e+02
1.625925236341469144e+02
-1.337207167947211701e+02
1.431685619903163342e+02
1.944006774870340450e+02
-2.393807654836793404e+02
-1.049634084301598236e+01
2.611406384695836209e+02
2.239483218154637711e+02
2.728713662634856405e+02
3.602437820932221939e+02
-4.012188330438785755e+01
-2.922515333910212121e+01
3.540950404868614498e+01
2.840223813091955094e+02
-3.525826565534148926e+01
5.851499537615098490e+01
1.164076164620365290e+02
1.702314889034958867e+01
-1.713930467635043442e+02
-7.009982488640484632e+01
1.903993737045304613e+02
-9.684503108490368106e+01
2.752380515868479165e+02
-1.960120063543803610e+02
1.235417613296892512e+02
1.303846558405283247e+02
2.982086421206984141e+02
-1.517146113611307783e+02
2.949430629959753105e+02
-1.825326489276804764e+01
7.830337960672782316e+00
-2.338709719586639437e+02
-4.859927079612064915e+01
-1.089790665598745250e+02
1.094212615409619787e+02
1.777972538597094569e+02
-8.046640228764097458e+01
-1.060717940281919027e+02
3.008000125213914657e+02
1.143954896424527163e+02
-2.386634711545486596e+02
3.909288929788236278e+00
-2.179956892623078772e+02
1.120847818194366283e+02
-3.185790391792364744e+02
7.551171948994045202e+00
-1.051993533725563452e+02
2.439300467763137306e+02
-1.285079052377839162e+02
-1.481565172975977873e+02
-1.609709850253088632e+02
8.825339275754166124e+01
-1.131262281169372415e+02
2.307335878716113200e+02
1.082260806122262551e+02
-3.068748775480122859e+01
-2.162606100745838091e+02
-6.010565235776746817e+01
-7.243463093368234240e+01
-1.260924829606929478e+02
3.192400722193929496e+01
1.318799765684972840e+02
-1.759781528953156169e+02
7.868812168872595691e+01
-8.998858886730094753e+01
-1.178414928373488237e+02
-1.487173813055929088e+02
-1.902891999293001746e+01
-2.234825053083834234e+02
-1.672201491803686935e+01
-5.472752112325387230e+01
-3.302396894534714988e+01
5.832450328749914092e+01
-1.122194179574790525e+02
9.217906631457570654e+01
-9.035368627955479681e+00
7.377597470907305421e+01
-3.222461147346008659e+01
-9.130435669376939245e+01
-1.157687118671556306e+02
6.109223063532440534e+01
-4.570454258947845716e+01
-4.663017878858209997e+01
1.215412243711384122e+01
4.230638570436090617e+01
-1.515679766821967007e+02
-2.442073732883794079e+01
-4.054235534166078736e+01
-1.737548500601779367e+01
6.901475430521985288e+01
1.636433226339991336e+02
-1.968707588816990608e+02
-6.640360678035706599e+01
2.805354197301770469e+01
8.156441171604191709e+01
1.126801459131343250e+02
-1.467820796955712694e+02
-7.225357399764827449e+01
-1.317745335748067248e+02
-2.013816965382698854e+01
-1.682117656791989475e+02
-8.738247623859589908e+01
-3.601641677023231836e+01
-1.026050738352911793e+02
-1.581560899946315715e+02
8.285885333261209951e+01
3.434501318451484053e+01
-8.430673032481615792e+01
1.199193519078345247e+02
5.231984976087619543e+01
-8.774433993073188276e+01
-6.414408129254192659e+01
-2.791717358642235780e+01
-1.081944248459387126e+02
2.027109278332675402e+00
-7.383369829162896281e+01
-2.549809831436500218e+01
1.260369760334340015e+02
-1.012207887461664342e+02
-5.004743510588620126e+01
-1.524783616446346173e+02
-3.815836732827519029e+01
3.328486473592370487e+01
-3.901742640782450167e+01
-1.051637912258200913e+01
-1.677320716691577900e+02
8.741453833878732382e+01
-5.735819907275395479e+00
7.660842941516159499e+01
9.658783441848709117e+01
1.059412667437633928e+02
2.572676475097076576e+01
-3.073076002068056667e+01
7.857375185251200378e+01
-7.560548889906500847e+01
1.266985459485915300e+02
-2.098003680816203769e+02
1.337196607624138380e+02
-2.754022361563349364e+01
4.803377751485261626e+01
2.365882186833137979e+01
-6.481385953139033518e+01
-1.819589593768085649e+02
1.630940297938794004e+02
4.029000572199977981e+00
1.625210114405660704e+02
1.769442997732706999e+02
2.580523397655115403e+01
-1.214348218478943586e+01
4.439227386741742976e+01
-5.749787839361438557e+01
-6.585288662168871099e+01
-4.027228355176018226e+01
1.099424556069387933e+02
9.605613923624008521e+01
4.324133399934960664e+01
-1.232636223901442740e+01
-5.857456824875927026e+01
-1.478510582902891031e+02
9.013176388846805764e+01
4.875254944481670805e+01
1.169037107686425436e+01
6.410804859234946207e+01
1.822949622578615703e+01
6.265719297256826792e+01
-7.512786323050107962e-01
1.473361213434393164e+02
-5.459901535851240340e+01
-6.549558109570746467e+01
3.177154975417271743e+01
-3.494918378726693931e+01
6.535549022988678303e+01
4.388163132220678619e+01
4.362593811126064480e+01
-4.383269697525188491e+01
4.247037335315116025e+01
-5.182530819928643240e+01
1.069779902791888588e+02
