3.951716598441187784e+02
-2.210302887311344193e+02
-2.655358381551967341e+03
5.959838449149068538e+02
-1.480268425062535471e+03
-1.915809029934988757e+03
-4.019940995156620147e+02
1.111375633553203215e+03
9.649504423952581647e+02
3.951476751020676375e+02
-2.683761804641301865e+02
4.575570042913014959e+02
-7.334201354908440180e+02
1.272186400027586615e+03
-1.534962800876186293e+03
-1.252657993518080048e+03
-7.651283515397990413e+02
-1.048086644830148231e+02
2.966112123875122961e+02
-5.849492773754257513e+01
-1.120398196133227913e+02
4.625753382700258953e+02
1.366572853031259683e+03
6.016277998218987477e+02
7.050663562899836734e+02
3.362079121291984052e+02
-1.474525656542332172e+03
-6.263306726993457687e+02
1.021983008050094213e+03
3.490993090134919612e+02
4.331923235413078146e+02
2.977719584717831367e+02
1.137196854704318270e+02
-7.532553264786478167e+02
3.969530398069087482e+02
-6.055620130004167834e+01
-2.768070745018741263e+02
4.537219263112941690e+02
-5.228887244883860603e+02
1.546276259199333651e+02
-1.014039416473140243e+01
-5.167212113444572879e+02
-5.629253634505067794e+02
1.795815773735668870e+02
-2.592292242875074635e+02
4.166750723215063772e+02
-1.132966958162339921e+02
-3.817371749664865206e+02
2.718589629503163110e+02
-1.118432713065309798e+02
-3.005242242132209185e+02
2.031212807799014683e+02
1.805696764136242507e+02
-1.934133586427815032e+02
-7.261401105918186261e+01
4.313680166404278111e+02
-5.105680947966673102e+02
-4.000888961268544222e+02
2.792072073257530818e+01
-1.105189222818365948e+02
8.032664070501816411e+01
4.314549706649708583e+02
-1.488724787095437989e+02
-4.065833310244865118e+01
-1.466789135205213483e+02
-5.446315699831208121e+02
-6.368948784815647457e+01
9.666551947444088455e+01
-4.973417377658871033e+02
-3.226210271178562721e+02
-3.186488283879043593e+02
-2.759373194496557744e+02
-4.861408720569652075e+01
1.050893610668181140e+02
1.950271903275849184e+01
-2.193098810056455363e+02
3.132630236220333586e+02
1.120114483271068906e+02
7.081477987605693158e+01
-2.274393007476401749e+02
-1.062383997774265225e+02
-1.223916911216416707e+02
5.114579787576381165e+01
-1.881849515710838432e+02
-1.268160138702902984e+01
-1.836582532894591395e+02
-1.320393296090324213e+02
-1.005037310970098616e+02
1.726683509217603500e+02
1.382528483873120706e+02
1.005192844214726335e+02
2.506646305870119136e+02
2.857777402526051347e+01
-4.119227125694379055e+01
-1.513784964853175374e-01
-1.635161534640695891e+02
-4.497833406817986912e+01
-2.107965510807403291e+02
7.486463822129522327e+01
2.078554655481383406e+02
1.550899563014035039e+02
2.855449522731357774e+02
-4.712608948889705118e+01
6.829102209498901743e+01
-3.285760475307350248e+01
3.913664637583955397e+01
2.043267954278088325e+02
-4.489518484809157428e+01
-1.280013024992287285e+02
-9.611862534247867984e+01
1.720702437577822366e+02
5.296026802313027559e+01
-1.106036748744156384e+01
1.877769657871504876e+02
8.723613658996477227e+01
-4.284713232619651535e+01
1.270230296407491295e+02
2.125919640139091271e+01
2.350312913323846686e+01
-3.130031696998808854e+01
1.215374030522337563e+02
-1.632342206527924304e+02
7.258660617718635244e+00
9.165684725917046194e+01
8.990666891211398593e+01
-8.686820881500968028e+01
2.623609623114277269e+02
2.552315855766845800e+02
2.473192852865730984e+01
5.631916478670910209e+01
-8.862302157114163492e+01
5.380395918634906849e+01
9.100758336434472540e+01
-5.491489491631158160e+01
6.883038835161349844e+00
4.105454353979604321e+01
-4.394670421183782594e+01
9.162152797703109286e+01
1.587401636972899155e+02
4.250987794388554164e+01
1.082804390265014405e+02
-9.423753530336396977e+01
-7.005401357283655273e+01
1.019212535032829976e+02
-1.060587406751140094e+01
-6.029812601264073635e+01
2.516590256197731179e+01
-2.763377716493329750e+00
-4.673829281890692044e+01
-2.572192111676692150e+01
-1.070791050202760459e+02
1.491986655064625893e+02
-1.020439882113900723e+02
9.854160611562092242e+01
8.141898645036462767e+01
6.247487805988895104e+01
-3.458669961697537332e+01
4.788274297084689124e+01
2.001272729370713677e+01
4.739329559281030413e+01
6.346750771100353461e+01
1.037172892252919922e+02
7.684111590724407392e+01
7.575357488749637014e+01
-9.779597773718681708e+01
4.981087872394683558e+01
-4.181979285150070780e+01
3.404354570613193687e+01
-5.389285156546011990e+01
-5.416060418357318440e+01
-5.292753338858485535e+01
-2.897348275380344162e+01
-9.914638277292674218e+00
-6.484901880791701956e+01
-1.765630807116523826e+01
-1.036689686222524642e+01
2.222331031319123440e+01
-1.042534512354569500e+02
1.660575939453046246e+01
3.103069072615403456e+01
-4.639371421492899827e+00
-2.775880778916447156e+01
3.570751442723970115e+01
-4.807785949552978622e+01
-4.183066110931675752e+01
-1.530951573191828174e+00
2.208020922342938164e+01
-5.057027377984729810e+01
1.298840987106742659e+02
-8.610783953976441296e+01
1.878519074391324040e+01
9.552622511055406562e+01
6.024111256588620478e+01
-4.994683179569081943e+01
3.609718680213934761e+01
-1.757397058495960351e+01
1.331098636389251766e+01
-2.762292093705486007e+00
1.739028521807240324e+01
-1.044896733191161644e+02
-2.043104640055894450e+01
-6.243275523734880750e+01
-1.906103073683128812e+00
2.461463731673174493e+01
-1.661845357343588736e+00
-2.678072433395115581e+01
-8.209743396778843305e+01
7.448224766190084267e+01
-1.033806254003057035e+02
7.364988563759254703e+01
-1.658662675679687126e+01
-3.592642526630683841e-01
-1.645521935598512897e+01
-9.853965662423147975e+00
-4.187371413099390338e+01
3.359839022038042344e+01
-4.395855054667782724e+01
-2.518471323710551601e+01
2.677044609056120450e+01
-2.035349804086877867e+01
-4.761623544629097893e+01
6.632918781153445309e+01
3.157815199207214985e+00
-3.780718044243073450e+01
2.189128804853746502e+01
3.286686175332747695e+01
2.862191221454072831e+01
-8.838708074720537411e+01
3.826430710438852145e+01
-1.322903751250392190e+02
-1.609558616599045138e+02
-3.148998566628346651e+01
-1.753473786865368922e+01
7.012181463319247143e+01
-5.799836382675406243e-01
2.125449214641981044e+01
3.456551321760427697e+01
1.040893470820909716e-01
-2.887312743144151383e+01
1.796302293192271904e+01
-5.878791684960381758e+01
-3.894234618930348546e+01
-9.748049501307029630e+00
-2.537417915357049836e+01
4.134657719944306820e+01
-1.530784384069946158e-01
-1.159101763302934174e+01
6.391208486876445960e+01
4.358047237873557300e+00
2.063415823956621864e+01
5.487876214710623479e+00
4.964349345773407407e+01
6.413492209105152142e+01
7.801454280917334394e+00
-2.235138928931577595e+01
-1.611835046732677768e+01
-2.018357770992097144e+01
6.797955014843996935e+01
6.315553946096456706e+00
-1.834140277256243401e+00
2.332988382782916403e+01
-8.402513840800170897e+01
-9.440484622495111466e+01
-2.005667208330868256e-01
6.183051661443291769e-01
9.988601269883945477e+00
6.906334866235076220e+01
2.474935143788631464e+01
-3.342901825316006992e+00
3.346578804174102117e+01
1.105739783915869268e+01
6.470935556848107240e+01
7.287586826234859316e+00
-2.297974298623167044e+01
-2.199008774078454564e+01
-5.835225872573283290e+00
-6.744313942727776512e-01
-2.481133742190581870e+01
-5.190300488546483848e+01
-2.233113730022002130e+01
3.224609938691990152e+01
1.882394328518118343e+01
2.225773252300164273e+01
3.167576261224785128e+01
1.342286470672969934e+01
-2.579219743494948602e+01
-8.301739329149359747e+00
8.943387967798118510e+00
1.270433993924363669e+01
-7.785440123591333084e+00
2.717107955922417162e+01
5.110849893440160230e+01
-2.996795546583393133e+01
7.209118553216917746e+01
-1.866849734100227920e+01
2.484004287129588562e+01
-4.251442910021220456e+01
-3.741473890661403345e+01
3.411769537564180155e+01
1.262318610091868187e+01
