4.944182902056852981e+03
3.184102086207187313e+03
-3.373606241324960138e+03
-5.672352405111207645e+02
-4.299471725418859023e+03
1.071620851537931962e+01
-6.849676301591347283e+02
1.158816818857151475e+03
1.749252659092646809e+03
5.835794949971439110e+02
5.592693042101660694e+02
-5.747030857723988220e+02
-1.051653492077553892e+03
1.133648323810813054e+03
-2.618444257259567962e+02
-8.279442814006073377e+02
3.917672646987983853e+02
5.768728198453669620e+02
1.414885201011318259e+03
-7.718427067035257778e+02
3.267457493305374214e+02
2.379972640898363636e+02
4.805253227644875551e+02
4.982116044390880916e+01
-5.048070521603900147e+02
2.358424035587091225e+02
-2.344670449209927909e+01
-1.112518681970601904e+02
2.528721113707569046e+01
5.327138855108055395e+02
1.429214617988561258e+03
-1.182729716717750534e+03
2.808636461073384680e+02
-4.219248132848628643e+02
3.506077429464944544e+02
4.988884799867152253e+01
-1.707446540780240696e+02
1.392984102307084129e+02
-7.620067837229483985e+02
4.016250678499092714e+02
-1.975277510549617546e+02
-6.856371889817429519e+02
1.620655058642819881e+02
8.881957822157177134e+02
3.769353030222122669e+01
1.718462036099141983e+02
3.154070906344049945e+02
2.605805820710689886e+02
4.189897843424311645e+02
3.196457315015422864e+02
-1.563576089337159374e+02
-4.444877644075951935e+02
1.658456968300665721e+02
2.012426506857449624e+02
7.948309411694215498e+01
3.593463464121562652e+02
-4.809717436188353759e+02
-6.142462261042502405e+02
4.493477722346042356e+02
-3.542385066454541516e+02
2.622173065696691197e+02
9.078062881995026601e+01
-4.555421965606901153e+02
1.282901711724839799e+02
1.353611505475199976e+02
-2.177404419537515707e+02
-7.068016685314904635e+01
2.282258057851822031e+01
-1.779937585747312880e+02
-2.225678848044403537e+02
2.931314449398555553e+02
-1.224581112668601719e+02
1.146805651221571623e+02
-1.622904523462436828e+02
6.642332722195403676e+02
9.281357346335042280e+01
2.079673812886807411e+02
1.821943948119503034e+02
4.464351179334365725e+02
-8.288928197358607122e+02
5.781510088734172825e+01
1.408558210757982181e+02
-1.741161564236467996e+02
-1.674415418347275590e+02
1.256935929837621586e+02
-6.107811895374187117e+01
-2.472944976344574854e+02
1.762942318490769935e+02
-1.765700149404852937e+02
-2.810101036306972588e+01
-1.383186864634495805e+02
1.080065296624651694e+02
-1.876531946481598467e+01
7.442514212885289027e+00
-3.963708531773246335e+01
2.300292599529710742e+02
8.986591489870424709e+01
-6.090053007706484323e+01
4.195525706116557174e+00
-2.118559856561051333e+02
3.925161406353805660e+02
3.181422737432229297e+01
1.662330445501359293e+02
-5.103592050243019429e+01
-4.853907662408573032e+01
6.823788592430732081e+01
-1.112448763946134846e+02
-2.531488973458999681e+02
-1.677749438902081920e+02
-2.096602132453245702e+02
-6.775016211298472513e+01
-6.540064736767751796e+00
-2.897438367240081547e+01
6.198060949391683039e+01
6.275495424747580842e+01
-1.376657694447159486e+02
5.556554629244941168e+01
-9.288610642438086984e+01
2.667180377259208512e+01
2.959854418765978608e+02
8.050873872308299894e+01
2.619810198019609402e+02
1.674256957448891967e+02
3.748617394161323091e+01
7.530606716208153806e+00
-3.449309834859536039e+01
-9.374493906517115249e+01
9.422531207256567143e+01
4.982645153788648429e+01
2.057984702420643330e+01
1.075057360442285130e+02
3.104670261334520660e+02
-1.490942802623167722e+02
1.668359852641171059e+01
5.943957063682373132e+01
7.439933855338094304e+01
-5.879198641722425123e+01
-1.213259447186402440e+02
1.470518688354028711e+02
-9.273550276692607497e+01
-8.175164581358755811e+01
1.249210185358194636e+01
1.801675826842899397e+01
1.544832963680765374e+02
-3.691670427687149214e+01
2.656840391277812330e+01
7.315491404311910806e+00
-7.955292213922214728e+01
2.509261541236459720e+02
1.974850312552160574e+02
-1.387860865555048520e+02
3.099683079519883222e+02
8.204338195759197561e+01
5.370386980471426597e+01
-9.786514807936835325e+01
1.043010470084068970e+02
1.492424961571584276e+02
-9.349126032007080767e+01
-4.034078119848801691e+01
7.350671140426338468e+01
-1.162027517076027294e+02
5.589178188251315760e+01
-2.421810116806299362e+01
8.536035268680362265e+01
-7.457901696060537100e-01
-1.927098109830261876e+02
4.890188788121434271e+01
-7.991269681461491636e+00
5.766505672387905435e+01
-5.013587149411872446e+01
-7.844184381576697263e+01
2.199522606473804487e+01
-2.289877440758528593e+01
-1.251457180868821837e+02
-5.335765173587401478e+01
-1.687839388846503255e+02
1.011400414259786800e+02
-1.049629726854598317e+02
-5.978071462035494221e+01
5.243898581184158303e+01
2.791200217632427538e+01
-8.557373756077969063e+01
3.835980350357154567e+00
-2.753027868171233905e+01
-5.417532298193872720e+01
-2.793720492371895148e+01
1.088819452596965043e+01
-8.866024630748347590e+01
-6.353312904732211663e+00
1.241323052845541213e+02
-1.040156061722758949e+02
2.067940413443131931e+01
5.944871775971292749e+01
-9.121086820785008342e+01
-2.052164460486574082e+00
-3.957387860354581477e+01
1.006436684968411726e+02
9.125347212496771832e+00
1.098194834769158916e+02
-1.953412348525973030e+01
-3.730384012504708835e+01
-1.299061010274188277e+02
8.506170541460782886e+01
1.042876299304835328e+02
-3.520461220754392428e+01
-3.006050434942907135e+00
-2.223051172719259583e+01
-7.657005414216295947e+01
-2.318522320516912316e+01
9.642906981205612738e+00
1.907626341857151786e+01
-2.728592298712754882e+01
1.009012505899398349e+02
5.180255867788464030e+01
-3.136349787764717334e+01
-3.770278902768203544e+00
8.122126235090202329e+01
-3.960027548302389278e+01
3.429556314594871935e+01
-8.603991975812880355e+01
-1.095340171378796583e+02
-1.212607443709898831e+02
1.317134349125237236e+02
-2.983752817618628228e+01
4.632882971074893419e+01
-1.937259532438064813e+00
-1.636943418742973506e+02
9.388729853176806728e+01
2.820899017730273783e+01
-5.949843256345526044e+01
6.218914304543752536e+01
3.104478184723342338e+01
-7.421255704248259200e+00
-1.138844627813856505e+02
5.575296278205101430e+01
-1.294466784393103032e+00
-8.403166823535457297e+01
3.859146083585181941e+01
-6.553523427762848996e+01
9.056154352469867774e+01
-8.393855404520071772e+01
-7.408784304314626468e+01
-1.131718519047573324e+02
-2.362638634865446718e+01
1.944251730689588840e+02
-5.744606366488886096e+01
7.024627148471505222e+01
-4.150883696369225362e+01
-1.026070364111224222e+02
1.111400874650987802e+01
2.766830146910405830e+01
-1.697653413127724775e+01
-1.097376268147807288e+01
-2.279544926643076863e+01
2.941643211482468701e+01
-6.164038733011006599e+01
7.153912289279175241e+01
-9.271968617512918343e+00
4.977165952520303449e+01
3.174216857985167195e+01
-3.628346934453014683e+01
-2.143775166818884870e+01
-7.316694326452267916e+00
-7.271422404641306514e+01
-3.417845516020268093e+01
4.467775732918526366e+00
-3.000734957343116349e+01
-7.896904388937382002e+00
-2.692861730230985629e+01
1.333722746339729248e+01
-2.995289836003712836e+01
1.208820524452375089e+01
-4.543917340459584153e+01
3.018601522487998068e+01
-1.070477292660224045e+01
2.982719062939598320e+00
-8.391946918946737810e+01
-6.636184130367530543e+01
-6.775672997037672474e+01
-4.169197969961506089e+01
2.086495196991892342e+01
-8.397456618813844420e-01
8.705072750374061741e+01
-7.446892864248007982e+01
-1.189972086495408554e+01
8.550593657825569949e+01
5.591054737249217865e+00
-5.169728689242197106e+01
-1.228088931066024125e+00
3.469530277268428620e+01
-2.264283307314738991e+01
3.697088391978743172e+00
-3.086903567253575176e+01
-2.445416676804702405e+01
-1.169925260862914307e+01
-1.010443682327206147e+02
-2.959438476401641793e+01
-1.333746389872948745e-01
-6.179682515020149935e+01
-8.673569747535776742e+01
