-1.685687570274224072e+03
-2.045357070267411473e+03
-2.053596089690285680e+03
3.997141719304373964e+03
2.264738660736732072e+03
-1.566554078678494761e+03
3.255604417467171174e+01
2.843504170406748472e+03
1.774166847508148521e+02
6.321945328101894575e+02
5.712728489002871584e+02
1.226485996196466175e+02
1.433969958066146773e+03
2.236225995877615787e+03
4.801273707761369565e+02
3.646323165184603567e+02
-1.548181949640346829e+03
9.782762827289606093e+02
4.937252158055955533e+02
-5.363490587544414439e+02
9.972569165678488616e+02
1.746258042002957836e+03
1.081560171750302970e+03
9.209838262708507273e+02
-6.747432367030896785e+02
6.338428597197151504e+01
-3.223222935905597097e+01
7.451295964736972337e+02
1.803521624100385168e+02
7.595971554536039321e+02
-7.105563553000935144e+02
3.711973784495870063e+02
-2.967896714961352700e+02
-1.586932140420558426e+03
-6.728318071462653052e+02
-1.184781830140073907e+03
5.561171252495435056e+02
-2.877161184741945021e+02
-7.118010727622714739e+02
4.334511687447232475e+02
-8.279239207441341364e+01
-1.536840986040004736e+03
5.965757100400271611e+02
1.619558393486099021e+03
8.888613375954628282e+02
1.117199978820792694e+03
-2.109062859043851574e+02
5.396172225831305695e+02
-9.953990840638318787e+02
-8.275292006786118293e+01
-9.342407048605074351e+02
2.588399312897075220e+02
-6.812949736379549677e+02
-8.085832921696417088e+02
-6.854155167559272286e+02
8.840702362857512071e+02
9.522772480374790121e+02
6.067303922235789742e+02
-7.323051675214655916e+02
4.789407597489609998e+02
-2.230308472016963321e+02
-1.713153594267573453e+03
5.686177518453851008e+02
-9.552471706499401307e+02
-1.909189831838955342e+02
3.999163735259758710e+02
7.914978554737283503e+02
5.990735041660252591e+02
2.993593551041112164e+02
5.647438008439341850e+00
-4.453454242574725441e+01
1.054219911653552572e+03
-1.034175036244689494e+02
4.829356969279782561e+02
6.171682036111279785e+02
-7.670017191272170294e+02
1.501497861082376915e+02
-1.051414987393307683e+03
9.327268126671319806e+02
-7.127925732108144530e+01
5.295823487866117603e+02
-7.641971425403846752e+01
-3.045655592468687587e+02
5.570628796722951392e+02
9.701425048436980205e+02
-2.008216084900018927e+02
-4.603151168637331807e+02
2.418043877006942068e+02
-4.857756359787153428e+02
-4.397627420264107627e+02
5.474732704641012333e+02
-8.279445982748023880e+02
-2.701455365873414962e+02
2.264044637910538338e+00
9.667051694356738381e+02
-1.348416071951847641e+02
-3.925941640636091279e+02
7.202260669647314728e+01
2.506437466868212312e+02
1.104662872705745436e+01
-1.169325192196215397e+02
-3.903717409840184871e+01
3.929752823849871390e+01
-2.034309990808602038e+02
-3.711912901744445321e+02
-1.273778025406756740e+02
3.355849892594629296e+02
9.638022553223508737e+01
-2.267192572956105892e+02
2.263753085760523618e+02
-1.345626998011427418e+02
-4.637626657552598886e+02
1.064551244462738140e+02
-4.569343955113749303e+02
1.785972242846623601e+02
1.878597547671052859e-01
-6.936075722819257408e+02
-7.784898739845742739e+02
-6.731999097556520155e+02
2.066667396924736408e+02
4.160280965938565032e+02
2.128237298334904608e+02
-2.145232135132055475e+02
8.997761485050887131e+01
4.465923170612909985e+02
-1.966936341063532154e+02
4.649082218252766552e+01
-5.034448700698490597e+02
5.008620604447087885e+02
6.781844803909768871e+02
-2.609923817624276694e+02
-3.240642261012320660e+02
-9.420617097382547627e+02
7.285990639543209682e+02
4.481265201287599780e+02
-1.090444891245542749e+02
-6.575192057378717436e+01
-7.152545079858560939e+01
2.137998737693473288e+02
9.544551826785238973e+02
-3.299277994546521882e+02
1.629545340121396535e+01
4.356353846102592229e+02
4.264604731021019006e+02
-6.058844025377055686e+02
2.930113923640230951e+02
1.739523904891376844e+02
1.109938185826266732e+02
1.626325867744282050e+01
-2.897623667593176719e+02
-1.687368861977782331e+02
-2.070842436729242593e+02
-4.647846026328193147e+02
2.370186225739275585e+02
-5.831517732854789529e+02
-1.064004401982082157e+02
-2.614423806808671458e+01
2.174733425424759616e+02
-9.912763382872622486e+00
1.125294249430756111e+02
-1.368938364143929221e+02
-2.350400498681798922e+02
-4.187838714550745749e+02
3.001381243892907378e+02
-4.021282267656825979e+02
2.204692775279026762e+02
-1.444670778861842848e+02
-4.496752012564502934e+02
2.102257294870805424e+02
-4.060643823149942477e+02
1.345180268123917244e+02
5.532017691788913680e+02
4.322484637857533585e+02
-1.774347242762100336e+02
-1.154229959754936488e+02
3.086439066593289908e+02
-1.126796319657475891e+02
-2.334989610667593922e+02
-4.630055835043717138e+02
-3.604517840731762135e+02
3.153221838188286483e+02
9.728653692423667110e+01
3.031514035429303249e+02
2.351071719444140840e+01
1.875634667607546646e+02
1.517364359942295664e+02
9.989764408046011113e+01
-3.481939142055018692e+02
8.973941159675831614e+01
-1.584504310121641879e+02
-1.625042891510159961e+02
-5.155482158342518915e+02
-1.123396711470876852e+02
-2.042329583759252500e+02
8.659131759669332951e+01
-2.733283368771830055e+02
-1.346783209186381782e+02
-2.476841981605956278e+02
1.955385722055807918e+01
1.790744763522511960e+02
-1.993864796989605281e+02
2.094764642591805739e+02
6.983023227050171045e+02
-3.706350261260650427e+02
1.678210929459011140e+02
-7.143621824123130182e+01
-6.381551701810077049e+01
2.524854765621653883e+02
-4.143086768196283032e+01
8.105776892435480718e+00
2.472527592418205344e+01
-7.531858095838367717e+01
-2.100357005799943977e+01
2.381582311149396673e+02
-2.896095210210796722e+02
-2.203654865537700118e+02
-8.804137915484893995e+01
2.960670055396576004e+02
-5.570918508554282198e+02
-4.101631986492324131e+02
-1.126582982696438080e+02
2.110382589452684954e+02
-2.631861841044766948e+02
-1.682410312784472524e+02
-4.686097129648939017e+02
6.595719557701040969e+01
-2.571632854739860363e+02
1.309471237817318752e+02
1.231140455600483534e+02
-5.012103436044656490e+01
-1.350552087360887583e+02
-8.514537794229546819e+01
-3.519681929004368044e+02
2.981415680438984737e+02
2.162206578623131179e+02
-4.096593553814650477e+02
-1.921678265347405556e+02
5.528267906163374619e+02
-1.682173507058099631e+02
-3.538319362828875683e+02
1.341781063031022256e+02
4.921486922333635903e+02
-2.984283691001621719e+01
5.629498679655711157e+01
-3.460058911412197631e+02
-3.538062921671216259e+02
1.786540769652796357e+01
-1.697365911072363360e+02
2.453470669341305097e+02
-9.103365624213532215e+01
-2.854614213035858938e+01
2.995102832100636761e+02
-6.836485987696782729e+01
-3.673580947614216825e+02
-6.175472553504652495e+01
2.921724889220017758e+02
-4.236935611567975570e+02
-2.706247192361554426e+02
-1.210315987381877534e+02
-1.120785655856610248e+02
2.048056064885981868e+02
4.708117729598549772e+01
1.200672633201040043e+02
-4.009650672473745203e+02
5.316896720808103964e+02
7.070135722810216805e+01
4.548205567853905222e+02
-1.960997172363547918e+02
-3.919527598157005741e+02
-1.937237046227455153e+02
-3.451147849160590226e+02
-1.794996154472239311e+02
3.125673540257267291e+02
3.104743638068803762e+02
1.136769412115507549e+02
6.175637116811373950e+00
1.476395522803854305e+02
-9.488982087434372659e+01
4.187998074601892426e+02
-2.219248018739898214e+02
-1.080484283577160767e+02
1.711408214565154573e+00
1.935842217558846414e+02
2.595569960336913482e+02
1.734085004711803606e+02
2.555873816692054277e+02
-2.169245016473039982e+02
3.730350303008704032e+02
5.510368608608381891e+01
1.338667709065243514e+02
2.054674334497357222e+02
-5.830348181920268047e+01
-9.978141314729879241e+01
-1.974495905899230479e+02
-5.255421381528769871e+02
-1.394136377721980011e+02
-1.099365479214158228e+02
-7.818901426638406349e+01
-3.597148865038627719e+02
3.338076575023686701e+02
