3.231618140437043166e+03
-5.312908594628107721e+02
-2.155838787533568393e+03
-9.257522819415866024e+02
-4.280163035598629904e+03
2.143787452271993970e+03
2.449850948844608865e+03
1.998607582169022862e+03
1.925435698090563619e+03
-1.730298856745119110e+03
6.953438276080518108e+02
1.203514936462745482e+03
8.769729045352611365e+02
4.897624474670545851e+02
9.032613133762333746e+02
-1.001627954382018061e+03
6.979317790120284144e+02
3.173797156758962501e+03
6.975410396601610046e+02
4.127488233794934445e+02
4.830859786261125919e+02
1.122848999432127812e+03
-9.823293591125687954e+02
1.096041085045553018e+03
-8.629481905709810690e+02
-3.184638522366383739e+01
-1.311768555496656063e+03
1.034828178034047824e+03
9.327499201571883987e+02
-1.175960816179511085e+03
-3.173580019476888197e+02
1.770416124011987677e+03
1.768970777580758067e+03
7.633440834069164111e+02
1.745597501797771258e+02
-3.246639039930645367e+02
2.114075078684940365e+02
-2.983916751940602694e+02
-2.373091958218877835e+02
7.300159604589576929e+02
-4.065832704393614563e+02
-2.942237754597331332e+02
2.893333527075506595e+02
5.826637288080042936e+02
-7.891512179614361457e+02
5.706466766501681604e+02
-8.171131677243300828e+02
4.847900705274980169e+02
-3.795106054682358945e+02
-6.849781595262047631e+02
5.611682703291796770e+02
1.713714831831026686e+01
6.034774598817684819e+02
-5.011232656913985579e+02
1.013684899354660303e+02
-2.169365086692982914e+02
-6.100099603559498291e+02
4.097475884323010575e+01
-9.059632626232751136e+02
-2.573477898162820452e+02
1.561277411170701725e+02
7.664123888425302766e+02
2.465864262361566261e+02
-3.683066276032830046e+02
1.123545832190731915e+02
-3.212143739314107052e+02
2.768834254810032576e+02
3.508072340002198786e+01
2.386116888299794425e+02
-7.471943100049834641e+01
-2.755481645569907982e+02
5.062151792161998856e+02
3.312650930298880780e+02
-3.279526460003477837e+02
7.235417674731654643e+02
-9.414445124999524239e+00
-7.821049240819675674e+01
-3.377343606259518083e+02
-5.083565472253283701e+01
2.054156006098507135e+02
2.200240711334364789e+02
-4.976290448244604931e+02
-1.259971847678296513e+02
-1.779392041751170837e+02
-1.125114236546457249e+02
-1.864073626736357880e+02
-4.896412389872998006e+01
4.752064123510765370e+01
3.776446853503176726e+02
6.198097538874048951e+01
-3.304873667550270966e+02
-6.832888107635181996e+02
6.178543241455806623e+01
7.643423083349597391e+01
3.673796062871627441e+02
-2.218976114841660490e+02
-4.095504698671250665e+00
6.055013712810743982e+02
-1.342978258316980202e+02
2.806589285283813524e+02
-4.304017549338523452e+01
2.194136167121849326e+02
2.180492203906364423e+01
-1.793549633274479334e+02
-1.298915225158706335e+02
-9.911142962189958894e+01
-2.142358895361451232e+02
-2.875665635443535280e+02
2.406517540261360750e+02
-2.311475915668075061e+02
2.266907777843005647e+02
1.785959314251110985e+00
-2.308072983956381563e+01
-8.242115708611302693e+01
-1.140164769497019535e+02
-7.830950157253896293e+01
2.176912827696250474e+02
6.995916908946497870e+01
2.748468860829598839e+02
-2.142512108662375852e+02
-2.001518290334218193e+02
-1.141552507996135013e+01
-4.512929095975936633e+01
-9.995706046287827462e+01
-1.795259629349020543e+02
1.112784995057323130e+02
3.115733131671368739e+01
-8.986962648194547398e+01
-1.416638555278651381e+02
-8.813778000973925941e+01
1.168140037372782416e+02
-1.886631022052865205e+02
2.437447441885611852e+02
-3.226656127470216688e+02
-1.583789579303238497e+02
7.505479695002189544e+01
-1.534907662358936591e+02
3.862717253389045027e+02
-2.957942012172558179e+02
2.886528233125748102e+02
-6.248908812195847418e+01
3.007430857322260920e+01
2.189991533303511062e+02
9.843328946015077463e+01
-1.045322156462856888e+01
-1.075689853201682809e+02
-4.278944880674102791e+01
-2.016747085981713212e+02
1.007327006088124088e+00
-1.417242517038691005e+02
8.280671384092805454e+01
1.801135266225921612e+02
2.232064580557765225e+02
-4.272566604254363938e+02
-2.612444962157752570e+02
6.469739894952995485e+01
8.952553803564072155e+01
4.356520312033812559e+01
-2.091956583293585936e+02
2.453257485252034655e+02
3.155148026330853028e+01
-1.682150174632280937e+02
3.036668329808150268e+00
1.296609994427947754e+02
-8.099379574410663452e+01
-3.757761520291693635e+00
1.117656769340887912e+01
-2.144156949743476446e+02
-2.542598977474582611e+01
-5.447078654020647548e+01
9.891496574071750558e+01
2.295359667633088634e+02
-4.957083181084347423e+00
-2.097384281044594161e+02
8.569115474439398383e+01
5.503750089754760211e+01
-3.530860329878962034e+02
-1.531998568466363864e+01
1.281332575295907077e+02
-8.214152954403604667e+01
-6.840787419844286177e+00
-9.695040972063509344e+01
-6.991802865603810346e+01
-9.466651546732034461e+00
2.663479375502685684e+02
1.465080140312340689e+02
-4.975095789023917092e+01
-1.096750361852744078e+02
-1.011275558759658244e+00
-4.047468551285139426e+01
7.278835223799170251e+01
-4.707254425201809767e+01
-2.301670993032257684e+02
7.104276601420183113e+01
-2.189007568295649833e+02
7.931369200078918880e+01
-8.664617070383860664e+01
6.627053021137763267e+01
-1.870708697452304818e+02
1.114150962805917402e+02
8.356172345036365812e+01
-1.062521853478926346e+02
-3.028690764105079225e+01
-3.887427645891314683e+02
-1.928250508276398421e+02
2.128626835118929819e+02
1.118669266022196922e+02
1.568655360018813383e+01
1.455723377445231215e+01
1.975422402543869111e+02
-5.138625682124896343e+01
1.156995435391262674e+02
1.410354321066083116e+02
7.813223228925096464e+00
1.774703850075736682e+02
-1.183051631232485050e+02
-1.512640746473008164e+02
-2.771666866395107220e+01
8.442089576757106784e+01
-1.993763135571261103e+01
-2.811318658855858033e+01
-6.877835112988961441e+01
5.017145242180202303e+01
6.716509668007610401e+01
-1.574940279021516432e+01
-5.008845972757616494e+01
-2.065526407658054353e+01
-9.649172845457911762e+01
3.701033913597994740e+01
-2.671122797634624746e+01
2.680486956486704386e+01
2.255171908256726567e+02
4.933558407086943021e+01
8.145874360400753744e+01
2.116212543067593970e+02
4.630579979196070184e+01
2.340117760551795101e+01
-1.009861163959129158e+02
-2.081476677045023038e+01
-6.363150937504185123e+01
-2.804488633576929146e+01
9.225904151742216186e+01
-4.601920484222645058e+01
-6.390382008198630359e+01
-1.377392974817153117e+02
-5.814612802954428616e+01
-2.436859397961995910e+00
3.283594347191149865e+01
-8.972866895702907186e+01
-1.471731237317133179e+01
-8.352381199382195121e+01
1.542031047744211492e+02
-2.495820415536246628e+02
-1.315643119642083150e+02
-4.809593990834076038e+01
4.862294613962409784e+01
-1.479841856786226550e+01
4.485415998416953443e+01
-3.737406405330136039e+01
6.453828559410890175e-01
4.253904630285213528e+01
-3.445137027081947423e+01
-6.281838240552385599e+01
-1.788058659814912232e+02
-1.706093676924231772e+01
-1.525483498625200607e+00
-5.575722623101718511e+01
-4.823468640323144285e+01
2.051614887520127013e+02
4.049738423978202206e+01
7.437568840757782596e+01
-1.899413256171588671e+01
2.252353112432267324e+02
5.379631248744853167e+01
4.638550297529280186e+01
1.342069027747477037e+02
-1.280025750685219066e+02
3.456599525882832324e+01
1.392768156916984310e+02
8.773684334105844584e+01
2.670193362966136164e+01
1.437891129507088692e+02
5.119694319980659003e+01
8.796462438134099671e+01
7.438076528829108724e+01
-7.464066675421123875e+01
4.355212452154210467e+01
1.287311933369038464e+01
-8.877851138988512503e+01
2.413625865732780085e+01
-8.813089972459985688e+01
-6.377088629096178352e+01
1.307172455263226141e+02
3.133952529355636685e+01
6.105850827882009924e+01
-6.487319979832192018e+01
6.032158302947054551e+01
8.962545024968137852e+01
-7.805242454589659928e+01
-1.041684251177872511e+02
