-1.151190934773591607e+03
2.663177465347910129e+03
-3.043170866257333273e+03
-1.679768067709074558e+03
-4.091778971402958177e+03
-2.928249016562471752e+03
-7.031966573926320052e+02
-6.517869461647092066e+01
-1.367532079681584264e+03
-1.402351241418055679e+03
-5.145157903569405988e+01
1.536913616107114649e+03
3.930973425791755744e+02
1.649612763429254017e+02
-1.238542818882038546e+03
1.476604943378956705e+03
9.976968789277118503e+02
3.743923918453019155e+02
1.684501763007413615e+02
5.364292987926538672e+02
1.427361693267237797e+03
1.645384917783352421e+02
5.702442230267752876e+01
5.561381885986513680e+02
-3.490799516675276664e+02
3.502191246854875573e+01
1.115283119984547511e+03
-1.819676347539115682e+02
2.336791513067368697e+01
7.378861326078316552e+02
-5.679024178539173562e+01
4.271964122009239304e+02
9.624393778733417548e+02
-6.499660959695256679e+01
-1.473532747061066743e+02
-2.317527626349433945e+02
2.550603464402604175e+02
-7.600091603130587146e+02
-8.545151694441258883e+01
2.066387029957904815e+02
-6.338769893479489070e+01
2.707390679113223086e+02
-3.909838260338762552e+02
-7.707192260478436765e+02
2.185074051379149864e+02
1.410832057075201078e+02
-6.713129401460314227e+01
3.743285801430363335e+02
-5.973693739340405955e+02
4.066159211488150618e+02
1.074439870413028046e+02
2.811089487012066357e+01
-1.195990969084617177e+02
-4.427153540045918021e+02
-2.133720234241516494e+02
3.913936790610871981e+02
2.843832598238605556e+02
1.155666596665949726e+02
-2.852717066890418209e+02
1.413501008520125595e+02
-5.613090110047533017e+02
-3.169984960503504112e+02
1.955460439722349975e+02
-3.340863901545326939e+02
1.880309855321506802e+02
4.757375947974723829e+01
-2.389854544896982986e+02
-3.711842194884821424e+02
-2.694937398017145256e+02
1.775850422535304745e+02
-3.048053086198613570e+01
-1.064232301240520400e+02
2.898174942923747039e+02
-8.889806244743488151e+01
-9.793359525286612666e+01
-2.175018499258549127e+02
-9.761348058260472271e+01
1.095361476759105130e+02
-3.909578516827459680e+02
2.681482654195090731e+02
-2.876746829815580853e+01
-1.574183563946173479e+02
-3.248339711672997510e+02
-6.875151517066764484e+01
-1.933236519968967002e+02
1.560155264535690094e+02
-7.713912164703951646e+01
2.884839597971290459e+02
1.702947044246768940e+02
-4.261765986419444374e+00
3.821615209670523541e+02
-1.198282333667156934e+02
-2.564888102561943697e+02
3.446381627160217676e+01
-1.929542841780423998e+02
-3.977295045783826311e+01
2.028209067622620978e+02
-5.403390308763557215e+01
-1.102201903126070803e+01
5.228966493005576410e+01
-3.996660794667678118e+01
-1.673683866881851543e+02
-9.840095384028032299e+01
2.326371538616401722e+02
5.091419719867185023e+01
-2.632497787885979434e+01
1.165738645091819450e+02
-6.732188821756471953e+01
-9.182053540901318911e+01
-4.741129506333770394e+00
-4.899646399468856828e+01
1.305510257651743586e+02
1.461745479350848029e+02
1.958281448956912243e+02
2.192347242986822664e+02
2.259626983439571575e+02
1.363605010259910273e+02
-8.771214971989553533e+01
-2.863464177511421838e+01
-1.385051752018462139e+02
1.409222637201455655e+02
-8.331593345549050866e+01
-8.912477184502003524e+01
5.430519323017747269e+01
-2.518748404747056782e+02
7.842267478717799634e+01
-4.213822984795434934e+01
2.179968260775640090e+02
-2.073717504244966392e+02
-8.424747845708751015e+01
7.503468427784191874e+01
8.585299714715998221e+01
2.821888552565321007e+01
-4.958383886288358156e+01
-3.957592323958651548e+01
1.904808207784375611e+02
-1.766239996398141443e+02
1.135618364806811371e+02
-3.456900476438658387e+01
5.025751328605311485e+00
-1.739819881604456953e+01
-3.394839754818842437e+01
-3.719284237718276653e+00
-1.889881793302664050e+02
-2.035755688623889625e+02
-1.459140056594776524e+02
8.262978342537510912e+01
6.995566022858974975e+01
6.292225899699433711e+01
-7.711402283706118510e+01
-1.097597163883496485e+01
1.708424468266887857e+02
-9.094404069970683224e+01
-1.148593731838450509e+02
1.331274587769595996e+02
-6.425598739282069971e+01
1.664246444413660697e+02
3.650601712049690661e+01
-5.193384763697546447e+01
3.497645278931267399e+01
-5.013917337811258790e+01
1.797963999556437642e+01
-1.766726802862465888e+02
-1.986823313725497258e+02
-9.450572381429992674e+01
-1.023687136485375788e+02
-5.312151355358735572e+01
4.339715951184850695e+01
3.554773069930013207e+01
-1.112323002887380454e+02
-6.367918558487479430e+01
-1.005742313932025951e+02
-1.318964899743621686e+02
-1.390784297866446764e+02
-2.371115628806231257e+02
-4.068579582929874050e+01
1.039207542369711206e+02
-8.786605782513822760e+01
-1.037639865784685327e+02
2.772369440709838528e+01
-1.690219375518612210e+01
1.605013325411664127e+01
-3.085828823904001439e+01
-1.144707058405237916e+02
9.209351583025456023e+01
4.244972674012969094e+01
-1.155849146448387046e+02
2.948668327203114004e+01
-3.974241647985066095e+01
-1.938155108207861588e+01
2.125766630343345565e+00
-1.423399591796414256e+02
-8.764647019112654647e+00
-7.534905302566117768e+01
-4.118014767048892111e+01
1.211575013960045766e+02
-1.049467636155467858e+02
1.040015115233221081e+02
1.419580748874636242e+02
-2.302384654424038857e+01
-1.070455140201919342e+01
-3.474143519710818140e+01
1.038435876190449250e+02
1.249750076986578762e+02
-5.415665096415885671e+01
-1.414266806904816747e+02
4.969091649428539625e+01
4.521443500979393626e+00
-1.958280741675729075e+02
3.451117820371048595e+01
-2.705437221366295120e+01
-5.310090401605080501e+01
-3.775035608297993406e+01
4.287941376335406574e+01
-2.631102222561580462e+01
-9.168763327319952339e+01
-2.088150795647629820e+02
7.899758712727495968e+00
1.663227265669400623e+01
-5.517860100107335342e+01
-7.104039083348645534e+01
9.032707650219927942e+00
-1.512566775023652177e+01
1.878395124852303155e+01
-4.414717738314801210e+01
-4.863387403264950670e+00
-9.215682685977499489e+01
1.238435372656369537e+02
5.256995597773508777e+00
-8.110178775213435642e+01
-1.204432198469627480e+02
-6.773405720108132755e+01
-6.753032181721358995e+00
6.119732650341394020e+01
-4.474587472694726387e+01
-5.492893092168079860e+00
-3.470045594051893545e+01
-6.188284633304379412e+01
-2.511559151696240022e+01
4.674189011432522278e+01
-6.813591416508886311e+01
-3.827828952006563590e+00
-9.440394629263552417e+01
3.214063138539990661e+01
6.314370174129646784e+01
-1.387070970947547188e+01
-5.251946574878942897e+01
-3.506025764195511130e+01
-1.370199377933248286e+02
-1.574455219259616712e+01
-1.312219741868535827e+01
-5.167888510813334335e+00
-2.464787278386746650e+01
5.529109945096437428e+01
8.185283206387023824e+01
8.380586267474427586e+01
2.221325117627302248e+01
-2.542808583907789099e+01
2.226233190765706738e+01
2.976695798037640373e+01
-1.688915097727662840e+01
-4.539649297618733215e+01
-4.899389706369514386e+01
-7.115254054511690640e+01
5.914901271923048398e+01
7.881509012576852058e+01
2.389393847200464194e+01
7.542881002346943831e+01
-3.249208591032256521e+01
5.568017846851250852e+01
4.872013055783234847e+01
-2.010500773180896772e+01
-7.214223474011882331e+01
6.742951779666279322e+01
1.336689754992959536e+02
-3.242416074438891460e+00
-3.138592786506506016e+01
-4.892574548488319408e+01
-9.119163745379456998e+01
2.419404951794554393e+01
1.055652011110167443e+01
-1.280108277437587105e+01
5.608690614438544486e+01
-6.435487966153226935e+00
1.221918145247032861e+01
-1.735150021383161345e+01
-4.816081466125331900e+01
-5.856922635315996217e+00
-6.204812606888767235e+00
-2.564392061707504666e+01
-5.985004575497733725e+01
1.185742080787242969e+02
-4.240167350180543338e+01
6.931674659222970547e+01
-3.440227195706285812e+01
3.357814773874947889e+01
-3.216460805628609165e+01
-5.887310075440855428e+01
1.021992084885436114e+01
-2.843105613372349794e+01
