-1.716757697055591279e+03
-5.489075664885282094e+03
6.080889921257665264e+03
2.405772309375410714e+03
-1.201828883708938520e+03
-4.611060207453893781e+03
8.466551779380672542e+02
-3.285362473630536442e+03
3.942106419850982491e+01
2.212886772286781820e+02
6.690989027112610188e+01
6.636193055832560503e+02
2.125590507530450282e+02
-1.680314668518281849e+02
2.955436397265837627e+02
6.777584798578288883e+02
1.820936810916664399e+03
-5.868442026730454018e+02
-4.914899890154111972e+01
-6.463985154747214210e+02
1.191402483438456102e+03
2.973095161051240211e+03
-1.654530173376545463e+03
-4.944145800154568633e+02
6.685321140202466950e+02
2.391129677573450749e+02
-1.853733872544527799e+02
9.535452922464090761e+02
6.663521784529920069e+02
-1.548867453964319338e+03
-5.093907775215915308e+02
-2.447210683090201201e+03
1.450513379022976778e+03
-1.164219169819174795e+03
-2.828067376482603095e+02
-9.684327386791916581e+01
5.161655503977787021e+02
-6.957115143344138914e+02
-2.682500468424781843e+02
5.685707540000342988e+02
-3.505317795669204770e+02
-3.394506869287714039e+02
-9.555169877007358537e+02
1.297389359079544647e+03
-6.858228722644539630e+02
1.245995715548702265e+03
-2.569767124826259685e+00
3.220749979053383072e+02
9.558445070113405109e+02
-5.126457660156999054e+02
-6.638110969231037188e+02
-3.632731050763738949e+02
-3.326218516681026358e+02
-4.470187916184257233e+02
-7.521071423642141554e+02
2.130606372006111542e+02
4.124108069891525474e+02
8.477529968577576938e+02
1.574150840847528059e+02
8.718950894957474702e+02
6.506098728528470474e+02
-5.179390009709112519e+02
2.590937107906930237e+02
-2.137913576990936519e+02
9.821444322120997583e+01
5.344142955329995175e+02
1.192424240389127135e+03
3.322630221521755089e+01
-2.286952528091565000e+02
5.068631138907800278e+02
6.370760956368243342e+02
3.832124224950592861e+02
-3.422764259382007594e+02
-3.476130117566415834e+02
1.241362669742997866e+02
-1.243715992097984781e+03
4.425977627371904646e+02
-4.834748349085723476e+02
6.909658419037656358e+02
1.000032665845934332e+02
4.863404681864104759e+02
-3.351045535645478139e+02
1.221878346216125095e+02
3.192605923478174645e+02
1.145063437750136700e+03
-1.133082728460855009e+02
-7.517098612135548592e+02
-1.740934764432987265e+02
-2.588592272202809141e+01
1.336035779939328449e+02
4.138297185204705784e+02
-4.762759286011714153e+02
4.692832240400419437e+02
-1.124263060452241447e+01
8.049514177769962089e+02
6.738504156054834482e+01
-2.869333008343027132e+02
7.585318508585394284e+02
4.153102445616340788e+02
1.672897508339597721e+02
-1.274978105244119320e+01
-2.663864088908721328e+02
4.543760140282790303e+02
3.172596413912576736e+02
-6.401106430316975775e+02
-8.132077332182106488e+00
1.902722431893259625e+02
-3.432660904398499611e+02
-2.290020037556999011e+00
-3.702293199337038914e+02
7.298832817817798002e+01
6.055628074419522733e+01
3.177719035576012061e+02
-4.491201153396391419e+02
-1.571956843149961536e+01
5.025345676959835259e+02
-9.060483697911860190e+02
-4.400942765516821851e+02
-3.625951096646776364e+02
1.348206838319295855e+02
3.195616045952007767e+02
2.058082394746681416e+02
-1.116783564298781357e+02
-2.243043189613506172e+01
1.475378419709578566e+02
-1.819555646889876641e+02
-2.116152138124917599e+02
-1.081987841977825013e+02
2.634701223479686973e+02
6.336005337719293493e+02
3.908410821785163307e+02
-3.762278805772479018e+02
-8.102658093133071588e+02
4.573304535352369840e+02
2.896940693574504735e+02
-2.163985713956035895e+01
1.135445313325772219e+02
4.687454800021986046e+01
4.134709608661086691e+02
2.832876969748242573e+02
1.935056037841222576e+02
4.112399592841449625e+00
2.340865140607362491e+02
5.243545405750425061e+02
-4.523294763275374066e+02
3.476557674617091607e+02
-1.291266312739932687e+02
-4.464152425277337102e+02
2.416818295588552132e+02
-1.262350526704425704e+02
-1.059269734051206058e+02
-3.949665062795558583e+02
-4.251764512699052716e+02
-1.855453057284114209e+02
-6.844287365700762393e+02
-3.415866023450771536e+02
1.392042364141477151e+02
4.576677867621762061e+02
-8.483088362480955880e+01
5.698243115547241899e+01
-2.947580673815653540e+01
-2.318763108482311264e+00
-1.060781652458667850e+02
4.504396018255838499e+02
-1.416724968510559108e+02
2.495286075831514268e+02
-1.399195976390219585e+02
-4.027932528053308374e+02
-5.277884661297333935e+01
-1.748749784987334976e+02
-1.133181597739510522e+02
4.633939795487769402e+02
3.729177990459675698e+02
-5.677230021021555331e+02
-7.306349576028158310e+01
2.759161799175721512e+02
-1.938880336476699284e+01
-5.269922394689974681e+02
-1.647348201808607371e+02
-2.126099310321265250e+02
-6.954824227993032082e+01
6.996754107029777003e+01
4.145911651805183169e+02
-3.625822093905768639e+01
2.531006678317564536e+02
3.513807300601233692e+02
-1.474810867987201846e+02
2.030721414607454847e+02
2.792178922745320424e+00
-8.149998698066987401e+01
-3.036095485873785833e+02
-2.990258827994380795e+02
3.182051558883504754e+02
1.069738777572388955e+02
1.467912907719043858e+02
-8.988492070017949231e+01
1.761668569351521398e+02
-2.337773175950178484e+01
-2.216295992113566982e+01
1.711672105276389573e+02
1.909899602091834083e+02
3.665824996835425509e+02
2.571510114318640490e+02
-2.608687190813021743e+02
8.738643240420883274e+01
7.131362997596271214e+01
-1.179102442862233886e+02
1.933832659460081516e+02
-5.336479925662282398e+01
-3.000890585866583038e+01
1.923085423941459737e+02
-2.579306546388425545e+02
-6.107890288644870225e+01
5.317287763158108049e+01
-1.556710025354370543e+02
-1.442692317102126935e+02
-1.458773293093750283e+02
3.746895775870733303e+01
-2.437830971278447123e+02
-2.379834568148333744e+02
-9.639751286538233899e+01
9.797508414141442756e+01
-1.434709435703153702e+02
4.928647339288264106e+01
-7.149192077368424236e+01
5.601714240925802102e+01
5.527796733104970173e+01
1.464828699062221347e+02
-1.288265364776300537e+01
1.847834926717140149e+02
-6.365601656479245918e+01
-3.789468375191652854e+02
-2.336152770177697278e+02
2.379766445465491529e+02
1.013055443519403411e+02
-1.436574023007433141e+02
-4.260391370381554452e+02
2.018048998839754518e+02
1.225207029588036249e+02
-3.596910162672028832e+02
-7.505429303044226508e+00
1.562448319952524969e+02
-8.297548870832611101e+01
-1.173226914282612796e+02
-3.296652175882679217e+02
-3.265938458061673941e+02
1.845233657203374946e+02
-7.059335526370777814e+01
1.492783001389307174e+02
-9.464966276409646184e+01
-1.457910054409843497e+02
1.001065303461366369e+02
-2.342945853584648717e+02
-3.477480863066440975e+02
3.701151380932517299e+01
2.015174249356831027e+01
-5.562418255353907881e+01
-2.455589433938257855e+02
2.253813808042514211e+01
1.972109804968808930e+02
8.805991697324023448e+01
2.481005772959534283e+02
-2.493011843514900647e+02
-2.795309970357453722e+02
5.220955100746310507e+01
3.547673145988398602e+01
6.295141985765793606e+02
-2.204492404353771349e+02
-8.663078321016395478e+01
-1.831110735348473781e+02
9.813085886172711980e+01
5.428177787654914432e+00
-1.149529656065131533e+01
1.743424624294647174e+02
-1.457904329612819652e+02
-2.113917328642236555e+02
1.065688158144152169e+02
7.074004237775422865e+00
2.071760306745388789e+02
-2.039265609192181330e+02
-2.570076030522004658e+02
-3.364804557526242945e+01
4.779052963546731547e+01
2.326857686612234488e+02
3.396981732171513357e+01
-6.058866998382890046e+01
-1.551156261457915946e+02
3.869035927030290622e+02
5.613659184095646992e+01
1.028123131197684756e+02
1.607274183275427220e+02
7.406421588175112447e+01
-2.747350112853938953e+01
-6.536179650526643847e+00
-3.421518679065774791e+02
5.671596595915018213e+01
5.183853623527099330e+00
-8.766421625805820383e+01
-5.100995465961400299e+01
3.239763113608889284e+02
