-6.100206171185314815e+03
-7.364999115684150865e+02
-7.432698404747150107e+02
6.944975219188992241e+02
1.078058373874741847e+03
-2.938617198037360140e+03
3.540077203758338783e+03
1.193290960702760685e+03
1.096881757667732245e+03
1.557956217942360809e+03
4.697015214598064631e+03
-2.232881556037038990e+03
2.913969013519193254e+02
-7.320525370135572985e+02
6.047096015451531912e+02
6.143191444172467754e+02
8.311851066973617890e+02
9.510506284702938729e+02
1.127828966903126457e+03
-4.998477843577857129e+02
-3.832531764688191060e+02
-2.402775094840053498e+03
4.204742874141920765e+02
-2.862998942680270034e+02
-7.608676277137550414e+02
-4.395356667917387767e+02
1.400186078290742898e+03
1.625746591388118247e+02
2.686804912018851965e+01
2.677591452252936506e+03
-3.424042575039808867e+02
-1.105372659140682714e+02
1.036932834891004632e+03
3.521942000957431418e+01
1.139190050024655875e+03
-2.907582893562416302e+03
4.015936858975921950e+02
1.089232086777372821e+01
9.700565902833601513e+02
-3.978026517640449100e+01
-1.769192002780252324e+03
-1.215301682482510515e+01
7.604795582177273445e+02
1.847105679278413163e+03
-2.182955859247861667e+02
1.059906351054173456e+03
-8.996625753873681788e+02
6.582467304965151698e+02
4.354380294227972286e+02
-2.331550478048128028e+01
4.169471609403472030e+02
-1.291715080141671024e+02
-1.395783246236145715e+03
-4.964925716732249725e+02
2.553316171079507058e+02
4.177170300041349833e+02
1.628408372364749539e+02
2.478805359702919304e+02
5.658943360249775196e+02
9.577348261314232332e+02
-6.047969687591798902e+02
5.532589560686766106e+01
5.985679109747260895e+01
2.077490197245323031e+02
-3.969868009278245609e+02
7.527211478639395636e+01
1.337294226442510023e+02
-1.715106437270316633e+02
1.686573329941881241e+02
1.802429998476537492e+02
8.975662974741513835e+02
-1.278614527613490566e+02
-8.457504399781928441e+02
7.325525429563492708e+01
2.263947481711898604e+02
1.695998421599496737e+02
2.584316822009753878e+02
-1.962271127694908728e+02
3.182236419288550522e+01
8.692790649929763447e+01
4.491068959073579094e+02
-8.791598143306050588e+02
-8.386934212546704259e+01
1.906535145690307615e+02
-1.909361810973111062e+02
5.323296771202275295e+02
6.400702838293323111e+02
5.372057410981175281e+02
7.200422825273445824e+02
-5.312893981119878362e+01
-4.785519608672094591e+02
-1.216458258731595095e+02
6.982500724683868611e+02
-3.916127167796457798e+02
2.266047624173376676e+02
-2.730041135895142190e+01
-7.170946103952438762e+02
-4.754730955997224555e+02
-1.271335227531531729e+02
-2.251444643415905773e+02
-3.468086516714154186e+02
3.079702739298345477e+02
-1.493741218083494857e+02
-4.937320140690490007e+02
-1.490997883476735275e+01
-2.683729896136835009e+02
2.800220126820933046e+02
4.784250136888291536e+02
-5.096592195345370442e+02
1.767188961984145124e+01
-2.874211429731633416e+02
1.538027661757131170e+02
4.973484292869326282e+02
-1.786340798598662900e+02
3.193096527625475005e+02
-1.461919537663174751e+01
4.432036361370929285e+02
1.682833472092911506e+02
-1.603510445875400308e+02
-2.703085377732058987e+02
6.617200719641222406e+01
1.310039958607061692e+02
1.219047686169472797e+02
-1.313298851935841753e+02
-4.997829271831209752e+01
2.932593878135448904e+02
-3.973201952089330291e+01
3.810281575199843473e+02
1.476019932995975807e+02
5.070324287771056220e+02
5.661623509499372631e+02
-4.166633026108698346e+02
-3.760355111310386746e+02
6.305462966847908746e+01
1.304743302677323982e+02
-3.348844184976267115e+02
-3.658629726477102508e+02
4.331371508781903685e+02
9.083147065368626727e+01
4.662284349526831306e+02
2.105529373321340643e+02
2.228147386199390496e+02
9.415031100042676826e+01
9.878910482650374547e+01
-3.081650326139776439e+02
-1.149098706681924931e+01
1.459035747372772960e+02
3.050102846855117456e+00
-2.107355114385480590e+02
7.421325681613446079e+01
-9.347535106603216093e+01
1.117825653807863091e+02
-4.197767138191374556e+02
-5.055356632401767456e+02
-4.786372008449397697e+01
-1.920553329589127713e+02
3.422661403108134692e+01
-1.853693978112838749e+02
-5.273360838941118089e+01
2.576262377933496168e+02
-1.481169150611845708e+01
-1.201966025991840468e+02
6.554719943944152760e+01
8.762599873637644521e+01
2.206036549948950949e+02
3.158787754979773155e+01
-2.663466191296265038e+02
1.293802606410271210e+02
3.899061402778081629e+02
8.027042701253601820e+01
9.689786416847573491e+01
2.085680061699678234e+01
-2.764449898680089746e+02
-1.204531499098662408e+02
4.739186926588600102e+01
-2.168840585038405209e+02
-7.278550937339882410e+01
1.389475934014977270e+02
1.110128568323337959e+02
-1.395906244225027990e+02
2.049135630404097981e+02
-1.358918320921943632e+02
7.641423012728748176e+01
4.492683347925169812e+01
-4.356540843262109064e+01
1.966203202741809548e+02
4.480167038181136974e+01
2.388735707228267984e+02
8.369300042251788341e+01
3.254277832380311253e+01
4.250143546695900199e+01
-2.209691845303675706e+01
1.432359067463521853e+02
-4.617726820886687733e+01
-1.273890839951181597e+01
-7.570887257460621811e+01
9.041885221162044672e+01
-5.245171785345956295e+01
-1.571674077072513001e+02
-3.658965867418265248e+02
7.819298583903317024e+01
7.931729041759429322e+01
1.972202153882772677e+02
1.921281071537393643e+02
-3.402492250746053770e+01
7.434477030687449428e+01
-1.017059187263075728e+02
1.734633426017676072e+02
-3.251402885962587419e+01
1.412059749223024596e+02
4.894564027371916950e+02
-2.000564672682255889e+02
-1.100550245459142786e+02
-2.728260088825003038e+01
-9.084149554653365044e+01
6.428259723696145045e+01
-1.445185668180375416e+01
7.203925323568590500e+01
-1.769482167972792865e+02
-6.494757878166436349e+00
-3.603635312500594523e+01
1.370526701704826849e+02
-7.269227980220451002e+01
5.305996965922593489e+01
-3.815488714363974054e+01
-1.665314633079306077e+02
8.489893736602583374e+01
-7.689988947394096996e+00
1.402840315225154733e+01
4.237700727205642437e+01
-9.593731066285600662e+01
-9.880750150842257540e+01
-1.091391457787765376e+02
-8.902755030083682186e+01
2.076596513760229357e+02
-1.347637255365529256e+02
-1.232829487222608833e+02
6.102839633584358836e+01
3.716289802352233096e+01
-1.476846910670178126e+01
1.402675154810387710e+02
2.112628127759596168e+02
-1.131575305017683064e+02
6.459565977429821260e+01
4.364923016263278299e+01
3.681247494939682241e+01
-3.311668613419213036e-01
-1.940123911684607663e+02
1.893423685835904280e+02
-1.204903608235602945e+02
-1.783227703314994415e+02
-1.221374285173178009e+02
-8.194229457526522253e+01
-4.814946729101166767e+01
3.205499225088454551e+01
4.492050109581088435e+01
-4.094250159055039973e+01
2.403381719054717180e+01
1.607426700285267573e+00
1.215743194604988133e+02
-1.039418596617392154e+02
1.842856923946009431e+02
-5.489423551076335173e+00
-5.871051862071911387e+01
9.913884275639242016e-01
-9.932006067129047722e+01
6.907729108438658283e-01
-3.156513755911692698e+00
8.031471654905361390e+01
-4.077192575622161286e+01
3.395558075370840356e+01
-1.832087701176447752e+02
-1.734687354628585751e+02
7.082041138631792521e+00
-8.895635528278795334e+01
-7.640853802919373550e+01
1.642589139803439764e+02
4.692071444775548628e+01
6.410138751989552475e+01
-4.830567770343051848e+00
7.855699056084564802e+01
1.327531811779137456e+02
7.959114143859197554e+01
1.149024993015573983e+02
-1.116467057054092926e+01
4.573141525246939665e+01
1.075623830088029251e+02
9.856492088772608895e+01
1.060813265427889185e+01
-4.841017432516216701e+01
4.598173408102169901e+00
2.181344878865776593e+01
-3.329134028052064043e+00
2.151923495640267703e+01
-8.022731966008210236e+01
-3.089395885452982071e+01
1.359556454760060262e+02
1.765549631717601926e+02
4.127368633845692614e+01
1.629103099229842258e+02
