-1.981709349569507594e+03
-6.264221208532365381e+03
4.761400021832287166e+02
-3.169344582033688766e+03
-1.779925244708530499e+03
3.719855456532629887e+03
-1.783722670132559415e+03
-3.540319145107299846e+03
-1.262820002722326763e+03
2.720935526186518928e+03
-8.984110755692382781e+02
3.421196140114164791e+03
1.470499069857829909e+03
-3.016312815719300943e+03
-5.304731424597019895e+02
-6.659601043575462427e+02
6.570428200606994551e+02
-1.028321840742116819e+03
2.282436793060022069e+02
-2.409346402750517882e+03
2.688751269808324764e+02
6.608002242703553293e+02
2.928215311230137104e+03
1.776035406053080408e+02
-1.169491498413403633e+03
-3.569089279666812331e+02
-2.693888126033896810e+02
-9.524895505398893647e+02
-1.343981022453411697e+03
1.963396692766956519e+01
1.045231430600858630e+03
-1.044210113699142539e+03
-1.923626217271557834e+02
-3.568878044493781658e+02
6.664237245606984743e+02
-2.455509390539180856e+02
-3.571548884619980981e+02
-1.015547460689600257e+03
9.685685357480807625e+02
-1.982610732918029044e+03
-4.247975580018394908e+02
1.672256233462137232e+02
-2.662184679410084414e+02
3.410414434557615664e+02
5.636398710357775599e+02
4.664367007956939801e+02
8.420378716043162513e+02
2.293208652925849265e+02
4.251094676681190094e+02
3.799464952326125626e+02
-3.043373981916075195e+02
1.315257285148012215e+03
-4.787999688685508204e+01
5.197277799000178220e+02
-5.611668351816207405e+02
-6.846240800495249914e+02
5.795521720140479829e+02
-1.950009745253539677e+02
-6.657685520649494038e+02
-1.190196781751062503e+02
-1.419846567908890904e+02
1.236708771583534059e+02
-6.269919379321809174e+02
-1.383496992518116429e+02
2.416927723752195902e+02
-6.603438425229616371e+01
-7.120951294876513771e+01
-9.477157347545835364e+01
8.463032655540001770e+02
-3.783787391650229779e+02
1.254835319602322983e+02
4.347250933297360831e+01
-3.663043518720462544e+02
-1.958431058319899591e+02
-1.232414206777962420e+02
6.223142519968689612e+02
5.578097392168116357e+02
-1.153782422794834162e+02
5.886393047556095581e+01
-4.530147422202009011e+02
-5.088273699868993845e+02
1.303562192618121571e+02
-1.852098742527266779e+02
3.281795834558434990e+02
2.700718400960205940e+02
-2.768858413878566012e+02
-5.171947778084199854e+02
-2.327868160352454652e+02
3.627400859656744103e+01
-1.607560829943978149e+02
-5.995085265405580230e+02
-6.198904212774242950e+01
3.029466754168530684e+01
-2.818003004041349300e+02
-2.996399343737413901e+01
1.730071719815706999e+01
-5.207889513317295496e+02
-2.467770614682871155e+02
3.775983470250412211e+02
4.877443499882066362e+02
4.314909838218847682e+01
-7.875157537163230970e+00
-1.787059584738136095e+02
5.686066294783312287e+02
-2.878042008896079196e+01
1.402909629440786716e+02
2.700383133232469390e+02
1.820351584539805003e+02
-3.704375105828764276e+02
-3.602676408672615480e+02
3.592018477166692492e+02
2.667462722659770975e+02
1.240376562392451518e+02
-2.187430690202920971e+02
-2.013665922333579061e+01
1.075539776301685038e+02
-1.002822627881012352e+01
6.810141364674785791e+01
-1.235494203301456650e+02
9.513208847491588571e+00
8.864239377506402562e+00
-2.352328559685862501e+02
-8.407161972418337825e+01
-5.728846025411739902e+02
3.411016248909040769e+02
-8.884293244559133029e+01
1.728689035479199845e+02
2.727173333251858480e+02
-8.433746536439271324e+01
-5.593987237128495593e+01
7.296531736624104951e+02
5.134381774241155938e+01
-6.581312943966428008e+01
-3.672957552636979273e+01
-7.832344466222654944e+01
-5.044161761083763906e+01
-1.112839126655389919e+02
-2.881783161783013156e+02
6.912182207017973212e+01
-7.247138042036343819e+00
-1.415446894580050241e+02
2.579113873407241631e+00
7.542367674190468563e+01
2.186678911546312065e+01
-3.451385453098759371e+01
-6.682170954133890284e+00
9.486078605350169823e+01
-2.255704771837967826e+01
1.438124753889135548e+02
-1.990413700165233593e+02
1.407906380938186430e+02
1.600052300089455670e+01
-4.172674675116165410e+00
-1.885288037018336738e+01
3.342432331122215938e+00
-7.369359573380960171e+01
-2.267387215862522254e+01
-9.782268896530432301e+01
-1.307366137770363324e+01
4.553749319715897137e+00
-7.068542378604783494e+01
-1.321491739914419554e+02
-3.458465961008512579e+01
-1.293681250597434129e+01
2.260034582104748893e+02
1.689284901525166731e+02
1.733564316793895728e+02
-1.187985696951100891e+02
-6.971854773559662988e+01
6.042207073170871467e+01
-1.611495339032896084e+02
2.631431068277190661e+02
-2.231127930551026139e+01
-8.284467586680217721e+01
1.014390413281360708e+02
9.845152072979992397e+01
-6.705603067988745636e+01
-2.836465176071311234e+01
-1.249570792090377438e+02
-4.209192635523498893e+01
-3.879645602419338957e+01
2.739391285868077119e+01
-1.024171972787359692e+02
1.480320860935779024e+02
7.519762695494766547e+01
-2.716844278243915767e+01
-2.688026313722314597e+00
5.164645311980392961e+01
4.841759845098300019e+01
-2.757431885683113748e+01
8.066081805387206316e+01
-2.164115972531163266e+02
1.632039780073278621e+02
4.848326577362845313e+01
-8.540710445759164315e+01
-1.263000406895815502e+02
-1.901678301446753778e+02
-4.938572407086873994e+01
5.701251592261163381e+01
-8.247733568386683700e+00
8.685066047679951851e+01
2.772002644115181269e+01
1.811660014638176506e+02
-8.715198506662984812e+01
1.325167060770569094e+02
2.359977104111180068e+01
-5.859543543666381282e+01
7.599093850859257770e+01
9.853747165441882316e+01
-6.229998535223379719e+01
-1.827055341156302148e+01
-1.270721131635999797e+02
-2.517264709208738793e+01
9.840029109662160067e+01
4.109977006515309483e+01
8.169250774179040775e+01
1.613360829608083975e+02
9.470938234395431721e+01
-2.367491861873865844e+00
1.122876070877737789e+02
8.008485818806558854e+00
-6.800260896497745478e+01
-3.750083351856967173e+00
-3.404271543947615442e+01
-3.291089960883518728e+01
1.069485392325204209e+01
-1.092636701665715151e+02
-1.038523728396093020e+02
4.552614206141994657e+01
1.584365550121233639e+02
-7.259030134333444906e+00
-8.596102873740376538e+01
2.028547667169660684e+01
1.421499164596580833e+01
-9.440385164133900275e+01
-4.212589398304385213e+01
1.102794824826770679e+02
9.966607989439793869e+00
8.605754767294533281e+01
-1.133912934370486170e+02
-6.601025149064794562e+01
2.941104886150423425e+01
-7.574859545012319018e+01
1.022365823381939691e+02
6.564415973152425465e+01
6.377059213662931825e+01
-2.925877153118683793e+01
8.743276111651324811e+01
2.434200012309304739e+01
-2.011023125957824931e+01
-6.200223168677481311e+01
-3.739029993616973968e+01
-5.494077005508818701e+01
-5.517350494420036000e+01
-1.034850431895576151e+02
3.713247933942767531e+01
-1.543353701586929461e+01
-8.842610798087716262e+01
-4.620995779374520218e+00
-3.732043707336482186e+01
2.110255766805705093e+02
1.663738527295985534e+02
6.548244733730692246e+01
-4.509245757345710537e+00
-5.414954765618932697e+01
7.516836467994551185e+01
-5.603218357172573860e+01
-8.785457075386469583e+00
-1.266157374072045982e+01
-6.330813226186877785e+01
-1.549860504473165079e+01
-2.346687491709077733e+01
1.186723291712962691e+02
4.238919737098198226e+01
3.288623288495040597e+00
-8.597949030396601700e+01
-1.070539006863866689e+02
1.300169627197782347e+02
-2.007089650413217186e+01
4.974299250096647995e+01
-7.725343418850123101e+01
-4.059062669142827318e+00
1.138102147447620460e+01
8.088836954660138190e+00
-6.467990860631367411e+01
-1.460058234287086805e+02
9.024005088733747471e+01
-4.308453389848987314e+01
-3.915168551889637172e+01
6.902072273753745435e+01
-1.080941629458532560e+02
6.584882371374997945e+01
-3.939506059671220584e+01
8.200725312357697305e+01
4.228573616379120992e-01
3.698275796584149333e+01
-7.613450847911994401e+01
2.858630043413431920e+01
-1.016334692228169416e+02
4.656450857789590003e+01
