1.444637883367685163e+03
5.788158312326768282e+03
2.046878568455060474e+02
-1.480278022939972288e+03
-1.644501674335371320e+02
3.798381521488853650e+03
-6.009392218710844418e+02
5.541363027204082528e+02
-3.162557154061185884e+03
4.476024561962130406e+02
1.044112661614207582e+03
5.648810649569732050e+02
-1.176693716735743919e+03
2.056030365100619747e+03
5.053773000928993042e+02
1.345105744197293006e+03
-8.982670069362508229e+02
3.651958826490759407e+02
-1.605863462256528607e+01
1.504973814239855756e+03
-1.521171882810888974e+03
-2.918097348215588482e+01
-7.108810820189252411e+01
1.218511029266605647e+03
9.027867491855462845e+01
1.898851287587422121e+02
1.092569652981910622e+02
9.834904742121572099e+02
-1.504711616124182228e+03
3.859296224260935446e+02
-5.809782916452435302e+02
-6.090604848525429134e+02
-8.258730365996193541e+02
3.692360249289750413e+02
-4.885937065959205938e+01
-6.733668421940345752e+02
7.567083301354560945e+02
1.198285860563438732e+01
2.563043077224469926e+02
8.713340691952773795e+02
-8.444884308237075743e+01
5.175793964138994170e+02
1.007594881040452492e+03
1.252377394465212092e+03
8.736370703974906746e+02
9.456105109428335709e+02
3.666053203947016073e+02
2.109722568640215457e+02
6.472178618200379105e+02
1.728161270490639652e+02
5.386731940913026619e+02
6.884537892418040883e+02
2.645224058911127827e+02
1.147452914574800928e+02
-4.851762553786156786e+02
-2.412112204355976530e+01
3.475542652967668573e+02
-4.718629435479529093e+02
3.804575039815529180e+02
-6.292445620657365879e+01
-1.686482687314032489e+02
-2.322770829907401833e+02
3.484010547154633173e+02
2.922845509020854138e+02
-1.853259573363166908e+02
3.682544534582865481e+02
1.326283545510284334e+01
-6.805945033342285910e+01
7.700827718287976040e+02
8.994929440229477677e+02
3.140981697315974657e+02
2.056776943347859685e+02
5.859370588607280297e+02
3.399217216930964582e+02
-2.664746358597417597e+01
3.397329470639467885e+00
-3.169190969695358717e+02
8.980740339570600383e+01
4.730650598430429454e+02
-4.517097693020339193e+02
3.193236245280066896e+02
5.206541403538541317e+02
4.193546908656997374e+01
-1.861021021251047216e+02
-2.208793085187880081e+02
1.022646017003323209e+02
-2.385920374766903649e+02
-5.957715545559490522e+01
-9.676818551949101277e+01
5.199974086469092072e+02
2.085056078257447894e+02
2.561761534590504539e+02
-1.477193818007563095e+02
-1.291582294848932406e+02
-3.378523220195929611e+01
-2.497165548950860341e+02
1.369578782149413883e+02
-2.303224629655134095e+02
-8.214185721216993841e+01
4.951423705031167088e+01
4.535321549750182157e+01
-2.224420914808710279e+02
2.446199814665258430e+02
-1.602106452754169368e+02
-3.173505774204825229e+02
-1.916824888634762942e+02
-8.053019908348171896e+01
1.295949527661160801e+02
-2.174815271707531394e+01
-2.246474758066823654e+02
4.423019008133211116e+01
-6.413900313821289956e+01
-1.429612497369791413e+02
-1.496634385618002057e+02
-1.787650553948707568e+02
-1.110364948378712739e+02
-1.593981291456953500e+02
-1.139123725641823057e+02
-9.874835264693047066e+01
1.477740196687025787e+02
9.931148272538017352e+01
2.145535233589284871e+02
-4.951038667302535856e+01
1.075850152939003408e+02
1.086160133863707671e+02
3.178826487968810710e+01
1.268074631541365562e+02
2.736160457153466723e+02
2.045640948928350156e+02
2.071528308516743095e+02
-1.778771032844261413e+02
4.247072013438843783e+02
-1.772011854000171809e+02
2.028695225194323370e+01
8.634267541351395892e+01
2.832913252524377299e+02
-1.226140551780249552e+02
-6.597349361207217555e+01
2.029149490602282242e+02
-6.948835123613456233e+01
6.588586001445558793e+01
-9.387919457466792039e+01
2.512192524275206438e+02
-4.261971983556365018e+01
-1.883632450859924461e+02
1.195516213918187987e+02
5.943349399352228346e+01
1.451987439570130789e+02
5.547936846811303724e+01
1.505301308198701271e+01
1.919379830432802407e+02
-2.265215895303153104e+01
1.845521131954538419e+02
-6.551974193289315451e+01
-3.285504999733416920e+00
-3.124752350049981260e+02
8.274792049273368377e+01
-1.233672075284132035e+02
-6.877958556707697824e+01
1.634441532952528364e+00
1.060115714502881588e+02
1.778546131159805270e+02
2.972425367711433069e+02
-5.549546314034292038e+01
2.027828335519745622e+02
7.756449837910788858e+01
1.701522116714734807e+02
2.990538017610258521e+02
-4.877186014375052281e+01
2.938136354148328522e+00
2.090916032198404650e+02
-2.466417147403053320e+02
1.055841504027010842e+02
1.053113603132351983e+02
-1.193753025005638762e+02
1.971179500406048533e+02
-5.239194356646481054e+01
2.683297118622232702e+01
1.055419510400596295e+02
-1.223027988383789832e+01
8.181607596414224304e+00
-4.294178934670502379e+00
1.042758121225171095e+02
-7.818806577774549282e+01
1.277051088897582929e+02
-1.424729227099613809e+02
-4.978175334415481501e+01
2.184376047313894276e+01
-1.464536259064050796e+02
-8.146204044937093158e+01
4.721238987095475892e+01
1.459243466913078180e+02
2.100417907653977423e+01
-1.878806770423535397e+02
3.319628118211693391e+01
-1.121406685235315734e+02
-2.974529895873045575e+02
-4.527148726866145267e+01
2.621473912112161386e+01
-1.048988375784218334e+02
-1.124719244319955713e+01
1.656103354698651842e+01
1.773495230727089904e+02
1.156416499475127182e+02
-2.647575304550985607e+02
-3.842522271646312504e+01
-2.455689704833925546e+01
-2.213089707603019463e+01
-5.865956975000881357e+01
1.107299455654712119e+02
-3.451415274873921248e+02
7.180543045755673859e+01
-2.127653670957618814e+01
-7.254113996573869372e+01
-4.267936882130428700e+01
3.527823195777227738e+01
1.193874425174030449e+02
1.838186707540634757e+01
7.792198343352647782e+01
7.236223415132873527e+01
-1.691512616234548432e+02
9.159665175838451745e-01
-2.987451275675094848e+02
-2.923596517054238575e+01
8.992452710680561268e+01
-2.026752806616873386e+02
-9.164305780009208036e+01
5.444373568973236388e+01
7.895143916257796946e+01
3.511682402796030544e+01
1.882521391921637033e+01
-6.486077782020863935e+01
-9.142963288753790607e+01
-1.620007754645444606e+02
-3.027758423561389733e+01
-1.212501465460789518e+02
6.382854575594188873e+01
-1.232508711618419284e+02
1.524487043983833132e+02
1.277495798208180418e+02
5.528441915783538008e+01
-4.237247418476245286e+01
-1.439128488655491083e+02
-8.487465299643454841e+01
1.935269274177532084e-01
-7.428534400502578627e+00
1.645316411998019701e+00
-6.167126567553881955e+01
-1.450747137849791457e+01
1.009972759538377005e+02
1.379378258740190120e+02
1.649479935924142282e+01
8.750448766534576350e+01
2.972069595176210299e+01
4.800361266399151283e+00
3.898291191751449247e+01
6.846619783288295480e+01
-1.003468949963464141e+01
-1.094378336929438547e+02
4.944842319001028130e+01
4.822475444252325616e+01
1.172927166440682640e+02
-1.280229141874687286e+02
1.681027891290681282e+02
-1.712752186799225740e+02
1.116938522869751722e+02
8.004312477310688223e+01
8.698036926773060884e+01
8.808865568823064507e+01
-9.080581463059859004e+01
-1.195416010761193917e+02
1.146105304692102322e+02
-9.619957676068077035e+01
-1.276467215989753186e+02
7.409464917707848031e+01
-1.501094486332519580e+02
7.561637236580457966e+01
3.527307076000148101e+01
-6.824501689866433196e+01
-1.042589321423609050e+02
-8.782140499549227286e+01
3.316515860711391817e+00
-7.163187795612144271e+01
3.525028850507073486e+01
7.394454409232781522e+00
2.513237443498938717e+01
1.590560157591230848e+02
-9.032982094093067360e+01
1.586326940654693374e+01
1.507905007688579246e+02
-5.741946275394970201e+01
-3.117887149650782064e+01
-1.067279034990690256e+01
3.123153639205777310e+01
1.759987720484977842e+02
-7.915473979734767518e+00
-2.121173091391776211e+01
1.262380375602248250e+01
-1.283847018324929650e+02
5.039083463739510904e+01
