-1.633922390038261028e+03
6.009779103133625540e+03
1.758028072791032855e+03
3.334260006191510456e+03
1.600116628541745740e+03
-2.050938728609645750e+03
2.209285978112027351e+03
1.261749690211009352e+02
-5.581739069416912713e+01
-3.427480021741606038e+02
-1.054153469064496903e+03
1.711226306146639445e+03
2.740989844796206967e+02
-1.716850984336175827e+02
-5.784100708956067365e+02
1.390468290984721307e+02
4.693564033179737862e+02
-6.821409748153704413e+02
8.965989164906778797e+01
-1.431719837484241964e+02
1.027685322234353407e+03
7.687643554319499799e+02
-1.671291184019589537e+03
4.743455764100237388e+02
5.668523041693348432e+02
-1.293723529336491993e+03
-1.013481032912537643e+02
-9.998299530060465941e+02
1.235658387075739029e+03
8.203729140854542266e+02
-7.047928426406643894e+02
-9.506700755292669669e+01
2.071527663109579578e+02
-9.060676643699054011e+01
2.433596714320155456e+02
-2.902529663981047179e+02
-1.826958536551028089e+02
1.693554950536874060e+02
2.292907360769956142e+02
-3.822126082802432734e+02
4.091899077772370106e+02
2.577871952072367776e+02
1.544916856445543658e+02
4.686586248143809712e+02
-4.540714957416465722e+02
2.540905575271416126e+02
-1.602424022642827595e+02
-1.016593816750506249e+02
-2.875660091418523621e+02
2.221802975178025008e+02
-2.603855414500655456e+02
-2.474310641413957796e+02
4.116867007895489223e+02
-3.324892517426318932e+02
1.055885183817404425e+02
-2.613750373465986598e+01
-3.073312053913977593e+02
7.750873606705386010e+02
1.973171418680558702e+02
-4.643856150130343394e+02
-1.832394960532561754e+02
5.503697359106760132e+02
-4.068995249555230842e+00
-7.935067255006100595e+01
-3.408859564037294945e+02
-2.339775148776319043e+02
-5.967580312200377790e+01
-2.878018427453664003e+02
-1.082544042548843777e+02
-2.524816214027791972e+01
2.053515214812623242e+02
-7.365177692034142183e+02
5.964370366194267490e+02
-1.564987441756176736e+02
-8.148691110525980719e+00
-1.399887732831267613e+02
-1.193848326142686034e+02
-3.514470911967648590e+02
-5.164575790871445804e+01
1.357976046359923430e+02
-1.539537545908137304e+02
-1.950878814807175488e+01
-3.513059277930151438e+02
1.706724485949258394e+02
2.933039964587018744e+02
-2.636483661690787130e+02
-3.378032798197511397e+02
-1.215806524147083962e+02
2.022376414047626270e+02
8.026901960702631413e+02
4.211494371481000485e+02
1.742187520660939981e+02
1.784353948233217011e+02
-8.703101444240296303e+01
2.331190394904896834e+02
1.860868725595516366e+02
-2.409228832907731146e+02
3.577470982319157855e+01
-1.497869910618369715e+01
1.127658363812890485e+02
-2.996117053441498115e+02
1.608686845207435283e+02
5.083138250721623308e+01
-1.597721057000199494e+02
-7.060675846212006945e+01
1.762995891156572270e+02
1.672949625488474794e+02
1.072473283567864115e+02
1.164076777112053378e+02
-1.999034031334065276e+01
1.930329468338263439e+02
4.012886248606405815e+01
8.451531220888698215e+01
3.985500025096299623e+02
-2.136613421295870978e+02
4.103325559683117376e+02
-1.908148668148025706e+02
1.133869103181417870e+02
3.421100012696128374e+02
-8.807968821893751965e+01
-1.076277134764708734e+02
-1.271706739039290142e+02
1.284259631808122037e+01
1.350922738784175863e+02
-1.816723235477284106e+02
1.491881840905113599e+01
6.823879297886139561e+00
8.746578166637634411e+01
-2.384007540210368745e+02
-8.405263208396387142e+01
-2.000138191681801203e+01
-5.996803604794035181e+01
3.873569033291161645e+01
3.478683018439872399e+02
6.220660889467132648e+01
7.238779621311022083e+01
-1.488359853806036881e+02
-9.595379262610924798e+01
5.513066582750055744e+01
-1.075688623713221119e+02
-2.901761002512226923e+02
-1.766657865345550249e+02
8.575669978973176910e+01
-7.682785369376765061e+01
-1.869353336812936277e+02
2.749210177107635786e+02
1.627768390590654946e+01
-5.023487132346480877e+01
6.705416560313462071e+01
-7.098773698124350062e+01
-1.416786083790706527e+02
2.581221020858347401e+02
-9.712020289829560227e+01
-7.535112372839684269e+00
-1.976469490142470704e+02
-7.850185900497184832e+01
8.899901337443773741e+01
-4.389346144466171040e+01
4.598902271354014459e+01
-4.704253324983889684e+01
-6.105228562295006611e+01
4.474002481745735338e+01
-7.040653059737728370e+01
1.647290872669186399e+02
-7.717700781764874307e+01
-6.379463206116033547e+01
-1.056210431357879429e+02
-1.566820400847951191e+02
-7.031838334634696253e+01
1.013329759663216549e+02
-1.753408784025802731e+02
3.312388664773030911e+01
1.413794900317785732e+02
-9.630982236546391562e+01
-2.083395641813466455e+02
1.557150436464525001e+02
8.736676826085716385e+00
-1.417382577310616227e+02
-1.476233680483538819e+02
1.498701557667017426e+02
-1.058411459590838177e+02
-9.108053753901903349e+01
5.654008156553680919e+01
-4.849120221314481682e+01
9.388829819957281941e+00
9.375987544056373579e+00
-6.414993418453317986e+01
-9.960005703022076773e+01
-9.900718129876264584e+01
-3.149026560553011578e+01
-1.373631454868379009e+01
6.014117956974725132e+01
1.232733719207935650e+02
2.520611469828497775e+01
-5.460699665614787790e+01
8.125373217681192273e+01
3.266174506386410314e+01
-6.536499604670824226e+01
8.319706079913267160e+01
-2.332163488326822076e+01
2.341115698786140698e+01
4.767874996465568671e+01
-4.893845781618545487e+01
1.468447093213852384e+02
9.476533035211768663e+01
-1.127991084042357350e+01
8.441409080068007142e+01
-7.399970263463850983e+01
6.131881510914073630e+01
-7.542887640213871236e+01
9.251321250268418339e+01
2.285492166301025208e+01
-1.375363691457879725e+02
-3.160359877691842456e+01
6.576994454361854991e+01
-1.587833424868252337e+02
8.601060605690203431e+01
-3.293318123860204594e+01
-2.268396937612689257e+01
-6.294402328458329698e+00
1.284364229876425441e+02
-1.525088250646011367e+01
1.707636132747858255e+02
-1.911882028055399303e+02
-2.033947549942299204e+01
1.115454592593340237e+02
1.031778303382263573e+02
-6.301327539264806887e+01
2.995874200194788983e+01
1.540364504568899839e+01
-1.082282105380479749e+02
3.464860573156163071e+01
-8.495707312620837115e+01
3.842873164217751736e+01
-4.469632117503488189e+01
-3.585954791642503636e+01
-1.126944348968669907e+01
-7.112177626354855065e+00
-1.705364241647184187e+01
1.660264482250933895e+02
-2.524890921462261417e+01
1.077258037280812317e+02
-4.532965436435526385e+01
1.210435496449860260e+01
-8.100670719553328070e+01
-2.858420337590270677e+01
5.405121683397810983e+01
8.388254253227893287e+01
4.581665484300201285e+01
-3.222256848987331779e+01
-2.656991769527829916e+01
-1.369242538092823338e+02
-9.858559015915298573e+01
-1.599680857397052791e-01
9.408708038173450916e+00
-1.049609894678099806e+02
1.107770679750484248e+02
8.301053509404638930e+00
1.696279410436052331e+02
-5.937553959767173239e+01
-6.686836176409934751e+01
3.559289145469895743e+01
2.770079468391429245e+01
-5.726072240712705508e+01
-6.635825740349580171e-01
6.659021633770801429e+01
-4.141328514689385543e+01
1.566109527789551770e+01
4.971894304775442919e+01
-6.084226084632796017e+01
1.138154755147083819e+02
1.000331399252389417e+02
-2.812219736259205405e+01
6.741555419564110707e+01
4.611284289048451512e+01
9.360655561847555362e+01
-2.127808836557492533e+00
-6.119792711286444131e+01
1.175681257989277384e+02
3.712940139473731449e+01
1.117008498670838463e+02
2.692357132331210678e+01
1.593050477696707290e+01
-5.693920069730044986e+01
1.853440006158506037e+01
-1.123417776137853537e+02
-4.136045733923533874e+01
-2.377735907454411546e+01
-2.386339505609746059e+00
-4.724550643089795443e+01
4.606781998135340217e+01
-4.917266843189344883e+01
6.406791995752806335e-01
7.712599688149138899e+01
5.144543220753518398e+01
-7.950158850537630428e+01
1.407980424019063470e+01
-2.200792985410108926e+01
3.990059658367344664e+00
-4.200450738832252284e+01
