-1.984868177845312118e+02
-2.429904072455822472e+02
5.593804605013416221e+03
5.320596456630015382e+03
3.034789895127274804e+02
3.111053094908726507e+03
-7.470374365802005059e+02
6.474671561480355422e+02
-1.442255742454042093e+03
1.322167451874181552e+03
2.201495524858614317e+03
2.959395514237928637e+01
-2.450490678545366791e+03
-1.479218084860613317e+03
-5.029381031373549149e+02
-1.412615744795607043e+03
6.365873883292953224e+02
8.192123129571788809e+01
1.220962540877625315e+03
3.991804855074227589e+02
2.838874167348300489e+03
3.557755494453628557e+02
7.950284078153167400e+01
8.249974614621486353e+02
-6.670804313476071457e+01
-1.803488452000557629e+02
5.899527723364225551e+01
8.713519271566722182e+02
6.136111599015756610e+02
1.417998533896705794e+03
-1.687934059400625699e+02
8.313387200356586391e+02
9.759563479728826962e+01
4.240399369111421493e+02
1.998669461910166319e+03
6.619792172254915386e+02
-1.943925120576727750e+02
-9.647773327873042035e+02
1.401120708175021718e+03
3.775700077484248851e+01
6.876988259517213464e+02
-8.921753510882937235e+02
6.343188649721522552e+02
6.019636296307684233e+02
1.584879057697924281e+03
-1.813909384616117677e+03
-7.396060660009562753e+02
-5.659259782372909058e+02
-5.626587067892132836e+02
-9.865233204210775284e+02
3.167953448030484083e+02
8.495419169178733227e+02
-4.577561943440563823e+02
-1.221921732583133007e+03
-1.250475309621494489e+03
9.287348514030718434e+02
-3.782427704313159325e+02
-6.592331469306096778e+02
-4.483249463105437371e+01
-4.335334224829292680e+02
-2.605935151812591357e+02
2.013462187169350557e+02
1.337357482181906221e+02
-8.257088875774625194e+02
-1.153745230320280371e+03
2.106240543510003960e+01
5.615020910462967549e+02
-5.221128693125123164e+02
7.445812054461991920e+02
-4.691612984313925949e+01
-1.808695519545235868e+02
-1.096873459914791738e+03
-2.355200430591907548e+02
-6.437549244562645754e+02
-6.034116725098777323e+01
-2.502466402873900790e+02
5.339967523996702994e+02
1.561434425177364176e+02
2.620412911967711622e+01
-6.314505792999304958e+02
-5.154374763543404470e+02
2.466532759166677238e+02
-2.738368240818412005e+02
-3.703207335613245732e+02
2.361836406035056655e+02
-5.709318269113537099e+02
3.081243080046432397e+02
4.907448205951148452e+02
3.058075931583866804e+02
4.801708196134292734e+02
-3.563964949614863258e+02
3.456901597127622949e+02
-1.771227208216194526e+02
2.311881677214355761e+02
2.325774388006136917e+02
2.283580634254743416e+02
1.098956144148098701e+01
1.473591338905077066e+02
-1.671523304155485334e+02
-3.425178709054965793e+02
-3.984505254260011498e+02
7.032895678475127532e+00
1.816566404276602853e+01
3.072655490624854906e+02
-9.348724799372587313e+01
-3.528612741085517257e+01
-2.948986219936197628e+01
-5.236235182802322186e+01
1.450621637898183849e+02
-1.425836340741210329e+01
-6.938840562709564210e+02
-6.386571716177500946e+01
-2.081222433487182002e+02
3.581713940638250619e+02
-3.914592350766889126e+02
-2.019935071502017934e+02
3.191374334190982154e+02
4.393922201402538690e+02
9.423451109042734686e+01
7.537535553837449243e+01
2.610697977598106831e+02
-3.248090568781752552e+01
-4.048897494100580730e+01
-2.578352679288616969e+02
2.305223987373342442e+00
-1.373357567273757525e+02
3.360368942560134542e+02
-8.676075463637627649e+01
8.197671522657228138e+01
3.283016991204854094e+02
2.563007346185882511e+02
1.484501234382267398e+02
-1.209914574042595525e+01
-1.639661550812379005e+02
-3.262283182510409318e+01
-1.396227051345003645e+02
1.025533901969094899e+02
-5.497120512513517099e+01
-3.680517823720909831e+01
-1.380507404937499984e+02
3.092745647818580892e+02
2.041014408402829474e+02
-2.823717268224791042e+02
-1.587085672274330861e+01
2.537085460316556862e+02
-4.628881208580490636e+01
-2.594165372294523877e+02
5.393789523812002784e+01
2.810339600989017299e+02
2.504041216275277009e+02
1.084876134913520929e+02
-1.672122619103619456e+02
-2.138893663166195722e+02
1.083570743773814229e+02
-1.672249661673838546e+02
-1.887251566538789120e+02
1.268457846637460449e+02
-7.137856673340209568e+01
1.045208946733232267e+02
5.326423731747569263e+02
1.500580661804904707e+02
-3.532937667825860473e+01
-9.531525792188486434e+01
1.667963247509570124e+02
-2.966093348519636379e+02
1.964996295692776869e+02
2.162803825923009882e+01
-7.738496408475903365e+01
-5.790486702917410611e+01
6.873680936261789043e+01
-9.282755324398523911e+00
-1.033512267733549379e+02
-3.446247602331315107e+01
-1.511929067064652088e+02
-1.470146879942682290e+02
-4.654752511452936403e+01
-4.214828874137455017e+01
1.483687687763599570e+02
1.259304045394953704e+02
6.936313621979378752e+01
1.382532383013478068e+02
1.323844081844697769e+02
-3.223004727974947770e+01
-1.745725378523009397e+02
-4.612509175362421665e+00
2.391162524580500985e+02
-1.385353571132032755e+02
1.430422230226050431e+02
-1.923800111343050787e+02
-8.401586246071823894e+01
-2.238993980302442139e+02
6.270650616821886558e+01
-2.629503805985155651e+01
-1.997212726775940439e+01
1.262090468007993849e+02
3.559107036505967869e+01
5.011805103985845022e+01
-5.352991532422753274e+00
1.265088024519352317e+01
1.383814992978516045e+01
9.338879854033354633e+00
-1.977979125883877742e+01
1.821497666916943388e+02
4.266799623804836870e+02
4.998105612416458854e+01
2.742902491362660911e+01
-1.491672303293158848e+02
8.483520277862317016e+01
-5.243062056162108320e+01
8.931097176234803214e+01
1.643479110655702584e+02
7.178690676515796554e+01
8.967959206401144456e+01
5.884022384665417604e+01
-4.646185122877036378e+01
-1.078504804404290951e+02
3.636645810071549079e+01
8.060033110187724503e+01
-8.616652276375987185e+01
-5.738554369229446195e+01
-1.810607712569292360e+01
2.369047296760620824e+01
1.459115020932733557e+02
7.221107833319065605e+01
1.455957553679113516e+02
1.103739054670512161e+02
5.481971213780830254e+01
-4.546343681385675950e+01
-1.328286629766356839e+02
4.614434531473934697e+01
-1.731552178482864690e+01
-1.201969815914681448e+02
-1.053071257640219613e+02
-3.244593746117930095e+02
-1.809153650803582423e+02
1.992101262654641118e+02
6.833055117108727927e+01
-5.190071828239408802e+01
-9.973108350172962844e+01
-1.009187173051259663e+02
8.139255758908322491e+01
3.576534371915867183e+01
1.976951909778251348e+01
1.233130160347791531e+02
-2.434660959417769277e+01
-2.290241715167637793e+01
1.049078755687837550e+01
4.308217709754487146e+01
1.441813184754091992e+02
9.036141192645364129e+01
-1.140338962267711622e+02
-7.694213162088242086e+01
2.909697917818447621e+01
3.306823283338292896e+01
5.105124370499375885e+01
-4.905757351992656368e+01
-1.029809682127385742e+02
1.632627281190603128e+02
5.839076631312718035e+01
-8.252566742435116964e+01
5.023721352259838113e+01
8.528843374536793931e+01
2.123931750752737742e+02
1.485436109811852816e+02
9.076236237784334548e+01
-4.555008084427998760e+00
-5.930821397752468727e+01
-7.823474895925195938e+01
4.002448892694394544e+01
1.547519659588901959e+02
3.212908409563394940e+01
4.956119568371669004e+01
-2.560931605886075246e+01
1.289023835538725109e+02
1.198313186972091593e+01
-1.602472838330497140e+01
-3.674773310347563182e+01
1.083092921446163643e+02
6.039551881760924168e+00
-2.719553449268167000e+01
-7.711580915931372182e+00
-6.731962703017893901e+00
-3.710233053455471719e+01
1.123963762671399849e+02
-5.393068595151122224e+01
8.252552935236717246e+01
4.218399163528713558e+01
-5.326583819069698933e+01
1.075528609136668905e+02
-2.038104584370381289e+01
4.457920421433200175e+01
2.486883371196918802e+01
4.835871028664947602e+01
-2.613322767509122002e+01
-2.377861777473864535e+01
6.850833782787431403e+01
-4.236452217805465992e+00
4.747177231172349821e+01
-3.288797794562441812e+00
-5.989645863294568073e+01
