-1.046835251476874873e+03
1.212400058199755222e+03
-2.186075215465187682e+02
2.108261826732908048e+03
2.362643510064675411e+03
1.646636743690387220e+03
1.174914195669392711e+03
1.362405582420941300e+03
2.201671398058913383e+03
-4.054531386197527809e+03
1.482667723249524443e+03
4.303136981386282400e+02
-1.954923362277536853e+03
-1.644773469942615520e+03
-1.120949506291391799e+03
4.537080443901246554e+02
-2.472330971151368431e+02
1.736001846615192790e+03
-6.165989634069691192e+02
1.625707461574205581e+03
4.335171823480575313e+02
-7.628177057331469086e+02
1.058438823192659051e+01
1.987067912648114714e+02
5.299814766141303579e+01
1.031905607614761948e+03
-5.604605468549775651e+02
-9.196220004732291500e+02
-3.324065883737482636e+02
-1.462838103789616753e+03
3.039308528220766803e+01
-5.349874501447868624e+02
1.077980826158298413e+02
8.431116071106750098e+01
5.221060583125913581e+02
1.003487612380516111e+03
1.125316265276883314e+02
1.104321760511151638e+02
2.111390219695193480e+02
8.636053519768616127e+00
2.954737091272857015e+02
1.951690047170459081e+02
-3.390612186408841922e+02
-7.534118997709741734e+02
-1.581121703311653164e+02
-1.515808501922262224e+02
2.014055809073952901e+02
3.366185182686397752e+02
-1.745388858594803310e+02
-4.456658573000134425e+02
6.428157114134692165e+02
4.628225387598154157e+02
8.394846223845328836e+01
1.565625675841876614e+02
1.750939390273407241e+02
4.424112479074508428e+02
-1.326573391533774156e+03
-2.286716132722011423e+02
6.523687172588502108e+02
2.373070883627729586e+02
-2.548453686742424509e+02
-3.364025871599938000e+01
5.100451472478573578e+02
-3.261323123620495608e+02
1.669763925761598955e+02
1.076150009811689756e+01
-3.804927441628950469e+00
2.655794683844868942e+01
-1.196538550992368641e+02
-3.994105909825514118e+02
-1.563065222903469476e+02
7.769154217603853851e+01
-3.412125500192613003e+01
-2.651988407290639316e+02
1.848479091186662515e+02
7.775253820224326091e+02
-3.317270538489167961e+02
2.238607657477508894e+02
-1.028897133052105204e+02
-1.587107556415398051e+02
-2.932820858475267869e+02
1.024872902115528888e+02
7.877938941079411279e+02
-3.983117135711130459e+02
-2.511751616894815413e+02
-1.533188784345810802e+02
3.151770803397445206e+02
1.299130806316572091e+02
-4.982987894702507106e+02
-2.376244159222212602e+02
3.422225662581575421e+02
1.339384664561509055e+02
2.571204761873270286e+02
1.801910405575104051e+02
-4.095126248557146482e+02
4.328932286644253509e+02
4.636873992669089830e+02
1.065995827811031944e+02
3.941450338556030033e+02
3.906099357045515035e+02
5.441191857036036339e+01
-5.840719368395755851e+01
-2.753775189510168389e+02
3.750841697434715911e+02
3.016732654257294399e+01
-2.299629264400016950e+02
5.800716131198635139e+01
6.911493558191510544e+01
1.823672988231302554e+02
1.540313490837828567e+02
2.072396105775735009e+02
-1.175346637395353611e+02
-4.338746496007605629e+02
-3.606621495865161933e+02
1.702177650442952483e+02
-4.236649675319806079e+02
-3.614772646582296289e+01
-8.185165666645374927e+01
-1.626857575832561054e+02
1.360784770804149275e+02
-3.877574362872175584e+02
-1.487744479240522537e+02
1.572712217029824977e+01
-2.117523640933379170e+02
4.468444932344458493e+02
-4.608693369542015006e+01
-1.639288746143747346e+02
-4.277680512149042613e+01
3.415999282426425054e+01
-2.220115225837655828e+02
-3.148557704717197225e+02
5.092360588149227851e+01
-1.391464950684216433e+02
3.052877433012564090e+00
-2.973800608204973628e+02
4.940067924254055498e+00
2.807230213831512629e+02
-4.429916225053828498e+02
-4.702667385284906487e+01
1.000256469752516182e+02
-3.810333910520866141e+01
1.806359039414920460e+02
4.870954765962417810e+01
2.796941804480114158e+01
2.857340451357043065e+01
-3.524118708958910418e+01
-7.666131749188382116e+01
-9.575538042645193570e+01
8.783458921505973294e+00
-9.831940433247721955e+01
3.265887382842092279e+02
-1.310897131374271396e+02
8.282194099260719611e+01
-2.765312755817402390e+01
3.694254167862015947e+01
-2.033595234670135028e+02
-1.272145592765560593e+02
4.271066115151210738e+02
-8.417322971808769694e+01
-1.284087629712347507e+02
6.388041272104054258e+01
1.656306452974459376e+02
-1.819191446242120662e+02
-2.861508761299094772e+02
1.711478464956591665e+02
1.793580532910078205e+02
1.620077503159658932e+02
5.246440996794039080e+01
-2.287464983864439816e+01
-1.667709638356542996e+02
-1.456475413430792685e+02
-1.215481670877317839e+02
-2.114107535867430698e+01
9.976688681705043393e+01
-9.528664205161274481e+01
2.229503514234194128e+01
1.548293297488335725e+02
-7.801040099656741234e+01
8.223739957120585586e+01
1.549148113226015653e+02
1.458864783810351753e+02
-2.632190692438480824e+02
1.892218663172574225e+02
1.199242635491318794e+02
3.889208798954050650e+01
-2.066664988661034954e+02
4.032467721137984284e+01
4.528510810216492644e+01
-8.695455657101308589e+01
3.353434511595178265e+02
4.945832014246999364e+01
-1.200821521083411199e+02
-9.099677024619278143e+01
1.747188283456361546e+02
-9.333884926902699419e+01
-1.485521588819745205e+02
-6.373254703853123715e+01
-8.886514343955334994e+01
-1.409731399329432122e+02
-3.429958953200551974e+01
1.855702298847834584e+02
-8.288764756878224205e+01
1.631474374291073843e+02
-7.412766326281889917e+01
-1.004654885719352393e+02
-3.067349068270119261e+01
-2.039084800487646589e+02
8.865865625066128075e+01
4.026821182987034575e+01
-1.286864997115596907e+02
-1.662301810047217998e+01
-2.377769770407130920e+02
8.665355237045179138e+01
-7.366933199750636163e+01
2.016982092895958374e+02
1.751067694844920553e+01
9.610376914999547182e+01
7.677121179603618373e+01
-5.670561863942887726e+01
-6.171144637792547627e+01
6.928274154087348791e+01
4.509522061251217195e+01
-4.204759014969366149e+01
-2.050828381227680808e+01
1.553159486421459405e+02
-1.873576851131782632e+02
1.462420172441870534e+02
1.340832864769877517e+02
8.941025381804892902e+01
-8.375159085425710259e+01
2.641519481692690974e+01
-1.897356147640188624e+02
-5.205504685847028412e+01
6.363720753199395830e+01
1.635531791883198309e+02
-1.649875021349454016e+02
1.428593265804813761e+01
8.553263181275536908e+01
-1.305665457132321308e+02
-1.384304549277007652e+02
-1.007424591811660264e+02
-7.525348328109251383e+01
-3.120554076428836652e+02
-4.019931962142140947e+01
-7.006085745197395909e+01
-8.542062398786282529e+01
6.478316670749829598e+01
-2.678140946084843321e+01
-1.251375647153882653e+02
4.568882983232673212e+01
1.969848085695156215e+01
5.155010679603886103e+01
1.043573344949347472e+02
1.505079140744369397e+02
-6.215496754082355801e-01
4.076571317911232484e+01
4.876212433775314992e+00
-7.173822284479007294e+01
-1.134682761560638511e+02
4.205691960929402029e+01
-1.311625389280522427e+02
1.554382629262890703e+02
-1.063207506612635811e+01
5.577209658814270909e+01
1.758244185122011416e+01
-1.196291087988791624e+01
2.835063315401808950e+02
1.466120068457800762e+01
1.056426946659071717e+02
-6.009691095575975339e+01
-3.235163888122264098e+01
6.202471345686235793e+01
9.091869437831926248e+00
1.115898851042908291e+02
-1.686647710503954443e+02
3.111115326990224261e+01
2.891774282270722196e+01
1.051641365742672036e+02
-1.086306836133228870e+02
-9.659922490803639050e+01
-9.254643472211314759e+01
3.213599509061394599e+01
-3.519853673127705918e+01
5.197522664407468085e+01
-8.172222510388996852e+01
-2.507098165801001954e+01
1.998314003517310766e+02
-2.554640605313876378e+01
3.984028329534187662e+01
-2.757712161192161204e+01
-5.990720991915859628e+01
1.198498232399605712e+01
1.012618286180722862e+02
1.126584540295762160e+01
-1.279854823235640424e+02
1.450679626441586265e+02
3.948376355186042730e+01
3.895567042615669351e+01
-1.400064434910736395e+02
1.180689993842683236e+02
