-6.408264292028012278e+03
6.686672082868967664e+02
-2.073055612481434764e+02
5.474910607872765468e+03
9.471516421461254822e+02
-5.300104370774682820e+02
7.108358608256874049e+02
-4.246723879606539853e+00
-2.281573647054488447e+03
-1.031379792925214815e+03
3.284474354428285210e+02
-1.598785125163816701e+03
-4.586968849936534411e+02
5.313710442269602936e+02
3.459233833088788742e+03
-1.354872934046984483e+03
-1.907771939431578176e+03
-6.380078034875225512e+02
-7.765854124783714951e+02
-1.162264961794857982e+03
-3.079000275616475335e+01
1.020431853201698800e+03
1.538669100429852676e+02
3.491813945180497285e+02
-2.466242997513336022e+01
1.432492377404191984e+03
1.677976281659593724e+03
-1.743173340002160785e+02
-7.388881946418300686e+02
6.308321620285436211e+02
-1.452217712300001438e+02
-6.578459475715953886e+02
-2.928328767886642936e+02
-7.525953114839142017e+02
-5.894667453059645368e+02
-4.541848456207657705e+02
-9.711283098673859513e+02
-2.828486492291992960e+01
9.197371571116647146e+02
-3.864332474694047193e+01
1.292429794301217498e+02
-5.662907916511026230e+01
6.391225313586913899e+02
6.718703665965567779e+02
-9.386307575670579126e+02
-1.362707451967484928e+02
8.233391780739206922e+01
-9.289159799825404207e+01
2.785522271104146057e+02
1.580883301778887358e+02
3.394464552531898107e+02
2.881399751261927236e+02
1.562125782329132448e+02
-2.655868852575137566e+02
2.630646763870292375e+02
-7.656975435815677429e+02
4.022058649750213704e+02
-5.963706781513336637e+02
-6.989213192707229609e+02
-1.088258404727878599e+02
1.373777153970663392e+02
-4.753929844546644290e+02
-5.241386845709117779e+02
1.574034032935537368e+02
-2.521606289149115696e+02
-7.174672851446908908e+02
3.417471789115373326e+02
-2.316009540578145902e+02
-5.482537705080659407e+02
-3.482159726262580079e+02
-6.356192190447231383e+01
2.470521145775406779e+01
-3.706551295835973292e+01
3.843837753645961897e+01
6.742074777080435979e+02
-6.777552352927282300e+02
1.382710029396118614e+02
-9.415919807166409328e+02
1.132564074135804333e+02
3.125280762936083079e+02
-3.661194966793373169e+02
1.797253804131236450e+02
5.193658841881683657e+02
1.355269747010087542e+02
-8.055951549721162053e+01
-7.056570588419039325e+01
3.478731167454271827e+02
-3.562745912077580783e+02
1.284591627428530956e+02
4.934913594060098063e+01
-1.167510649355237291e+02
-4.555143350713613586e+02
-1.916808036897684815e+02
-1.239046944441029154e+02
1.929439068149131913e+02
-8.649707121763059092e+01
-2.143009299036930884e+02
-4.219454027286627706e+02
1.048235567950856364e+02
-1.597894990659626160e+02
-1.489256962588588351e+02
6.456876671441858662e+01
-6.293171447762852040e+02
-1.899889437376635044e+02
-2.948360848095051523e+01
1.975208228661747967e+02
1.793920439153137352e+02
3.052450870925740745e+01
-4.632808823435865975e+01
1.768660821978447473e+01
3.921324365850023241e+01
1.433964419831515613e+02
1.719553802975122210e+02
3.136593573965212158e+02
8.093598750960751431e+01
-3.515542566990235684e+01
3.879729974126656202e+02
1.586237962545301343e+02
2.920319354747271632e+02
-9.006665375865443934e+01
1.244512166043169259e+02
1.075865887694381655e+02
2.215385175740703616e+01
7.693471181554525629e+01
-1.111050533463990888e+02
-4.032370971029906173e+02
3.281458175438626199e+02
-5.940974763796382518e+01
1.960161997388255770e+02
1.946101240427146024e+02
4.557310887197600096e+02
-1.529760421547942713e+02
-2.735515262590500356e+02
7.042361356704952868e+01
1.020396142704981770e+02
5.528168078912119654e+01
-2.695122770020556118e+02
2.377700919688564909e+02
-3.209840619360019076e+01
1.542193938654560839e+02
-2.339831380230353091e+02
1.666381223265092046e+02
-1.004385393037988550e+01
5.600863609350876970e+01
-3.231116606886757268e+02
-3.343138557779518294e+01
2.453440243072638225e+02
-8.412880382153704772e+01
-2.850101195861786323e+02
2.981150496819516320e+02
-2.156754362407026520e+02
-6.457502595805360102e+01
1.145886023899109745e+02
-3.298342830332398421e+02
-2.410354088420229246e+01
-7.874433550734762832e+01
-1.528325722736021532e+02
-1.992756879015909703e+02
-3.254627226252320593e+00
4.435030540412858500e+02
-8.192631579472926973e+00
-2.155842110848004154e+02
-5.389502867516113582e+01
-1.079946366734171903e+02
8.982000265858238208e+01
-6.807864046352254661e+01
-7.123280307335086547e+01
-1.589912339086432098e+02
-9.227321538334933848e+01
-6.499191346363625144e+01
8.094668472117288616e+01
1.872750685699654980e+02
2.524624644946486001e+02
-2.647274406863882632e+02
-7.285593169083328746e+01
-1.454786309401768278e+02
7.137890825448715759e+01
-1.377214306893778542e+02
6.420923170415581183e+01
-1.022538739951712472e+01
-1.754213330240609423e+02
-1.974859525405796319e+02
-1.075242079016078236e+02
4.970694419843374590e+01
9.701644709561065838e+01
1.719738264187346886e+02
2.590397414507927820e+01
-1.384184245596103224e+01
2.269311387442004957e+02
-1.506268494988404996e+02
-1.856358469823180357e+01
-1.802696682715302074e+02
-3.345920410646039045e+01
2.157018969615982940e+01
1.617589412391798191e+02
9.829441068281917637e+01
2.227289850943919092e+01
8.038898317704570218e+01
1.521538839978366831e+01
-8.729489579477490224e+01
2.367471059562278413e+02
5.440808382615734473e+01
-1.329680434560247022e+02
1.403401015566822423e+02
-8.977473676520791912e+01
-2.352178372197048173e+00
8.627470126074382506e+01
-7.258742461809347901e+01
1.483486573962396733e+02
-2.042525585686533134e+02
1.383214135995146421e+01
-5.723458983695570623e+01
3.743967010902154868e+01
-3.858829438917276633e+01
-1.894237595937422824e+01
-3.691276548603033092e+01
1.156501626429499794e+02
1.556237595720406652e+01
6.962722191297203267e+01
6.909217648085146379e+01
1.155325149904385995e+01
-8.267201052254434046e+01
-4.021130630832184494e+01
4.840524417261565304e+01
1.187908572197994346e+02
-7.543368809587813928e+01
4.089727247211626349e+01
-7.528485335487788532e+00
9.320568120162919357e+00
3.191663985535962311e+00
7.909497873715186245e+01
-7.937867450876565556e+01
-1.227304680050348225e+02
3.199093227903405818e+02
1.058973213270899976e+02
1.474041265947274439e+02
-1.741072516087043454e+01
-8.767854251160289891e+01
1.366661279457838418e+02
8.206544592647077252e+01
-2.394437605785846657e+01
8.237985500900288116e+01
-9.539055200169526927e+01
4.016777269094677649e+01
-6.166418191076736832e+00
-5.539567495380985918e+01
-7.361606869241603590e+01
2.702642625688167044e+01
1.939152553513681312e+02
-8.087795447442668717e+01
-1.739350794968401033e+02
-8.169691263185455909e+01
-6.180097154519148006e+01
-1.011169077531558003e+02
-9.897246457501904615e+01
-1.937836162545318359e+02
2.986185363081544963e+01
8.291281208977693495e+00
7.848806703915506944e+01
5.258078331120660920e+01
-3.345241105433004236e+01
-6.277947560104995262e+01
-1.265710729228199796e+02
-7.939026218520110945e+01
-1.550957632853408086e+02
-4.092722235228995231e+01
-6.087947473070045135e+01
4.017192678729510646e+01
1.231706267886084873e+02
-2.424435451146057972e+02
4.272469846120536374e+01
4.937650271365998833e+01
-1.210575403232874407e+02
3.344789500415183880e+01
-5.828447778214048469e+01
8.296129313377660708e+01
-5.338348226972122745e+01
-2.172220615489891316e+01
-4.720666121581031405e+01
1.248668929580651223e+02
4.628198915519586620e+00
1.204914393286726835e+02
-2.582068764103897252e+01
-8.571655685234391342e+01
-8.479462265024048406e+01
-1.204207243816265986e+02
-6.129481150005565482e+00
-7.987064730863232853e+01
-1.037623851696471746e+02
8.862217490984961898e+01
1.842160598880779219e+02
1.114420446926454034e+00
2.100560622584396242e+01
7.776681701882962727e+01
1.139734513856567872e+02
-5.745900295464895891e+01
6.412109084374931456e+01
-7.250964649115546479e+01
-1.935786993846619097e+01
9.308774771712837293e+00
