-2.464080146128839715e+03
-1.552119012048420927e+02
-6.093403725312741699e+03
1.300674649437123207e+03
1.464494523426249089e+03
5.117626442412723009e+03
7.302198740772206520e+02
4.291892072464394801e+02
-5.861908853380992923e+02
-1.524486468542253078e+03
-4.397904624730945216e+02
1.274409711697948069e+03
-1.906284047279293418e+03
-3.176102442410901361e+01
1.433807877334793830e+03
2.518750167596532719e+03
-3.369649300994320242e+02
6.253646192945742541e+02
-1.762108882151704847e+03
5.491025611064677605e+02
6.901280309289790011e+02
-1.141556782110084441e+03
9.950108930782699872e+02
-9.280902875746161271e+02
-2.600738098355606454e+01
5.171669379450921724e+02
-7.959991231697686089e+02
-8.626434707475511914e+02
-4.361250534015975511e+00
-1.561684816699749945e+03
1.345841475284322769e+03
-1.311648675607693349e+03
-7.646595861724944143e+01
3.402246102691985357e+02
-1.041151165028569721e+03
1.581583075465726722e+02
1.514081882877355383e+03
5.635738203615256907e+02
7.861165402064292493e+02
-1.085883311513622402e+03
-5.966894179686785264e+02
-6.159623166398897354e+01
6.418786736917651297e+02
-4.394959585043610559e+02
-8.061129197271872044e+02
-1.065537528359772068e+03
7.447851736257364337e+02
1.250009335197038581e+03
4.111282914010137119e+02
-6.264715129335738766e+02
5.448575924410795324e+02
2.840540692812908574e+01
-4.390582679545565270e+01
-3.179850331470612446e+02
1.084988157836820392e+03
3.049376952021610805e+02
-5.109076064794770105e+02
3.964749081824562893e+01
4.034480662569677634e+02
-1.517878648348027752e+02
2.162424893076718035e+02
-2.591966156204122740e+01
2.280660570302691212e+02
-3.077420830340752218e+02
2.405936187674680014e+02
1.064716274724210734e+03
7.025672532572668842e+02
9.464254093090444258e+02
3.630870745279451626e+02
3.321172615560975032e+02
-4.596458711811735611e+02
-2.735678341371461215e+02
-1.130991917222550569e+02
-4.853151319110816644e+02
1.499050280812240032e+02
-2.252668108126766811e+01
-3.935360399390971224e+02
3.013102175942352119e+02
3.639301740996152148e+02
-5.887207243476287886e+02
1.227100129139123368e+02
7.619680895046273861e+01
2.892144367517507320e+01
-1.062724118043235649e+03
-2.711166709869721672e+02
4.181045409695962434e+01
1.879319567827720903e+02
6.248927349074897108e+01
-7.212598195198005442e+02
-3.751217960896918839e+02
1.631685285482343488e+02
3.633303474402748634e+02
3.681394325631634956e+02
-8.095719812524862391e+02
-1.952774588825511444e+02
-3.401288816957707581e+02
-1.294072588375056796e+02
-2.957794102760414603e+02
-3.599340833077512798e+02
4.777196384971850307e+02
2.685617976520655361e+02
-3.018684845381212085e+02
-1.857156821946777256e+02
1.845865438694817442e+02
4.033179526704872728e+02
-1.420385448720236923e+02
-2.611220663810594260e+02
-1.876771723756554309e+02
1.281340284719320266e+02
8.110753351320633442e+01
-4.684145567494471152e+02
-2.321563025265270142e+02
-6.690936038964338195e+02
-4.351538879138039988e+02
2.279618691389654543e+02
4.266068392742261040e+01
-3.900373660199314259e+02
-8.980504995059949351e+02
-2.657836340825570574e+02
3.381678950502533780e+02
-1.607030605268830357e+02
8.161931246751083791e+02
2.066100211378364975e+02
1.521089744154386949e+02
4.612656079996466474e+02
3.826175166351478083e+02
-6.831188831579053158e+02
1.540053253005714566e+02
4.746216621194798790e+02
2.566706658460772701e+02
-3.054227343184493293e+02
8.364205642698653946e+02
-3.305432119355758687e+02
-1.479889448027348351e+02
5.425803478274052623e+02
2.374899757471341104e+02
1.539250188566601878e+02
-2.541186168775911653e+02
-8.442037975830636753e+01
2.387385210753020814e+01
3.980116239930219990e+01
-9.912470274847542839e+01
7.222822694522708389e+02
2.949485506742332745e+02
3.223580944294905493e+01
2.595700305802811414e+01
-6.505495657624237538e+02
2.811561979250361674e+02
6.541070041182266550e+02
2.198531501150086171e+02
2.980130764819448359e+02
-8.298730161280113293e+01
3.682732814884706158e+02
1.073104042416864132e+02
-3.423169830014928721e+02
-3.008598050691772983e+02
2.520710312022285962e+02
4.402044344364119297e+02
-1.147609134557690993e+02
-5.645520489359271323e+02
3.269304238333505737e+02
5.370907817084166709e+02
3.324841882039550569e+02
-6.510179132797583179e+02
-2.317094302694823966e+02
-3.277931199004634664e+02
-8.504599324170327179e+01
1.376206617143189703e+02
1.657372299927033907e+02
4.457952425922338193e+02
7.049788672409884782e+01
-4.844011930917317841e+02
-4.815262214482452805e+02
-6.627214397128298629e+01
-1.802861527269892861e+02
4.770025261964811421e+02
4.626837474310640346e+02
1.125603114285417661e+02
-8.949952019486543975e+01
-1.208417867691416632e+02
3.425569401512220793e+02
-3.157377706697074018e+02
4.061348325961825481e+02
3.723478699984704008e+02
2.193653643445671548e+02
-4.356000020908260808e+02
1.824446340522023604e+02
5.404167100137989621e+01
-6.443942167045098586e+02
1.916477994947857155e+02
-2.722017469246624088e+01
-9.360090594687227394e+01
-2.136174942979198761e+02
-4.099025932832598187e+02
-6.872075836867740861e+01
8.324913582393992328e+01
-5.201770172904122091e+02
1.083167344950426099e+02
1.319329875001157006e+02
9.011879188273502450e+01
-2.267255044480714048e+02
-3.718820382440091521e+02
7.268345369369980062e+02
5.767288916538299048e+01
7.697947815216400258e+00
1.918923817804345333e+02
-3.114864627229037524e+02
1.834108336479727654e+02
6.115312520789928641e+01
2.210298280191062474e+02
-1.238428364402104904e+02
5.727639548682996917e+01
-8.556781677371088790e+01
-8.436200007769874887e+00
-5.060727983695205978e+01
1.553948246264362467e+02
1.255408343920347676e+02
2.153115347848246586e+02
-5.477059144349477720e+02
1.832030530595763196e+02
-4.045270396725415480e+02
1.742595465659962031e+02
-3.841687853518499196e+02
-3.337404335424831743e+02
-2.050117121144365626e+02
-6.168721204744510942e+02
-3.458157143523535524e+02
-2.307844465377274048e+02
-1.156341707887546306e+02
-2.803571472519285521e+02
2.556377869297749683e+01
-1.213408548277800492e+02
-1.864114978874755195e+02
-9.759594604709310772e+01
-3.791031126354107528e+01
1.321139854977943839e+00
-2.380555808488860521e+02
2.517386442156174553e+01
-2.249300619493692110e+01
8.546182688086592805e+01
3.323490201175945202e+01
-1.740217616131633633e+02
-3.928889845963562948e+02
-4.373059690315822081e+02
1.579574867985367064e+02
1.668867212519824648e+02
-1.300239375719106079e+02
-5.419256392612938100e+01
-3.002022700519531213e+02
-1.573787078838452089e+02
4.162397871683747326e+02
4.197152356128800648e+02
5.499817456412171168e+02
-1.494587941864307936e+02
2.855327618057851851e+02
5.515970761461513661e+00
-1.926668165787584153e+00
3.898960612575564255e+01
-3.002476083456693345e+02
2.462520242873659129e+02
8.033129322937102756e+01
1.373678320273891131e+02
-2.161080164159473895e+02
2.175174566739479758e+02
1.001044643636425349e+02
1.148623012627800080e+02
3.124035188251272075e+02
4.234581546212858143e+02
1.129692411109352435e+01
7.604577876623145016e+01
-4.068262644747593981e+01
6.978341223822374673e+01
5.141973275513864650e+01
-1.668353136219901103e+02
9.665738152978294195e+00
3.944839664680157654e+01
1.043468192474662857e+02
3.100994914857420213e+02
-2.743844288288204325e+02
-7.317679834048495024e+01
-4.247880790583382122e+02
3.834435101980935769e+02
4.569892308962680971e+01
2.609383239151757721e+02
-2.382834395449030751e+01
3.878528836413288161e+01
1.263861511261194721e+02
-5.931973786128555304e+00
-1.994128404019490972e+02
3.628209101820040416e+01
-1.475004175673672080e+02
2.225772364215126231e+02
7.433946509363713062e+01
-9.105704272134710564e+00
1.515261438476730120e+02
1.266457990931636886e+02
-1.214690174804601810e+02
1.816954292686732799e+02
-1.908016101292590463e+02
1.468421957230597741e+02
