-1.126478669597253912e+02
3.455049701420170095e+03
-1.725961067414974195e+03
-2.016496798687791852e+03
1.591815216533731473e+03
1.289707097994384640e+03
-2.243972358463692217e+03
-2.938573982720237382e+03
-2.726144281579044673e+03
-3.412534326320882883e+03
2.994647967230716858e+03
8.787216778235359698e+02
7.968726268343879156e+02
-4.300312363774006599e+02
6.347729021304611763e+01
-8.153367142472817477e+02
-9.790854812706404573e+02
-1.039552037366837340e+03
-1.434248217422911921e+03
-9.757615938104648876e+02
2.745426624900739512e+02
-9.669432934036022971e+02
2.047485737920542022e+02
-1.599821494270775702e+03
8.403341628609888403e+02
-1.420548743694529776e+03
-1.306211176689912747e+02
1.646569936798805202e+03
-2.649746768207201058e+02
-1.350731482421077772e+03
3.624813285235894682e+02
-1.069510362751520233e+03
5.496844407398855310e+02
9.821990215949402909e+02
-6.405022830726449001e+02
-2.906135293193499933e+02
1.015363705654871296e+03
7.938983113798681188e+02
6.137974308378263686e+02
-6.523402930740874126e+02
-3.439710941137909117e+02
-1.938713196161283179e+02
3.766620163337761369e+02
-6.264613683497855163e+02
2.229623145978450225e+02
-7.682858658690219045e+02
8.965039491082385439e+02
1.171998400223862063e+03
4.365090038990524590e+02
-7.778130438852815587e+02
1.586935845971102310e+02
-9.099650766782940536e+02
-1.259889230559775228e+02
-9.267347863343759684e+01
1.385668482213101470e+03
-2.576265719980468134e+02
4.169209311990616698e+02
-1.880286726638872352e+01
-9.257439584918230935e+00
-3.150303117996667197e+02
6.808739460456289407e+02
-2.804033598538634351e+02
3.654714316010685593e+02
1.156450984783504055e+03
3.468315265647784713e+02
1.554402814253261340e+02
6.301796482740261496e+01
9.119071590307671613e+02
7.395665272229001630e+02
-3.756628645051596891e+02
2.345947350054549077e+02
-4.991431760695548974e+02
2.672658585885221783e+02
5.109663110409213687e+02
-5.373358226877676316e+02
-2.735717656153144048e+02
-1.960817942622478256e+02
-3.113004484341229272e+01
2.748279540230356019e+02
-6.718772000474217521e+02
-1.755628368529252441e+02
4.265968473119327768e+02
7.776732850210861159e+01
-5.278623850597055025e+02
-4.044075646559161896e+02
3.006100574476305383e+02
2.267877977660902786e+02
2.246286020424084597e+02
-2.967589331510997113e+02
-3.370183826079889400e+02
1.498874352293836125e+02
1.833592316562074700e+02
8.541877775353673030e+01
1.688433005084967817e+02
7.073830100132902032e+01
-4.614524003643185779e+02
-1.506284698856345869e+02
-2.841785934450509998e+01
-3.043931638708424430e+02
1.240324404088590704e+01
3.301023244745097713e+02
-5.609240821827044101e+02
-8.814467007019388234e+01
-2.933277989877055347e+02
8.349041746327506530e+01
-2.425017085893449860e+02
-4.898972795361062822e+02
-2.395504390658117586e+02
-1.484706031103072803e+02
-2.348078070177698748e+02
-3.676731696857105476e+02
-6.465215790702989125e+02
-5.546511917124880711e+02
-1.454742793338725448e+01
1.789154193677588580e+02
1.411559289016482523e+02
-5.406153503584921509e+02
-6.038707337432334725e+02
-5.702644019117624339e+02
1.019368438346292862e+02
6.513669097811700226e+01
2.975123989759509300e+02
2.686557216716444145e+02
-2.729415747840566837e+02
2.991256805841214828e+02
-3.095231860377764406e+02
-2.698432028608346513e+02
1.115793252507672406e+02
4.609838343312613915e+02
2.585505874516606539e+01
-2.090779398286063326e+02
4.952745583262416176e+02
-1.416484174425350488e+02
1.165609755556277634e+02
3.794354267447459392e+02
3.254181674043081784e+02
4.293740134011839871e+01
4.387082199837000474e+01
-1.643637672622111836e+02
4.217659855769747992e+02
-3.529135084936519888e+02
-1.418365550955077765e+02
2.879023190023189613e+02
3.263031922555966275e+02
2.634588089644124125e+02
-1.346610562384136074e+02
-4.051595870805680306e+02
-7.297606590438654450e+01
3.507052328399855696e+02
1.349757439933683543e+02
1.828018963827717016e+02
-3.416834407434195100e+02
4.264692038625209847e+01
1.470166277044215803e+02
-2.342115072133273372e+02
-9.330467739684443984e+01
2.818719990470254402e+02
1.589479972719770728e+02
-1.978585828994341398e+02
-3.857045831242562599e+02
3.285533834368801109e+01
2.623362335221085573e+01
3.301503329136443199e+01
-4.111239810477829337e+02
1.853425660272654909e+02
3.668130453228855004e+01
1.409292754205654887e+02
1.871422915963598825e+02
1.491785348442233960e+01
2.041642210114260436e+01
3.333206587950814423e+02
-4.657379898669169052e+02
-4.357550257277610228e+01
-2.077979308764033419e+02
5.618904231912951985e+01
2.810974089728622971e+02
1.318175821441944890e+02
9.164282917743592805e+01
8.684261169472223685e+01
6.862299935724796285e+01
1.314220944712185428e+02
-3.651622142003103590e+02
1.729749139175129926e+02
1.970400970281671960e+02
1.800250206899545162e+02
-2.262964799494119177e+02
-1.289965078366736293e+02
-1.976467134589307193e+02
-2.236289324909004250e+01
1.021443046037101823e+02
5.029246879883918808e+01
-4.017090433371370750e+01
-2.587968351943590051e+02
-4.994086852851447702e+02
-2.613927292013116954e+01
-6.864079126130187092e+01
-6.516888150144177416e+01
1.111355863538757092e+02
1.326326288290362356e+02
-3.284155396249560255e+01
-2.587128711369822440e+02
-1.064999738611258948e+02
5.026121847960802143e+02
2.338559867386205156e+02
-5.038092372745080638e+01
-9.051156192872547024e+01
-9.244941886873573367e+01
-2.593908635936096729e+01
-1.777255932320326224e+02
1.097008597461247916e+02
-9.412553052433220557e+01
1.630706056459970341e+02
-1.312149101145582506e+02
9.320555582097844649e+01
-7.174423422476870371e+01
1.403315675868113885e+02
7.498542834605420637e+01
-8.163944985400600274e+01
-1.879403905858106612e+02
2.962618311385354986e+01
-4.246765548648385789e+02
4.982927803454524707e+01
-3.771783118829000045e+02
-1.802113608990638909e+02
-2.598974758525806195e+01
-3.017927025407893780e+02
-1.803216135782016920e+02
2.141284274554408729e+00
1.149337556272429310e+02
-7.800988643840832992e+01
-3.424157140582374126e+01
-1.588424515585877543e+02
-2.391775408115952928e+02
-1.461463663163882813e+02
1.850283409525867739e+02
1.216385390919114542e+02
-3.690264283753474217e+01
1.560715908314936371e+02
2.283199296574687409e+01
1.065166046976179643e+02
6.579522977186128685e+01
-3.053847618642755890e+01
-2.784302265136085452e+02
-1.744675177421270007e+02
2.191915479654437604e+01
-4.177765238012784721e+01
-2.338096512408750982e+01
-8.281013400554982695e+01
7.973238259463855115e+01
3.291589952679214548e+01
1.083674942642548160e+02
2.060836714309068896e+02
2.348191283522822630e+02
1.402591355683187828e+02
4.473744117399197506e+01
1.373391198972812219e+02
-1.061171759413060300e+02
5.439401255158216486e+01
-1.341504677882824978e+02
2.071867469828544870e+02
2.116534141223887744e+01
-2.138916926242428573e+01
-8.408001207585047609e+01
1.292727001623258332e+02
2.990666849950105544e+01
2.329749785900660868e+02
5.857398547668605460e+01
4.119571462095640300e+02
-5.580978646720240732e+01
-1.471240134098770191e+01
-3.064266928369348761e+02
2.582394387709693717e+01
-4.311503351058008349e+01
-1.481891940121682296e+02
1.394363420450119975e+02
-1.145756220161906782e+02
4.819692570049637936e+01
7.567386929340570134e+01
-6.154127647276592938e+01
2.348947204830985669e+01
-2.603834226188033654e+02
1.428901760612159535e+02
-5.585486439626948396e+01
3.253978974807873215e+01
-5.684430733851509210e+00
-7.315377674143576314e+01
9.746414093953850966e+01
-4.415070441970690496e+01
-8.017803799443071000e+01
-3.932372568244424116e+01
-9.426258341088959014e+01
1.509355106663309698e+02
-2.863432301407151925e+01
1.826608657686335278e+02
2.499873843844903121e+01
1.301427174872839316e+02
1.937044982582963826e+01
-9.882694460157825489e+00
-1.827202993412392971e+02
6.515513815803214470e+01
