-3.937022168236994276e+03
-4.284917069984895534e+03
2.260724938775436840e+03
3.670376290455007165e+03
2.985165486169988071e+03
8.335149176833226647e+02
-4.012823388999631220e+02
1.035371901709900612e+03
1.863587048026988668e+03
-4.001064392688600037e+03
1.440831175925842444e+03
-1.335697133916394023e+03
4.323886272450706088e+02
-2.207632463967271633e+03
2.031645054834129724e+03
-6.365088752862641286e+02
1.201983163582795981e+02
1.285287988476245118e+03
3.418796810679764917e+02
4.047528373272747899e+02
3.079846968363404471e+02
6.622462434562143017e+02
9.437314519668774437e+01
-6.416364358585370837e+02
3.597376206875287039e+02
-7.180838604698747076e+02
1.569235135294738484e+03
-4.140816992972061144e+02
-5.296182064362172426e+00
5.881780232435396556e+02
6.553143262861000267e+02
-9.802407456371023500e+02
1.691180757864507314e+03
1.340367999233012370e+03
-1.823730378328875304e+03
9.102351644412145788e+02
2.524486800638345301e+02
7.667340442242561949e+02
5.582531057946715691e+02
1.455693813824959989e+03
3.564038575068663022e+02
6.860849302520639412e+02
1.000704279628112999e+03
3.076642486019575813e+02
-3.510318303486799891e+02
-6.929460049072940819e+02
4.886750146356386040e+02
8.175315079798225781e+01
-8.970764841179313862e+02
-9.973633292083234210e+02
1.845016403421824691e+02
-6.100826096505046507e+02
-1.010188370923988543e+02
1.179226682140334503e+02
9.231791073315887388e+02
2.644051662096347286e+02
-2.120042435971019756e+02
-3.764230825611337536e+02
-7.470720759866386516e+02
3.864656433086533980e+02
1.034205115043435796e+02
-1.440979249780732232e+02
7.265795204953390112e+02
-8.097740075979868379e+02
-1.562379356913726497e+03
-7.882663607993623600e+02
3.769559034777641955e+02
-3.862913805118769801e+02
2.404592500540799165e+02
-1.097380905558004827e+02
-8.728409442639370752e+01
4.071808032682972680e+02
-6.294327895537388713e+02
1.215959767807932394e+03
1.197200823515990123e+03
-3.294517923724790194e+02
-1.223467085950466071e+03
2.450695082923093366e+02
1.794147264821964427e+02
2.976441610298325600e+02
-3.937245929641295561e+02
-6.636926616892036463e+02
-8.665737970212958317e+02
8.225883734990750327e+02
1.122142810206873492e+03
-2.158183758351154040e+02
5.249908717654601560e+02
8.272843610649518951e+02
-1.167172009056600075e+02
-8.027730766004417546e+02
2.098364724201623233e+02
-4.549455133799154964e+02
1.826413948893289119e+00
-1.965968342963245163e+02
3.369717036606201077e+02
-8.632205058566012212e+01
3.134856671229588869e+02
-4.058911014413750991e+02
-3.042495291315544250e+02
-4.981876937801736744e+02
2.860839401174695809e+02
5.010614463827374152e+02
-3.798243174661441230e+02
1.348687639242515104e+02
-4.784218274393308548e+02
2.444200836166057513e+02
-1.765735320037772453e+02
-2.285992939094856524e+02
-9.036760110586212704e+02
6.638873844771558197e+01
3.179927998584092279e+02
6.776903516697498020e+00
4.366928290475463541e+02
-2.558125356058486943e+02
-2.095939853229790231e+02
6.035641670650129527e+02
7.524262369777178492e+02
4.018047465158095299e+00
1.363894587943317731e+02
3.120052390457387332e+02
8.872426562552119833e+01
4.699888842972102765e+01
7.118242687862412765e+01
-1.272251263834897799e+02
2.333753237336500774e+01
1.518623586694776577e+02
3.313191288496572895e+01
1.236816681400592444e+02
4.060540691586197113e+02
5.924174158997446966e+02
5.262727479589880204e+02
3.195246180811259364e+02
2.425717813288540867e+02
-2.251567389232776861e+02
2.274354173824661984e+02
2.640470034933371153e+02
-2.527274872548217033e+01
2.503336020916949849e+02
-3.949615536652646028e+02
-1.790095066154148995e+01
3.085338780846174132e+02
4.110465207190605952e+02
-4.122730550282611830e+02
5.001326138344236938e+01
-4.490991993729444403e+02
5.145404002482894157e+01
6.861625481059390186e-01
7.793707183926490245e+01
2.744180171802948962e+02
3.713175069804614736e+02
-2.636747090431655494e+01
-2.611007968548256599e+02
-9.274875160534874041e+00
-3.345627417702833668e+02
-3.697635031382722559e+02
5.080864081840026643e+02
-2.255238548351591419e+02
-2.502817115301504600e+02
-3.409005017706473240e+01
-1.209934340122384810e+02
1.184643909970015869e+02
3.603440925345121855e+02
-4.255841596122172064e+02
-1.371587799164084629e+02
-3.044131882513536311e+02
-2.434659039892703447e+01
-1.804359140266295753e+02
-1.020500771468240231e+02
4.595949662525107442e+02
-4.346213085507491769e+02
1.321771488442316240e+02
-1.586268796367220091e+02
-1.734674184388194362e+02
-5.590938608062612047e+02
2.682373062765996679e+02
-4.736579415885365130e+00
-4.589689991023740134e+01
-1.080067138440407888e+02
2.510897614369976338e+02
-1.321098291811283332e+02
3.123777228725708142e+02
-6.956742006334614814e+01
2.424242721481457181e+02
1.308804675870013341e+02
3.622649496866536651e+02
8.738011377688250150e+02
-2.321741497552264093e+02
1.261950606791228751e+02
2.850362121240116835e+02
3.821495442828704370e+01
-2.936079532256733842e+02
-5.195594536442405342e+02
4.217954623302866679e+01
-2.437947547901339931e+02
3.402991451022240881e+02
-2.571542591412602974e+02
2.083905273264377556e+01
3.358744911178556691e+01
-1.433150940768807686e+02
-1.894516521290314515e+01
-1.715658336575704936e+02
1.082993940433151039e+02
7.898536587812394316e+01
3.517557670733264104e+02
-3.202617819280441722e+02
1.777098166968122257e+02
-1.606304842288472514e+02
-3.140945980547180056e+02
1.586605856640580612e+02
-5.695713597302136577e+01
1.224076778262713816e+02
-6.187070717091803829e+01
-1.556085389506841068e+02
-1.590168595294202305e+02
2.967252161204443723e+02
-3.488561542448038608e+02
-1.970090253039134254e+01
6.300569855208652825e+01
-2.371950827194825422e+02
6.621929944535753521e+01
7.918490917994944311e+01
-9.992327156629069407e+01
6.211332151001197133e+01
-1.474310033866161973e+02
-2.255611985846851653e+01
-1.255737452144666548e+02
3.144696675867240856e+02
1.044913209455606165e+02
-9.857434965505943580e+01
1.478463198773641523e+02
-3.304598662294757361e+01
-5.213256076530063154e+01
-2.627976389631268148e+02
1.858666196129086075e+02
-9.645990047297544834e+01
-1.650830540236181037e+02
1.932307106151174025e+01
7.446631369800438449e+01
-2.000461865862705579e+01
-3.516358136686941407e+02
6.555639923184949680e+01
1.770741318985124906e+02
-1.847387000699564794e+02
1.645490825288510166e+02
-7.091043197690196109e+01
-8.986838993920522967e+01
-1.517699671826023859e+02
-5.638864203709335499e+01
2.509269418736340924e+02
-1.600680098622529215e+02
-2.512330825726466799e+02
-1.484844032943690806e+01
1.023689278434453485e+02
-6.964901364411002760e+01
-2.697130309345296837e+02
-1.233049439228682758e+02
1.301600417519350685e+02
2.337030708769628120e+02
3.849572914811718505e+01
6.980095514260408152e+01
-1.007604365523624779e+02
1.248251799577274852e+02
-3.591773121858883542e+02
1.487773681250087918e+02
2.183037581361363948e+02
2.445548008024163948e+02
2.764564762272966618e+02
5.136068714871754537e+00
1.854740524038562057e+02
-2.502176775849526962e+02
2.531461499088005951e+02
-2.852936882851659561e+02
-2.107178995749644912e+02
1.465955035707750085e+02
2.647430310292239852e+01
-3.298370888782961288e+02
1.167655426262110865e+02
2.103812673435515279e+01
1.397899002701150266e+02
3.930877011186733228e+01
1.920916132766180340e+02
2.192892518554234016e+02
9.594921619058074214e+01
2.306785319239249930e+02
-4.216902768730343354e+01
-1.088621606685816801e+02
-6.503308430084551617e+01
2.077424770444107764e+02
5.043958311666893479e+01
1.274926461530319273e+02
1.687860634603973153e+02
3.091754269127304156e+02
5.936784661973455002e+01
-1.918761804179432318e+01
-6.645654537272820050e+01
4.942183109604970070e+01
8.674971681124472411e+01
1.133436395402923011e+02
-1.131269262365261419e+01
1.412487852097344785e+02
