-1.699439509046555713e+03
-3.360959989884883271e+03
-5.467238774453378937e+03
2.139586891353515512e+03
4.119048447883991685e+03
2.517683317465190612e+03
2.538200676486383600e+03
1.433953714509180600e+03
-3.248601833234106380e+03
-6.589465129592875883e+02
4.328236774880547273e+03
-9.473816226036313992e+02
1.678943288270784024e+03
1.669811886608975328e+03
1.019632847493184840e+03
-2.247949005022154324e+03
7.939352582815986352e+02
-1.273284092551876029e+03
-4.358061064767077255e+02
1.982669093218491071e+03
-2.491915761534224202e+03
2.513899901762114041e+03
-9.795373378840209853e+02
2.552679012281264477e+03
5.293429273129146395e+01
2.632731368295462744e+02
-5.324390278522503905e+01
-6.380581171407650345e+02
6.311003243658108204e+02
2.618075011574413793e+02
4.132759433409486292e+02
4.030721191757647830e+02
-5.819881471879178889e+02
1.354890493864306222e+02
3.683875441900378860e+02
-1.641051513196278620e+03
7.732793203605116332e+02
-4.447176251108019187e+02
-1.073348580509046315e+03
9.117013424467025970e+02
-1.249813893776268287e+03
1.165905959170360262e+02
4.441783148488595998e+02
7.004576116096360465e+02
6.440598829540411998e+02
1.138008714206150216e+03
-1.677258705731391046e+03
5.347879490528737279e+02
-1.024781820699594618e+03
5.517827867767008456e+02
7.877545196630929922e+02
8.231574738052939892e+02
-4.927640336585965883e+02
8.669489291406521261e+02
7.490462512549927396e+02
6.625495439172527767e+02
2.684788265907887421e+02
1.521208973873760669e+03
-1.181792280733066747e+02
2.312134846601643403e+03
3.019794155192645349e+02
-5.116832219902629220e+01
1.921500018434339836e+02
-1.765473496010812084e+02
-3.084242470667351199e+01
8.302634292753813270e+02
1.654765528851231466e+03
1.373032795432558487e+03
2.453965416190492306e+02
3.014220412739039716e+02
4.754795035298998869e+02
6.060919133439764437e+02
-1.580244029430646719e+02
-7.270311762651996332e+02
1.605500046799955044e+03
-9.853849398421730257e+02
5.662067323260010880e+02
-3.526422166845003972e+02
4.685194224037461908e+01
-1.542372773965329884e+02
1.238245659222258610e+03
-7.172311881162161171e+02
-3.256055976950375452e+02
5.886737644623927963e+02
1.024700093354953424e+03
4.210647487972991598e+02
-3.512903744145401674e+02
-1.599473932517830121e+02
-8.010979211855512858e+02
-3.496624172153555037e+02
4.829210204018424974e+02
-8.708939582258325345e+02
-2.004225665306379085e+02
-2.181892764661862714e+02
5.409118033635946432e+01
-6.828538966578254303e+02
1.477372549549974963e+02
-1.388660465462111517e+02
5.899909420631842067e+02
2.780392716456439075e+02
-5.169630203220768863e+02
-5.670058161177021248e+02
5.638607330544828073e+02
-1.736751158091399247e+02
2.280384856157152456e+02
-5.705359761800615388e+02
-1.228674095711103433e+02
2.194497564425213056e+02
6.320926587221422466e+01
7.094445645612697149e+01
7.878923937418136347e+01
-6.108523326631818691e+02
4.296892565769172734e+02
-1.832763387678392633e+02
-1.942585994258832494e-01
-1.421116796667658946e+02
-4.612168727459031743e+02
-9.242875937308515404e+02
5.787744004670900466e+01
5.798865933933411725e+02
2.074749184937392670e+02
2.578824486586287321e+02
1.502431788854790398e+02
-4.982428231201331670e+01
1.604640464257089718e+02
-2.896939077462551495e+02
-1.370246901685778482e+02
-5.836488239006035883e+02
7.768642661317071543e+02
4.352580642293209507e+02
9.022267167599783022e+01
-1.717183721501827733e+02
-5.395913613002310285e+02
4.114774244796875564e+02
4.177360714049452213e+02
-3.852853743828689517e+02
1.343594752549141162e+02
-9.024984081244100764e+01
7.362475675978151912e+01
6.275891339847191830e+02
-3.739208739377240818e+02
5.575360955360281423e+02
-2.114000627625760274e+02
4.634551888309317178e+02
-4.187625336565781708e+02
2.166040800692026949e+02
6.867717935297555414e+02
1.731845043005805351e+01
2.591156895323301796e+02
-1.791743143375178988e+02
-2.496285513958912716e+01
-5.405532691283583091e+01
-1.835828265735430875e+02
-2.453766292405533633e+01
-1.891871462144645193e+02
-1.933008267636506332e+02
-2.616318017377099068e+02
3.871686056107263596e+01
-2.036649406225885173e+02
-1.978128840585467572e+02
-1.326122078283448502e+02
1.037533524084689134e+02
-1.169671646921590309e+02
-4.424224773701118920e+02
-4.092238693989563671e+02
-6.352848509313073322e+01
-1.868532680012484946e+02
-2.299139937693262823e+02
4.461771347163041241e+02
-3.355274726429623229e+02
1.488234683297274330e+02
2.672311698029024001e+02
2.273677453644297941e+02
-5.817930040347066267e+01
-3.169973484659994938e+02
3.377678775549336478e+02
-4.514425832592189636e+02
4.396978901634847858e+01
-2.385418424110096680e+01
-1.799919463841210359e+02
-1.650829958528301518e+02
-1.015216271781400934e+02
9.780239707660675208e+01
-9.774591487256361688e+01
1.866525349133267184e+02
-7.861938753519694956e+01
1.753688715028579281e+02
-1.697897856570108956e+02
-1.961118908754621941e+02
-9.243542422641345979e+01
1.711783030216388113e+01
-1.458843074262809978e+02
-1.129390583653027988e+02
-1.161586589327260732e+01
-1.697261532892878222e+02
-1.660613191354392200e+02
5.168802190404905872e+01
-4.077073757157295972e+02
2.264467342125438165e+02
-5.329311947139977690e+00
-1.446187505092071603e+02
-8.329313282560681841e+01
8.130612210104002315e+02
-1.877216715601682324e+02
1.249322128973749528e+02
-1.903562414064454344e+02
-1.309376686996121180e+02
1.359112560966638057e+02
2.321980658317706614e-01
3.725388258732299107e+01
7.351090796420032802e+01
-5.940256160609106928e+01
1.130177366690236767e+02
9.848597633891910164e+01
1.265992232354941791e+02
-3.866288741986592186e+02
1.453786795864866974e+02
3.396220454082416040e+02
-3.163054604579486977e+02
1.152035083642351943e+01
-2.070878007938837868e+02
2.940084573706802189e+02
-1.923507182973430645e+02
2.269180130910749824e+02
-5.086758656098452320e+02
2.851335632615881188e+00
-6.532864463352436815e+02
1.554082945556936863e+02
2.137151836706636630e+02
-3.434046976597370815e+01
-2.568537257371556848e+01
-2.167407486382775801e+02
-1.392617026580737161e+02
2.274943489236096639e+02
8.100389516481891405e+01
-2.506570764839150058e+02
-2.560731725475262692e+02
3.217496651156217808e+02
9.979827977219891011e+01
-2.466127295590239044e+02
1.330185598517857102e+02
1.927343483188535345e+02
1.358998310148185737e+02
1.559053838675122847e+02
-1.595489368031298056e+02
-1.284649379231651665e+02
-9.230351294684766117e+01
-6.746724603637696305e+01
-9.886047005777426477e+01
-4.883065590881381013e+01
-2.466781973386279674e+02
5.701073198066002590e+01
-8.945708516599614768e+01
-2.771648209086277461e+02
1.427568648854258697e+02
1.246985661389316249e+02
-4.552673681572915712e+02
-6.568028104819499902e+01
3.228635844235880370e+01
2.990320102423747883e+01
2.099655128799481929e+02
-1.122088610988740527e+02
1.022602899134650016e+02
-4.497053166482542679e+02
3.030771177041959845e+02
7.389901979839969215e+01
3.294552537230305234e+02
4.811545880018650934e+01
-8.271053353830032506e+01
-1.181735069281481145e+02
-2.326866668782691079e+02
-1.724126002709884631e+02
1.610406892520076951e+02
1.846732086716466199e+02
1.348662331818448479e+02
-8.637171211549180327e+01
1.074250640271929456e+02
-5.464572859695186935e+01
1.564683174924328455e+02
-1.890408967826761568e+02
-1.948584955320108349e+02
1.746618175665278727e+02
-5.460405153726784988e+01
-1.233538120497488535e+02
1.560255281543620072e+02
1.758889055769591323e+02
-1.781739624873027594e+01
1.916780110114167144e+02
-4.903337250032752337e+01
-8.324145731656508929e+01
1.544932122044621394e+02
-6.835720654109304917e+01
-1.245732211842321959e+02
-1.470728141207063970e+02
-1.837209158567964380e+02
-4.131864862730505905e+01
-2.607428370186846109e+02
-9.573059948697115829e+01
-1.914174245153835159e+02
9.994757209628761530e+01
