-1.119497417769604453e+03
-2.747432794473908416e+03
-1.834657490009127741e+03
2.466976427782114115e+03
-2.939650810193248617e+03
7.839742810543230007e+02
4.105228039168473515e+03
-5.698318380539290956e+03
-7.710410860157286379e+02
-2.357024284112983423e+03
-9.328716167508129047e+02
2.234859094749618180e+03
-9.763629960975525819e+02
-3.208669631487784500e+03
1.062347999710068507e+03
-1.785199159459058819e+03
2.775473708832093394e+02
3.572897564352223299e+02
7.368108637171889086e+02
5.401204613633383360e+02
-8.846882308053628776e+02
2.410523883855575775e+02
-8.528416977956366054e+02
3.446461443881333508e+01
-2.582590556009084594e+03
5.493025919050623997e+02
-9.410005711686292784e+01
-1.756522491634388416e+03
-1.742427927722670120e+03
-1.496381448020742653e+02
-6.157753434707917677e+02
-2.731353421553951193e+03
-8.585386334154337646e+02
-4.724919318247260662e+02
1.322571966710931292e+03
1.926512045466454083e+03
-9.557265942428325616e+02
-1.250531026238041704e+03
1.111567457961707532e+03
-1.852763401526876578e+03
2.372567939392329777e+02
6.911881372966910249e+02
-8.283776151714137086e+02
-3.719214540624319056e+02
6.533915829546550640e+02
-6.040927932483839413e+02
-4.183715769158130797e+02
1.490094963935200894e+03
7.591170590845669039e+02
2.182975407186200414e+02
3.868156307562290408e+02
-1.474786148411363911e+03
-1.565796824725772467e+02
1.569965218784260230e+02
4.621420730068988405e+02
-1.975775347236827599e+02
1.856936615703306188e+02
-4.869039182520014606e+02
2.487858315458133163e+01
-6.422389778860077740e+02
-9.182993484712851568e+02
-4.266085195991416299e+02
3.193840416975365883e+02
9.192248017854194586e+02
1.487186295127010283e+02
1.015219230710257534e+03
1.392729574870324768e+03
-1.988092541837891361e+02
-1.120546486320851365e+01
4.466523067864482641e+02
-2.013462738857302838e+02
8.466659757555714805e+02
-4.731162188711309113e+02
7.143729300186182627e+02
-5.075587924659015471e+02
2.183676167310663629e+02
-7.222357771944589331e+02
7.446921809204098963e+02
4.379962269921003326e+02
-5.512381297441581864e+02
6.469740551653356988e+02
2.073537346011238469e+02
-2.523015113684517701e+02
-2.715623167204803394e+02
-9.575666676902009158e+02
3.767598818468967465e+02
2.622068914367789603e+02
-2.013558084367232226e+01
-5.947420427459936718e+02
1.869526663754068352e+02
2.766916907309397544e+01
2.467627546856161871e+02
-1.543372790824814444e+02
-3.360393289146819598e+02
-3.335359058855606236e+02
-6.017949366800527145e+01
2.186849452475658779e+02
-8.569421954101742358e+02
-2.317181995992474413e+02
5.282529091169654976e+02
3.205519514696497367e+02
-1.354058309600506789e+02
-3.258769459566610038e+01
-4.792252593788575723e+02
1.156517636539659435e+02
-1.243380639112244666e+02
8.914352742118948925e+01
-4.473273866374518093e+01
-2.320290097890411403e+02
5.053380938984376485e+02
-1.235408327580028782e+02
-8.741871390896395724e+02
-8.010873599821738935e+02
1.885967876941228027e+01
-7.547532196726312748e+01
-4.572969404999402627e+02
2.625112961565967566e+02
-2.776959309297814116e+02
-2.932810811038854837e+01
1.627104679828182725e+02
-2.147985488869364872e+02
-2.931993887513546611e+02
-7.589684167387362379e+01
-9.709590842208218930e+01
-1.270540345642358773e+02
-8.791272029000265320e+01
-6.337346417426906555e+02
5.774531046491257591e+00
2.483338160965783743e+02
-1.521694428527888192e+02
1.982937789833343629e+02
8.251393996852024202e+02
-9.189615979517841993e+01
-2.482037821320411126e+02
9.643576284187051328e+01
-5.584191767587024913e+01
-1.128321788713926708e+02
-1.683733751401639722e+02
-3.882683473248510353e+01
2.274800472674142497e+02
-2.265965590633032605e+02
-1.177795377654776416e+02
4.413993665973576981e+02
5.721004366454079673e+02
-3.692847876334727744e+02
-4.226247557231674818e+02
-4.190338108642678208e+02
-1.668847675431617006e+02
3.234605249506536211e+02
3.073559280235517690e+02
-2.903669370220539037e+01
9.723427265419695686e+01
1.984198054261131290e+02
1.615305404648444210e+02
-6.856114251505783841e+01
4.603316755359925310e+02
-3.135422569521010061e+01
3.628664243684434041e+02
3.891201572708683898e+02
-4.168460008261454277e+02
-6.362344550879114990e+01
-4.165966871389609878e+02
8.887369588756557448e+01
-4.417480279572396284e+02
9.439036779115745901e+01
-1.376098706046587381e+02
-3.331891808425119734e+02
4.027638816225129972e+02
-7.918181022610825437e+01
-1.612423231448487400e+02
-5.774835752680302647e+01
-4.985288372122972760e+02
-1.860317369861041357e+02
-1.621142626000155076e+02
-1.905765252955837923e+02
5.132120258814540392e+01
3.591649290053435948e+02
-3.444238161096222370e+02
-5.564742004647732898e+01
3.384830228212705379e+02
4.431363655642067556e+02
-2.681197775298404054e+02
3.061684899854217292e+02
-4.546931959676243196e+01
2.037209382458879361e+02
-2.065687320689781643e+02
2.281627948769821330e+02
-4.025429779414742484e+02
-1.737717323994639287e+02
2.527123255689115808e+02
6.383417249507049718e+01
-2.778602976929186639e+02
-2.341580711603034359e+01
-6.301745925946097771e+01
2.286033467757236508e+02
8.763286236150376851e+01
-2.194814912677325651e+02
-1.525642402285151604e+02
2.250256478275661038e+02
1.283594342585412562e+02
-2.273521517308734872e+02
4.209903764037927942e+01
4.342157799648090304e+02
-1.036581468418610967e+02
1.374782695754585973e+02
1.820689342501380850e+02
-3.665200888736875413e+02
-1.374801481542507133e+02
-1.830467961101126946e+02
2.362953393654851197e+02
1.043602162868128858e+02
-2.343664874255267705e+02
1.492183651526461219e+01
-1.170288074828977471e+02
-1.401490730097450523e+02
2.117518264302662345e+01
1.701378916552894793e+02
5.175056743674396387e+00
-5.426650296587180833e+01
-1.113450695632498224e+02
-2.931974465262138096e+02
4.169687626260511593e+02
-5.609329874591497855e+02
-4.204552501333522514e+02
-3.181074713293812124e+02
-7.822045709095418715e+02
-3.398884338818605784e+02
8.842213765106637879e+01
3.567891483607284897e+01
-4.312722132989687651e+01
5.672583251317036002e+00
-1.893752056949711005e+02
-3.277246719564486170e+02
-5.756681989638236274e+01
-6.935209848848562331e+01
-6.364974585936915474e+01
2.530164328355817531e+02
3.578349308054158655e+02
-1.258947286338390228e+02
3.129517606371930682e+01
-1.939345606659868082e+01
-2.126163369241822352e+02
-2.717008679356773087e+02
-2.953756339545881815e+02
-2.831608444263139859e+02
-8.939341170975656325e+01
-8.036662958062251505e+01
-5.743416097069303561e+01
-9.809876311060642706e+01
-2.917071773836443640e+02
3.106747018769453916e+02
4.171819794487474269e+02
4.426155228752967332e+02
-2.425030320526974759e+00
3.565654289619259316e+02
1.305345954996503792e+02
-1.178259884099644097e+02
1.633284489269065318e+02
-2.312740082050314925e+02
2.065730684198019560e+02
-8.708612646786575340e+01
3.926679682133731148e+02
-2.417255782021772177e+02
2.164082045443000197e+02
-2.738923398260267650e+00
1.220646370578726305e+02
4.318833982245567995e+02
2.306359160524219760e+02
7.447181542789205366e+01
-2.327084780986012902e+02
6.048995649877510594e+00
1.595627716747946749e+02
1.477986284561057460e+02
-1.580080658509180012e+02
-5.378789516276573579e+01
1.623576473594266076e+02
-4.162159408364134094e+01
1.231948026706907058e+02
-6.798050250824688590e+01
-2.508160316287566900e+02
-3.540593827678512753e+02
4.297227700049483019e+02
1.058308671251601965e+02
2.697652536603869180e+02
1.006167546653395419e+02
5.763184651300250039e+01
-8.435568928754531726e+01
1.008994328388941994e+02
8.434236220055839794e+01
1.531289894294713463e+02
-1.469215764724638262e+01
2.344922222046854472e+02
1.155981173438396041e+02
-8.291463377140439661e+01
1.089534159564050384e+02
5.785355537458062258e+01
-2.953536519660469040e+01
1.658679898310665806e+02
-1.419656267823401947e+02
2.343176254706599764e+02
