-5.226461729156819729e+02
1.664545962372727672e+03
-1.501380458659072247e+03
-1.206785548581968669e+03
1.899233919878479583e+03
-1.423441863185757029e+03
6.014607970968889276e+03
-3.467019269658152098e+03
-7.721167418912680205e+02
4.039806558868309821e+03
1.719751758271448580e+03
-2.740326096824626916e+02
-5.658776033967154717e+01
1.392175662558665294e+02
-3.053043486313418725e+03
1.408475801469643557e+03
4.584877681751499949e+02
2.203169836482979349e+02
-1.081075387257533748e+03
6.916791781119569293e+01
-1.176986735349219998e+03
1.258855773707352000e+03
-1.500654045514944755e+03
7.560545217730349350e+02
1.325653188271351382e+03
8.769802762026405674e+01
-6.676813257059058060e+02
1.046082471759835698e+03
7.318915886283964483e+02
8.500394197958281666e+02
-1.343368560239531917e+03
4.549851361873124347e+02
-5.010362326995863214e+02
-4.802398498590302438e+02
-1.284067151260996752e+03
-1.090308782454021184e+03
1.292756469424390843e+03
1.083961231927425388e+03
-3.228907020150852532e+02
-1.691234966007855860e+02
-2.049217726255198500e+02
-3.416599307147382092e+02
1.339760081198396165e+03
-2.475426392820211277e+02
3.693042763107670794e+02
2.309101222620052738e+02
-1.088055592520361898e+02
-1.822077342040386611e+03
-2.952863449113002048e+02
-7.155941230931484824e+02
-1.147693795932912963e+03
-3.379911973228586248e+02
3.336320213136680195e+02
-9.272416454788310602e+02
-5.465087507850236079e+02
3.573010823785783145e+02
7.539697211071116101e+01
6.335026982374240134e+01
2.383850438668920333e+02
-3.320951689042046837e+02
7.890967843231152301e+02
-1.140187227102698273e+02
8.312357478967697944e+02
9.988310128767255947e+02
-4.781012024849650999e+01
4.882460737690714154e+02
6.346184358031075590e+02
-4.459919322057653090e+01
-5.466520835852343225e+02
3.930568551230791030e+01
2.464559654833473701e+02
-6.676979289410712681e+01
9.371278888868316415e+01
2.674517563759597394e+01
4.467937966477013561e+02
5.290103340531669573e+02
6.578070693851789201e+02
4.764762742527777846e+02
-3.654041988358960111e+02
5.130294318376817273e+02
3.729284791755735284e+01
-2.298149743095535200e+02
-8.214060976031538530e+01
-6.583656450790030021e+02
4.244106106724622123e+02
-8.229844366324414295e+01
-3.212760509603628520e+02
3.181754123410631792e+02
8.840459005312557110e+02
1.847297498231292536e+02
1.020214228926812012e+02
-3.360930884560695517e+02
-2.681204141398570755e+02
-7.532455305427286021e+02
-5.704403694886553922e+01
-4.620069432949074439e+02
-4.387744530405485079e+02
-9.605709686958086024e+01
-9.566726101901269885e+01
3.681467630871210304e+02
-1.969553019656607660e+02
-1.023879046192127333e+02
1.441829305468000655e+02
-1.023994393712789446e+02
2.981204500383834670e+02
-2.889640548524974406e+02
3.798596341152182845e+02
-4.597308329216637617e+02
-1.702845975681177038e+02
3.114232130737578359e+02
-2.804558053391878047e+02
2.698557964725595184e+02
4.772300572426440226e+02
-9.673238265211860210e+01
-2.153466073039112416e+02
3.341884845563677686e+02
4.172234850392527505e+01
1.926128601835615370e+02
9.170201285084104370e+00
8.865881499925792752e+01
4.667410571133160602e+02
-3.882305272634750395e+02
6.046487698950223830e+02
2.023956537244598337e+02
-2.536147941594588815e+02
-2.047762824410708404e+01
3.012878670874834484e+02
2.975726405842929694e+02
1.223006176181723532e+02
-5.290534300593982380e+02
1.109899723895804868e+02
1.130652480133815629e+02
-1.195793533096314576e+02
-3.055213340634521160e+02
-3.303546499275351493e+02
-2.044366974561757218e+02
3.065627508154740326e+02
-2.197266941343649194e+02
-1.783908909731333665e+02
2.512823036511382213e+02
-1.324416015378384692e+01
-6.911249278025324827e+01
-1.301314249814614357e+02
-4.322517623015239252e+01
-3.684882817014862439e+02
2.574925002306354713e+02
5.414071255016396123e+01
-1.898245823015869291e+02
-3.268191713214710603e+02
1.551838270547052900e+02
5.897148113533953051e+01
4.005015047563260850e+02
-5.139367040612354742e+01
1.328841501464862915e+02
-1.688148880431255350e+02
2.223464397379136983e+02
-2.561072782392276395e+02
-5.543727286612708127e+01
1.909944663190936183e+02
1.626569046565381598e+02
2.251010487478425262e+02
-1.617995644556169168e+02
6.058682320033405944e+01
5.462800126878113360e+01
8.117592533226351748e+01
-6.280359820492751766e+01
-1.091595483489082454e+02
-3.432143420562983351e+02
-4.054948236040457914e+02
1.197121366549751968e+02
6.248713096160248170e+01
2.065702468677828278e+02
-4.763880808213597362e+01
-8.784347073030353670e+01
-1.563180480961401031e+02
8.338602218999808713e+01
-1.635090604604622797e+02
1.337866692883851982e+01
3.457480561166984501e+01
-2.235067508859273744e+01
-1.514490264590768902e+02
-3.230337207437764846e+02
-2.205327184226446775e+02
1.231943487841426048e+02
6.348668731627260087e+01
1.441169235707804717e+02
1.108792672449083767e+02
1.615992726533457358e+02
7.673057387198241486e+01
-3.788709989890112979e+02
-2.163675463780110420e+01
-2.089372581873158765e+02
3.017995872904161843e+02
1.812097830652027142e+02
1.383343467765702428e+02
9.807409827538586455e+01
2.433081922915612836e+02
9.649891204397343358e+01
4.424052753798086002e+01
2.927707457672209443e+02
8.278130736405834966e+01
1.255976672952787421e-01
9.730776497623766375e+01
7.118265566933358457e+01
1.073851103807261325e+02
-3.347811272097874991e+01
9.344774266433314835e+01
3.545774241947513161e+01
1.538068026538552715e+02
-3.018528630816603453e+01
2.793989373373218754e+01
-4.587980441025893441e+01
-1.738892954174856698e+01
-1.796641914079966966e+02
-4.244068655120066325e+01
-1.564728642153191345e+02
-1.583897378563637517e+02
4.530532315538711430e+01
-1.698903124571893670e+02
4.250031834010337661e+01
1.511193212958218339e+02
-8.806633787054127538e+01
-8.739555618322816599e+01
-1.791032963098729454e+02
-2.111418866622923929e+02
8.187386152079615442e+01
8.657087552170585809e+01
-7.568316977655373989e+01
1.086167376597925340e+02
-1.723875916242112893e+00
6.232908308144661902e+01
9.773923127379129028e+01
-1.560034927012078398e+01
-1.350649386909695977e+02
-1.947219974900162072e+02
8.018991994910160770e+01
7.344951948227527794e+01
-7.528892818712198221e+01
-1.670126889679459836e+01
3.191735867665546067e+01
3.411069501601863152e+01
2.215056162407547617e+02
4.356430190224451593e+01
1.735596136286666180e+01
1.540195136864912797e+02
-2.158076972571246444e+01
-9.364468178955917210e+01
-9.712705849255969781e+01
-2.495933119185059752e+02
-1.284934888519609615e+02
-1.016094190046131871e+02
2.448002567433098875e+01
-1.793609945041546894e+02
-1.515099218082649557e+01
2.571061105866941148e+02
-1.592025631331711395e+02
6.031252711666553523e+01
4.656587149877487519e+01
5.146651638460926215e-01
-1.807546015684900169e+02
8.861585206142562754e+01
1.467940637054483055e+01
-1.481150612959317812e+02
9.098319647634751561e+01
-4.400987796961556597e+01
1.876495551282326479e+00
-2.222471156458474084e+01
-1.019800098528887702e+02
1.499754211172846219e+01
-9.202712874830230305e+01
3.750524532707400027e+01
9.764272953350989326e+01
-4.058972556560597411e+01
-1.200174249787400527e+02
-3.781662210235261057e+01
2.413362870749506044e+02
-2.193753557767629536e-01
-8.172704305158647742e+01
-1.649201089836993539e-01
6.430195470137994107e+01
-4.044925616922289890e+01
1.404005574252880990e+02
7.783120969114087018e+00
7.878207427422690046e+01
-5.967943580951153137e+01
6.448715990682090649e+01
-4.166000780608108300e+00
6.272115216150240258e+00
-3.003503987711596679e+01
-1.995311705350906095e+01
-3.311648801164165690e+01
-2.552551204139926355e+01
8.616565665737735458e+01
-4.064469862697311697e+01
1.271294342105361892e+02
-1.051779029857567167e+02
-8.347947455139991746e+01
-2.550590275019935049e+01
1.742870652955036803e+02
1.132440985406389018e+02
