4.427845807172528112e+03
-3.437354992484656577e+03
4.899644798195380645e+03
-2.369944217713622493e+03
-7.263613159558573216e+02
-2.991405971431905527e+03
1.748639539505539915e+03
-4.916525342120940877e+03
6.180451356093614095e+02
-1.426704060100988954e+03
-1.243373770694853874e+03
1.468256107315682357e+03
3.534851329388058730e+03
-8.156738303061114266e+02
4.006206489289070305e+02
8.558681910008423301e+02
-4.601402678668395652e+02
-1.378701220491353979e+03
6.558541732128379635e+02
-1.353737340842888671e+03
1.113625405868698635e+03
1.880854649761065275e+03
8.328747310925346028e+02
-6.478012358522703380e+02
-1.105382298355617195e+03
-6.681070291558963845e+02
-6.330241983147642486e+02
8.308154754478650830e+02
4.454218814518970362e+02
-7.914802974064373586e+01
3.098727730079944536e+02
-1.136446952969002041e+03
4.173833843835017774e+02
-3.570620760762724899e+02
-6.019763996792928538e+02
1.163889002832211901e+02
-5.922538083932033715e+02
-1.191262780633933517e+03
1.501425596569372829e+03
2.880449099997459257e+02
2.105294248947533333e+02
5.381499008342601655e+02
-7.337070185131799462e+02
-1.766072562283427203e+02
-5.168266547009408214e+02
9.504876099486682506e+02
-6.781132986884956608e+02
2.854593818375183218e+02
7.897713309934841845e+02
4.531484304335593265e+02
2.754283075074990847e+02
1.475898998058138432e+02
3.840460428716194201e+02
-5.171650570748626023e+02
-1.307097041619962965e+03
-5.322297640604718936e+02
-2.890170955976118421e+02
-8.283533113987776630e+01
6.488131964381381067e+02
1.758523268713440473e+02
-1.470284621888472714e+02
1.285084829372179627e+02
-2.254714285718902431e+02
8.299222482942763008e+02
1.351091090591287625e+01
-1.069299698218109143e+03
2.538244820824293981e+02
2.014042604612030232e+02
-1.171220445358700317e+03
-4.976966794228256390e+02
2.142409383817958997e+02
-4.946949306935684945e+02
7.482607171914283484e+00
1.302441872512701764e+02
-1.713322553054848356e+02
-2.793265572893351987e+02
-2.060129518757443634e+02
3.257063090275533455e+02
6.591984193965882923e+02
9.322807223094602023e+02
1.065770101632254807e+02
-3.527409978430299589e+02
5.076331966039354882e+01
1.258948925311659508e+02
9.503742781679542304e+02
1.085215106683361075e+00
-1.742601451358143265e+02
5.858125640128807987e+01
-1.846562579865129692e+02
1.047106933305947223e+02
-4.012818067065815058e+02
1.695381577483907876e+01
1.060665069879060951e+02
2.775244913609025161e+02
-3.907674481648594451e+02
4.170812069885118945e+02
2.904525085172322552e+00
7.434722162008999931e+02
-4.797718994307123097e+01
-2.810426833471794907e+02
2.874747379707983441e+02
-2.278558199719009849e+02
5.909038393511190179e+02
2.626717631614591255e+02
1.894295187977119213e+02
9.449211234353116140e+01
2.488048248869027930e+02
-4.510779405773715922e+01
1.104260952678569296e+01
-9.089808734165156920e+02
1.354973023419969422e+02
1.378088440310538090e+02
-2.499887730799744077e+02
1.704764769969395104e+02
1.986448156737371278e+02
3.405888899642366709e+02
1.504338728903824745e+02
6.366983884832926321e+01
-2.748624722766433326e+00
-1.994200960467053818e+01
-1.139092766101378089e+02
2.551603498108046608e+02
-1.026211457982036990e+02
2.190468528190650943e+02
6.233521922975636897e+01
-2.314398546551382196e+01
3.076455864400624023e+02
2.610224754158343217e+02
-1.809160459979188147e+02
1.908736175861353388e+02
2.653970765163480223e+02
-2.960606668803397383e+02
-3.579493945634746410e+02
-2.321451753112781944e+02
1.257455519991975166e+02
2.645716262140533104e+01
3.737454290619621702e+02
-7.733419777338813361e+00
-4.128649665509479405e+02
-4.082976027322129084e+02
3.180085978016078485e+01
1.944494294009629982e+02
1.150692433288551513e+02
2.082192715113834822e+02
2.028036993761884617e+02
-5.465787073990789935e+01
-4.491036151084097128e+01
1.025100193700511255e+02
3.381186109881825246e+02
8.560939279890977360e+00
-1.837510182128909832e+02
1.941484088807556532e+02
8.039357674748060845e+01
-4.331700107256917676e+01
-8.374014810066323378e+01
-2.501781415246567519e+02
-1.742015856386210260e+02
1.141843120924740873e+01
2.680962267438143840e+02
-1.849608678405967055e+02
-9.609621844949300851e+01
1.506544030568734343e+02
4.039667813985563072e+01
2.680822471514502592e+00
-8.312332949865918863e+01
3.172331157442311778e+01
1.825115391209326674e+02
-6.182675157989199022e+01
-2.824754723331227524e+02
1.108613607194040611e+02
8.840463240375709120e+01
-6.544557865035118027e+01
1.851435378326897023e+02
-1.151807495766095144e+02
-9.351169467302494809e+01
1.078803558088881829e+02
-1.032042548289710169e+02
3.580629001630744028e+02
3.180629088695727091e+01
-8.087326498827694365e+01
-3.054974420443028862e+02
4.888138894809594603e+01
-2.160251205200630054e+01
1.120812369113224776e+02
-1.913364500171085183e+02
3.059510658083516788e+01
-1.362723999722848305e+02
5.158096871366642233e+01
-3.713664411647862096e+01
3.210688414357996834e+01
4.769778696152664033e+00
-1.795436375067566104e+01
4.081229691052067565e+00
1.058666467196389647e+02
-2.390522092282664701e+01
4.011677438741545387e+01
9.577600168827977711e+01
1.133563783409101262e+02
-1.061020636783368047e+02
2.085260065247439627e+02
2.147318209833866263e+02
1.942884785430219665e+02
2.490197692878421520e+00
-1.076760868657613202e+02
-1.923470111126871416e+02
-6.505578596314637707e+01
4.543128946055634110e+00
2.735625336701057790e+02
1.003688843443301550e+02
1.398298539559414166e+02
-2.208798023446080379e+02
2.386789950230741510e+02
4.615380880843506617e+00
1.400487417174823861e+02
9.133137385974465872e+01
-5.166121297811612578e+01
-1.772965294129462848e+02
-1.284425767128185569e+00
-6.251671709695291734e-02
-7.884857558961128632e+01
-1.345350632173281724e+02
-7.955115715950924482e+01
7.666266087307207044e+01
4.471965122444371055e+00
4.609964993101260688e+01
1.706870034605732656e+02
-7.852732499227977314e+01
-6.578737067332978938e+01
-7.569157135807046188e+01
8.913656154869303805e+01
-2.689086432089992584e+01
2.567489686714395702e+01
-6.382613200889235827e+01
7.887456957182710937e+01
2.577605153057401708e+02
-9.979789679512674638e+01
-1.138606171339207407e+02
-2.506444323507684828e+02
2.881739726658570433e+01
5.251241644091356875e+01
-1.154080028879661945e+01
4.589601829255019538e+01
7.576083766863118285e+01
1.427661416133504702e+02
-3.052691309078705117e+01
-1.189395627468240093e+02
-1.404997300349879197e+02
1.121887865174550747e+01
1.018191160183832409e+02
9.530752322932127640e+01
-1.113972878015015988e+00
1.869335211375992145e+01
-3.543398383265896623e+00
-2.992368188668383056e+01
1.964333838404383812e+02
1.235844751238023491e+02
1.609469368958842779e+02
-1.504956287217591466e+02
-1.368095332040060441e+02
-1.404955348981831165e+01
3.511585519573296921e+01
1.356219505094662168e+02
-3.237230687022976383e+01
5.922609863933394081e+01
-8.054821201771741812e+01
-5.014680165520704946e+01
1.358807298029182142e+01
8.786860617648264338e+01
-8.344772973893182666e+01
-2.318813994471166851e+01
-1.185418006281564729e+01
7.158328523566673596e+01
-9.914955475329604440e+01
1.344430113976854670e+02
1.391213876989019838e+01
1.137826318783528912e+00
-4.292742807117858916e+01
2.290162958679364991e+01
-1.099376527817370830e+00
8.321190803738498687e+01
-5.862938016150398823e+01
1.097047093653693395e+02
-4.982710166039202804e+00
5.848124129148384753e+00
-1.269207702796207116e+01
-3.516789950364905160e+00
-4.029680904163509325e+01
-4.192809828064013544e+01
4.728781121399631360e+01
-4.024507448657685948e+00
-8.528918087814213322e+01
5.605597713430647389e+01
6.014383814865443156e+01
-7.684193652937162611e+00
-1.003095195279742313e+02
1.113993684444430521e+01
-3.347920247215488132e+01
4.276936320474906950e+01
5.209201510242221644e+01
1.339147856484945294e+02
