3.250158199151002464e+03
-2.584944696710913536e+00
-6.808809967366040837e+03
-2.024508882095268973e+03
1.235268977941399726e+03
2.167679872968592008e+03
-3.898238100110809683e+03
-7.017456785609584813e+02
1.752605310022584035e+02
-2.043066985317416538e+03
-1.834864556737363500e+03
1.845000722571824099e+03
-3.913963428616057172e+02
-1.044802704046016288e+03
2.376242601357488184e+03
-8.993368879976052312e+02
5.961642560599841545e+02
-3.235254841591049768e+01
2.754830695755034071e+02
1.095461096066047276e+03
-1.461853924974034271e+02
-8.966154290767759676e+02
1.427819684830820961e+03
8.527913776728025823e+02
2.135485547060638396e+02
-1.479364740607666590e+03
-6.140836869354376404e+02
9.311984616794964040e+02
4.365206293614066624e+01
-9.092882675360729650e+01
7.598948162027259059e+02
-9.813164830571546418e+02
-7.575989308413253411e+02
1.978001254988442099e+02
-2.362653032953065122e+03
5.144516066141263622e+01
1.001961076821327993e+03
2.314684074736182424e+02
-8.400469660140707902e+02
-4.326194330230989635e+02
-4.703966201898457911e+01
-3.209911299662310284e+02
-7.674606013642363678e+02
-9.733415968935953515e+02
2.700816740561805887e+02
-1.331982478011900412e+03
4.385067547090495168e+02
-6.023913980853561725e+02
-6.223164894147307535e+01
-4.017377395933786488e+02
-5.923718564923327676e+02
-6.055724516310574472e+02
-4.736007014094966507e+02
-2.060942499428720396e+02
2.082185601106555453e+02
-2.054622836450914463e+02
-4.919389481010160807e+02
-1.447917954407971308e+02
1.354543377413839949e+02
-1.429741363824064422e+02
-2.552289219709744543e+02
1.290026753338233156e+01
-1.021330570064552830e+03
-3.273218168769200247e+02
-3.942639639357597616e+02
2.201042810361419129e+02
1.910329578918178939e+01
-1.142750657518353989e+02
1.830780704833473749e+02
4.111099499689317760e+00
5.068998562043959737e+02
-1.184732223514863421e+02
-2.997332048097141932e+00
1.512279633274570472e+02
-2.390796937455138504e+02
5.797989037136328250e+01
-6.703520958986720757e+01
3.970795000187493429e+02
-3.200550570226445757e+02
2.516361521363726297e+02
-4.914765488214934521e+02
-2.419155456993246389e+02
-5.504379417584399192e+01
-4.319689453970127033e+02
-3.293025049039923147e+02
-2.190635945226510160e+02
-7.665540531184925044e+01
2.373476346727674624e+01
2.799715155477595090e+02
5.478331035393402999e+02
-1.179960234631535201e+02
3.167743920058040317e+02
4.126417822937995652e+02
-1.881875816696885977e+02
8.337397500370698822e+01
3.004078923232114562e+02
9.018085566926205843e+01
3.424608571106185764e+02
-1.708478429106340286e+02
5.824265091532664229e+01
5.853526368394005175e+01
4.983344499659820599e+02
-1.070463015458671663e+02
1.466791541720823204e+02
1.340110393061836191e+02
-1.746770233663697240e+02
-8.250762814159237735e+01
-1.385616202204220144e+02
1.906779218287795175e+02
-2.471089349716085337e+02
-5.901427148810925871e+01
-1.055243056050436081e+02
-2.905119125314370621e+01
-1.706407174259550175e+02
2.514545781842401695e+01
-1.004481651288571555e+02
-2.826454029959017475e+02
4.498447487769596478e+02
-1.920152854134284439e+02
-9.110888570010978071e+01
-7.760357986841415823e+01
-1.791155946101442566e+02
2.481920635988028589e+00
2.201833177916437023e+01
-2.707363745072813686e+02
1.644546672500286206e+02
-2.209276020812313224e+00
7.823488844309811441e+01
-1.175406972915170343e+02
-1.253924829748288516e+02
4.477706335641020274e+01
-5.940710933322446152e+01
2.353022139512838962e+01
2.523026875363044894e+02
2.375066087491427425e+02
-1.614384451560133584e+02
3.032079868531425149e+01
3.885567822546945393e+01
2.060064667884926450e+02
5.753950905347505973e+00
-1.114155326267188713e+02
6.044317326752670994e+01
7.584978014383859879e+00
-1.580825358114229573e+02
-6.940491464856791026e+01
-1.344888097766382771e+02
7.545850914058071623e+01
-2.189100228537195676e+02
-1.720869490375834800e+02
-5.384964060107494177e+00
-1.514359782256819074e+02
-1.964569296638002527e+02
-1.145644360959064443e+02
-7.913338558558452007e+01
6.593125694164181994e+01
1.080155801886370170e+02
-6.860620852333988218e+00
-3.668891554439321112e+02
1.075239205601001373e+02
1.625457632703543140e+02
-1.626676259121235546e+01
1.040085379747237226e+01
1.231596426567859481e+01
-1.134812142556909009e+02
-1.996347085739063516e+02
-1.290481289847419077e+02
-2.103616660364908455e+02
-7.991329402653518343e+01
-5.865990037175345151e+01
4.006602991879179143e+01
6.230134802239698644e+01
4.857731622206907929e+01
8.955481550231412768e+01
2.531093215771194878e+02
2.525061983162939327e+02
4.056878230196850410e+01
-1.342648484147479948e+01
-2.488414018752202850e+01
5.134747078027547218e+01
-1.511046781631178817e+02
-6.021040283799345083e+00
1.725433789582623660e+02
6.963569391138310039e+01
1.506268907112948057e+02
-2.301311991797243763e+02
1.033244444501948145e+01
-1.240949212908443258e+02
1.044141900148381268e+02
-5.248435704568630733e+00
1.066492852830703555e+02
-2.360607240887037790e+02
-7.267547629212737093e+01
8.864284642526747859e+01
-4.381267634031518554e+01
-7.899031241093180711e+01
-1.661614677454656146e+02
1.803551844883666888e+01
-8.456333573608679899e+01
5.274364549667674851e+01
1.070329997248726386e+02
-4.224340984550329381e+01
-1.666681150568181735e+01
1.242600582494365398e+02
1.940149127195730330e+02
-3.938924964463064526e+01
5.192673056795436004e+00
2.186975436851647636e+00
1.160714425943325097e+02
-5.713559682625708014e+00
-1.303539682477383508e+02
-1.369491659027473247e+02
6.414938006296826245e+01
6.188282417846148320e+01
6.183338044886396290e+01
8.544731675989373798e+01
-1.727688234216113017e+01
-3.618254945807225909e+01
-3.826448809467493817e+01
1.125344660793764433e+02
-1.143952855205509991e+02
-2.113069028744060063e+01
-5.817071362793290490e+01
6.251397050802790289e+01
6.204880684998205886e+00
9.391731103374472411e+01
1.226065358771203684e+01
-1.342356618394307191e+02
-4.474113639348662730e+01
2.283649754910410579e+01
3.049401104959829745e+00
-1.803686770564384574e+02
9.285356719411909410e+01
1.326688849719510976e+01
5.629207636797306691e+01
-7.681241384096628622e+01
3.878960206083994677e+01
-2.421879061449768500e+01
-4.463758907499486384e+01
-5.089527662196103819e+01
-8.518443779911775948e+01
-9.177057123335411859e+01
-2.886349555929956523e+01
-9.351221144331235280e+01
-1.140564979319001822e+02
-3.834827974751593160e+01
5.029833175054498895e+01
-9.460563775493942273e+01
-1.588726806012802513e+02
4.332226434308007867e+01
-7.052986686753196466e+01
9.521102762398198749e+00
-5.273673178975802500e+01
-9.407114138406723214e+01
-1.816085572096637435e+01
8.759195862506892638e+01
1.336003716059396424e+02
5.896022630407585297e+01
-7.704436751086090851e+01
1.024562575171596563e+02
4.512783271447329270e+01
-5.914283648879725241e+00
-1.990283385824690399e+01
-2.813530641583582437e+01
-1.428757308948521541e+02
3.274423315678579627e+01
3.324658195682928863e+01
-9.240643470910418600e+00
1.745656867433680404e+01
1.068535864525876633e+02
-1.411162760481223244e-01
5.556622155944565122e+01
-4.066758700609663890e+01
-3.115863921228005395e+01
-3.569090360904304760e+01
3.461937675038821993e+01
4.688694888688439022e+01
-1.340236195132699670e+01
9.943846377340992149e+01
7.952716515528828722e+01
-7.195752635934931618e+01
-8.701643997737923542e+01
4.664320630145483904e+01
-2.046555436745982059e-01
3.759245490563588987e+01
1.841239543423453862e+00
3.483040988980514641e+01
1.085701056725475553e+02
-1.155128831400852647e+02
1.333737903286128024e+01
1.323638146812650405e+02
4.178815596635696750e+01
-1.183454957406056707e+02
-1.308600235363903721e+02
3.294305805973606027e+01
-2.349922655516112258e+01
3.922970394253191984e+01
1.240423287727139297e+02
2.283033986386786296e+01
-6.788591641000657262e+01
5.443198170055001128e+01
