-7.909926406331692306e+02
3.133164373867937229e+03
2.193667016257629712e+03
2.230390312582776460e+03
2.666556566091286186e+03
7.014929962992434866e+02
3.388037205297020193e+01
-3.073481917036599043e+03
-6.829838419661441549e+02
-1.604786145845013834e+03
1.113724625244811932e+03
1.958295708008966585e+03
-1.203361614128124984e+03
-3.691867312041727018e+02
-2.711480661822321963e+03
-9.733554669029396109e+02
1.619777656215369461e+03
-3.090340823988064756e+00
1.538910491673318575e+03
9.489615113856713151e+02
-3.895046385295087816e+02
-9.979848930918982433e+02
4.667174893837085961e+02
3.888451330922661953e+01
8.002704435943238650e+02
3.582033774420750092e+02
-1.166124036320498362e+03
2.141815550642750168e+03
-1.381368934746969899e+03
1.197176960434627944e+02
-6.151051955800052156e+02
1.404500428679993774e+03
8.305802852349555110e+01
-4.022296208650125209e+02
-9.111360931886625281e+01
-2.700709638794382386e+02
-3.431669286759762940e+02
-9.761287077820618663e+01
-1.872599976807185840e+02
-5.228727564469365916e+02
-1.996738382735756829e+02
-1.506318536177820420e+02
1.967972532687631428e+02
8.923203060827738682e+02
-1.213858592901370770e+02
-1.333245432053263073e+02
-2.273353428106043452e+02
2.311468400128797995e+01
2.681295887362946928e+02
-8.248556362931537933e+02
3.238799055421677053e+02
-3.316631094059152218e+01
3.719691223316153810e+02
1.598950230861270256e+02
-2.444059764856422703e+02
9.195635181223841528e+02
-4.100625497641707966e+02
-3.615550297425927511e+02
6.806003723484515433e+01
-1.736763748793482591e+02
-2.944402202366754864e+02
-1.244400387424710743e+02
2.277228621540863003e+02
-3.048063555845003521e+02
1.534621337293785359e+02
-4.063202899314272827e+02
2.170327326490781559e+02
-6.678484654251066104e+02
-5.361353050629063546e+02
3.493277883628263112e+02
-7.241122686642914914e+02
-2.727228260001805324e+02
-7.232245964667725957e+01
4.296806456925197182e+01
1.270090098823077369e+02
2.194399127404485910e+02
2.131640545337442632e+02
-1.049491579690683380e+02
-7.078797136347992591e+02
-6.533480305822240553e+02
-1.166359606176633292e+02
4.114608002147221555e+02
-2.999512672770660515e+02
-2.338903672729172740e+02
-2.529272890114814345e+02
1.015781905776217116e+02
-2.502923299337644494e+02
3.269653549706933404e+02
1.612912276508864693e+02
1.315819730267786554e+02
1.640874062687651502e+01
-4.144243482363377780e+02
-2.082541776456811249e+02
2.202058043455739664e+02
3.302683025298061352e+02
4.381671006867084657e+02
-8.362199570629314849e+01
-1.438821154769410100e+02
-2.797760938636165520e+02
8.179326559677598141e+01
-8.819154809808869899e+00
3.261088288273821831e+02
-3.815254563860808048e+02
1.818891396829319831e+02
-1.977735777708960825e+02
-3.567225472124439989e+02
3.063931629345701424e+01
-1.134906700237792307e+02
3.310398507255442837e+02
-1.798657908439422570e+01
1.284262462512995171e+02
-7.572755900559943143e+01
2.707631502296399617e+02
-4.649894733517115952e+01
-7.139649464862863226e+01
-3.272495532598439354e+02
-1.829100922561198104e+02
3.149892839628292336e+02
-2.085145567604317876e+02
1.059546294852053592e+02
2.311755389371451770e+02
-6.309987761802366180e+01
-1.536334546424978953e+02
3.330853050473120192e+01
-2.175590059172246242e+02
-1.236375652164867063e+02
-1.994548458481214084e+02
-3.127136719698624461e+02
-1.916992210702959483e+02
-8.649371435519039153e+01
2.752301071834684763e+02
-2.398595529531197315e+02
-2.266418588619310697e+02
-2.878903457360180695e+01
1.140957365904032770e+02
-1.067701526078563568e+01
-1.255520199027278636e+02
7.074108405160571067e+01
1.092973006138275878e+02
1.753115729086881345e+02
-1.133869652317470553e+02
-2.201931166502474184e+02
-1.271412954880730872e+01
-1.653381926953309033e+01
-2.843730564056010834e+01
4.056381656155374316e+01
4.137708807104134223e+01
-1.272177653215755129e+02
2.023138118279666742e+01
-1.278521707524872539e+02
1.161794679208977499e+02
1.130195904809934682e+01
-5.397858498074847233e+01
9.310861213152762161e+01
-8.714788674596375984e+01
-8.850198048220973135e+01
-1.137568598451345991e+02
-5.509907816470840380e+00
1.510243040756045332e+02
-7.701212325734012154e+01
-9.766932236545336821e+01
-2.139891696554882117e+02
-2.321577979749480392e+01
-7.122165377636385131e+01
-7.598576073806893305e+01
1.776713821194663296e+02
-1.489239798213683059e+02
1.539981539635413128e+02
5.163272123216416531e+01
6.325121079835686544e+01
-6.703989219918085496e+01
7.349677589203317041e+01
-7.933367896755098059e+01
2.432943725709055798e+02
1.119915807308641149e+02
1.108237172199008711e+02
6.845762743999574695e+01
7.864132487144270556e+01
-5.285101269131337887e+01
1.740712499738269514e+01
9.977288499814507361e+01
5.177598998730395152e+01
-9.390865717829319337e+00
-3.467403638451025927e+01
3.815616525231397560e+01
-4.764047752717358719e+01
-1.614056696593992513e+01
1.719587929853957462e+02
-4.674514779862791158e+01
1.392657815298181845e+02
2.690597865969412439e+01
5.874642716794705422e+01
1.212134054832691987e+02
8.856891329798459367e+01
2.506283395162691008e+01
-1.560959780178980338e+01
-8.000229875472425078e+01
5.346812523818533691e+01
1.111548557430143092e+02
-1.402619055347585402e+02
1.819194337693402872e+02
6.919739698326975486e+01
3.603606676910899864e+00
-2.832891557486758671e+01
-8.933811630535447534e+01
6.695238828079143900e+01
8.745488440892333415e+01
5.920669987916149957e+00
-3.726542354722836592e+01
-2.671568540764117117e+01
8.539323825311331007e+01
-2.395254595192244551e+01
9.384119454115500503e+01
8.458549772896770946e+01
-5.471637132732329434e+01
-4.925688397088001658e+00
-1.549584340060646070e+01
-1.084260724293449698e+02
-9.814732364914770812e+01
-1.108752931356692812e+02
-8.450060605189133867e+01
1.240362170063836373e+02
-9.637479549487268571e+01
-8.018170388014348759e+01
-7.363846093753446098e+01
6.243171675060239068e+01
8.151083200191028766e+01
6.560473370684580807e+00
6.663617089358334056e+01
-1.313703328581102880e+02
3.741588918232359617e+01
8.623922872244592952e+01
3.539479689798422868e+01
1.872722964480048802e+02
-4.885395861445795163e+01
-9.695720334784736494e+00
-4.803220302444819367e+01
-4.765020375967967681e+01
6.981217497066150202e+01
2.792815810742812488e+01
8.377922120628802816e+01
-9.408907938187272180e+01
-4.414353301988068523e+01
8.629117160242600448e+00
-6.927804687532406547e+01
-7.877715967195999269e+01
-7.517534815100059120e+01
1.213174415750136887e+02
-8.012447359676460223e+01
5.290775527531695843e+01
4.324611890006003989e+01
1.106120870044879609e+02
2.776652372949547143e+01
1.865306568403347285e+02
-8.234748424929003363e+01
-7.686421816932865170e+01
5.175393599890090002e+01
-4.300891479534681139e+01
9.521295903480653067e+01
1.502648085133406042e+01
2.637912102297693906e+01
-1.077203577811785635e+02
-6.126716554134457482e+01
-8.583501949506313622e+01
-1.426941993863051117e+01
3.146359339612714834e+01
3.236331810844455870e+00
1.949401238633164946e+00
-1.019729796377857127e+02
-9.717494377389138549e+01
1.583815720237974034e+01
-9.239509464029261210e+00
-6.291681883935838826e+00
2.171363396985531722e+02
7.774678524476347263e+01
-7.206879931879488765e+01
-7.016743262193475061e+01
3.120264908112708113e+01
5.403218898235884193e-01
7.547122651678176908e+01
-2.788168966719680242e+01
-4.176075277118786033e+01
-6.149304173219987746e+01
-1.844804709757126204e+02
5.055758041463563046e+01
4.398526100101743275e+00
-6.129039192851784179e+01
-2.517363379752757524e+01
-2.496137895217535529e+01
-4.238586086894827787e+01
2.559100061182591546e+01
-3.103247575889339771e+01
1.043019596474246811e+02
7.928207276550303106e+01
9.006741032429781058e+01
1.000666066980826656e+02
3.792117263248874792e+01
1.268349407546427017e+02
-2.848935437329230780e+01
9.868123406660437524e+00
