1.519441901678393151e+03
-4.041165083708642669e+03
2.441202717577469684e+03
3.807531331798936094e+02
-2.562108946831824142e+03
-5.239427378501649173e+02
6.360446663702578007e+02
8.574074760297290823e+02
-6.612191863783643839e+02
-5.336658497379914223e+01
3.430900894491539361e+02
6.686364440511580369e+02
-1.407503191157494484e+03
1.016509542725609776e+03
-8.612031741805143383e+02
1.429726333782706206e+03
-2.746273658734365313e+02
-1.139740337444494571e+03
3.182339476583489457e+01
8.995410761085554441e+02
-1.874490571106926154e+03
-1.250746796222775629e+03
1.835751940824035955e+03
3.540802573098035850e+02
1.821292404200731426e+03
-2.299498450975384458e+03
-5.848481786135829452e+02
-8.216339625339604709e+02
-2.011164692222724000e+02
5.836882107839223863e+02
-1.480540070317414347e+03
2.458997561990113923e+02
1.429187664405372061e+03
-1.170683808760354168e+03
9.601940504234253240e+02
1.163847559454715565e+03
9.297598467261846054e+02
5.357625602836620828e+02
-4.605549708439431811e+02
3.366665962173940443e+02
-5.437342121704330111e+02
-1.246033763954820159e+02
4.622142128466677491e+02
-1.893393491504057735e+01
-1.002054709308610086e+03
-6.726390775092386320e+01
3.741890098056953207e+02
5.495140200514042306e+01
3.516631972647657562e+02
-8.045507801540705941e+02
-7.399788688553627480e+01
1.356696635955808574e+02
5.281533113208458872e+02
-2.269309347083076887e+02
-2.981679846342184419e+02
3.659508109917565548e+02
-3.947761339484491145e+02
1.034475941512539343e+01
-5.535711541466779408e+02
2.214026563302470834e+02
-3.368315146367537523e+02
-9.098435161202958454e+01
-9.625250740096300888e+02
5.623690181746333110e+02
-1.120294748687453676e+02
-6.934019979592768834e+01
3.392805435736730715e+02
-1.989319215040749498e+02
4.059375936171678632e+02
-2.095338457492190685e+02
3.139558839110079589e+02
3.920864341458105855e+02
1.245215163693971618e+02
-9.596061626160359026e+01
1.320613164359901077e+02
-6.609334167296605074e+02
-3.414414586664101989e+02
-7.038653401239852769e+01
2.387942894585028455e+02
3.872877031096136307e+02
6.291652222535116152e+02
-2.608327725224846461e+01
9.110536810035277711e+01
2.507543962149037782e+02
6.630507984544169631e+01
-3.794678544172608099e+02
-1.316242020491692699e+02
-3.149186781163538740e+02
3.690283868328949097e+02
1.131874501287889956e+02
6.890450781605920838e+01
4.878099199796644143e+02
1.631394134067770949e+02
1.224946695899821663e+02
-6.319102767944754078e+02
4.339691414778333183e+02
8.355054437171290260e+01
3.883353490247578748e+02
-7.598398878777402388e+00
-1.792456162839150409e+02
3.019652855047847311e+02
-4.442860546072978991e+02
-4.618528784743479036e+02
-5.991454673041900492e+01
1.207399776953436259e+02
-1.898803589346333069e+02
-1.322010415064175390e+02
-5.810901589228977855e+02
-8.043615189227543283e+01
-1.159918832101487283e+02
-1.427881070848151808e+02
6.683872188858924801e+01
-1.521183635453545264e+02
-9.436099838932139505e+01
7.785893020913145612e+00
-1.669065452073334939e+02
2.405160110338090078e+02
9.352751690109640492e+01
1.670974114153980850e+02
-8.430571649315613314e+00
4.140886542055769723e+02
-9.736009298131756751e+00
-5.251705967796802099e+01
4.139553380850274067e+01
-3.344276786734823759e+02
-5.838049585608505510e+01
-4.977786347679431742e+02
-1.563148163241879729e+02
1.043224214883687750e+02
2.127833686554343160e+02
2.123575349482566139e+02
8.188580107405711317e+01
9.262542928058904579e+01
-2.457465171973233282e+02
-9.424820809624844742e+01
-1.606274023376150240e+02
-2.961029062284456970e+01
1.854607353826145868e+02
4.193637296128816843e+02
5.166097288571332768e+01
-6.772820800363965077e+01
4.693326377465893984e+01
1.750575154274778811e+02
1.626288316622556636e+02
-1.702129394944457488e+02
-2.932056353406760252e+01
-2.656072651087778809e+02
-3.578777460957804024e+00
4.030940407274429305e+01
-3.534859633679896262e+01
-1.940064588164855763e+02
2.075888264775753385e+02
-2.229535326424330890e+02
1.320995731433870617e+02
-3.683997604737162845e+01
-4.186474916025832016e+01
1.083097577753286203e+02
1.189608391690453573e+02
-3.046698528126863721e+02
1.964311241146684495e+01
-1.451880420610926876e+02
1.030038032069883158e+01
-1.323645374132589154e+02
2.540134022502392099e+02
-2.339637109551436538e+02
2.535299052225770708e+02
3.060174977573917658e+02
-9.369565463454637211e+01
-3.255634902323573954e+01
7.981468856826070635e+01
-1.171545077190425843e+02
-1.639028953695591326e+02
1.524878371866324187e+02
1.036154646590621695e+02
1.740398304199433426e+02
3.768425186401266558e+01
-1.441489360663797470e+02
5.621914210591473449e+01
1.316926272998088336e+02
1.521728190253584678e+01
1.473429342035348952e+02
5.683284973037037702e+01
-5.918025667127959366e+01
1.042765956092833193e+02
1.675725067377406958e+02
-1.045926212869401297e+02
-1.978204522330298403e+02
3.164238065979673706e+02
5.738055027630710470e+01
-8.122801443737981231e+01
1.138978936362508279e+02
-8.302799854820737835e+01
-1.570703972821149250e+02
1.020874254137572024e+02
-4.827511681259012022e+01
1.888860057364303202e+02
-9.510137822171120803e+00
-5.663016728070459038e+01
1.176095254046308014e+02
-4.961735668954450063e+01
1.287644307896826490e+02
-4.339978867020809616e+01
9.639009273987625193e+01
1.693843032196396621e+02
9.695341397773523795e+01
-7.184106651568368251e-01
1.147054952393579157e+02
5.974031560076878300e+00
-2.330016382641706798e+02
-1.558580647725568724e+02
1.707566272167384795e+02
8.059688973396195877e+01
-1.419229609810229817e+02
4.753293435018962043e+01
9.044205373163245554e+01
7.373755880664647577e+01
2.898948081812707755e+01
1.136505656567629075e+02
9.944867689105991815e+01
-1.040176759088699932e+01
-1.335725160931349365e+02
-7.270840182436444366e+01
-9.454793136832647349e+01
-1.167168725439366739e+02
2.537706598085285066e+02
1.487359857492011770e+02
9.132386935608175804e+01
4.500073851702062910e+01
9.005929535708646938e+01
5.283794466606659768e+01
2.176629744163632907e+01
8.138298516037433217e+01
5.063652663432421264e+01
-6.123406671280108782e+01
9.060336671243453566e+01
7.367205997936800088e+01
-1.671731483424073303e+02
-4.710455829282579288e+01
4.570676337792523469e+01
-7.404406599627216679e+01
-5.581297026114230420e+01
-1.372219151465571372e+02
8.039513152564593668e+01
-1.951671632359150976e+01
1.220175288714991950e+02
4.876426277992869984e+01
2.313303930169764655e+01
1.055203151866057425e+02
-1.062286515360088117e+02
-8.206070092821964579e+01
-6.766336235685116662e+01
-1.737845049350561908e+02
-1.214754244424556084e+01
-3.663319703688583928e+01
-7.521029409810292066e+01
5.722505607606841238e+01
-8.265280301418130193e+01
-4.575445665606378753e+01
-2.357982727861711325e+01
-8.610902880881769761e+01
6.912095017901484084e+01
1.212011423225629585e+02
1.320864771026425046e+02
1.671559353303046169e+00
-8.700183657325824527e+01
-4.395409452621498758e+01
1.236864149929330807e+02
-9.535849168812177368e+01
6.848630878724311799e+01
1.515757956611454063e+02
6.892256729534933868e+01
3.525414822107094892e+01
1.283890054675854486e+01
-9.264491299505394295e+00
1.216022911146290042e+01
-1.018650987924809357e+02
-4.595449271040153860e+01
-4.457000405927971087e+01
9.097871683368465767e+01
-4.649372809521139516e+01
-1.550997541574707554e+02
-1.097928991032093933e+02
-1.011194311614210193e+02
3.795624109726036721e+01
-5.960498163905999292e+01
1.282559427151386489e+00
4.895279518705492450e+01
1.067939551566930056e+01
-2.774953930145863978e+01
-2.130760115771539986e+01
-8.110586587914865220e+01
-1.086577346505794139e+01
-1.260491372347345731e+02
-1.366505116985109680e+02
8.663778731390071641e+01
9.365924128489427858e+01
2.510847303791312157e+01
-2.791449988757228695e+01
2.087874369164378408e+01
9.780026317848275141e+01
