3.180724244861039551e+03
2.779637411403473379e+03
-3.544756262943415550e+03
-4.476152731941185721e+02
-2.373976332119612835e+03
-2.162821697506737110e+03
-8.555631191477789343e+02
1.000140346937134154e+03
7.087291293908684509e+01
-1.043012524279652098e+03
-2.800638867727098386e+03
3.712381377679681691e+02
-1.550261144738080475e+03
-3.998935233544168000e+02
4.748929925399129957e+02
-9.826131854794250557e+02
2.493197013648237430e+02
1.162208495608959538e+03
4.614386247581823000e+02
-6.410514337028319005e+02
-1.892921732597222899e+02
-1.562322363253575759e+03
1.466618409501049427e+03
1.163637920607213573e+03
1.185515281548705389e+02
-6.613482343173445770e+02
-4.935683368476879309e+02
1.708979623933281346e+03
-3.026072345335095193e+01
-3.053490037900646712e+02
1.029759129562942235e+03
-5.823910478103002788e+02
-4.099207003873773374e+02
-4.938483026107190312e+02
8.985318257410858678e+01
3.216486872860698440e+02
-6.413381118975388517e+02
8.989837410325712881e+02
-8.232074340019522651e+02
3.545541441196062351e+02
1.283650290075789435e+01
2.927623032188701018e+02
-4.445550753310973278e+02
-3.728010156774459460e+02
-3.927180363621080232e+02
1.890966275638523086e+02
3.192781781537764232e+02
1.517632938116688024e+02
4.849980733962112822e+02
3.738910910697968575e+02
-6.142319413663051364e+02
8.957155984991487685e+02
-1.221251426984502615e+02
4.775746573164547648e+00
6.289864325131899250e+02
-2.133639731714383458e+01
-4.210223596232929140e+02
7.167531084741477798e+01
7.246363973128488851e+02
9.738764808836583597e+01
-9.374052539932330674e+00
-2.753350880795286457e+02
9.727224802957039174e+01
3.342414266802279599e+02
-2.000368493168477073e+02
-4.425150471744001379e+02
3.508390217168452523e+02
-1.312832529661147589e+02
7.421383302083864919e+02
-4.752440611694084396e+02
-3.583043395868052130e+02
-6.499904864075211890e+02
-4.591287071124781960e+02
-3.802219857482768361e+02
1.946019709118604339e+02
-1.501074709697724074e+01
2.464865807160454096e+02
3.525937074312162167e+02
1.952013100635279557e+02
-2.016881216897502611e+02
3.498706047960116621e+02
1.261813442597640034e+02
-3.766081687087112186e+02
3.071849157397491012e+02
2.655649226976566268e+01
-2.206387033183644633e+02
3.079406716907620876e+02
-3.517684418701630307e+02
2.505164648995768744e+02
3.285707127083830983e+02
-5.653030780285546086e+01
2.017539490886375972e+02
1.985039751392842504e+02
3.482321772472679982e+02
1.127347381999844060e+02
2.195080135407357886e+02
-1.978774606257535851e+01
-1.824593367644578166e+02
-2.843816597708069605e+00
-2.297957099720252074e+02
-1.180577888790986307e+01
-8.009656241113522412e+01
-1.445440865076753596e+02
-8.869870796562034343e+01
-7.726907638802823897e+01
1.213186751495125719e+02
-6.739948540785144360e+01
-1.779933150950782306e+01
-7.963266228330175167e+00
1.830221627714520309e+02
-3.884149295243950206e+01
-1.190975172063817382e+02
4.327116149226225161e+01
8.812856438741856380e+01
1.647744733237099979e+02
2.306113631271475839e+00
-3.427227006208257194e+02
-6.496565176887582993e+01
3.098408181216903046e+01
1.433694118357568392e+01
2.912082832171857376e+02
1.846901852149252932e+02
2.779032378791080760e+01
8.580289947472546430e+01
-6.917282818791544230e+01
6.160365109360415481e+00
2.995490294019984958e+02
-9.283636911112007795e+01
4.940170136780546528e+01
-1.286695193813319804e+02
2.874116880541301384e+02
1.178194782139466810e+02
-1.243353937905746420e+02
4.440737050323908619e+01
-1.318270191417336434e+02
-1.506367565622933036e+01
2.208443603781428521e+02
-4.048455857538604619e+01
-6.678022713556345025e+01
-3.235595449897299432e+02
1.810017698799126720e+02
-8.162453380289208837e+01
-9.640315514804195018e+00
-6.830396367904246802e+01
7.835633234245545964e+01
-1.203774737476752250e+02
5.881440771612543728e+01
8.810069302288243875e+01
-1.797079465506560894e+02
-6.293085253122798406e+01
-8.414040875585855872e+01
6.813948467890651450e+00
1.084182551953794693e+01
2.605400818533125289e+02
-1.183667200496809926e+02
-9.161819628054962550e+01
-1.698365653606962269e+02
2.524652808313775409e+01
-9.370069012755426741e+01
-1.563956900984106557e+00
2.057409201720420242e+02
5.108269131926312667e+01
-1.580706753460984260e+02
1.544977533751267345e+02
-5.939879608122765120e+01
-1.639770761325754620e+02
-5.347270278523715348e+01
-4.656669435374973798e-01
-2.661304383532844753e+01
1.315021929623597998e+02
-1.256860704926428411e+02
4.454854876307884837e+01
6.590408237344300346e+01
-5.148561344947201945e+01
3.831505026045149975e+01
-2.995050673351745374e+01
9.400281378791916609e+01
-2.115727055597026265e+02
-1.683399965034189165e+02
-8.499514196290456880e+01
-3.781572640892564063e+00
-1.661513318279528733e+02
-7.916838558744730392e+01
-2.087378767312207728e+01
-9.163196630965326506e+01
-9.720142113080510171e+01
-4.495236851914389042e+00
4.274776785710975702e+01
2.386769215809292746e+02
-8.926552555796473598e+01
-4.673761268307156769e+00
-1.004994074243311957e+02
9.788441520941717044e+01
3.530598089837717612e+00
1.245718400678110171e+01
3.449576019657487080e+01
1.754055507649723324e+02
-1.115687474973347122e+02
-3.147223912086470321e+01
1.418180693985829635e+02
2.912176294188927272e+01
-1.307154140452793989e+00
-9.649872020965064223e+01
-1.678636117187370758e+02
8.377442951326224829e+01
-8.335756101949533559e+01
6.122139417239267090e+01
-4.031114491096069941e+01
-5.433766367882480353e+01
-1.021624168928697571e+02
-1.231013853647825869e+02
6.612374151151699664e+01
-3.657435371782145239e+01
1.548087603616224897e+02
4.870596994281590497e+01
4.082319461654383019e+01
3.493664711598878814e+00
6.113546657134256890e+01
1.957998218578934768e+01
-1.638196027052680108e+02
-3.373162264386949261e+01
-1.335586596302430848e+02
-1.040495165305247269e+02
5.172373068567397780e+01
2.353108256013413424e+01
-6.411564269254010640e+01
1.442599394047118722e+02
1.555618685031983830e+02
1.953398499870630189e+01
-1.123902936850825895e+01
1.312972955692749366e+01
8.515885096507966523e+01
-1.454204535497881068e+01
-3.787577803526886555e+01
1.481400522059263380e+02
-1.609616724019573297e+01
5.281073094739608820e+01
-7.760918268989334479e+01
6.611661797535721519e+01
1.287209708046221657e+01
-2.261509248865564103e+01
-3.269091238428472224e+01
3.747137957736912739e+01
-2.714595390481667181e+01
-1.000176504708383618e+01
-2.019080441523881220e+01
-1.222837781625569242e+01
2.899002972380159804e+01
-5.424508678589640454e+01
-5.940681243909723719e+01
-6.623269863728786788e+01
-2.471908356999561462e+01
2.801754481954987952e+01
2.674714967286615774e+01
6.398172983990106388e+01
-8.331348071192522298e+01
3.604412921802969549e+01
-1.482606677625207148e+00
-7.577773709770659138e+01
-1.104106341668927911e+02
6.215513019800285832e+01
1.185500231338625454e+01
-5.506669541367270426e+01
-3.537415350750466558e+01
4.274494051641852366e+01
-1.962990537049260098e+01
-4.343434052516010269e+01
1.028467433880798723e+02
-1.028708921982639310e+02
-9.958084192189071260e+00
-7.771201234718358819e+01
7.983366170057477618e+00
9.508805132005244332e+01
4.576756032769615956e+01
-4.063042030690959905e+01
-1.410724767439442395e+01
-7.487385069553538131e+01
-8.629828325073212625e+00
1.247435919718438591e+01
1.251017816080636358e+01
3.953747440363373045e+01
3.904818192552231437e+01
4.133095527919827816e+01
1.399067514938416679e+01
-7.810854655361691812e+01
3.650470762217367593e+01
-1.873026679342055445e+01
4.530045985343367221e+01
5.215199886484192149e+01
-3.827555316098818849e+01
6.352113620642750647e+01
1.526980875447354435e+01
3.150796088468493394e+01
-7.006523166992720064e+01
1.589113536959056816e+01
-5.023682034384259509e+01
3.083576431030193632e+01
1.813068841987761859e+00
-9.129836985031505492e+01
-1.127765192831776631e+02
