7.474309629879124259e+03
-3.146466663453119963e+03
5.870734428814477042e+02
1.860771399527274070e+02
8.236545731826793144e+02
-2.818134976714128697e+03
7.604523325035650032e+02
-6.959179816230497195e+00
-2.992021693486036611e+02
-9.606278441024245467e+02
-1.597333968485248079e+03
3.589730369737501974e+02
-1.818131276831134073e+02
3.694450342008663938e+03
1.667731971952725871e+02
2.506622686929411259e+02
5.445933549781892680e+02
-9.462656572568190541e+02
-4.636665594806813573e+01
1.005426804659763093e+03
-8.272510424109869973e+02
-1.288490629979191908e+03
5.497737301137414079e+02
-3.303955594308787340e+02
6.250450801621851724e+02
-1.278590184622731158e+03
9.034863947379192268e+02
-5.051611065224822141e+02
-1.961238655948478481e+03
-7.421064984864791825e+01
2.416854406161257600e+02
-1.087605992247675658e+03
1.032503729138760491e+03
5.081487583794730085e+02
8.419406255771815495e+01
1.237902197829807164e+03
5.327352239609028857e+02
3.847758462723189723e+02
4.613964940077651704e+02
-9.084334575057927168e+02
-6.729050452781413014e+02
-2.078597903275729948e+02
5.056760574165230082e+02
3.549824643010071554e+02
6.910019764954468258e+01
-7.042152847503753037e+02
-6.861809764265461808e+01
2.470077593709026473e+02
-2.184974938088428331e+01
-3.309364433968316348e+02
5.424283939837329171e+01
1.062243986783821356e+03
-6.697500730903038857e+01
2.405909453166005960e+02
3.436125668181428949e+01
3.655302138514247758e+02
3.764827364378506331e+02
2.319680125779473485e+02
-3.432206641033777714e+02
7.910700203258635099e+01
6.517435785878267325e+02
-3.968511432317017125e+02
-2.528170780699813918e+02
2.939911685658482838e+02
1.417568047699286353e+02
5.125135464221263959e+01
-2.577851625289084225e+01
4.309260855849683480e+02
-4.387936597074992164e+02
-3.789708985945163136e+02
7.794830558898239303e+01
2.167528165632557773e+02
-7.331346323112056496e+01
4.456093784848835639e+02
-1.772825974634817783e+02
-2.276341881015319757e+02
2.740329478182361527e+02
2.306803396847401473e+02
-2.324144782073558702e+02
1.993337209069877076e+02
1.676005650672051956e+02
2.957665169986803448e+02
-1.498908052355490952e+02
-5.240558459220119403e+01
7.778176218257246433e+01
2.610366327156290822e+02
3.379686661346938195e+02
-1.995443212300775713e+02
-3.039141928896395370e+02
2.902415637787087235e+02
1.387283243460443316e+02
3.702912542785808796e+02
-1.359446119201172287e+01
4.452534826028662707e+01
-3.603977122910286539e+02
-2.487303705044573121e+02
-1.060977306691679889e+00
-2.795543313762192952e+02
-2.619268314949001706e+02
-1.072463350073937391e+02
3.512272287002337521e+02
6.293379695325698009e+01
-1.019609854346943223e+02
1.056867470741653676e+02
1.290387486727329858e+01
4.681609700450923839e+01
1.791288833471898556e+02
2.122286591481471305e+02
2.256574080318124587e+01
-8.284699043026112975e+01
-3.485198405096379020e+02
-1.671135133775948134e+01
6.467353649834170426e+01
-5.155703220279454513e+01
3.191918018646973678e+02
1.331179568061109153e+00
-1.708502723104168979e+02
-7.793131025859408112e+01
-1.275221156701948502e+02
-2.616507529760716722e+01
-1.209588918984495081e+02
3.459941938495053932e+02
2.302343917105128810e+02
-2.145037108944117108e+02
3.305048149184584894e+00
3.610425509318677939e+01
-2.779830364274351950e+02
-6.107642303383094173e+01
3.265238952241917900e+02
-4.182050146937031343e+01
-1.075170936860733946e+02
2.759098066678259897e+02
9.991866671016829571e+01
-1.601197070895435459e+01
-2.507912774395371116e+02
6.925096058997914383e+01
-2.551788182890961991e+02
1.676444522463955593e+02
1.114537044193364856e+01
1.575765987849147223e+02
-1.879879611415272791e+02
-1.613207030480260471e+02
-1.441983343314687147e+02
4.101923110562276520e+02
-9.597181398055223411e+00
2.816544967128352823e+02
1.350919235609259772e+01
4.475198249745988477e+01
2.379872982993414610e+02
-1.351712595689175487e+02
2.268195962651343223e+01
6.955140803094163005e+01
8.409569330955520172e+00
1.249300424941917385e+02
2.362772860004209292e+02
4.123500780451421832e+01
5.538468057446338833e+01
6.080502234535208572e+01
9.245754405195279446e+01
-1.239566141003972888e+02
-1.237326465428756990e+02
5.003793151579909448e+00
1.108892671121722913e+02
-1.308722638913554874e+02
8.757798158629013230e+00
6.292629201045965459e+01
6.260343700299417691e+01
4.422194764722685534e+01
-4.848300822354705275e+01
-5.526176974831720656e+01
-2.415347378908606970e+02
8.239890068915312327e+01
3.297942483296784388e+01
1.215993832353836979e+01
5.612189115532460448e+01
-1.556470864214382459e+02
4.535533960437269485e+01
-9.526528532947705230e+01
-1.706694227197785665e+02
-1.025036600383919279e+02
4.290527085063697399e+01
-1.397061664751000478e+02
9.760397096641639791e+01
-2.641420180838400356e+01
-1.515216645456924027e+02
-2.273556494895212552e+02
6.566199708629432052e+01
1.292860278989724350e+02
2.417449185267875933e+01
-5.770743132699093536e+01
1.099082441033961821e+01
1.510978570929354419e+02
-5.879722782114797752e+01
-3.414338557799160156e+01
1.245365539414947591e+02
-1.517884167817917387e+02
1.210048121892660689e+01
-8.764672280192459652e+01
1.787306402841252861e+02
-1.308185219002864130e+02
-2.895819395996960210e+01
-8.509635680895282661e+00
8.807804685448657267e+01
-9.781784068895335338e+01
2.637822071088877962e+01
2.037827361604992760e+01
1.370391017343977467e+02
1.058883593372708418e+02
5.505181496164199473e+01
-3.743986483610913751e+01
-2.579245615722867910e+02
1.908816608157679795e+01
-3.743817932220798639e+01
-1.953949768291522275e+02
9.889859752089517997e+01
7.346474730298601763e+00
6.982766801453569983e+00
-5.018566453774896985e+01
1.612600334121795598e+01
-7.186270977826357864e+01
-2.783646386568105058e+01
1.674722678070542159e+01
1.274587397057231044e+02
-1.490476338655698498e+02
8.292023665891244377e+01
-8.694151938487324571e+01
-2.056799263364383989e+01
-1.883250852920461398e+02
1.259405886697405066e+02
1.268494030725508424e+02
-5.086646585995850955e+01
1.167050091482282070e+01
2.275735609903846424e+01
-1.690999397231346109e+02
-7.817538405383788813e+01
-1.490783026863722682e+02
7.458507026189214173e+01
-9.921643395036271684e+00
-1.002694525275339146e+02
1.268513856264877404e+01
2.941211866413993903e+01
-1.724331802627707191e+02
-6.685661534096421121e+01
-2.399781958058622067e+01
1.559917599458363497e+02
1.172397387615558673e+00
-4.689203148371270657e+01
-3.690102306727511383e+00
7.848261137501634721e+01
-5.966899789304552115e+01
-5.493832325508071790e+01
1.647739218076272891e+02
-8.309604354907733637e+01
8.667403803716354105e+01
4.040258318406974780e+01
-1.028397052778166767e+02
-5.029338238458650778e+01
-6.479848464943074760e+01
-4.348926929966486910e+01
1.201699020057399281e+02
-8.014985260808742851e+01
1.348575166012635691e+02
-5.915318445929519697e+01
2.198778310504747679e+01
9.673787004288872993e+01
8.612969273314617169e+01
-1.128775100783997054e+01
-1.200267652875373727e+02
1.387953367399609022e+02
9.876717984640060877e+01
1.070534620810015412e+02
2.146424370767733194e+02
-6.607682883357746562e+01
2.471550998515062858e+01
8.331405035809934745e+00
-4.605449352042050037e+01
7.037979434089777442e+01
-1.007888887658832111e+01
4.085994888717962681e+01
1.759445654123702951e+01
2.258203796619793735e+01
4.874524104912845246e+01
6.878889540402235525e+01
-4.180997705247267504e+01
-9.475176509372090550e+01
6.742941214594880250e+01
-5.451302047792533756e+01
4.273956806681022158e+01
-2.615880340257458414e+01
-9.821282739025704700e+01
-6.574591661907166440e+01
8.433592066724868630e+01
1.106312743775011285e+02
3.621441972789628494e+01
1.207224150183350133e+02
-1.111273615479464922e+02
-3.689962597893666896e+01
-1.062264656799264912e+02
-9.101036228036711861e+01
-2.308379227448050486e+01
