1.065187271396746610e+03
5.870099009219414256e+03
1.810004151050573455e+03
1.243483671539763918e+03
2.702196191833964349e+03
2.265192864112329517e+03
-1.604279540041001155e+03
1.277611543800741742e+02
-9.467242003765887830e+02
-6.797642031949574175e+02
4.816666343636304646e+02
2.028835795010604897e+03
9.278939176631894270e+02
-1.419315703773034329e+03
-7.723250612888934938e+02
-2.764829314437283188e+02
-5.065326436010784619e+02
-3.271857324353323975e+02
-5.619924298759273142e+02
3.060992958720241859e+02
2.768921170807002454e+02
-1.212792266219646763e+03
-9.334176950800003851e+02
5.363525112404969377e+02
1.073615203492776345e+03
-9.444596542386881310e+02
-3.760513987581163065e+02
-1.884079375954557065e+02
-6.834850085230713148e+02
-5.659247135306683276e+02
-9.113650918476903371e+02
-4.466117928410226341e+02
3.230777879917761197e+02
-1.083953502947709069e+02
-5.492546067604960172e+02
2.781685269633932762e+02
-6.416263282617204595e+02
4.869738525121974249e+02
-8.929146030607809337e+01
3.187185601307497791e+02
1.901947593492418491e+02
4.490079256436128503e+02
6.300972828927742739e+02
3.127109354865468731e+02
2.936687070599996332e+02
6.853745341822569799e+02
-8.494126086785431085e+01
-1.374194836642133168e+02
1.691852252430070109e+02
-1.912052152466933137e+02
1.242505689916475973e+02
2.740413811065890286e+02
-1.132709472017051837e+02
8.534166857593349960e+02
-1.144013637814757431e+03
5.088238376168597865e-01
1.729459638694501393e+02
-2.760885101231600629e+02
2.934229058037049072e+02
6.555033590749288805e+02
-2.187663186542799565e+02
-4.851862584252378383e+02
-7.124574323236970486e+02
8.483247389379217074e-01
-6.784535529058989596e+02
5.799231635663910538e+02
-4.281648572260674541e+02
-5.466835774480481405e+02
8.615816765348647266e+01
8.810460223163705251e+00
4.592732230486869298e+02
6.030704638024694759e+02
1.976407703026452225e+02
-1.509097808780203991e+02
6.766793468291386944e+02
8.529408461849248280e-01
4.289149210951922555e+02
-1.511956045278283227e+02
-2.146130838777596352e+02
-1.629179241517092436e+01
-3.579001697938575148e+02
8.918685051616206394e+00
5.643378279021150092e+02
-1.090467880421531959e+02
8.157854627605976461e+00
-3.470583901510390206e+02
1.106990463722825240e+02
4.509529998907912045e+02
-1.904554537837700536e+02
-3.438481132347985181e+02
1.072265770374326053e+02
1.741380449501955923e+02
-1.710973622529260751e+02
2.013179396798146286e+02
2.332993277679318567e+02
4.343403373413904092e+02
5.155632904634957185e+02
-3.298727725292031892e+02
4.168998883058204683e+02
3.593529356405699673e+02
1.495166526092743027e+02
-3.120047548585850450e+01
2.305418156021364950e+02
-2.488479227336408428e+02
3.493775819652924497e+02
5.128738431458479141e+01
2.912062592797217917e+02
-1.587060449905708026e+02
-1.628345133498952890e+01
2.863055486385650639e+01
7.073818466426563134e+01
1.686063543103838356e+02
1.678400817260859981e+02
-8.310746209423606956e+01
2.587229007411252724e+02
-1.585807606378854189e+02
-3.490726969628553888e+01
-2.391678283589635043e+02
-3.819534273282787922e+02
-6.627305961452347738e+00
1.056020966294003784e+02
3.805268935238563017e+02
-2.139381577575674385e+02
1.007571851233902915e+00
9.673804255164955634e+01
-2.129447971516305245e+02
-6.832385933713052850e+01
1.313730964510848942e+01
1.507755278504791363e+02
-2.218135457924637421e+02
5.313552462878876526e+01
-2.432987017720157397e+01
1.076534962238787045e+02
-3.655557931041079911e+01
-2.251425423898340838e+01
-9.969957073310848727e+01
5.448819928763708020e+00
-1.425704040826046537e+02
-1.005120816409293809e+02
1.338508188763115356e+02
1.011424210646549637e+00
-2.068996251945306710e+02
1.255915870639489924e+02
2.733586119130956149e+02
6.770076156331636241e+01
-3.482458214509168926e+01
5.519513492461017279e+01
1.663582993818581315e+02
1.041844751967387879e+02
3.141175260941368208e+01
-9.955652184092319601e+01
-1.403261045199690784e+02
-1.967590884144602796e+02
9.771745959520464453e+01
1.832122794541295434e+02
-1.928962040853633653e+02
-8.929299374993627225e+01
2.133831584431221131e+02
2.184512769868009485e+01
-1.067646084422765966e+02
7.510493639339465233e+01
-6.567317398754974533e+01
1.115773612785124129e+02
1.988648811611286931e+02
1.409102740471758750e+02
-1.206196779751206449e+01
-9.044493381564178947e+01
-1.233004732832154815e+02
-1.770225859613140074e+01
-3.482153772955290094e+01
-1.405800765661976470e+02
9.096823113394589200e+01
-3.857360389461805994e+01
-2.115686143303770166e+02
5.224233600430719093e+01
-8.329035019056851397e+00
-1.297315907053714454e+02
9.281678143098261557e+01
-6.868730272546450522e+01
-2.165160497794807526e+01
6.531374255567907028e+01
5.782198766651343647e+01
-4.348745548438484576e+01
-5.313913885593831310e+01
1.119056683991913026e+01
-3.058770702900444860e+01
9.643350122511384370e+01
6.093748965692916642e+01
-2.847942362536654670e+01
4.383744769231341820e+01
8.075741875697639216e+01
-3.185684635787560381e+01
6.685251071680416146e+01
-1.312333577670506735e+01
-2.137339856415010786e+02
9.297596365981736710e+01
5.351398071592281092e+00
-1.927735333842825582e+02
-1.767112029795213246e+01
9.278489882648649711e+01
-5.959090243116130381e+01
-8.302666404845248849e+01
-1.808260902438153437e+02
-8.572899786165847047e+01
-5.563021809143018004e+01
-1.749446752541169303e+02
2.400061377995213618e+01
1.507729001089609824e+02
-8.375394355903982557e+01
-9.648024548117179222e+01
2.160367728369129736e+02
7.163759730976536844e+01
9.595613816878523039e+01
4.826631151581278978e+00
1.530196071674208440e+02
8.557140062971760130e+01
-8.437450864594552513e+01
5.473712721381810553e+01
-1.495626329519505759e+02
-1.759234677430352178e+02
5.006782635500607626e+01
-2.967347941971813441e+01
7.247096240053993199e+01
8.336004565806135247e+00
5.135088737250386259e+01
1.565731863320501418e+02
-2.846601932753245734e+01
-4.148595280839882804e+01
-2.005960145456965193e+01
3.722415778803402020e+01
-4.372675704290189458e+01
2.370211866435584014e+01
-2.189864279930771929e+00
1.010662405830233581e+02
1.710072612573645188e+02
-9.761217303547669033e+00
-8.561985874048225753e+01
-3.501240282820602090e+01
6.522420897823596420e+01
9.503947344331571401e+01
-8.835190606339209296e+01
-1.137122495571118890e+02
4.556848723766444209e+01
8.573061488199607538e+01
3.730173240110822519e+01
5.869949942707656731e+01
-2.536281505937856195e+01
-1.930549138994116731e+01
2.741006456703323835e+01
6.373785332684479243e+01
1.272809201401620349e+00
1.759708031509370869e+02
7.791889731947723874e+01
-4.842999157610545780e+01
-1.027007436698525566e+02
5.708055280973885459e+01
6.213915677726175346e+01
5.119871056114121899e+01
1.142066503896774634e+02
-2.735761407176465454e+01
-4.664343537173004961e+01
-1.648880928526098799e+01
-1.719235276074639884e+01
-1.486389273181308113e+01
6.180305067503249461e+01
-5.920566453974586807e+00
4.661272586014040797e+01
8.390385036676461539e+01
7.018395937105424309e+01
3.134537852244525524e+01
3.607192430953409712e+01
3.298259548367050797e+01
4.914965642943990076e+01
3.655194057280090192e+01
1.707791839328386629e+01
-1.001184407881991945e+02
1.021075764991936694e+02
-3.199398929563496097e+01
5.126806429509942120e+01
-2.187192032096271888e+01
8.884968728426756002e+00
8.068508164960814355e+00
3.492168501336207953e+01
-7.504690088576529661e+01
-6.431587057474945368e+01
-8.116198033961235581e+01
-1.071671398507015027e+02
-5.836686777772266410e+00
-9.960750387198013200e+00
-1.239982173191085657e+01
-6.010234895443974601e+00
8.914628751581544464e+01
4.561918011411430740e+01
9.218712489776238783e+01
4.746674115175238029e+01
2.502648109896652429e+01
-8.212756489767354395e+00
9.616654962858680733e+01
3.116404628973971569e+01
-3.476978793562553349e+00
