4.952690248327647168e+03
-1.393116864195023709e+03
1.456638722196813433e+03
7.509880494207063748e+02
-5.913449639431916694e+03
3.293488744242861799e+02
1.840619446192465887e+02
4.228122578762581725e+03
-1.216185002791768852e+02
-1.841224810905848699e+03
1.314400526789246214e+03
1.003730187422935956e+03
-2.186513265933170715e+03
1.899386440476753705e+03
2.404460913158690801e+03
-2.198683974127873455e+02
1.371461419430806018e+03
1.495119065871498606e+03
-1.734629190937292151e+03
-1.621474205283256254e+02
2.124737946536534764e+03
3.569470017683152037e+02
-1.603873023345597176e+03
1.039363865324176004e+03
-5.036909801997733780e+02
-1.619958221619224048e+02
-9.708961595981262462e+02
5.104660978365961910e+02
2.272927598714137730e+03
-3.069783954279338900e+02
1.077824173861727104e+03
1.830953137227550087e+03
-4.989235819300333219e+02
-6.594424706208451425e+02
1.638619479721681500e+03
-1.249924209059123314e+03
-1.094143732747733566e+03
-1.142296798698917648e+01
7.899497499541951129e+02
-1.186369212068263550e+03
1.716646972830554034e+02
-2.175438788223129905e+02
4.778709859198117442e+02
-6.895123894803024314e+02
1.989192575988721856e+01
8.981799673179336807e+00
-4.889391887412458004e+02
3.662406676189687573e+02
-6.992316922998999189e+02
-1.464475765245527327e+03
7.334424217470482290e+02
9.273704292637066828e+02
4.252842147456734097e+02
1.564684517840301510e+02
1.134599168836459313e+02
-1.642522844501580039e+03
6.108850723549592203e+02
8.662214702234143715e+02
-2.697899608365988797e+02
6.179311007145165604e+02
-3.877207457650648621e+02
1.392955640962083635e+03
-3.437732876792887851e+02
-2.964616828559442183e+02
6.003614083664139116e+02
7.610759643105661780e+02
-2.737078732808797099e+02
1.301199732000619917e+02
-2.442928005558367488e+02
1.814315693333409740e+02
-2.299398052968061563e+02
6.311912411663352032e+02
-2.225286297222255882e+02
-4.855291347509909770e+02
3.624921008405309522e+02
4.666348874762390437e+02
4.268060610023743493e+02
-2.911605608019714282e+02
-2.447394911036093959e+02
2.483191079735438507e+02
1.294020230913919534e+02
-1.252250084560716346e+02
8.638178734976773399e+01
5.603588936427521503e+02
-3.690692813392111589e+02
3.611143533137201871e+02
-1.176742908427958270e+02
1.016000224093094289e+03
-5.529808980783349170e+02
-8.451582874133350742e+01
1.789972303886249705e+01
6.501355870177052054e+01
1.509770495642904109e+02
5.343267667861260861e+02
-3.745388298517716521e+02
-5.682211731677185753e+02
-6.398458089548194039e+02
5.598432866654142117e+02
-6.964816741891139884e+01
3.199601468199089283e+01
4.657588738929701435e+02
-1.431102770914076245e+02
3.732456045220226315e+02
4.432479636964901033e+02
-3.156808625820157772e+02
-7.229720929902475746e+02
-4.933624192433634192e+01
3.135111655528415895e+02
3.122973374402489526e+02
-7.514050857134106991e+02
-1.985774017331904986e+02
-2.861730079359037973e+02
5.661594499700873939e+02
-1.264857536092714270e+02
5.039562998439316175e+02
-1.605704421090207745e+02
7.118322574737490527e+01
1.086699060167454434e+02
1.113632704838680638e+02
5.516306082465017369e+01
-9.315635288135203496e+01
-1.824652728045211632e+02
-6.530460399150805983e+01
1.200989223582165693e+02
-3.036497583588666203e+02
-3.114502416367498654e+02
-4.573072003911102001e+01
4.163892202134272225e+02
3.951688011714780373e+02
-1.371359138725360935e+02
-1.491225726091288379e+02
1.430599743296607329e+01
8.163921043193578697e+00
2.025787208160280102e+02
4.250080029258106720e+02
-4.172756930394994015e+02
-2.191482504692723694e+02
3.346387784109207786e+00
1.053195594030245559e+02
3.368973612563153210e+02
-2.234968563041121925e+01
-8.750343007742242207e+01
-2.107745596841709812e+02
-3.425090245161079405e+00
-5.908831857151909617e+01
9.840864077379717401e+01
-2.946236870599697113e+02
-3.013799421391420097e+01
-3.294745941208143449e+02
6.375367441980382921e+01
-2.349503174238636305e+00
-5.198167336663543381e+01
-1.678865078656596381e+02
2.714279257573858217e+02
-3.048857326013189351e+01
2.133553636106529439e+02
-2.440706632301609034e+02
9.687872761749277117e+01
2.121794886196443031e+01
-2.448484316216889312e+01
1.551603139857031408e+02
-8.077326241353490843e+01
1.182810574360109968e+01
-5.053706621097141038e+01
3.102823880547434783e+02
-3.500171695966490688e+02
1.926082934352050700e+02
5.491014905543818969e+01
2.737221844872107113e+02
3.634037844592099731e+01
1.076805979553383850e+02
3.997749704676664351e+01
1.131599325642897753e+02
-1.876853475699270746e+01
-1.152225300268731587e+02
1.562279946371078552e+02
-1.942838375300608789e+02
1.345312239841583732e+02
-9.705408426223671370e+01
3.586218626844008828e+00
-8.634578055696731269e+01
-5.359106864349418231e+01
7.434581751476225975e+01
1.260052487898237104e+02
6.394790785929655108e+00
-2.082579995383442792e+02
9.448252541803087468e+01
1.461665435463288247e+02
1.709269789186500930e+02
1.930270111790732912e+01
2.030361604699900511e+02
4.983227789180650547e+01
-3.610681084719725487e+00
1.863318544900042184e+02
2.354079288180328717e+02
5.656479162039238417e+01
-9.896845416895217795e+01
-2.345123863259141217e+01
-8.997136058375751588e+01
-4.869957765872159428e+01
-9.258482677652374093e+01
1.758236572558813648e+01
-1.064160226268893155e+02
-1.002037829190240217e+02
1.847461814323333229e+01
-2.758919204816111233e+02
-5.914430358001482801e+01
-1.513954427581477091e+02
3.503217904419340556e+01
5.631484243778893983e+01
-2.064016627922914324e+02
-1.930311408688895369e+02
-2.425853939127664205e+02
1.268905537160653552e+01
-1.054540907408628101e+02
1.979634425054870803e+02
1.861798317239795253e+01
1.279066276402984670e+02
3.010889348112339547e+01
-1.044965691703889945e+02
2.429063116070867920e+02
-6.763540159936354712e+01
-2.805119859385235941e+02
-1.543629303070358283e+01
-1.416536081767130213e+02
-1.177981581229305164e+01
-1.420426670338949293e+02
-1.408864934452610953e+02
-1.425784012854434764e+02
9.653342260355627502e+01
1.787691824947631680e+00
-1.029827627533855683e+01
5.777719722157523563e+01
1.182936490917505097e+02
-6.638839693858784585e+01
-1.106246798761814034e+02
7.723051700076089432e+00
9.882936342726073065e+01
-6.197531940527064620e+01
1.273474570213236490e+02
4.467922955777597593e+01
1.452396412698698214e+01
1.536288323044745709e+02
-6.310117367490067863e+01
-2.849478843056020594e+01
8.419177728063405652e+01
-5.299415288199386254e+01
1.019874387040805743e+02
3.480909233818780990e+01
1.624467005208099692e+02
-8.858217747799653807e+01
-8.737386145678121352e+01
9.459508779505740961e+01
8.558058553292224246e+01
-1.221496897190151003e+02
2.100090361234833125e+01
3.194833187894754474e+02
-1.544631683967219828e+02
-7.576369707001992992e+01
-1.123038640969448210e+02
2.688783914485125592e+01
-1.933572670544977825e+02
-9.607124627422038543e+01
5.481848560778171020e+01
8.804104450341547761e+01
5.367753857184239763e+01
-1.371091304879640305e+01
4.027867591602957020e+01
4.020015890718855189e+01
-1.905391263728434481e+01
1.795973854919494102e+02
7.387781239838687952e+01
-4.003886524108709466e+01
2.065504731863721588e+01
-2.631883243790112914e+01
-7.847932541703475806e+01
3.113166258739982339e+01
-6.465698979360146836e+01
-6.615617370874043957e+01
8.804765072810953441e+00
5.330377693136806982e+00
-9.931413560612819325e+00
-2.151422425803295084e+02
1.420491646798511809e+01
4.102949480302081042e+01
2.555911246850228125e+01
-1.380230096942133002e+02
7.599712079263407638e-01
1.416292983132385075e+02
1.290766210365994482e+02
-1.060167107311106491e+02
-8.533638022094942244e+01
-3.923414247603543714e+01
-4.529613656277877709e+01
-7.858204715893442938e+01
-6.510127136036055617e+01
-5.103138905001537751e+01
-4.560336299744739108e+01
4.250046623805410206e+01
7.069058520564064452e+01
