-1.123424579882186208e+03
2.539180227348814242e+03
-3.230212807606583283e+03
-3.810674847193934625e+02
-2.660629866867355759e+03
-2.563512212104045375e+03
-7.566002814721488221e+02
8.766464437522250819e+02
-1.371364511431313076e+03
-2.200145786379398942e+03
-1.059791731571279342e+03
7.133137279681345717e+02
-2.513162123032516320e+02
-8.511315356376574073e+02
1.233916375202275958e+03
-7.462626104325894403e+02
3.743916757066788250e+02
-2.911227068251569676e+02
-1.722166994070064163e+02
3.354891683757541188e+01
-7.228547779362933170e+02
-6.682088409930578621e+01
1.342911439326757318e+03
3.440801908122862187e+02
3.772354636739182752e+02
1.374926571379743905e+02
-6.826824528424813252e+02
-2.907826140688638361e+02
2.770664688725220230e+02
-3.432378782665768568e+01
-9.049440651014075243e+00
2.409728337091040089e+02
-9.087693025326288421e+01
-4.328520780275276820e+02
5.511374808451861327e+02
4.480554168489767903e+02
3.563715637747597498e+02
6.983841675550607988e+02
6.509707897202055165e+02
-2.158064254181416857e+02
9.974445597705998523e+01
2.882623010359994282e+02
4.300444237596420862e+02
-4.405466832470054896e+02
-4.338470214504382056e+02
-2.355030369715323673e+02
1.434193543272650686e+02
4.716432759699411292e+01
-3.280381972482040887e+00
-1.437909890904949748e+02
-1.010835901343864521e+03
-4.813126556950172130e+01
5.347232445369032803e+02
-1.569614196193327018e+02
2.937247699020258551e+02
8.455454672324984244e+01
-2.291654702639259540e+02
-1.805565976760103979e+02
-5.588019252328861057e+02
-1.276666090827333591e+02
-1.830825860927329529e+02
-8.013675642682557054e+02
-2.423764071980407941e-01
2.179660349082393012e+01
1.261399314931803275e+02
-6.145885731666959373e+02
3.931059795802178769e+01
-2.517009144548118513e+02
8.724326095191567276e+01
-5.417191221993144268e+01
-8.937939850972389877e+02
1.136074193890898556e+02
-4.996056745536986909e+02
-1.151905790657291817e+02
-1.967200870477339265e+02
3.342456456380445218e+01
1.264515038609778657e+02
1.107609971681978891e+02
-1.081052256573486972e+02
1.563789675648663113e+01
-3.085212434075372556e+01
-6.779890821922258226e+01
-3.947567897326225648e+02
1.946324651280937417e+02
2.887068854094153494e+02
-2.603511290823545323e+02
1.059272454759136295e+01
-1.989553403475962625e+02
-1.002491666636465339e+02
6.095030936912343833e+01
1.263076777472277712e+02
2.790722817312605741e+01
9.894396547380369000e+00
2.364367911093829662e+02
-7.624306309521928426e+01
-1.344920286461997705e+02
-1.027812282264395805e+02
3.570787729429064683e+01
2.452568540180650984e+02
6.245855971737835688e+01
-4.518126599995840564e+01
2.543382371355540101e+02
-4.252254265938825029e+01
2.347441416578930884e+01
4.681373519239612335e+01
-1.672423480257302231e+02
-2.495408407017316677e+02
-1.736203994229268801e+02
-2.855900660422445370e+01
-2.536397472767650996e+01
3.607633800617287534e+01
-3.332023387560878973e+02
1.294740727339144541e+02
2.305406014862706741e+02
-8.295170479592547608e+00
-9.879956991794495025e+01
-7.731634789022331233e+01
-1.032094204465526985e+02
-1.770162347875959483e+02
-2.120003236976189864e+00
1.800123510556524025e+02
-2.569091004157138514e+02
2.156649307621617027e+02
5.212280623408521052e+01
-1.072949545040331571e+02
1.670855994321476032e+02
1.753772626383159761e+01
-1.952007127327867053e+01
1.808148085310430133e+02
2.035749307294030075e+02
-7.582233425864050247e+00
1.975249110840092612e+02
-2.570834956011169652e+02
7.286127638105992332e+01
-7.529831159586120748e+01
-2.499022252821442436e+01
-4.560463951747134814e+01
-3.709721533110083413e+01
-4.899737393827535215e+01
9.638450796189860625e+01
3.383385500874940277e+01
-1.321625661090493224e+02
1.907823818401560914e+02
-1.507677659862380892e+02
1.811866517970056023e+01
-1.511623443160559743e+00
-9.137865460111289906e+01
9.559738741488867930e+00
1.414835308819525928e+01
-3.032990166146640831e+02
4.289704846339125055e+01
1.655240216825550874e+02
-1.762179491152866433e+02
1.763754551524050669e+02
7.664641837479828723e+01
-2.131197420273859677e+01
1.401538677499638084e+02
-1.957445302272414756e+00
-7.748833283765223712e+01
-2.023059484659504506e+02
-8.320014987670383277e+01
6.744044490484382948e+01
-9.092248107817350444e+01
-1.660560595155295971e+01
-5.333091562996941803e+01
-5.486575240004641785e+01
-5.501921951388270315e+01
-1.634923515106363823e+01
-5.573103187012930704e+01
1.923465371838919324e+01
-5.030568794647299313e+01
-2.351944285270938906e+02
-6.958795180590847451e+01
2.826262545043808672e+01
-1.402077156766046606e+01
6.182127241846513499e+01
2.715055723347473204e+01
7.042760389273504984e+01
-1.383709090114923583e+02
9.480545708159105800e+01
1.903131467116716635e+02
1.140711091302583498e+02
1.977282984410367703e+02
9.537349814747830123e+01
-6.104318643056550542e+01
4.895311081565448319e+01
-1.612615920805878034e+02
-2.106939184024063749e+01
4.136034925738523604e+00
-2.439530587900582503e+01
-4.226164508096417904e+01
-5.070680631944127015e+01
1.317177824059483271e+02
6.773376157737087055e+01
-5.550184059367901312e+01
-2.814127126752058317e+01
8.951246775672713341e+01
-2.797103997102217576e+01
1.486986339979381455e+02
-9.550142677836593919e+01
1.299686443769612954e+00
2.919650190408390245e+01
2.656929788924451685e+01
-3.471733481850449010e+01
-6.681350307836680713e+01
3.236796175778379592e+01
7.505780434210983287e+01
-5.273923768671112100e+01
-3.764655525350408283e+01
-8.681676585282016845e+01
2.109671521385610617e+02
-1.859129180029625061e+01
-2.021733663964230487e+01
-7.108282095670797673e+01
8.532468228794536458e+01
1.506721351950843868e+01
8.555899604796859137e+01
-4.813065267330468799e+01
1.568866554603543229e+01
-1.274123485341294924e+02
-8.738753962739572501e+01
-4.335810312862476223e+01
8.207210511890920657e+00
5.726484850589187658e+01
4.104201353536055308e+00
-6.218904748268642635e+01
-2.327943582880389073e+01
5.153167902696302605e+01
4.501312479289430968e+01
-1.520058865667563985e+01
-9.975371509544970650e+01
4.019112624829674019e+01
9.410547561928053995e+01
-3.525840168059978197e+01
2.027281563471234733e+02
8.453049261827281669e+00
7.369719134663823468e+01
5.200035647427692709e+01
9.589706328193632601e+01
7.163852141088028702e+01
-5.897184088545957081e+01
-3.364809233762188256e+01
1.283892063501969005e+02
5.553244986227768010e+01
-2.521578315710789653e+01
1.584958001456763554e+02
-6.551969544995064787e+00
3.184413969845450509e+01
4.044890894775662105e+00
-1.482838586407727632e+01
-9.881286563849021931e+00
-1.200711055991812160e+01
4.239045378512422246e+00
-2.128679304346650092e+00
1.696892551723664866e+01
4.474761813212179362e+01
2.936981217891858620e+01
6.410419187720680156e+01
-1.927209437317990393e+01
-8.243933223224880180e+01
4.523082013390894218e+01
-5.748495447891912136e+01
8.868590191980501913e+00
-2.312973818394555892e+01
5.892932284679342558e+01
-1.344660661426044896e+02
1.890014266455379754e+01
2.713533698797257188e+01
-8.346911101001251154e+01
-7.837110843029047480e+00
9.509401993866167402e+01
-1.804755636120390960e+01
7.544672743483008048e+01
4.072796135944273743e+01
-2.656489730707303565e+01
1.632430530160578286e+01
-4.723659525177421870e+01
1.834016191678599839e+01
-4.714279078058213912e+01
-4.675921173950629850e+01
9.743583703527635365e+00
-8.409641318438198709e+01
2.164991073690319112e+01
4.651611641820296228e+01
5.149476356396975518e+01
8.031944429067546309e+01
4.208426317430134134e+01
4.801043542329238534e+01
-3.878688767453905228e+01
1.300898030732759558e+01
-2.076103365554607194e+01
-6.174831203172596616e+01
-8.720482150573880631e+01
6.178563682654448286e+01
-4.173824207549056098e+01
-4.888923903679440031e+01
-1.643159020799504377e+00
6.314626947709032123e+01
-8.671462345106930059e+01
-4.094301031467713159e+01
