2.079870272363305048e+03
7.232233913437399679e+03
2.882704440353336395e+02
-3.594491055325136585e+03
-2.391095839831637932e+03
1.197361236836850367e+02
-1.174467734914713219e+03
7.803112236701772417e+02
2.327902246376857420e+03
2.581238796372571187e+02
2.144845412889490035e+03
-1.650906694020656687e+03
5.461446923166942042e+02
1.007812388131450234e+03
-6.443160849099654115e+02
5.154345836113120640e+02
7.186687039966659540e+02
-7.817124307166970993e+02
2.086992677298845592e+03
1.580877467440011230e+02
1.467689936362087565e+03
1.201892628293276630e+03
5.984267318975563512e+02
-4.464561311939811503e+02
-5.414683147262976490e+02
-3.132443430916033549e+02
-6.009340981945873637e+02
-6.041434417164389288e+02
-1.484326395597161081e+03
9.839171828176665713e+02
8.113460400725434738e+02
1.888697612140531703e+02
-1.979761236371521704e+02
-1.802479761111869649e+01
-3.462137311945086253e+02
-6.297590894391420306e+02
1.437557361898707029e+02
8.981502629414383421e+01
-4.117814629889036269e+02
7.951305882740516040e+01
1.729251901410458458e+02
-6.312982474768655266e+02
-4.964415399328746048e+02
-3.509727049601169142e+02
-2.086698523087253818e+02
-4.114841975793853521e+02
-2.375911417879971452e+02
4.412623647060941607e+02
-1.687387780374803583e+02
-3.191790127554251058e+02
-7.472792195007482974e+01
4.715798308317509964e+02
4.056790526446243916e+02
-9.073914986006880667e+01
1.630469467812372955e+02
2.377394347238140710e+02
-1.577908277756722377e+01
-1.468223086098155363e+02
6.986841197972647421e+01
1.879753780098525908e+02
3.339784553043004962e+02
-4.726088649342429449e+02
2.619166258160319671e+02
2.640164802408917808e+02
-2.346009068662253014e+02
1.138115851445188866e+02
3.738404109484683886e+02
5.724888597371658534e+02
3.930435975701179814e+02
-2.373756498621018522e+02
1.679865836142171531e+02
-2.972479555646228988e+01
-5.596485598088641211e+01
1.497488489814462014e+02
-7.214837724827286536e+01
-3.638541239151488185e+02
-2.989553926778619974e+00
-4.524881127080503234e+02
1.655900873969907536e+02
4.611311715082985074e+02
-2.671848672428735654e+02
4.897005315999959976e+02
2.964915846161530339e+02
4.043937891675698637e+01
-3.846337663649906347e+01
-2.830300287973398099e+02
-2.392786824606405673e+02
5.327280013769539835e+01
3.668778440415522937e+02
2.197576740635782073e+02
-1.366070057499426227e+01
2.508289583728613081e+02
-1.454709145134034713e+02
-2.893201722528926823e+01
-2.420345179586970374e+01
-2.159181248320539339e+02
-9.548917957972486192e+01
-1.888945758256892304e+02
1.631296814920933400e+02
1.885234765150302678e+02
1.775220278527579865e+01
-2.500131530767082566e+01
-2.955121542441174256e+02
-1.318357533495844223e+02
2.793296782197826360e+02
3.532826391692935886e+01
-8.562735291592271381e+01
-5.921991946183251798e+01
2.385437588746929123e+02
8.077301380945340270e+01
1.688002330141028722e+02
9.968751108934576166e+01
7.489618998660697002e+01
1.647515858212880175e+02
-4.629210210449700469e+01
-8.057425118060315583e+01
-3.806652693815117772e+01
-1.128937769333020213e+02
7.593665693432721753e+01
4.720932896748454510e+01
-8.373152832184013050e+01
-2.079760439178288323e+02
-1.504193402669930890e+02
-2.855459353482048357e+01
9.687592940513027884e+01
-9.902465496072184692e+01
1.604307530433378872e+02
1.441147822490254349e+01
-5.355886954723564486e+01
-4.079691893307964534e+01
7.079563613249447940e+01
-2.164227327297692227e+01
6.254578562303834843e+01
-2.207678514917422206e+02
5.977486897611104411e+01
-1.430807661442077574e+02
9.727459099429405853e+01
-5.659701123439531045e+01
-4.921934822498832318e+01
1.285992854884005610e+01
-1.150367173377165670e+02
9.331822708935273170e+01
-2.208737810337659724e+01
3.321991424100270507e+01
2.778974004468546468e+02
-1.639772962491360033e+02
-1.325038202413011845e+02
-1.117861824758305112e+01
-7.076252012522599166e-01
-4.203598422476338214e+01
7.993541856241590438e+01
1.131302647501978669e+02
2.020896891415716823e+02
2.155528377120611196e+02
3.917385715207272767e+01
1.005057625199787594e+02
-1.642941644029523616e+02
-2.161985852805034369e+02
1.086686835400013109e+02
-1.858998737236395868e+02
-6.113242604268553748e+01
1.410099161196554292e+02
-3.414708490958108200e+01
4.783638034352099311e+01
1.735319976096422465e+02
-1.583033545242203672e+02
4.840148339231403440e+01
-1.113582910524128238e+02
-2.632531494205174027e+01
1.175238891329015445e+02
-3.799132551089247301e+01
-1.538078370917267002e+01
1.147307066391577735e+02
4.817588409282394935e+01
5.360572302807024414e+01
-1.722091804775389221e+02
3.523417796910334232e+01
7.111706644246102371e+01
8.387168425433544883e+01
6.843878719895527318e+00
-1.025510397636927706e+01
-8.722371574538263417e+01
-2.402793235330177879e+01
-5.785236906144719171e+01
-8.086511136500928387e+01
2.309648740279844858e+01
-5.485522726674652461e+01
-7.902725472484368652e+01
7.755339799421223290e+01
-3.757504421751269774e+01
-9.440634654499353928e+01
1.174014310325796941e+02
-9.763598082791040156e+01
1.714663772753207525e+02
-1.526734577347037281e+01
-6.000943454667980603e+01
-4.177617660158093216e+00
-4.701278542014392769e+01
8.448810806837910548e+01
1.100703745593421274e+02
6.000754298473128756e+01
-7.166121209897920608e+01
3.402749990115707135e+01
-2.170384714446345598e+01
3.548605334836441472e+01
-2.152023107286821073e+02
-3.198183126309081103e+01
5.828400808231634755e+01
1.389908780651262887e+00
-6.918988007217711811e+01
9.879579125209214396e+01
-2.319993806427796557e+01
-7.728574406295609833e+01
2.702547387473261864e+01
1.088114896866679402e+02
1.383591163464365366e+02
-6.352743576872656206e+01
-9.950877727676279960e+01
6.068578841752255926e+01
3.720413732446950661e+01
-4.287179985342407207e+01
9.606148338309624535e+01
-3.120665342556568689e+00
3.689718002642482020e+01
1.756383360076424793e+01
-3.024316544553496655e+01
1.218887111802814616e+02
7.014994551871865269e+01
-4.394254135698915320e+01
5.901483246609340227e+01
3.901139747609342123e+01
6.110786629926080460e-01
6.611866167470100208e+01
1.725535790247227297e+01
-3.415828262162494156e+01
1.252712967330255278e+00
-6.487577741139685372e+01
-1.804701235369726930e+02
-4.614129940986136091e+01
-6.001061137192412787e+01
8.243777594534445541e+01
5.618843917413499867e+01
-8.510910479094394576e-01
3.038861289930972731e+01
-7.613082887147783140e+01
-1.459708586767373788e+02
-2.540189963969175224e+01
1.782270521767268434e+01
1.251697711160792714e+01
-6.325675728872289127e+00
-1.630884689504469875e+01
2.362843484305993391e-01
3.714736962092553796e+01
-2.719860343052846741e+00
8.222456507388960745e+01
-3.484401128460028474e+01
-2.309817148332374259e+01
-7.371699348338308866e+00
7.947828559981331864e+00
-2.136976518242237333e+01
-7.301842903322067002e+01
-3.285922204054546114e+01
-1.865859484904857979e+01
7.960652710220486483e+01
3.578007601721612474e+01
-4.193072937691726310e+01
-2.068725891123829186e+01
3.412607439619861793e+01
8.776250318859021604e+01
4.589703355770499371e+01
2.825954826293138211e+01
4.806761448713592699e+01
2.564942985611692094e+00
-4.874311901867940122e+01
3.848756962304531726e+01
-1.879909059596027632e+01
3.692397563219108036e+01
-1.764273019115965013e+01
-2.767241069038042056e+01
1.264076668533771368e+02
4.158773867828264059e+01
6.542329336067780332e+01
-4.610310238500124314e+01
5.252989133978775982e+01
5.735120458934123633e+01
5.710437596479112443e+01
-2.642185977577135247e+01
1.006547147737121151e+02
1.227716095555298814e+01
3.710875309143142431e+01
3.762258817680084633e+01
2.462718665287235353e+01
-4.571774398436042608e-01
-5.466553958898114018e+01
4.695599624703167052e+00
-2.946797578765641301e+00
3.704987314234619245e+00
3.127115165403413055e+00
6.879079339475646293e+01
6.976390372999929923e+01
