-6.419275949385016247e+03
-1.292337049335482789e+03
3.965926367528088576e+02
-2.901906161531472208e+03
2.520294553277613431e+03
2.798190452481471766e+03
1.161992286156578302e+03
-2.080377721164047671e+03
-3.393119159419001790e+03
2.015438772031751341e+03
-1.644611169800546122e+03
1.639090337394924859e+02
-1.666587821617037548e+02
2.005930641557885110e+03
1.591245545638788826e+03
-4.195969172309391411e+02
5.578063845708544477e+02
-7.911503505593919954e+02
1.359216186444586128e+03
-1.471104162992947977e+03
-6.701334246563887973e+02
-4.096967823485645681e+02
1.248408176044628590e+03
-2.984267499175003877e+02
-2.823207306334163036e+02
-4.563169909477362012e+02
-1.925866030726420604e+03
-1.138133043777115290e+03
-3.009268586212576579e+01
-1.074575340638214357e+03
2.126336648327389867e+03
-2.737019970418086814e+02
-2.571922262993502386e+02
-7.723239787441975750e+02
-4.190427988224553424e+00
-1.716214621823909965e+03
4.238252401815120720e+02
1.778272463123499847e+02
1.185728291152031943e+03
-2.680563610150544491e+02
1.292802675800533052e+03
-7.623431670307576269e+02
-2.591445844887650765e+02
2.242903931892710148e+02
-3.428960686940321239e+02
4.637866279004057333e+02
2.048918165886103679e+02
-1.403063150134757677e+02
-9.780061228803974416e+01
-5.014663265612524867e+01
-9.902157843887076751e+02
1.851815838959188909e+02
-6.959715679276624769e+02
-7.130184003223006606e+00
2.718435383713821238e+02
5.639919077900415232e+02
6.386826010120954606e+02
9.743959322159149679e+02
9.889247123175254046e+02
3.233078923933750843e+02
4.268415810780933271e+02
3.725429626585846563e+02
-1.722551829144667295e+02
-1.613751009519729109e+02
3.112825960796018308e+02
9.270697454318925566e+02
-2.127152940143159867e+02
-9.455013823384713305e+02
-9.413780023386895834e+01
-8.809891627326020398e+02
2.124095545152269722e+02
-8.576995900510394222e+01
7.526930943743538194e+01
5.964101465652063325e+02
-6.856976362944835728e+02
-4.639008004923712178e+02
-1.541841155240069554e+02
2.882555706506341267e+02
-1.222173159133605395e+03
-2.947048357646078216e+02
-4.043073983689426427e+02
-1.687627070197116836e+02
6.957106269896781896e+02
-3.530553075832592071e+02
-2.303334142757727818e+02
-3.572437016935883776e+02
1.077792886368090848e+02
5.194763647588229105e+02
-3.510475069252906337e+02
-5.908623256458193964e+02
-1.526684760505552561e+02
-6.016492237780322228e+01
2.420396884130511523e+02
3.655167996502935353e+02
1.931274165515576726e+02
-6.868945676828133173e+01
1.110508107407837997e+03
-1.120822202718630791e+02
-8.317409331757885127e+01
-1.931372795868265939e+02
2.830419566382861376e+02
7.889517861558427825e+00
1.479769621661236556e+02
6.348024293461497081e+01
-1.602476015321911618e+01
2.165402037875582835e+02
1.124962536082960867e+02
-4.344274821686959740e+02
-7.026709251245378596e+01
4.180806700033383549e+02
9.200886157716850278e+01
3.190242612437802450e+02
1.012033024841289404e+02
-5.558752609950558963e+02
2.276651733512886722e+02
-9.358642288782715468e+01
1.313490134438486621e+02
-3.219436898817258452e+02
1.831150059799026337e+02
2.687013226049555925e+01
8.489041598065252003e+01
-6.000713463210928467e+01
3.362790851267308199e+02
-1.500358866485392184e+02
-1.332014814660898594e+02
3.523627786997316207e+02
2.737857918592054034e+02
1.328675383440287590e+02
2.427708205025331551e+02
5.568404639434926366e+02
-1.123587660669942920e+02
1.905489574561213715e+02
3.063830664471447562e+02
2.220288766877299054e+02
1.521133862673610793e+02
1.616644615341659232e+02
-4.288265558067121219e+02
-7.756357755644877727e+01
-2.185654543683751569e+02
7.799328683117934702e+01
3.296257757287515915e+02
-2.224368439251415737e+02
1.055723428904426271e+02
-4.325210271153648591e+02
-3.440754969226068170e+02
1.306678705629098260e+02
-5.246935702524076106e+01
-2.431641901476177736e+02
1.466866850787178294e+02
1.159003075583874498e+01
-2.400911656409173531e+02
-1.279944329849668492e+02
1.263064127047452132e+02
-1.988285353794933314e+02
9.140636020987132326e+01
-3.022276524392671604e+02
2.776562968318536662e+01
-3.742621206263241618e+01
-2.114908165413880567e+02
8.424979415670173921e+01
3.261094139505171938e+02
-2.061370758869967119e+02
3.088085509999703504e+02
4.518448519206010587e+02
-2.220057000734207406e+02
-2.321318183814998122e+02
1.140718515527015882e+02
7.666657060261611889e+01
4.167736379119908179e+02
4.634653257202177201e+01
-1.436672608977455354e+02
1.951451672486204814e+02
7.274722610326220718e+01
4.357175857622931403e+01
-6.442278514157658265e+01
3.145325968176073061e+01
5.531509124276740152e+01
-1.518946649802100239e+02
1.461478730248349507e+02
-1.870207444840534663e+02
6.670233210060030160e+01
-2.648443135398840127e+02
2.423590170292314383e+01
1.430396547818600652e+02
2.899613444518468341e+01
9.431851808760706035e+01
2.886464868600303291e+01
-4.485750304300455582e+01
7.900137148528435205e+01
-3.952679844013467658e+01
1.047762749368611992e+02
-1.526741556409784550e+01
-3.239956157999323239e+00
8.693381746783204278e+01
3.624477765945628249e+01
2.238613677502967647e+01
9.662647548574810230e+00
2.279118783352764126e+02
8.956227214925408475e+01
4.963478452385221118e+01
4.792261344292732872e+01
1.454444711516561597e+02
1.192168610599918850e+02
-5.893556038474464032e+01
-1.793374494914357058e+02
-5.704024431633197167e+01
1.263134367811800161e+02
-3.173067617086596215e+02
-1.633006336747420733e+02
-2.073552716461387035e+02
1.109468670333442475e+02
3.450025728636430244e+02
5.285503618880142795e+01
-9.205711486203351512e+01
2.429449358076449528e+01
-9.397725097815597906e+01
-4.301002759668794084e+01
-1.719661546875299223e+02
5.687381090105689196e+01
7.491280212685026640e+01
6.356930520521776629e+01
6.487427912750784742e+01
2.299950583656137155e+02
1.987875735230946717e+01
-1.303451764387595233e+02
-4.731336054897910870e+00
1.719590860005535760e+01
1.563836720003779988e+02
-1.102440016574516335e+02
2.156290599524539076e+01
-2.369784631312523118e+02
-1.543484159149087134e+02
-2.620390233554480730e+01
-5.227302145872844363e+01
8.145132907005667278e+01
4.876384901340459521e+01
8.355144023736023939e+00
2.264463031958484507e+01
-2.636947402632197957e+00
-1.476213956876737043e+01
-4.230283323226493053e+01
2.072724873877174332e+02
-5.593448248393806210e+01
-3.472861409106659636e+01
7.621019218205677248e+01
-5.245974518644489137e+01
1.456682787971087123e+02
-5.883557743255632033e+01
-1.106220788710652059e+01
3.917217509163483413e+01
4.041272252181403246e+01
7.067438525162768315e+01
-1.019982057952706214e+02
7.210196560948858746e+01
2.903403535639499466e+01
-1.755139646962137476e+02
2.035639873780290099e+00
-1.134702745372365484e+02
-4.637052125844022044e+00
-2.797228013510614986e+01
-1.169698453294125500e+02
-1.078647448503199087e+02
-2.843239989924643396e+01
-1.822630757440506386e+02
9.998689654001374549e+01
-5.343131480307753378e+01
3.138613961648885731e+00
4.017761216090687526e+01
4.537122532417744480e+01
1.502391585345734271e+01
-3.240299354940673027e+01
-1.533676107499616421e+02
-5.696163356739049277e+01
-3.103864612305695658e+01
-1.911009734477319810e+01
1.136616142038039499e+02
3.496420231873370454e+01
1.030855073397929687e+02
1.489715481463945856e+01
8.958319483367611724e+01
-3.412048407505709235e+01
7.902963954024164650e+01
-2.724794190484490741e+01
8.178269919642422892e+00
-7.115960997549079536e+01
2.007038380154897794e+01
-3.654688831813808747e+01
-4.953284935590098570e+01
1.034476310157819370e+02
-1.321011841234723647e+02
-8.624267422381485915e+01
-3.371471168141668073e+01
6.571827160623328723e+01
-9.963534048601268012e+01
-2.079616973228310073e+01
-3.969763224275038738e+01
-3.709717430501854807e+01
1.245340662823479327e+01
1.218099561494681495e+02
-5.522684925049558302e+01
