1.947090450754508765e+03
8.659120936815194000e+03
3.809733022844377501e+03
1.829111486989064019e+02
6.108209344985576763e+02
-2.336751961608832175e+02
1.961196697845573738e+02
-2.448311874651403741e+03
-2.308531444267766801e+03
-1.811378361153268088e+03
-1.352820878300018421e+03
-8.556123488176421006e+02
9.983538666513788939e+02
9.591473862070836276e+02
4.661392092592914196e+02
-2.481718866958682099e+02
-1.853978022031932369e+02
2.957244954767277818e+02
4.581470541888911043e+02
-1.845683688838556236e+03
2.372187455386179806e+02
8.478219587192070321e+02
-4.008828718004471625e+02
-3.552258996839259453e+02
-1.038950276387055055e+03
-3.724058578399211683e+01
-1.380476949978931884e+02
1.092235606134308341e+02
3.714377227432429862e+01
3.013342040972749487e+02
1.410990980583755572e+03
-3.930986305354975912e+02
4.246479387579345826e+02
-9.746468804361368257e+02
-5.617719483815468493e+02
-6.975032190936407233e+02
-7.750156907794311110e+02
-3.784806099510326476e+02
1.577667584908266463e+02
1.073212636776472451e+01
2.851485717841794099e+02
-6.333489983007818864e+02
-6.489520184580092064e+02
1.167041638387600813e+02
-2.326328728908817141e+02
-3.958797142035104457e+02
1.188552647695742962e+03
-3.664101177338181401e+02
-5.547616796207588550e+02
8.005422382040025013e+02
1.632147505255207989e+02
4.016399912671882930e+02
-6.217644798773266075e+02
-5.002752057671248735e+02
1.384001828238872918e+02
2.710737062789905849e+01
1.012774139053865383e+02
2.735272369320214807e+02
9.771896908565013362e+00
4.095309179994309829e+02
5.548488112966589370e+02
3.625654216112806125e+02
-2.540730048155069554e+01
-4.788109649508215853e+02
1.424820580702086374e+02
-7.671948393926128063e+01
8.172507718253377789e+02
3.046468797019219323e+02
7.823301930393772352e+01
-1.132337390664857111e+02
4.984369522470965990e+02
1.216160059835897584e+02
3.501688648052170265e+02
-8.783755940217130842e+01
-3.544419788685491994e+02
6.108483378516505269e+01
-3.764457512493445392e+02
-3.529659003277174634e-01
5.768091802118082256e+01
4.986956148974881557e+02
3.041808431206708860e+02
-1.116366516188251090e+01
2.086014997837595786e+02
-1.584399271323210883e+02
-7.649834597929379925e+02
-1.963546490270964640e+01
-4.907296150141003466e+01
-1.217625447095018032e+01
1.793105939288836339e+02
-1.750874654758421229e+02
1.061467721377338478e+02
2.432270889831129921e+02
2.079051715368039481e+02
-1.067977931241591847e+02
-4.396981857521813595e+02
2.121768240974971320e+02
2.265869134277151886e+02
-3.495036216742451529e+01
1.447078008750607410e+02
-3.630000530911165129e+02
1.907578899246651645e+02
1.111896932778001315e+02
-6.093042618691530379e+02
-7.116182937673778497e+01
3.753160289559636453e+02
-9.264453299864159419e+01
7.025015936876414457e+01
3.459142076823562562e+00
6.247927337042960261e+01
1.056832199998587498e+02
-2.467842371749859467e+02
1.894948723870249596e+00
6.452697212601896126e+01
2.846227586399598977e+02
-2.351847846168254108e+01
1.608908799004090895e+02
3.783693003177088485e+02
1.258471301791284702e+01
-3.003238730477411877e+02
-1.663224582941722929e+02
-2.009415764758766443e+02
-7.070204027340245112e+00
3.014576293509896345e+02
-6.534600551778413546e+01
3.426452173020040846e+02
-1.928299756474262381e+02
4.342073470912148281e+01
2.423470190449852453e+02
4.458298163933383762e+01
1.283220746880596721e+02
1.450612878826719339e+02
3.028602434345382335e+02
-3.021427840109947738e+02
-4.593411257823100158e+01
1.885132495258463337e+01
2.000576598608420227e+02
5.510406783503794514e+01
-1.512052158983156573e+02
-6.224062270313351775e+01
-7.060025255938653821e+00
1.046704082365364172e+02
5.353426993156602265e+01
5.457789262151241161e+00
1.192101161680441095e+02
6.934780682496145232e+01
1.911041359258784489e+00
-6.778033834308365613e+01
7.505351678546479377e+01
2.640593893013627849e+02
7.735228017357512442e+01
-1.326942443055885974e+02
4.969144809455406175e+01
1.262229286477119672e+02
1.253454495643502895e+02
1.066033549335828212e+01
4.710895450386463068e+01
-5.001514544845321986e+00
-3.646367586957822482e+01
5.423270844298278881e+00
-7.699559895566076761e+01
-5.462862694910958083e+01
-2.667414109522030330e+01
9.380783528830301066e+01
1.963679612921519890e+02
-1.649338419298335578e+00
-2.007978405396879751e+01
2.208188540872849899e+02
-4.365357652152416534e+01
2.390691165858216394e+01
-1.355618607879231092e+02
-5.363793433184323334e+00
2.236936963785400110e+02
-2.360946605783028929e+02
-7.554092524333104564e+01
-7.367477837510659811e+01
-8.534182251238162564e+01
5.103708778941409463e+01
6.636007362120898279e+01
-1.516594317900833175e+02
-4.520278999165634559e+01
1.233510523230125528e+02
-1.085683262427949245e+02
1.911219816928492605e+02
8.378287370358206587e+00
1.696144085544821394e+02
-1.618976873694491871e+02
2.086030837786927705e+01
4.193775358407140885e+01
-7.330745746280781816e+01
-5.661880753177980097e+01
7.447059688030432945e+00
-5.794694064394213484e+01
-1.032784676888605588e+02
-1.815828548574159242e+02
7.615775223794571502e+01
1.239811373407493988e+01
1.555577632017840628e+01
-1.294774469696164942e+02
-4.109145443717771684e+01
1.085370501623280433e+02
-3.141099597817050793e+01
5.482301313784638808e+01
-9.992234814878102611e+01
-1.543037142366392267e+01
2.359380483373439574e+01
9.763180069261282767e+01
-4.319094426280695842e+00
-4.307642478940883990e+01
-5.589031034583687330e+01
-1.440913500759738497e+02
-2.799418943265350457e+00
-3.986598122470949335e+01
9.296582578595288737e+01
8.532247886954701244e+01
8.974818772949545576e+01
-9.986742562682296409e+01
1.068633542655663433e+02
-1.624880848964525057e+02
6.392724974079578004e+01
-7.049271411150385802e+01
-1.272958404233132113e+00
2.249017348605779887e+01
-4.934648603425374347e+01
-5.234531754333898590e+01
3.598897767890095878e+01
1.040331818709220784e+02
-1.551441737121121207e+02
-3.637220689786401095e+01
-1.190613657988756557e+02
-1.213149538259685016e+02
-6.992873007602776525e+00
-8.356041806288236273e+01
-7.116765790320863516e+01
-9.209927694229662620e+00
-3.058795012606460517e+01
-7.648327000882292737e+01
2.854598008478300386e+01
-9.450603108589558587e+01
2.105478808530327939e+01
3.522961434254951030e+01
-2.224913874854205531e+01
-1.185451331144466280e+01
4.207133226632574718e+01
7.675909518530521325e+01
9.335504615970688747e+01
1.458212208895032234e+02
2.049410724485458957e+01
1.207993137990904557e+02
4.942332739395633467e+01
8.445895074708039019e+00
-7.572593983292203745e+01
-8.455954292962584873e+01
-7.026168060923893677e+01
6.148310047243489151e+01
-7.331179673320242784e+01
3.198086700436791663e+00
-1.994154161820074478e+01
2.830725493168024798e+01
5.682531840330658213e+01
-9.684843998957728672e+01
4.467130281021408678e+01
7.012824723319371856e+01
1.715206777731535581e+01
7.711937248141324197e+00
5.791928164663475798e+01
4.212252932307602293e+01
-4.833786725633068926e+01
-3.254929028457562623e+01
6.494232711625699039e+01
-3.323330301972895739e+01
1.325268964302405372e+00
-3.643223631855803291e+01
-1.031963751513234087e+02
3.002688918387786288e+01
5.696973036386840761e+01
8.632121907803539784e+01
7.863202102836153529e+01
1.681703519806465152e+01
-2.594853681874322504e+01
2.712741908246148981e+01
4.548532344241623804e+01
9.433026880714692197e+01
4.709412085933409031e+01
7.239292639866583556e+01
-6.589533957037322409e+01
-6.421485353918217243e+01
1.705171367814516614e+01
-5.086428313460794470e+01
-1.352247829743697949e+01
-1.388914659454742484e+01
-5.413426388906128039e+01
1.665686568047846805e+01
4.745368997378280085e+01
-3.565655694922467234e+01
-7.016750377463770860e+01
-6.251844125397157370e+01
-8.374792699275470653e+00
-3.681614538365657552e+00
2.588334452415801934e+01
-2.449541414918376958e+00
