-3.549552067222778987e+03
1.130658941026171760e+03
-6.996015800410264092e+02
-5.027197883483162855e+02
1.131377390193111296e+03
2.888796553724802379e+03
-1.374020464965312613e+03
-1.817338489067069986e+03
-3.303884201123620414e+02
-1.366525318332990537e+03
3.091272069414495036e+03
7.170215300403973515e+02
3.551101618047528063e+03
6.300098614203358238e+02
-6.531574049799082786e+02
-1.683877203599635095e+03
1.155500936631818831e+03
-2.193780374974851838e+03
-1.443896678560485043e+03
1.122470650071289128e+03
-4.282978961535519375e+03
4.733925563063544928e+02
-5.716189941225781723e+01
-8.520525549308893005e+02
1.876940315764918751e+03
7.889149806151837083e+02
-1.065041778819914953e+03
2.414395447559649710e+03
-1.884750205224374213e+03
-7.096961664698205823e+02
-1.102629750315454885e+03
-1.592757695274880916e+03
-2.794231113847494612e+02
-1.785496359058281541e+03
-1.149296947223140251e+03
1.119844595847738901e+03
7.026354633065876669e+02
-1.511098104336937013e+03
-1.239475284454671055e+03
-1.960847953798948993e+03
9.891348557521945395e+02
7.749584953115223698e+02
3.389742410685991558e+02
-1.738578045185857491e+03
1.354932283915002017e+03
-5.681341034994555912e+02
-1.417507594763892939e+03
5.314155833094672516e+02
4.913761346741623726e+01
-1.423623391210767295e+03
-3.531952653874660655e+02
2.473869290792561344e+02
-1.716749615953337411e+02
1.355082077462976464e+01
4.477691210123584824e+02
6.703206485983629364e+02
-9.295144613381078216e+02
-1.649378021088255863e+01
-1.903541230561718933e+01
-1.502950077026664530e+02
-3.449522694981304198e+02
-1.140433302595321692e+02
1.530964389414626794e+02
-6.609494428083563662e+02
-1.874882593097420909e+02
1.115143241708979758e+03
1.132863719238559668e+02
-3.058865760279489336e+02
-2.872721637285534939e+02
-5.829614144486445184e+02
-4.195812492003158809e+02
4.133586800701701804e+02
9.049452472789455442e+02
-1.179862101946073381e+03
-2.461688871462558836e+01
-8.043680179730745294e+02
-1.229171191398544352e+03
-3.407227801929770976e+02
-1.293005583462312131e+02
4.517789520081781802e+02
-2.728820470399813303e+02
-9.587810771404336663e+01
4.932109913864362625e+02
-1.001083393948087632e+03
-2.876910312989253384e+02
2.154240113153135212e+02
-6.877810894677408271e+01
3.366971835586846851e+02
5.180472281154482062e+02
-3.899449932451672396e+01
1.694904905049262140e+02
-8.965458624327516191e+01
-7.828550721636510161e+02
3.804909229009807632e+02
-6.372614395688036666e+02
-1.293060093373677546e+02
-1.338834350764553278e+02
-3.567496937601040941e+02
-3.368199388493472952e+02
3.307054160825902613e+02
-6.799499325648451986e+01
1.328368222098001752e+02
2.004750051056059021e+02
4.262814678433795734e+02
-3.747379025199158775e+01
-1.273420153255442955e+02
-4.824310491602230577e+00
3.284039137068235448e+01
-6.498085550870336125e-01
-5.417697906034524635e+01
3.540603923904231465e+02
-2.173546726656946362e+02
-6.559694775996483713e+02
-7.238743713445338699e+02
-3.271909644380993996e+02
-1.758440146368744550e+01
-1.576224290981228364e+02
2.271853596669393767e+02
-4.916425701317496078e+02
4.683075212699598637e+02
2.597195250102230943e+02
1.610934597889016118e+02
3.890324460608205754e+02
4.642386166245661911e+02
-1.632203367887623813e+01
-4.301579505332151712e+02
-3.344444576034651391e+02
-5.376280917483497888e+02
3.154208066749232486e+00
-2.386612325479350147e+02
-1.895343966382382916e+02
3.116315188695662073e+02
-1.541459702944291621e+02
5.751864709308831891e+01
-4.056152061312799901e+02
6.289887017699752505e+02
2.975410023001660988e+02
-6.343154572735519281e+01
-2.097894139911278444e+02
-1.968356235994005488e+02
-2.155181459397155095e+02
2.535140489333368237e+02
6.706424226130179704e+02
7.771655342711565773e+00
-1.742336429990711366e+01
-1.899879022435947462e+01
-5.991344237295859898e+01
-7.660058906069532725e+01
-1.914763040447565601e+01
4.201163348401561848e+02
4.130867410086903533e+02
-3.241852039796393115e+02
3.860498402002528451e+02
2.440384041379348048e+02
-2.714143507755331370e+02
-3.372479803827133082e+02
8.202534369947261439e+01
3.049449175005137249e+02
1.249066433333906616e+02
-3.311365111069976592e+02
1.532168685227966591e+02
6.964242225542021458e+01
-4.769723400637020632e+02
-9.018104637401809498e+01
-1.762847352203845901e+02
4.596912085035256155e+02
2.093172137850979198e+02
3.145065644058008729e+02
-1.190703762050237060e+02
9.526102732899437342e+01
-7.892547885279931563e+01
3.726480072927557341e+00
-8.956881762772100330e+01
7.290512689143979763e+00
5.958889897451266648e+01
4.603670996931220571e+01
3.244172795705471799e+02
2.313047814751179772e+02
-1.472960256850374883e+01
-2.575876860220062099e+02
2.327706833779648434e+02
-4.140775329488908483e+02
4.604904570755424231e+01
9.824080885146143771e+01
1.253380508757653473e+02
-2.284049703814348504e+02
1.484566720831964233e+02
8.096011847268563599e+00
-5.953932190157615878e+02
-2.597235441177968482e+02
2.538126287969138843e+02
1.706023988040626094e+01
1.489918492820084417e+01
-3.315365995654762514e+02
-2.647499527051119799e+02
-1.712266194363843681e+02
-3.148643611806689364e+02
1.497472024772862653e+02
-2.206292596530248602e+02
1.443558903542912049e+02
-1.196657486950745124e+02
-2.742037026463200959e+02
3.916972447129076045e+02
3.672425355987950724e+01
-1.426300329673751399e+01
8.700063355630891238e+01
1.270456303539101697e+02
1.273630638646437205e+02
-1.938994222905138543e+01
2.770341855130902218e+02
-6.430942676695916305e+01
-6.254904985133447326e+01
-6.742702526747849845e+01
1.144157462592739272e+01
7.779651134148015501e+01
1.174975352850652115e+02
1.196550918012095366e+02
-8.366050793640131644e+01
-1.434864837013988961e+02
2.328936846249474257e+01
-3.616372680896034240e+02
1.796328038704414496e+02
-3.476243020889696709e+02
8.980254612846128737e+01
-3.037489353986346714e+02
-4.249336564605829381e+02
-1.883356031958983010e+02
3.429090862685658294e+02
-3.104516765152542348e+02
6.693788426679179615e+00
-2.209885079230735982e+02
-1.099733670386352742e+02
-9.224228653681883827e+01
-3.913116263327925992e+01
-4.757582152829985489e+01
6.845427120484420414e+01
-2.663496656285749964e+02
2.146649867766725492e+02
-7.802015812635143277e+01
-7.903901904392097322e+01
2.178518297961104366e+01
8.757449979280818297e+01
-1.690834215985018716e+02
-1.667295132117978795e+01
-8.414500134108028817e+01
7.118246641835431099e+00
-1.821164571404682775e+01
-9.203694243478760484e+01
-1.351541726958097058e+02
-1.290018924284723312e+02
1.020206050674495657e+02
9.474021733801407663e+01
-1.035871125510826118e+02
-5.023788169987690821e+01
1.410569065945028910e+02
-9.792707101725201824e+01
-1.435388721704429429e+02
1.564266529452642374e+01
-2.558506123698523709e+02
-9.354826384217919610e+01
8.026917452378656037e+01
9.103888209347449845e+01
-1.560090895920910725e+02
3.029873348221119755e+01
-3.383317323561644230e+01
-9.210850695492966977e+00
2.155487727151704007e+02
-2.099210553800395829e+01
-1.665170414120078846e+01
2.978424951728848313e+01
-8.189356736432641526e+01
-6.713848603439295459e+01
2.088683649032880396e+02
-1.529670585468311117e+02
7.191867506410439148e+01
-4.768138091523579902e+01
-9.963098914217133029e+01
1.161065291107072284e+01
-3.598220517605486179e+01
9.410412108129504816e+01
-2.444547787654715876e+01
-1.185220046388198369e+02
-1.027304821562962331e+02
-8.867377251035196650e+01
-6.957224425666566958e+01
-5.774288336494373652e+01
-5.788375621077924649e+01
9.941184349732148462e+01
-9.535607227264853236e+01
9.061465168154437322e+01
-9.122168555506102905e+01
1.685890553880593075e+02
1.636232128460345905e+02
-2.072059856236369058e+01
-3.170209737757219415e+01
2.900913744155990415e+01
1.640969929786229287e+01
1.155037364919728162e+02
-4.399888053205239657e+01
-5.181217164061153291e+00
