-6.816887855392181336e+03
1.789660310492622557e+02
-5.156169568997663646e+02
4.552221768356765097e+03
2.463141070457718342e+03
1.528587126469097711e+03
-5.586558864988019195e+02
4.489328741559495484e+02
1.531728189699187169e+03
1.314917269987667851e+03
-3.043784742081052627e+03
-1.208819204346052402e+03
3.036977153460342360e-01
1.338210303194237895e+03
1.935935060437454467e+03
1.676497762498449674e+03
-9.654076826104166003e+02
8.861154010348725478e+02
8.069379498853448922e+02
-1.922935223287449162e+03
-3.767494434989534398e+02
-1.036667060121959821e+03
2.169549615010317041e+02
-1.016194803635181984e+03
-5.210281038573227761e+02
-2.581244539951403567e+02
6.270992253135254941e+02
1.085739699405080955e+03
4.450447988277821310e+02
-5.539523288526033866e+02
-8.487041324480034064e+02
-1.503890262353520711e+03
-1.147143977303142215e+01
-7.627906015187429603e+02
-2.204848526225613909e+02
-9.611846320206323071e+02
-8.677549304922296187e+02
-9.734949869976651371e+01
6.589257781829992382e+02
-7.717771134897094498e+02
-9.518220740169367673e+02
1.918318318593743754e+02
3.186457252482457534e+02
-1.101917392833534848e+02
-3.950750831874532309e+02
-1.789251771531733759e+00
-6.918965011853262013e+02
1.343728268189559856e+02
5.630668351026348546e+02
6.251101562174459332e+02
-3.763043304309391601e+02
-5.958977719936633548e+02
4.388376269861990977e+02
3.600794093850687432e+02
-4.563580113084490222e+02
1.309921380698132225e+03
-4.500665580208715255e+02
-2.917130411575832341e+02
-7.220241364957967107e+02
5.950790542154418290e+02
3.159912250666934597e+01
7.611580244005363056e+02
6.190405130944297980e+02
-1.200462257888076811e+00
-2.225563596942111246e+02
7.286238316048456909e+02
-4.433455203063539329e+02
2.269158772916529188e+02
-1.527169041346756103e+03
-6.158069117454277830e+02
-2.657920864607256135e+02
-4.926090039579925701e+02
4.550402621001336456e+01
1.517300534532813856e+02
-3.752470546090108172e+01
-5.621190749860215874e+02
3.009812978402821386e+02
7.502522241353673280e+02
5.156993315081175524e+02
-2.628455733037900472e+02
-4.974367594425010708e+01
1.358527486430934232e+03
2.050073434208372589e+02
-6.009088324969396808e+02
-9.139159071823678460e+02
1.010078080455616259e+03
-2.031501972130903368e+02
1.859052213941043021e+02
-3.649209017866970157e+02
-4.732482789424353200e+02
1.284904752328140054e+00
5.811941696145195237e+02
-3.612406682638348911e+02
-6.531171344595989012e+02
3.102935817018743023e+02
4.285482387770854302e+02
4.220006811863720486e+02
2.107712506494957552e+02
-3.929349640807960213e+02
1.984975687887764764e+02
-7.816485497640663027e+01
1.993225455967464939e+02
-5.679208258400693410e+01
1.630122922399570484e+02
-6.896531731272348509e+01
-1.728727611980660939e+01
-1.387296483832112983e+02
9.302342550844456355e+02
4.520525130201767183e+02
-2.383632485451182106e+02
2.169393809403376849e+01
-1.999714150286797576e+02
1.870620031216150210e+02
-1.001492482767246486e+02
3.451198543316306200e+02
-1.572675473402108253e+02
-4.800983132992415108e+02
3.137201152215715183e+02
-6.864293605666138092e+02
-2.603625991277450780e+01
-1.263099546421608323e+02
-2.731358749393297671e+02
3.760889837943681755e+02
-7.460050270111300961e+02
2.434451786967161979e+01
2.290833815678796554e+02
-3.103445085653711999e+02
-6.286164482156774511e+02
2.927119739974068011e+02
-4.787591541465822615e+02
-9.812633828673175458e+02
4.013086876065469255e+02
3.295657677498123803e+02
1.823214537878791646e+02
-4.223665360403109759e+01
-3.873271451692694001e+01
-4.190241383911786244e+00
-3.050201055207306808e+02
3.627422519099050078e+02
5.126340172468567857e+01
1.682147275394049188e+02
2.064605472582982202e+02
3.147438616469233352e+02
2.754302823318719788e+02
4.190603300750369726e+02
2.365089741118542008e+02
-3.061050598721912479e+02
9.693098676499245059e+00
-3.443856890894566618e+02
4.734246903182564381e+01
-3.686586599277316623e+02
-5.506250182837504781e+02
-1.465160103408364556e+01
-2.314725025218374697e+02
-3.684188023077654748e+02
-4.699790307564101681e+02
-2.271757047729857959e+02
1.444518697611517837e+02
-2.150261001282458651e+01
-2.513564894310764544e+02
4.425818109823329110e+02
3.905256622469839272e+02
6.485904803401874119e+01
1.760345094053724608e+02
-3.192272844041700637e+02
-1.266946384026165902e+02
5.146301482141835777e+02
-7.851010376137408286e+01
1.105223485226316456e+02
1.403764469889267161e+02
-1.604228472824034668e+02
-1.970071321088438481e+02
-4.795337243673945977e+02
-1.264484359356164020e+02
8.370164826639925337e+00
4.715173681542357542e+01
-5.821670042234602249e+01
7.659272613496186750e+02
-1.313984949148652674e+02
4.766165622380983109e+02
1.866489629906225218e+02
1.254175450166268604e+02
1.545156733999579046e+01
2.453790811403324312e+02
1.600775118664853665e+02
1.868645135345636277e+02
-2.827585254662964189e+02
4.977932415416434964e+01
-3.195875215762512198e+02
3.756554164554941622e+02
1.371998933068917097e+02
-1.527208306547802863e+02
-1.526833317115149953e+02
-3.256157403223522238e+02
-5.411246483681419051e+01
4.162708104133604934e+02
2.127661819215683181e+01
-2.105590766090682848e+02
-9.824728694896011305e+00
1.606029120009443716e+02
-1.921671446947371749e+02
3.797553236945228861e+01
3.774699184361387552e+02
2.883837339416887602e+01
1.652383514044101389e+02
2.188486895654909574e+02
8.147485092029477016e+01
-2.094509690727217617e+02
-2.992648719096357581e+02
2.703421949270120876e+02
1.680150779897046220e+02
5.705347249265300036e+01
-4.373429792840912569e+02
-1.435000045316126034e+02
3.218230694193628665e+02
-1.538972922139693651e+02
-1.778903238243483713e+02
2.973195182231188483e+02
-2.455049637413489734e+02
9.861086872475699749e+01
-1.178047644159441489e+02
-1.824509361461724097e+02
-3.469717737229424159e+01
-2.115812209673416078e+02
-3.171077996289767853e+01
-3.818416926237174494e+02
7.673995124305648119e+01
-9.659882877129275869e+01
1.988999478204678439e+01
-4.234299730726706912e+02
2.484934456369372526e+02
5.660688089818637536e+01
-4.275789434736676498e+01
-1.563116071408922636e+01
-4.319247125557897959e+01
-6.274360504292076968e+01
-1.986602771615349639e+02
6.393323113452341033e+01
-1.821534666685105890e+02
-2.738205596038936278e+02
-8.420609991589900289e+01
1.476099886132139147e+02
4.620935596733637851e+01
-2.633528214586845593e+02
1.625062644610459017e+01
6.049643169341895543e+01
7.733851678088853987e+01
4.571376219134394603e+01
9.305161097441823870e+01
1.982175489891817222e+02
1.175964003714710486e+02
-7.575331558072353744e+01
2.680056846397793606e+02
-5.270207945046543045e+02
-1.826760128565195984e+01
-2.090281621006277533e+02
-2.040780364113830956e+02
1.314483987253179578e+02
-8.517869174289475609e+01
1.219185755465249343e+02
-1.889757931746166832e+02
1.544218332796022253e+02
-3.508169192307067874e+01
3.919812187964354848e+02
-1.406673838310223346e+02
1.542976943424581009e+02
1.792023293979273433e+02
2.114652579567358259e+02
6.021601926380792946e+01
1.856650115917697121e+02
1.678195785223614394e+02
-1.596041497235367324e+01
-2.612074484001262249e+02
-3.372787067788383553e+01
-2.132865140259820294e+02
7.947554042651640316e+01
1.916172349596266713e+02
4.729012484972498100e+02
-1.034548310293518512e+02
-1.499674431259781500e+02
1.078768133192645990e+02
3.376361465690991395e+02
1.952451629705998641e+02
-1.327660421818582108e+02
-7.045241689749192737e+00
-2.584884074013406803e+02
2.146094679148377224e+02
4.760773032095653434e+01
-2.338693024413817625e+02
1.017312576444121497e+01
-1.507527942636201885e+02
2.738119458897968457e+02
-5.181489107751964696e+01
-1.257828395770878274e+02
-1.862001711563304696e+01
-4.703148938285080760e+01
3.719827809456240431e+01
4.613201552894896196e+01
-1.153948732971138469e+02
5.700417450847254486e+01
