2.551933998753499509e+03
5.568637223838288264e+03
-1.611812219578638860e+03
-2.853348998470878541e+03
-2.222100704898724288e+01
1.067937340058268092e+03
1.441412008056698369e+03
2.258089863423610950e+03
-3.422512822417690614e+01
4.090884024095266795e+02
1.824630385046794800e+03
3.057576318150233305e+02
-1.560100559622531136e+03
-3.865103768608313430e+02
1.613356183892608897e+03
-1.574467398698503075e+03
-1.042704184700977521e+03
-1.080665261493758180e+03
-5.655405350174963814e+02
-5.981483922756970060e+02
-1.413193403825437713e+02
1.490836567657285968e+03
5.878338774014644059e+02
2.498165141247445433e+02
4.933306006648943480e+02
8.141434296190853956e+02
1.139585919130721322e+03
4.770126504122953293e+02
-3.549160340648205079e+02
-7.510362430456889626e+01
4.580255281108018721e+02
-5.641578935487339095e+02
1.259984401069681610e+02
4.386208796953733327e+02
-2.688432665697476409e+02
-3.409316450829619498e+02
3.871565593556662179e+02
5.915588393850301685e+01
-2.190235706293297255e+02
1.094814329910493598e+03
1.581690961564140139e+02
5.147284649876316962e+02
8.354930878563410488e+02
9.729983939345069075e+02
2.004469707420205964e+02
4.864249208452599760e+01
9.577534881804651832e+02
-1.096518446355094511e+03
1.070040625774798144e+02
-2.993941611570862165e+02
-2.390052180860535600e+02
1.894476873938668859e+02
-4.505318718577702839e+02
4.604585206708140390e+02
-8.221346345401919109e+01
-3.532164791368533940e+01
-1.986610316404801608e+02
4.344207075677825287e+02
4.271971349719695468e+02
-4.555747730694471329e+02
-8.002270462446941792e+02
2.750866208469051344e+02
-2.822678140338081789e+02
-9.731625622603230852e+01
1.978091424738350099e+02
5.964978944036449349e+01
1.677555820405209204e+02
2.309127195823010936e+01
2.903721179068347169e+02
7.813212362903489066e+02
-4.113770223983231489e+01
-2.751502329371721771e+02
2.507031573465571341e+02
-1.676943916980662834e+02
4.359048260217051620e+02
-9.280214926312909540e+01
2.698353890916891373e+02
5.508407431606003684e+02
6.547409700000403063e+02
-9.997379079762959009e+01
2.591980650420296115e+02
2.973808397970616966e+02
4.669127130334891973e+01
-9.421895828535591022e+01
4.273927986837711046e+02
-2.083918802123187675e+02
-1.012268070323164579e+02
2.877892274916732163e+01
-5.193239985860861907e+02
1.047283856721251851e+02
5.543420682869665939e+01
-5.759764850477525755e+01
-4.945367948247052823e+02
-3.449547321144434164e+01
-2.862277224641049429e+02
2.752924377362853079e+02
5.455746016906507734e+00
2.379000545094988581e+02
-2.978071553433512122e+02
2.311677193133511139e+02
9.302446938370779606e+01
2.306708647819010309e+02
2.240798550707188781e+02
-1.135239402512940785e+02
-3.335605144548963494e+02
-3.168292523111025716e+01
8.993902577666518994e+01
2.252198534011826894e+02
-8.100115999854101290e+01
-1.824358517652892999e+02
1.615083813893242564e+02
8.597036062570175829e+01
-2.803709440949218674e+02
-4.609989206875003021e+01
-1.472338883260636351e+02
-1.013340297521073694e+02
-2.489539231365951082e+02
1.114595969289128732e+02
4.849146732550131134e+01
2.611466123618763504e+02
-1.138984034302666437e+01
-1.209300625613985005e+02
1.434874104909408459e+02
-9.630576719025960131e+01
2.295104746754922758e+02
-2.458915649800661019e+00
-2.739977677903662823e+01
-7.468108613033233212e+01
-5.258333546980516360e+01
-1.357621858480104606e+02
1.596298907365543300e+02
-7.527823726832463080e+01
3.579439063768999745e+02
-8.521845663285685646e+01
1.109726814019807364e+02
1.227791015044164453e+02
-1.970769511432023080e+01
-1.418788741937181328e+02
8.289941250685798479e+01
-1.790797419740231646e+02
2.003548611088008045e+02
1.396713609262373268e+02
-6.723587308047589772e+01
-2.906093492702256640e+02
-2.283906449262593696e+02
-1.629388833851541563e+01
-2.242431869672058298e+01
1.368669003953989716e+02
-2.458294929075778441e+02
-6.146848866114314092e+01
2.355054631149418753e+02
1.318724609354085260e+02
3.979128699484692078e+01
-1.167473293059598802e+02
-2.201986183117710425e+02
-1.463190913628898500e+02
-8.786016518984098411e+01
-8.296477039443909973e+01
5.299876156012203410e+01
1.258888628399774916e+02
1.683609801720972712e+02
2.155495693596477054e+02
-1.253432209873257506e+02
3.539966986405914895e+00
-6.404742940009280971e+01
-2.074676550655020435e+00
2.092285078769993945e+01
1.287734297932906600e+02
-3.077099347058385703e+01
-4.987490018784782109e+01
-6.216460612464309321e+01
-5.384109426147485067e+01
7.868951098583201187e+00
-6.528982122896029239e+01
1.012826936955344053e+02
1.393125283524842075e+02
-6.018335247177687819e+01
2.829392778952228582e+02
5.154353868556210472e+01
-1.514258262534969219e+02
1.258832854506935606e+00
-2.630206759959210103e+02
-1.105837898474016470e+02
-1.769161744961180815e+01
7.235728002932528113e+01
-1.607096163494364305e+02
-1.553352618324724688e+02
1.053485976884485353e+01
-3.083681714764808235e-01
-4.476332861981465072e+01
-1.801497964799926521e+01
2.672207268785894030e+01
-1.130346904734901869e+02
7.458603881380990686e+01
1.648781518483930881e+02
-5.101846142838264875e+00
8.660650996082893016e+01
-8.310645705249727655e+01
2.438021252617762258e+01
6.403496930202664750e+00
1.719036262886373478e+01
-7.322437190303340060e+01
-5.047767475145287364e+01
-1.005642101009275002e+01
-1.043867436924184204e+02
-4.887939300609774307e+01
-1.818503067833904936e+02
5.135550185317974581e+01
5.481179151781294223e+01
-6.151076677406951632e+00
-8.438133758382431893e+01
-1.118575055434524756e+02
-4.776277196812210946e+01
3.347083053927677465e+00
-1.485537558549270329e+02
-1.689765063406747458e+02
8.406076161957433612e+01
-9.656237502653284821e+01
-5.549983752321519859e+01
-6.753700161263803636e+01
5.760274238605900265e+00
-5.778352661959315739e+00
-6.055990219975682720e+01
-1.226649981308391091e+02
2.465344537129189817e+01
5.064665251825203285e+01
7.824648033201826536e+01
1.816078413971173688e+01
4.302349242710062072e+01
1.129996245866449200e+00
4.988511320809823957e+01
-1.701782878644443429e+02
-7.117861110829933580e+01
-2.624866798486574382e+01
-2.073337360276626953e+02
2.306926463854031795e+01
2.376854191530902938e+01
-6.941298096707075160e+01
-1.630231495508043693e+01
3.817869433447922489e+01
-4.156970518057758568e+01
1.082943251650838334e+02
3.717847947349802951e+01
8.505995387183698142e+01
1.760153025406627592e+01
3.650391883687874639e+01
-4.617353541667851857e+01
-1.839240914753958833e+01
-2.705723613547930384e+01
8.041301854315815945e+01
8.953689614507572969e+01
1.084244889976012161e+02
-3.816125847443279095e-01
8.224715400597099801e+01
-9.711429033556036927e+01
3.050196243983609534e+01
-6.676709235479734161e+00
1.999453413482170205e+01
2.928039749776586653e+00
1.719207112814597593e+01
-1.542208617219856670e+01
-2.730872171474289511e-01
-6.740906591310101836e-01
-4.549668771149529078e+01
-1.998283781646618351e+01
1.967782986428381165e+01
8.064318052632924605e+01
-6.222534586761017295e+01
-1.779221293117296554e+01
-5.508971703811845089e+01
5.832031854889179101e+01
-5.148946629247553375e+01
1.282318110576409254e+01
5.444019181467727009e+01
-7.819416327228042007e+01
5.266835297880951572e+01
1.415387486102651771e+01
7.935089127842326207e+01
-7.308164621655264170e+01
-2.971741094658640847e+01
6.672437183096361935e+01
2.877176779294953235e+01
-1.082568129710285092e+02
-5.410034808615292690e+01
-4.283085068483453028e+01
4.340862555245804799e+01
4.841430066497036222e+01
8.996608890825681826e+00
-7.697454215234529329e+01
-1.075020238422112584e+02
-2.145480745224476138e+01
-2.011964469939892552e+01
1.034111630762047014e+02
-3.738146363565575570e+01
2.935874342486626887e+01
-7.267644652114394432e+01
-6.591071638339218453e+01
-7.086223860463537250e+00
-8.354305582243871697e+01
2.166392616969713103e+01
