-5.628809894435264141e+03
-2.449508631225464796e+03
-5.880659448518755426e+02
4.106532255176040053e+03
-1.318404825314939444e+03
7.078551860366260371e+02
-9.588981243549419560e+02
-1.274073602137258149e+03
2.963169760146176372e+02
1.823374856906870946e+03
6.080460917414145570e+02
-2.272329317826300212e+03
6.550295609349866481e+02
1.211754054472780808e+03
3.374640983004295691e+01
-4.809065501627941899e+02
-4.469677878274684986e+02
-9.336365845433238064e+01
-3.233896287762638622e+02
-1.547059286224587140e+03
3.723854386275724551e+02
3.620312418587962497e+02
-9.318302311444955421e+02
-5.909112387368170403e+02
1.531939255256049137e+03
2.046008160984864048e+02
4.771662467848695428e+02
1.964794138353379140e+03
-1.006786625484577826e+03
-6.421559789117939090e+02
-1.881475289194542484e+03
-8.243470798711570069e+02
-1.327566337870246116e+03
-4.065454168258279992e+02
2.508469882619976943e+03
-4.193725450857339183e+02
-1.153641650702117204e+03
-1.557266038404511164e+03
1.657899530805777204e+03
1.772562097109428578e+03
-5.618143809476094930e+02
-1.138649327033926284e+03
-7.542492506885871535e+02
1.503374346068818113e+03
-7.903511978816425199e+02
-1.100777450950148022e+03
-3.463176623178146087e+02
-2.193526636126439371e+02
-9.196856796387239683e+02
-3.786670238489661642e+03
1.120038138552892804e+01
-7.799661390504790006e+02
-1.167111851169737292e+03
8.096934467365122146e+02
9.305615812817176220e+02
-1.062922349135483501e+03
-7.532029087817833215e+02
1.144893823042362783e+03
-2.562647322872932136e+02
-9.234145006926892165e+02
7.139713101953459500e+02
8.659499010770863947e+01
-1.369464899995427686e+03
-1.532180457802719729e+03
-4.298461523218104219e+01
-1.832305078581858879e+03
5.018448743655936184e+00
-5.331450751175789549e+01
-9.960787441624975145e+02
1.007884170006530667e+03
2.211858489076311969e+02
7.203908472728422794e+02
5.110421954267723095e+02
1.395199026757076354e+03
-1.270672565462020430e+03
2.416758803426519364e+02
-2.238657651031239482e+02
-3.570736697121203633e+02
8.136922477417979280e+02
-2.738379118207197962e+02
8.436358372309667857e+02
-7.101948596973684289e+02
7.757957697233650833e+02
-2.332660356113670730e+02
1.656362880758575216e+02
-6.012738998157791457e+02
-2.490840435451994779e+02
-1.357629874074055749e+02
6.033346674104251406e+02
-9.485149564690491388e+02
-4.021303248230161103e+02
-1.445129712002277813e+02
3.361036347697115900e+01
-2.360942592289587765e+02
6.860145165526104165e+02
4.009862659319880862e+01
-2.487379194050430442e+02
-4.567145516965138654e+02
-3.347367245369364923e+02
1.418156267024356225e+02
2.335952942048528058e+01
1.250486229768788462e+02
-6.359133823405869634e+02
-1.122649106547526401e+02
-3.424599526704008667e+01
2.764663464325137170e+02
9.748200618729460132e+01
-3.184975094250312111e+01
-8.267453951938575756e+02
-1.224872721526799779e+02
-1.248982392876368692e+02
1.836978636956799846e+02
5.043621188141800076e+02
1.593223879351838264e+02
2.299649310610940063e+02
-2.076175956594069021e+02
2.278099030208292390e+02
-5.017237894886184790e+02
5.411617201987889985e+02
-4.730130381465388609e+02
-3.036322969314775833e+02
-3.940633363011571788e+01
-3.180360066186705694e+02
-3.921461337236466989e+02
2.223290187433435108e+02
-1.028075744601846253e+02
-1.710981535758415930e+02
5.985193262286059053e+02
-1.154381971638462687e+02
2.284178851009746438e+02
4.108860485496059027e+02
-5.378429567610554614e+02
-2.418464194936868239e+02
-1.900956859313612028e+02
4.486757998591664887e+01
-2.408038288304422565e+02
-3.613240364469741053e+02
-1.754581551053493058e+02
-5.772248261880314146e+01
7.750685147975346467e+01
1.159902250222894224e+02
-1.264603305998551441e+01
-8.632337034630785411e+01
3.571482680971258787e+02
-3.222563081652547226e+02
1.721634755986263770e+02
-3.023820674252182812e+02
-3.516938276285741836e+02
-4.913430090746432484e+02
-3.195435634180827833e+02
-3.437273517020933582e+02
-2.175621369995279508e+02
3.913680405811162473e+02
-5.991106142588556622e+02
1.073367863359286645e+02
2.374920341942685198e+01
-1.207846863557163886e+02
-3.786840449768333627e+01
3.936512187944841799e+02
2.853744355415425389e+02
8.770774094684944089e+01
-1.961399469719243882e+02
-1.013464452866315639e+02
-2.664973211118570475e+02
-1.897086173516914869e+02
-7.910662699922944512e+02
-2.398988689495434983e+02
4.922392972422078827e+01
3.884410877297360685e+02
2.291662476496517442e+01
5.670687275193924961e+02
-1.033683782464807592e+02
1.981143275029184565e+02
-5.316492290990541960e+02
-9.729352193170548446e+01
-6.048690129101233381e+00
-1.494657060398098452e+02
-1.529189519285911558e+02
4.145296863256949678e+02
3.007923101941685218e+02
1.870658451895092185e+02
-4.886587377931724063e+01
1.444774550830688042e+02
-1.275162020450759854e+02
4.489339135447332865e+02
1.742632619983845927e+02
-9.607230124566623175e+00
9.894531187913500503e+01
2.212380888192824102e+02
-5.218432402776235435e+00
-1.419111326068332346e+02
-2.547430768723930044e+02
-1.737273553035570899e+02
2.325285950318240680e+01
1.077923292039266272e+02
-1.307014501370491359e+02
-2.463866038016649043e+02
9.118580407963776224e+00
-1.341557006487770138e+02
-1.438038751949553955e+02
1.117234131323451436e+02
5.643414984898421949e+01
-1.238966461508184835e+02
2.486372242385442348e+02
1.046553663665387468e+01
-4.342056602772123597e+01
-2.321129871678095071e+02
7.437588025911436773e+01
1.179275038456718363e+02
-2.156466480950180653e+01
2.853502095142451935e+02
-3.576700259609719978e+02
-1.247973580240180667e+02
-2.672221006759369857e+02
-2.516298897211658243e+02
6.571305550146256280e+01
2.092879133507531435e+02
1.501454449071648298e+02
-1.294114841217150236e+01
1.117566562781336472e+02
-1.016466556780940635e+02
5.488371129604590237e+01
-9.252113107937098846e+01
1.076721237322507250e+02
2.971467103979769604e+02
3.169116424957362455e+01
-6.518107314622012893e+01
5.045925265728095077e+00
2.993106376263710331e+02
2.394001979903809172e+02
1.162875913000789154e+02
-1.896347708547305615e+02
1.695005948949343235e+02
-5.930663415097674118e+01
-4.658447230234363445e+01
-1.391554533198872718e+02
-1.190567400961070774e+02
-1.673652089693477762e+02
4.639318178741083898e+01
8.843003292227987799e+01
3.387410688283287072e+02
1.531465823817197247e+02
-1.531124166264609983e+02
1.204735336008899793e+02
-9.680883747022949137e+01
-2.249896057461234022e+02
9.918923860296436601e+01
-4.478644085041537437e+01
2.479115611509987218e+02
-1.398475582174031047e+02
-1.657022744682990094e+02
-2.128170588686677718e+02
-4.363170349222726685e+01
-1.026090740127612122e+02
-1.565846647145108932e+02
-2.682783800636967726e+02
2.870736238084562331e+01
5.330470646530717715e+01
8.670914673588247013e+01
4.984087411233702625e+01
-2.338330988300200772e+02
8.588169415568684428e+01
-5.270268954477165124e+01
7.278351734684700602e+01
7.605713795238918351e+01
-2.377742399064512711e+02
2.021470922673816517e+02
-9.403420581626747321e+01
1.354596671453544445e+02
-2.686150964598638211e+02
3.572224460240819894e+02
-1.134988258167665691e+02
-9.986281474689353388e+01
2.041000851641400970e+02
-1.108505063588577855e+01
-9.061976968549865319e+01
1.356581280357207788e+02
9.780584909140149819e+01
1.059226409591944673e+02
1.236102142531922539e+02
-1.657660168159238623e+01
3.481309388405180698e+02
9.181218960320818212e+01
-7.342866800106443748e+01
-2.505447564787001227e+02
-1.539887285194692197e+02
-3.833813460052874689e+01
-9.372905933871059858e+01
-3.994863363663390743e+01
-5.095339855443255317e+01
2.202647055786573560e+02
4.082010968258335737e+01
1.288036168917113287e+02
-4.221698087998522197e+01
-1.505738631721478953e+02
-1.344939850494388907e+02
-1.414678276213622325e+02
-3.661394945232389375e+01
3.627627335959063970e+01
2.060132991743571722e+02
