-2.685085067795999294e+03
-9.749344127482166869e+02
-2.118728242058748492e+03
1.756153645896619992e+03
-1.235076932622781896e+03
-2.229442795840177951e+03
-3.786169004480367221e+03
-3.463679658822739839e+03
-1.458358887372822210e+03
2.776038167937345520e+02
-8.483539110785416142e+02
-9.360148649739497841e+02
1.040156885096272845e+03
-1.494293974488264496e+02
2.116532640040101342e+03
-1.280377904701156467e+03
-2.170429859792265688e+03
-3.242376557143410309e+02
-2.199231897087885500e+03
-4.943859731181624966e+02
4.322932830082104942e+02
2.378022518380456404e+03
-2.685297173052578273e+03
-8.283649643485181002e+01
2.249184906618156887e+01
4.419384773904372992e+02
-5.854466973958026301e+02
-3.576667386927276198e+02
-7.256907123374809316e+02
8.137818251075672151e+02
-2.807752893641005585e+02
3.663695533048646666e+02
-7.145792939999226689e+01
-1.326641481981707784e+03
5.056512364040494845e+02
1.397792692491726427e+02
-3.112494188603405405e+02
6.052317412413474358e+02
-4.015715059611826518e+02
9.639140583165419685e+02
6.418507812673304898e+02
-2.900848554088586866e+02
-2.806758856482330771e+02
1.456984420993803724e+02
-2.263403509124931361e+02
4.494218338119342775e+02
-7.987252823512963005e+02
-6.410156905416955624e+02
-1.953769795705476326e+02
-8.012277029659231857e+02
-2.717417639991094802e+02
4.660004144723449713e+02
1.299117538780320501e+03
1.573256667178643738e+03
4.013624921345185115e+00
3.824021795818935061e+02
-1.911157984459660497e+01
-2.937931538856705629e+02
-9.848176220725478913e+01
-1.184257143776273438e+02
3.908813642646189237e+02
-9.815785833266985492e+02
-7.114442126766221008e+02
3.024526051535895022e+02
-8.326266500205679222e+02
-4.319781737736742571e+02
-6.091123626528545856e+02
-5.672897216580365694e+02
-7.071518461286323145e+02
7.916330577974731852e+01
-1.868779836391046558e+02
-6.635363413939263637e+02
9.686320795544860403e+02
4.661096969456571770e+01
6.486801022929777218e+02
-1.652875563241406098e+02
5.493613458933524498e+02
9.932131979468557859e+00
-3.778867686270089621e+02
1.341540616440956057e+01
-3.649401750008669865e+01
-6.726299679347089295e+02
-2.906666531553811978e+02
5.249718370240731069e+00
-1.415731171593734246e+02
-6.794858220692079840e+02
-1.615272527780471989e+02
1.305318294827384591e+02
1.184972538811174900e+03
1.250933114779688111e+02
1.899695526866195650e+01
-3.392299243453726945e+02
-3.398343022466008279e+02
-2.291383256584657602e+02
-4.139663136354486141e+02
-3.960247208111488249e+02
-9.828280289184591823e+01
9.706247071601349319e+01
4.919447740946414456e+02
-4.270794253545776087e+02
1.913488092915562788e+02
-3.132144976794984927e+02
-1.210769190756528531e+02
8.035201349831530138e+01
1.297954811077371744e+02
-1.998130767950138136e+02
-6.709795229937405736e+01
-2.606094481092736146e+02
-4.670382655587166454e+01
8.699139385368349053e+01
-3.314338002704546398e+02
8.094466933362701866e+02
4.574085278487265782e+02
2.582022053671353774e+02
-1.516728789423721366e+02
5.159297488064757999e+02
-7.128413356193505024e+01
5.317438850754912210e+02
1.788317813309528503e+02
-1.030025725330890793e+02
1.128157601348159176e+02
-7.787490996247088333e+02
-1.430314625982893233e+02
2.763756092146747392e+02
-2.796186588139935338e+02
1.500251682261311714e+02
1.288605990838315449e+02
3.270283294072342528e+02
-4.645012337119988644e+01
2.907164033554753360e+02
2.316240194170900963e+02
-1.885503663346395626e+02
-2.340618541417681229e+02
2.623666072959338180e+02
2.491802716336551384e+02
2.956024356800534747e+02
-1.150527280060923800e+02
6.658786146041092024e+01
-9.039433802264822759e+01
1.531082066676468685e+02
2.165784974338396012e+02
4.712875676377765330e+02
-1.828607311496682541e+02
-2.962782985115532028e+02
-1.007240917933493023e+02
1.983712711733277843e+02
-2.377852142394945361e+02
-1.667003283336564152e+02
-1.881604225945859241e+02
4.551144842600836569e+02
-2.056910050073501282e+02
4.118103588380595426e+01
1.704690463356321004e+02
-4.214885914434439655e+02
8.694161004092713085e+01
-1.985702244838971069e+02
2.395569194217907238e+02
1.825703711435235164e+02
2.393608058625979140e+01
3.407479754692916458e+02
-1.459185773651818749e+02
-2.018191315352547406e+02
-3.253702271067076026e+02
2.011162642998720287e+02
-3.101589543369083799e+02
-3.242942054694439662e+02
-1.315322558199169478e+01
-2.199564245385611798e+02
3.489367655072759931e+02
-2.627739081497219900e+02
5.215922863406584042e+01
2.483640667967869717e+02
8.586631330449910138e+01
-3.698530718683950340e+02
-2.715702391209527988e+01
-3.193596527300486514e+02
-1.839971604923045447e+02
-2.517725435027091407e+02
4.355016130371704435e+02
1.824650182943490506e+02
-1.597152960081038486e+01
-3.749568626677693572e+01
1.036090455777035579e+01
-1.609177411966400939e+02
-6.318942455179828954e+01
7.959739327710296664e+01
-1.814371670025232675e+02
2.147293454966855393e+02
2.164256795840665006e+02
-7.876437450008386065e+01
-1.011462218626181198e+01
-2.876635637210754908e+02
-5.805761740636593515e+01
1.614504346957037058e+02
1.390612512551346640e+02
-1.332738995173617411e+02
2.269085814118877238e+02
1.484707455790720587e+02
1.517886591281728954e+02
-1.337752928437503108e+01
1.243208621782727050e+02
5.266216030248190094e+01
-5.970540046447545279e+01
3.198838700275804854e+02
-1.243020943572814616e+02
3.910478906883254524e+01
-3.232943448823805799e+00
1.386638406179220340e+02
1.009537799970227496e+02
-2.167417402774925108e+02
-1.180752886683449105e+02
-2.226442092508995074e+02
6.498132981443372103e+01
-6.759671304025482641e+01
1.616066213841364458e+02
-1.457530512362953061e+02
1.689100141938993715e+02
2.285445802434719553e+02
5.889030755714382082e+01
1.778622251628304411e+02
1.248427313523694266e+02
2.159339540815908265e+02
2.715369355495840296e+02
-3.550084618912853784e+01
1.179561587413096646e+02
-1.004268838449514476e+02
1.947392195589189043e+02
-1.919275040513902582e+02
5.126489364501224344e+01
1.887890157640438531e+02
-5.401178081382581553e+01
-7.426948863109791077e+00
-6.307206091759514521e+01
1.368248428357791511e+02
-2.072668520235195331e+02
-2.578397379533245015e+01
-6.119142594511470890e+01
6.977686872770446769e+01
1.152625834454319076e+01
-2.360274990342679473e+02
-4.883649591761288100e+00
2.368784438171479110e+02
-5.592235016193384922e+01
1.804127122549985529e+02
2.006160306789077197e+00
-5.983479187203363914e+00
-3.621190493455520709e+01
1.529313695971162588e+02
-6.981993610747116463e+01
1.617525313957219169e+01
-1.482278450039131030e+02
1.337500042054458405e+01
-1.903599438332058753e+02
8.255055582018195537e+01
-1.112715803506591357e+02
-3.094882841275975807e+02
1.323913529669582374e+02
2.199266882943557633e+01
1.860011370087019600e+02
2.995514699961874499e+02
3.109468613910806312e+01
-1.950998628050790629e+01
-1.815354434873893865e+02
-4.283061925489121080e+01
2.432073223657393868e+01
6.901509697598764603e+01
1.334285991532247522e+02
-3.527599560992799610e+01
-4.284222589551692550e+01
-2.163832492663512994e+02
2.133165732737816711e+02
9.110779435450270114e+01
-7.136769170993046885e+01
2.278220912308628243e+01
-2.031377564326074037e+02
4.849473527776854098e+01
-2.119390219341077568e+02
-6.298238329843123040e+01
-1.302113409894714380e+01
-6.823698417604209965e+01
1.442659992046658317e+02
2.414196628464434866e+02
2.927946094649275910e+00
2.845463835489309901e+01
-3.395437606290273891e+01
1.182976006566383376e+02
4.389477216838644580e+01
-1.479720338298473514e+01
1.844691182186943124e+01
-9.837542269624985636e+01
2.673012344932948281e+02
6.202209491195348789e+01
2.017476439508306640e+01
4.604442168600339613e+01
-4.807399627415096077e+00
-3.612084294417694963e+01
-2.777855935366058304e+01
-7.489835474128067005e+01
1.135117041135238480e+02
2.607335666945630237e+00
