-5.633287120688554751e+03
-3.034139761159162390e+03
7.706162694007663276e+02
-1.843346048315575842e+02
-1.063678337670000701e+03
1.620702468965752360e+03
2.370222951687756904e+03
1.531175084533327038e+02
9.545002425831086157e+02
-9.231259267222467315e+02
-1.648668886251336062e+03
8.005213956514813844e+02
1.793635461685064229e+03
1.460535569833151612e+03
1.812182531162271516e+03
-9.928045981015027337e+02
-8.879534976359896348e+01
3.589388705419290091e+03
-8.835966504326080440e+02
2.293241825260352925e+03
5.863505876786997533e+02
-3.536906955007301804e+03
-4.886100338272326837e+01
-2.147939373793956747e+03
1.388251678711253817e+03
-1.210090328521476977e+03
-3.552187016560934580e+02
-1.581860995240978127e+03
-2.142495901579150370e+02
-1.842862970099037966e+03
-1.167858962652758237e+03
5.489484359601858614e+02
-1.270237897439586050e+03
-1.354120850982136744e+03
1.612728886255149519e+02
-2.029871922246596796e+03
-1.232057588055866518e+03
1.716759919752821133e+03
7.176407874766912300e+02
-1.256468608942107949e+03
-3.426072752482836563e+02
4.730492098996821682e+01
-1.891056093037063420e+03
1.902474347070835165e+03
6.071454982940952050e+02
-1.459770869210278306e+03
4.033543590408053205e+02
-9.690693828547358635e+02
-3.175680807202940628e+02
-6.720830501060588631e+02
-9.988252323010533473e+01
-1.978231449947943929e+03
1.075243504655932156e+02
2.461555996762718223e+03
-1.448892672535979216e+02
4.721847595334327252e+02
-4.020417452241179603e+02
2.260278630719935506e+02
3.756120507112730138e+02
6.677004920988239292e+02
6.910072146217235058e+02
-6.324280485142720636e+02
-7.620234068033344244e+00
-4.220325610538213823e+02
-6.442740947410577519e+02
-8.979057755718679346e+02
-4.430278289494033856e+02
2.225132047044627939e+02
-3.502746282538134324e+02
-1.076198115900671837e+03
-8.956285993491914041e+02
-3.708653143674844728e+02
-7.087649359229438062e+01
-9.992039639589368960e+01
-4.552798499027703656e+02
1.436079096567837269e+03
2.095358547693158258e+01
2.420252324976980560e+02
4.930542801100699535e+02
-2.361247565351771698e+02
6.965496273300979055e+02
7.888326003847156471e+02
1.373962448636404758e+02
8.974363499034840288e+02
-8.629033594518421069e+01
-7.777275539675170535e+01
3.443752763604808820e+02
1.783568073371747857e+02
-8.391045957587863313e+02
3.154047284743879231e+02
3.610258034386702093e+02
4.013933984064316860e+02
2.152251314828160389e+02
1.240620311580452380e+03
-5.726831186103606797e+02
-3.165019664681602194e+02
-3.677100195184807490e+02
4.041462704863560020e+02
6.422351525390022289e+02
-2.101665068555577705e+02
-3.149990123166742819e+02
5.199523269183678167e+02
1.236847180999578995e+03
6.203490221678051419e+00
-2.601578347369215862e+02
-8.523775822733880432e+02
-2.192657310275053533e+02
4.264539968332626927e+02
-4.803487907781585591e+02
-5.957964356127691872e+02
-2.883769494359009400e+02
-6.651603361652944386e+02
1.042398858314570163e+02
2.706748599407183420e+01
-7.976890772329693391e+01
-1.092050607531183687e+03
-9.118018869350743216e+02
-5.733550030575645451e+01
3.747733378865574991e+02
8.427944771147576830e+01
-2.578129738275762861e+02
-9.243834824841633235e+01
2.216062231667762816e+01
-4.960921624435570720e+02
5.399699691314673373e+02
7.742881287346488079e+02
-3.512064201035198607e+02
2.829708413923719945e+02
2.972034265606208692e+02
-4.262400201139550973e+02
-3.172396130709407913e+01
-1.422652529043962204e+02
-6.287125355308366181e+01
8.604920391040811012e+01
-1.287480332522442836e+02
1.878931933350357326e+02
8.275724801296901205e+02
-4.744057772619146363e+02
-1.909046994287152472e+02
3.434758514161757148e+02
1.400245936119004568e+02
-2.304666501387756057e+02
7.229943717341986940e+02
-2.520958663701430567e+02
1.222201668856139776e+02
6.435588075346467463e+01
-4.111727152256971749e+02
-1.961403093025606665e+02
-3.321994042621417407e+02
1.161891281102726197e+02
7.593249164285174402e+02
-2.474316431841447468e+02
9.195236616410147690e+01
1.885378201092332802e+02
1.991169402673388049e+02
-1.807860867283228572e+02
-1.590119074985158818e+02
2.361931839465291318e+02
-1.418606873079810384e+02
-5.002052308792673330e+02
5.813607142623922641e+01
-4.133732953388203413e+01
-2.067137669592181908e+02
-4.431192321854497322e+02
-9.521999996350150752e+01
-5.524215222116472432e+02
-8.822061393236431570e+01
-3.457921786950530532e+02
5.876487363555285981e+01
-3.730896089178465331e+02
-9.926408054372845413e+01
-2.645819123978551488e+02
-2.790409239827171746e+02
-2.497668184106265699e+02
-2.697195161206633429e+02
8.641586603352017448e+01
9.925316471161004017e+01
4.371214096097073707e+02
-1.323694449926587424e+02
-3.176817150753714358e+01
3.024973848627698203e+02
-1.668985047093540857e+02
2.555535520452001492e+02
3.121459872782897946e+02
2.352224899317316442e+02
1.399455784515654955e+02
-2.668079102933965601e+02
-3.143398404864676650e+02
-1.773206105039024294e+02
-3.628846999079202646e+02
-2.389643236937771462e+02
3.733430360053252883e+01
1.887892025698584746e+02
-1.924918579818235287e+02
2.865937543104949725e+01
2.333594938080193515e+02
-1.610761327677550412e+02
-2.067990358543032983e+02
1.352815240536339303e+01
-6.385824172988732528e+01
-1.839072955214134311e+02
-1.259520351197034103e+02
3.197122432145010862e+02
-6.292245866044713409e+01
5.363624744777045095e+01
6.678078352626930325e+01
-7.459998522915871888e+01
1.640003514103036935e+02
-5.074099496009646515e+01
2.207761180593557242e+02
5.458465679328691067e+01
-1.981521181300177830e+02
9.633558573381220924e+01
-2.954104436588409754e+01
-1.025972819438374728e+02
-1.323113274426359851e+02
-1.511555719410003746e+02
1.774409753051890561e+02
2.088497692667736203e+02
3.091836423345287699e+02
9.622378096277326165e+01
1.674794999777651014e+02
-8.792187669066375122e+01
-7.368999037392838147e+01
9.930301732871714648e+01
-4.644039947853549393e+02
3.270214824288175350e+02
5.500129517960262149e+01
-1.490846940973268033e+02
-3.861233638939122415e+01
1.986548781294287949e+02
5.416302343724638746e+01
6.475251153048493791e+01
-8.894821359208799549e+01
-2.540725109283937115e+02
-2.553078839933136024e+01
-1.166257788266876361e+02
4.666150412249454860e+01
3.429683784546458014e+01
1.742443481732356858e+01
-7.302851241014018058e+01
-9.036700084067499006e+01
2.290712319196313018e+01
-6.803763114464983630e+01
-3.488530617929815776e+02
1.091429276682651128e+01
1.991765093573819740e+02
1.937245808390020443e+02
-5.569107638047460540e+01
-4.388218695086993648e+01
1.869620332992137435e+02
1.416910274385402602e+02
-2.062135209202362489e+02
-3.306604787725327697e+02
3.827890900926320796e+02
-1.227138707483343296e+02
7.800885818960055929e+01
5.772379591976286406e+01
-1.140929342161682492e+01
1.607028192457656246e+02
-3.408965347910894650e+01
3.163061552239969210e+00
-2.011782107841365814e+02
8.478074823257718151e+01
7.077332928665897782e+01
-5.788767509006557788e+00
3.488847120531335690e+02
9.226956921777647480e+00
5.258329138787225787e+01
-6.720920276325607290e+00
5.990022009279877047e+00
-2.974678162312746821e+01
-1.789660403771957817e+02
2.617319055705534652e+02
8.770892088576738743e+00
1.593863300701841679e+00
9.972220808644439671e+01
2.373292614858178524e+02
-2.292289098712668363e+02
1.638502740746899917e+02
-1.368809701734340400e+01
1.707623279366749216e+02
1.049611602938400523e+02
-2.808539466424607411e+01
-1.632080716633649615e+02
3.773664659101510388e+00
1.563936142188599376e+02
-6.388324691352583784e+01
-1.254963091444870713e+02
7.492168260398420898e+01
-2.793049327715479535e+02
7.432344655766201846e+00
1.174060008072023038e+02
-3.826109723229213166e+00
9.598663059251475715e+01
1.274033158067048248e+02
-2.632192599567712250e+02
9.365343911671008925e+01
-1.609724815268311886e+02
2.087795679383693326e+01
