4.469360681242511419e+03
-2.313601552864940913e+03
-1.010596161063340226e+01
-4.596031327907552395e+02
3.546236801842253499e+03
3.570496190399505849e+03
3.444555573529550657e+03
2.353483964118418328e+02
1.400583554311113630e+03
1.329283265737321926e+02
-1.656605315353556989e+03
-2.113878285034804776e+03
1.944597115576129909e+03
6.458398888517111800e+02
-9.818600616226385682e+02
-2.014309402549917422e+03
-1.042195554794664531e+03
1.713416778119713172e+03
-2.040541359867417839e+02
6.955471979110330949e+02
1.117194006203506888e+03
2.010599035433565177e+03
8.071338715624643783e+02
4.307330327660681064e+02
-5.632729407459703452e+02
1.566627286901034040e+03
5.268390447132699137e+02
8.426107519067930207e-01
7.217116024774231846e+02
1.177247192884716014e+03
6.985623729845202661e+02
1.056890633946612525e+03
-7.686069005445668836e+02
-1.951841030170947079e+03
-4.064620711349695270e+00
-1.615251326928255821e+03
1.011776030293975282e+03
-7.319285699812986650e+02
-7.157132840010118571e+02
7.691796156751893250e+02
2.984049909207484461e+02
-1.423606236030211747e+01
-1.182172810152661100e+02
5.644112560567216406e+02
-5.079231573453913029e+01
5.208011031122650820e+02
7.251166238954517951e+01
-3.268045213134485039e+02
-8.109792964761109602e+01
-3.251047693742235651e+02
1.802137934709319822e+01
-1.083257254965264593e+02
-3.131766080613047620e+02
-1.289077894903471815e+03
-1.580247141953567791e+02
1.567349299747687382e+03
9.556335219723431464e+02
5.980904011668369549e+02
-3.636090756570201279e+02
1.821228004318798526e+02
8.894099360121484210e+01
-5.961522403152384868e+02
1.121743351365041235e+03
-7.211424423745721697e+02
-4.455207139823460807e+02
6.016617645835738131e+02
5.619123877528409139e+02
8.374498902311148640e+02
-2.973315235797795708e+02
6.653157220461173438e+02
4.224884906334196444e+01
-9.218718556499119643e+01
4.586167895166695985e+01
-1.502646239747344907e+02
5.313280628378820438e+02
-6.101340352411007188e+02
2.830413534665810857e+02
-1.095204714002809624e+03
-2.025835866634872957e+02
2.663320098161196015e+01
2.884414337067505016e+02
7.534306387453220850e+02
-6.114615883729811685e+02
1.953294016451966968e+02
4.949539641482609227e+02
2.287625757224182053e+02
-7.771534796186524545e+02
7.971325190700531493e+01
5.117858581424789008e+02
-7.111038990948237597e+02
2.492587716433892524e+02
-2.526471619613573978e+02
-2.325980640435118971e+02
-4.658316583771907631e+02
-1.805786720007788801e+02
2.322505701945226519e+02
-2.513250769132050664e+02
1.881176033248660246e+02
1.862921164319797072e+02
3.600336960576339607e+02
-7.593042885237176733e+02
-8.966197844689854435e+01
-1.505949235206258265e+02
-6.274271217227166062e+02
-1.917227563892884064e+02
4.049409798425197664e+02
-2.408686261351784026e+02
-1.270865842039627722e+02
9.969638127239902303e+01
1.760684019749401159e+02
-1.524600833480044741e+02
2.767327262649376962e+02
6.170822961767553352e+02
1.165884476079737766e+02
1.328888744109935942e+02
2.181332372993223032e+02
-4.246541154067524104e+01
-6.735575125827597276e+02
-2.483402305133745642e+02
2.079551480490608242e+02
1.981415528600488187e+02
2.576305630939316984e+02
1.170279602998058621e+01
-1.626947288465839847e+02
1.594867563939523905e+02
-3.724459596765862557e+02
1.432026828101328704e+02
-1.079433388717150279e+02
6.507995407846668634e+00
-1.281847016224673723e+02
2.483148728770978266e+02
-4.679349200118693375e+02
-2.064441643061103093e+02
-1.700995269912208414e+02
3.088055072788316124e+02
1.596942760920916839e+02
4.243220466366996675e+02
1.297091300934844185e+02
-1.217638001793666547e+02
4.131345959490780473e+01
3.002529301336163314e+01
-1.070293507449845407e+02
6.065029606895143388e+01
-4.606549193242230444e+02
-2.549729981197673112e+02
1.666839409820398288e+01
-1.062924298301117005e+02
-1.886345056226512042e+02
1.814098327823506906e+02
-2.710688553423430562e+02
1.552646849311017263e+02
2.825574899632413803e+02
3.596078605742236256e+00
-1.472615837510149674e+02
-3.566565228899767703e+01
-1.574621254011596605e+01
2.994527412798574346e+02
1.404639815189682963e+02
3.893990185834972806e+01
-4.110422033248184448e+02
-1.582872091901534439e+01
-1.282130918976316707e+02
-1.313054959704302860e+02
2.419999061175152804e+02
1.265435989701778539e+02
-1.006409608185678621e+02
-5.103575108474080224e+01
-3.686046658179023439e+02
3.329927064601382654e+02
-5.350104980517033937e+02
-2.700208635940183122e+00
1.064786515461959624e+02
2.512965360372208750e+02
-1.250875527279717048e+01
-3.163379857822420718e+02
1.035497518114926692e+02
1.499339787766559198e+02
2.256698348960172495e+02
-2.581948291371921869e+02
-2.391828649547923931e+02
5.746107774808557451e+02
2.308541963085511952e+02
1.725825647576044162e+02
-9.817718670626595667e+01
2.439371962156058871e+01
1.120253309645591173e+02
-5.642620686523252971e+01
-2.793466670788143347e+02
-2.833338155548425448e+02
-2.491659465403161562e+02
8.389700908295328219e+00
3.494278692100811323e+00
1.664323345314708149e+02
-7.652618982031069272e+00
-1.679847871631540102e+02
2.600406629309891855e+02
1.471903546646951497e+02
-1.332498972628135050e+02
1.080899938167562482e+02
3.688161290182314929e+02
-1.724108618285943066e+02
-1.265349510131397892e+02
4.810312907438880075e+02
-3.025260570651810781e+02
-1.265731584093024225e+02
-1.712015639309863957e+01
-6.636161220845886533e+01
2.561476903106878922e+02
5.280589000028731306e+01
-1.181923250585758183e+02
5.845151131817507917e+01
2.624890819050872892e+02
-6.261663918891688496e+01
1.547822289221270786e+01
-8.955104283702475243e+01
-4.527508366550490848e+01
4.462979382684266483e+01
3.968659778131937799e+01
-1.771011693825767566e+02
-2.494317512262568641e+02
1.209512544505510618e+02
-3.273057460065036395e+01
-2.229994709882064399e+02
-1.665961903877180248e+02
-2.235292458213148166e+02
-1.061775334454017781e+02
-2.131926867821338760e+02
-1.774194997901923898e+02
1.052034008235831237e+02
1.605377733721929445e+01
-1.447097211494698570e+02
1.868439135264547346e+01
-1.205207215506503715e+01
2.225896514323465567e+02
1.458286675697699195e+02
-1.441298821533709713e+02
-6.808377964206678712e+01
1.534045917479186585e+02
-2.264246707541354340e+02
-2.062104971774050739e+02
-4.324150238414200231e+01
1.226278550518521087e+02
1.155195703918376608e+02
-1.757929055230341362e+02
-5.212678907474651169e+01
6.625924193939260931e+01
-1.244215057099444977e+01
-6.077024578204392924e+01
1.516185123170056670e+02
8.053765225072974943e+01
1.330869306597243735e+02
3.340244655767380664e+02
3.290423886398234998e+01
-3.346850676291271043e+02
-7.492546707746272716e+01
9.109272457199669759e+01
-4.468652676441567273e+00
1.882641736414590525e+02
1.662358131101279923e+02
3.890126087039993763e+01
2.463148072832045159e+02
-6.709917776168921044e+00
-4.593240464020192348e+01
-1.701833006506024333e+02
4.287983278134647662e+02
1.435345800731488737e+02
4.101019784927188994e+01
9.004692411234975324e+00
-5.661137522283546986e+01
-4.527406592498547866e+01
-2.273709685657098234e+01
1.523499642176766322e+01
7.847767491486690972e+01
1.313816827545236379e+02
3.056364083819688915e+01
1.227095601820389277e+02
-1.211579903873689972e+02
6.641499906640163431e+01
8.273331325727635033e+01
1.797864391710183725e+02
-1.446236285657915914e+02
2.244969204819932784e+01
1.761295976600837889e+02
2.032078081601241593e+02
-7.603527540361450576e+01
2.806183459742230184e+02
-1.059866099003209996e+02
7.972323996196530516e+01
-9.541894595275878999e+01
6.637977262208440266e+01
3.031763079245909012e+02
4.775082830523505351e+01
8.021059345531230633e+01
1.449495009495834985e+01
3.926174149495016508e+01
-1.919015515037632440e+02
-4.572188156775329304e+01
-1.747505509350017974e+02
-2.906427000290827678e+01
1.851811623117378858e+01
