-4.454989253842046310e+03
-5.982148687322399383e+03
4.779079029208153315e+02
-3.737131237116755983e+03
-1.601940305436444305e+02
5.368584340484015911e+02
-1.213014311172174985e+03
5.616516723978460277e+02
3.412732155055173735e+03
1.884233314245222346e+03
-2.241662101170553342e+03
4.921899832823644374e+02
-7.402413133465990995e+02
-5.248748911282864356e+02
-1.255514187794941421e+02
2.621772515845048474e+03
3.245298487779893549e+03
-2.255144048411530548e+03
1.460491681955767262e+03
6.275817534953910126e+01
-3.645046285102362305e+01
-2.590726339377163185e+03
-3.434601292060909600e+03
3.886556537919589573e+03
-3.103449773115754851e+03
-7.052861543856830622e+02
7.319127866324364504e+02
2.344229390741723364e+03
5.465151653235093363e+02
-1.658493728944533359e+03
-2.709088144554276596e+02
1.969738816954542472e+03
-1.035904669938287412e+02
6.729648152741831382e+02
-7.489786917195030469e+01
-1.172014684651200014e+03
-1.439857067306965519e+03
1.084017017331007082e+01
-1.986371630267687465e+02
6.461054174780830408e+02
-2.620029803215857100e+02
6.216863824140177712e+02
2.419947995593085750e+02
2.199576095664802153e+02
-4.355419984521955712e+02
1.089825916946044799e+03
5.170619274064612227e+02
1.823842629263488107e+03
-4.162025433278264472e+02
-3.731444203525122703e+02
3.625285629051388128e+02
1.240754314239437463e+03
-9.507104719868644906e+02
-5.753080545722204988e+02
2.491436232281411321e+03
-6.812147882961538699e+02
1.069996908440438403e+02
1.035323738842974990e+03
3.254097688071753964e+02
1.726883989083937877e+03
-2.212032450652494049e+02
3.920810855869368083e+02
4.441011409927756972e+02
-6.309879679915123916e+02
-8.380950984960905998e+02
-5.305973017544569075e+02
6.533775741509427917e+02
-6.455925745238521358e+02
5.335331185379844783e+02
7.100459477644855042e+02
-1.301411696725996023e+02
4.218206270672626488e+02
8.511839469836216949e+02
-5.182689761389387968e+02
6.712965847473976737e+02
-9.982451170994370386e+02
1.765305066202815851e+02
-1.090646204205194323e+02
-5.200884154275432820e+02
-7.258487197870275622e+02
8.233329056930417664e+02
-4.382211679151235444e+02
9.322599126237817018e+02
1.653422394890375926e+03
5.115256846808192108e+02
3.545118960340087142e+02
4.694838493432725386e+02
2.917824379698979556e+02
-2.303866771266488058e+02
-1.750303855191241951e+02
6.238351908146080405e+01
-2.964015530403063892e+01
-1.545813744800765335e+02
-9.393539909520735876e+01
-1.986273729798707279e+02
-4.060155914843795131e+02
-1.638828491742261804e+02
-6.888504899039476186e+02
2.496575882461257834e+02
-5.413879845888183127e+02
2.988710283660169011e+02
7.117011381826989691e+02
-1.547028380828552230e+01
-1.883853977172551026e+02
-5.232213355310620955e+02
-5.448535962535536328e+02
1.134252621609930202e+03
3.229913315272473255e+02
-2.082244513084961284e+02
-2.333418676208860063e+02
-1.456040548599714555e+02
-1.249147364314590902e+02
2.747817599265311515e+02
8.652478132767093655e+01
7.051712480521526771e+00
2.107026424793976673e+02
4.217485126381814098e+02
-8.388554370474645339e+01
2.437775682209849037e+02
2.243630489772201884e+02
-2.653736649134777963e+02
2.951573799460622354e+02
-9.744136118570567362e+01
-7.485208678413623602e+02
2.545508980844011404e+01
3.051638316908041020e+02
-2.043435993029554822e+02
-8.672593800621751825e+01
4.420263337156180228e+02
4.602619833808738576e+02
3.723870652595557544e+02
-2.072188844180938077e+02
5.087710053140907576e+02
3.701952050130211802e+01
-6.529800025209453906e+01
6.846207410685150307e+02
2.742258480097156337e+01
6.020759118580142513e+02
9.063443744990856032e+01
3.398641711201287308e+02
1.352840592870482439e+01
5.682953566431401669e+02
-3.758677165200550121e+02
2.435787123214392835e+01
7.707818095791417079e+01
2.102343920810016868e+02
1.687798353247057435e+02
-2.206758824185828871e+01
1.671178593882331711e+02
2.753630249212657191e+02
-5.439443240041040326e+02
4.276421695857229679e+02
-1.285993350181231065e+01
-1.628511480915045126e+02
-5.396799281632693237e+02
-1.401034628033199851e+02
-4.983603617306365550e+02
-3.651910522202193476e+01
1.911504917726084045e+02
3.575208264804215901e+02
3.337970862726618861e+02
4.051202719036672875e+02
-2.592778844268533476e+02
-3.006679136354850925e+02
-1.142451414357597805e+01
-5.102753470019721682e+00
-5.799359798116246338e+02
-6.757586656844726747e+01
2.839722140976184050e+02
-1.464215353808378062e+01
-1.076247307117329086e+02
1.965622809812983576e+02
1.655422017223970101e+02
-4.265042991992133352e+02
-5.969696885779993067e+01
8.500434084173284077e+01
9.818065165460670585e+01
-4.062602051573295512e+02
3.066194477154547826e+02
-3.059431930846489536e+02
4.536678384181835781e+02
-5.072644969810654629e+02
-4.479894480712968630e+01
4.010581698730453013e+02
6.823356689380968021e+01
2.036322507167850802e+02
-1.245221900019661945e+02
-2.889413770088077626e+02
1.900400881143206675e+02
-4.957118357300380751e+01
-3.855797950716138871e+02
-2.854523901898155600e+02
6.216185965545452063e+01
-1.634214103858486169e+02
-8.736142462127521924e+01
-1.676655488998540307e+02
7.426414509113207885e+01
-1.112345678309585111e+02
-4.222882373822253612e+02
2.400367385150047994e+01
-3.084147634060027485e+02
-4.633769439928883571e+01
9.304861771030485329e+01
-6.463992295990226467e+01
1.238483225481386540e+02
1.901918542156546152e+02
-9.340787781129705536e+00
-1.018787948130105825e+01
-2.371627826053278909e+02
-3.697613600005192893e+02
1.833883549082017623e+02
-2.950201603613836028e+02
1.070508608690894050e+02
-2.565766715462451657e+02
2.773406644338484739e+02
-6.700185052909596095e+01
-5.259081992397798189e+01
3.405212249137879610e+01
2.219517074135103840e+01
9.579410360860397589e+01
2.414827666767369010e+02
8.426942561928694886e+01
1.586998342981739825e+02
-2.404676375796882724e+02
-5.159681343201036441e+01
-3.242164741259803691e+02
7.853715722791490350e+01
-3.897596186022707343e+01
-1.385344833760788674e+02
9.130534340064924947e+01
-1.546915644543335588e+02
1.710196994411816718e+02
-3.040523705523696094e+02
1.806174207210861837e+01
-1.889653495883615335e+02
6.239007318847208694e+01
1.056919732294876582e+02
1.053052778643358494e+02
3.320601565005508746e+02
-4.448227770846369822e+01
-2.463770865409124724e+02
2.173213615782548800e+02
-7.374147835870095946e+01
1.593718319309896856e+02
-2.130477957797615716e+02
7.129679880874692799e+01
2.031167796389292732e+02
-1.724807560448355161e+02
7.786353601298772276e+01
-1.746992032726820696e+02
-3.740409629439789541e+01
1.109895443543466769e+02
1.629764340738236683e+02
4.477618986007050239e+01
-2.177489687648450456e+02
1.210865255084412553e+02
-4.166478772172437317e+01
4.086189752633726613e+01
-8.979775900312590409e+01
1.833629761947995291e+02
8.470431048327903056e+01
1.948102559056037251e+02
-1.170902202210023262e+02
-6.469437185250701816e+01
8.348085484399544498e+01
4.644251778007361509e+01
2.873275233217730147e+02
-1.876517020062266994e+01
4.090326563666178572e+01
-7.239069112192665045e+01
-3.949681922763708997e+01
-4.771611898596410128e+01
-1.759354010775535926e+02
8.558726907353042179e+01
-5.874552409756270066e+01
-1.295403316871412187e+02
-1.878361231301950909e+02
-2.335772959088798757e+02
1.786556358933029003e+02
-1.074768483399642633e+02
1.129465930983958515e+02
4.717476049849383912e+01
-2.721588920810046730e+01
3.244203463569913737e+01
-8.266647801610758961e+01
-2.712978563943772201e+02
8.193122706320411908e+01
-1.962333513138850805e+01
-1.568486275076926972e+02
-1.077070102811285892e+02
3.508296163243986143e+02
2.677730347268602600e+02
1.731827990668582231e+02
1.895918622887668619e+02
2.545204158520185800e+01
-1.125731071052495764e+02
3.595106209172104883e+01
-1.184330596016374244e+02
-1.403453971252907877e+02
-1.342464309069751849e+01
