-4.345964660018512404e+03
-6.182945456797375300e+03
-3.677729832583841585e+01
-3.387969154947527841e+03
-2.066747719816525262e+02
9.754991579839428368e+02
-1.316421391806082511e+03
4.491926194817517057e+02
3.363659762699567182e+03
1.296642695545190463e+03
-2.686237619810472097e+03
7.381209259356523944e+02
-5.260577164664346128e+02
-8.705363012655612920e+02
8.546539178015379434e+01
2.269130600641511137e+03
3.055575619569507126e+03
-2.591286009481886595e+03
1.915972027030018580e+03
3.786656646625531266e+02
-4.691768618313860202e+02
-2.168786517719291624e+03
-3.504705558806558201e+03
3.936739270576496438e+03
-3.155256782002970795e+03
-6.169410740431289923e+02
6.674548683556109836e+02
2.461244027027189532e+03
4.137905826131685103e+02
-1.524217939375886317e+03
-5.062426957199801336e+01
2.035705042786977174e+03
-1.434629849736444385e+02
5.996109367738067704e+02
-4.696451231803316659e+02
-1.055509920912597863e+03
-1.100303714204378593e+03
2.000283755783212882e+02
-6.443538119726706555e+02
4.425384348995076493e+02
-3.406774043479076681e+02
8.341934528762485570e+02
2.186093366818733728e+02
-7.831587590456275905e+01
-5.171327166485220914e+02
1.124675439136766045e+03
6.139538460402781084e+02
1.730456889626821294e+03
-2.260323260152210878e+02
-2.089408382243499886e+02
2.891139370995618378e+02
1.303960044515410573e+03
-1.216427115729571369e+03
-3.886463899623382758e+02
2.317153174723353004e+03
-6.133530342991923590e+02
3.894618046970121128e+01
1.059048934701038434e+03
3.388031951182044281e+02
1.739938415540977530e+03
3.772905084966485845e+01
3.700677946405033936e+02
4.318241005388700842e+02
-7.105613843444716622e+02
-7.050170143052556568e+02
-5.332908218214480485e+02
5.760785014021778352e+02
-8.414204106216024002e+02
9.123723070626483604e+02
3.305465896765727507e+02
-1.252813272841875971e+02
7.637565479000556934e+01
7.507146613108299107e+02
-5.260743040969408639e+02
7.653243562216708824e+02
-9.589567838942563185e+02
3.196795815734133726e+02
-1.487551329297199914e+02
-4.310044579391935144e+02
-6.503640641597085050e+02
7.499919731246410493e+02
-4.273936267041987094e+02
9.102006881069542032e+02
1.698318357895335794e+03
4.667765568742531741e+02
2.192164710336576263e+02
7.011250227452268291e+02
2.734933550806410949e+02
-1.097978808419708798e+02
-1.841318057987182328e+02
3.040777465004518945e+02
-2.720289778142578712e+02
-1.583797105126444933e+02
-1.254201840135042119e+02
-2.624117298665865974e+02
-3.832647099753800717e+02
-2.720581165811635742e+02
-6.977998403370453389e+02
2.097586230314614113e+02
-6.985143978058232506e+02
2.279926994837539382e+02
5.906652230479836589e+02
2.861914367221832478e+01
-1.228887420445356753e+02
-3.527206778709478385e+02
-6.064616018403770568e+02
1.115962126383596569e+03
3.150846617689564368e+02
-1.045359484559459560e+02
-1.895990571947731098e+02
-1.957274621283285398e+02
-1.334891120914844009e+02
2.941019548348591002e+02
3.781134812267222856e+01
-9.989311221032382093e+01
2.816503717968699334e+02
3.504156725737030911e+02
-6.621948401181735733e+01
1.984906448177130756e+02
3.049284420836934828e+02
-1.931969855757585321e+02
3.739259749227488783e+02
3.680184882586632256e+01
-5.259253715589053400e+02
-6.342377218497133384e+01
2.649691111252400333e+02
-1.151054008519280529e+02
-1.289457743749713359e+02
3.540530813677459037e+02
4.097911788999740565e+02
3.431325448043289725e+02
-2.020483591559886634e+02
4.958911522481342899e+02
8.981083297572281765e+01
-1.230295509981863233e+02
5.150857111479808736e+02
-2.276618064684145182e+01
6.431400062241560818e+02
-2.317091629841852196e+01
3.044461513492490781e+02
-2.925491708291085757e+01
4.741286773526194906e+02
-4.132887097865518626e+02
7.308358567278335727e+01
4.931251642945760238e+01
1.766854098206629828e+02
1.747045809326533572e+02
-1.302505065664649919e+02
1.726617551678488383e+02
3.027471284723571330e+02
-4.466942946354642459e+02
4.845934826927523886e+02
-8.288986343153756309e+01
-6.209537005701986345e+01
-5.667480738792708053e+02
-2.025894603779632632e+02
-4.965541165392839957e+02
-6.735778170339828819e+01
2.392617273977663501e+02
3.131245984458314524e+02
3.447320978926069870e+02
3.530446118328285365e+02
-1.690835999798441378e+02
-3.195065202207708239e+02
4.443150608033907645e+01
1.059210052207483557e+02
-5.546942141183071726e+02
-1.834668155956744044e+02
3.856151550271245014e+02
-3.404489137060355830e+01
-6.739487891894677318e+01
2.305187067927819839e+02
1.981917000186634539e+02
-4.020332655098845294e+02
-1.124707532974194919e+02
4.365415234697700697e+01
3.634263649936666951e+01
-3.335360952229285090e+02
2.360216347500791869e+02
-3.295495868299078666e+02
3.803228878797843890e+02
-4.892054262352727960e+02
-1.232191909253038915e+02
3.955153794609704505e+02
1.008439829490222905e+02
1.858954214769399584e+02
-1.475624827437687259e+02
-2.946935648281898921e+02
1.877751725534996012e+02
2.039403654439305313e+01
-3.786930874631005395e+02
-2.248381866987211879e+02
1.620384005459939090e+02
-1.471602844859945947e+02
-4.016516343957314206e+01
-2.451525465109028801e+02
5.364630693007450901e+01
-1.006992056928424404e+02
-3.757623228238797992e+02
-1.125540441679214787e+01
-3.484080497260800371e+02
-9.538756592390870992e+01
1.594065747386449061e+02
-3.385042891265758414e+01
1.630208057521506930e+02
1.421883447454953000e+02
-2.686882855444965301e+01
-5.057546514669231641e+01
-2.377515854838351288e+02
-3.574014975138970271e+02
1.162685324834102403e+02
-3.203636690026759197e+02
1.410875197146261542e+02
-2.153049855161700634e+02
2.154009852794095821e+02
-4.728161289482290641e+01
-1.072456404426609424e+02
6.015133163283097417e+01
-5.375660395634681521e+01
1.013300066963146975e+02
2.686817403971206772e+02
1.186275347028352769e+02
8.456559614924155710e+01
-1.960523388864453409e+02
-9.485675416285040740e+01
-3.115332922817667622e+02
5.630871508482793786e+01
-1.076787606493881668e+02
-1.006872651992426455e+02
3.367308699932634397e+01
-1.668021649362282233e+02
1.690189521230879279e+02
-3.439982498074871273e+02
1.130847344296367929e+01
-1.696531373627133235e+02
9.524009012904148364e+00
1.318112109247473995e+02
1.000996213870535456e+02
3.607641908453306883e+02
-1.047743543128339638e+02
-2.177375486311169084e+02
2.052471485783720766e+02
-1.415578882019230988e+01
1.389866441783448181e+02
-2.078314997936164730e+02
1.398102187851986002e+02
2.983730160507983555e+02
-2.331174896264114693e+02
6.414949287987610660e+01
-2.057912359740855948e+02
-8.314382866413811968e+00
9.720594599108721923e+01
1.920131760638651883e+02
5.471653948911018261e+01
-2.123135162462683638e+02
9.538210718236915397e+01
-5.750969172822698994e+01
8.583954648643310748e+01
-8.117302892305224304e+01
1.638250634320482675e+02
1.368985853456494226e+02
1.779909254938454524e+02
-7.865349129407701412e+01
-1.388678740226515345e+02
1.436326486644305191e+02
8.821882719861423539e+01
2.785525536386636531e+02
6.720246290174448234e+01
3.512387166101378000e+01
1.110207764414082865e+00
-2.485832673514379199e+00
-3.036555183580176376e+01
-1.603226254996965565e+02
1.359017997869888177e+02
-1.992069739796287564e+01
-1.284681080740918162e+02
-1.857608735320417850e+02
-1.704219400735024124e+02
1.275618563883301704e+02
-1.117577280155579444e+02
7.962912085473899992e+01
3.765665952105550218e+01
-3.468996210546225711e+01
5.767133850528876593e+01
-8.020513230416672457e+01
-1.661126961468070533e+02
9.219815245209552756e+00
1.607191118906202831e+01
-1.859431988118730317e+02
-1.288781785739554095e+02
3.382279744631096037e+02
2.694927785112615766e+02
1.835400288936512823e+02
1.729901589418086587e+02
-7.034829584240297251e+00
-9.766782929477898278e+01
-1.583238354772658951e+00
-1.128738216631483482e+02
-1.510497626131620450e+02
-9.072525785943223298e+01
