7.794089146420315046e+02
8.657527468499501992e+03
3.744217012856575366e+03
-3.735645493531466741e+02
8.784581449741970118e+02
9.097799838572838098e+02
-7.293849024177669094e+01
-2.390418440743017072e+03
-2.613917126221931085e+03
-2.063046465741897009e+03
-1.371216632028018239e+03
-9.764160720543771959e+02
1.330825498715391859e+02
1.007782110487917976e+03
2.862968614881808662e+02
-1.219275791855330056e+02
-4.158964480454649788e+02
-1.594896409378936255e+02
3.731219297526392324e+02
-1.392357607274324209e+03
2.696673497730633926e+02
1.106321796753328726e+03
-9.053055313760180525e+02
-6.329111304441636321e+02
-1.178898236936749981e+03
1.636937354877223925e+02
5.828951141712929029e+01
3.713246618793419316e+02
-3.302968294838951238e+02
2.515518453410140012e+02
1.153159378322190378e+03
-8.002993733098270468e+02
6.593261178621413592e+02
-9.811963891920929655e+02
-4.184788764220135135e+02
-7.066029088064667576e+02
-8.674343239071425842e+02
-5.857366907691504139e+02
3.563911333099121066e+02
-5.195278692904573745e+02
7.347289795621249198e+01
-1.649762756128530157e+02
-8.742546253665220775e+02
-9.422279433922696512e+01
-2.049146344669683231e+02
-3.770468416271677938e+02
1.484709933296366899e+03
-6.760732710681777746e+01
-4.434563319877025265e+02
8.321353075169226940e+02
5.884682501333268867e+00
2.409146966830253973e+02
-5.945317393382434830e+02
-5.904547797125957231e+02
2.271515733864644915e+02
-5.042236073028284693e+01
1.193964311038678829e+02
2.397574538244618054e+02
1.859136566390980931e+02
3.666280896340437039e+02
9.429446532064665689e+02
3.594560266641153135e+02
6.107800139368210779e+01
-4.367810848004610875e+02
2.484990425250919088e+02
2.969726150774446864e+02
9.797167829018475231e+02
3.785565767278265525e+02
-3.962570582841624400e+01
-8.487000600576791953e+01
5.218870948954951245e+02
2.797668036673273946e+02
5.972809502884384756e+02
-1.456244327381824633e+02
-4.896301614837663578e+02
6.925620536657058324e+01
-5.617871728183996538e+02
3.205199522825390659e+02
2.072839563122125810e+02
4.143433197738539207e+02
5.823060117036069414e+02
1.526677672237945842e+02
2.939472847541986198e+02
-2.533237836991677057e+02
-8.871769502374213516e+02
8.480348970256908814e+00
9.036587420043867169e+00
-2.211382991805430152e+02
-1.626317284034747246e+01
-1.629402517134455195e+02
2.749030447963986035e+02
5.049611682693143848e+02
3.198106432146693692e+02
-2.454252930277216649e+01
-3.367220111605777220e+02
5.066955172760430059e+01
3.728120181292824782e+02
-8.298952644394317701e+01
-1.119695026089602408e+01
-2.134372027768718567e+02
4.619651242605706329e+02
6.496656004891828218e+01
-6.002792121166603465e+02
1.085526175792126757e+01
2.838959655397151209e+02
-7.091679580148591810e+01
7.698595829811070246e+01
2.388565149044380860e+02
-8.250471320155774890e+00
1.641735934216567614e+02
-2.250944875888188221e+02
-2.279218351887096503e+02
-2.625084327044924066e+02
1.087692976595709240e+02
9.842901968661156786e+01
-8.506153265948119824e+00
1.784540213319318696e+02
-2.032212601959027438e+02
-4.493397831551561126e+02
9.453196757507193126e+00
-1.897504836010360805e+02
2.021537076736487393e+02
3.762224918137957275e+02
-1.612956859046307301e+01
2.823183627942811427e+02
-2.627104075430573857e+02
-1.486209968370526724e+02
2.530178837390781723e+02
1.881812773409852468e+02
2.220938899335922656e+02
-4.536024435648611330e+01
7.063699932442525551e+02
-4.538290440935700190e+02
1.609971256942133522e+01
4.918238519559743338e+01
2.310203424467394768e+02
1.094750931135817638e+02
-2.645994667827994249e+02
5.307834010553555970e+01
7.101893752525508319e+01
8.194196321419978801e+01
-7.744033658552681665e+00
2.338636851851229324e+02
2.468807987462044480e+02
-1.303761200922210719e+02
1.278733346878884305e+02
-1.408204046205441102e+02
8.446771016242108487e+01
4.158054164275243352e+02
2.749195555728313423e+01
2.827802473864494459e+01
1.001851465402528589e+02
1.184152471902984161e+02
1.209270177288648114e+02
-8.412911015090996614e+01
2.878423653708287588e+01
4.486361802350129580e+01
1.452899005482980499e+02
-4.291773150582695706e+01
-6.348856198175884913e+01
5.828805602835313238e+01
4.816806728148543471e+01
1.585981485496663481e+02
-1.053783993367723895e+02
-4.384437550272825668e+00
1.504622706064532451e+02
2.875824098976645473e+02
1.027948610336290898e+02
-3.256509280501960291e+01
3.813381946464430428e+01
-9.617087556802989923e+01
5.537766533851808504e+01
-2.230860863136670105e+02
9.321881024099946345e+00
-4.541064607088139127e+01
6.168927762214787691e+01
1.991204919350400928e+02
6.016207233212645633e+01
-1.215529253338423672e+02
-4.200757067280709123e+01
1.911794791801571307e+02
-2.679758305275013868e+02
2.966432534570987514e+02
1.329198810592086488e+02
1.895437104391133118e+02
-2.257796598303829967e+02
6.238949986145276227e+01
2.587508877269396379e+00
-1.725299272165362368e+02
1.133294508818411117e+02
7.548731241639224265e+01
-6.964566910987934989e+01
-1.758639637562841074e+02
-2.269594976214810629e+02
1.282863410682066387e+02
-5.247411023227113169e+00
-2.077751043401083564e+02
-9.241668798129197171e+01
9.505884678963188605e+01
1.737919105533865718e+02
-5.996143152885522909e+01
1.903247174007752207e+01
1.872994550433952838e+02
6.598130070106751344e-01
5.475780218419416201e+00
1.356555874904724988e+02
-2.879804544294117719e+01
-6.528352860441407302e+01
-6.266474441908664517e+01
-1.422093140317196136e+00
-4.025161289126193509e+01
1.112534816726831792e+02
7.694290080663989784e+01
-3.330054242871074877e+01
-1.497055984599039107e+02
-8.295783097152447283e+01
1.897461398114724318e+02
-4.230371275780513862e+00
-1.043680504611437527e+02
8.308908667490472189e-01
-1.189259624950320955e+02
1.306299998008915395e+02
-1.856624977817745332e+02
-2.868235524273968196e+01
5.115660825382573051e+01
-3.133341519133747255e+01
-3.099698141572260397e+02
-2.842000469657222084e+01
-9.153112418533939376e+01
-1.120696386780874718e+02
-3.730694858196826402e+01
-2.006961939161820396e+02
-7.589261279924014048e+01
-4.678215189025249288e+01
-5.248132122549074552e+01
-1.111122528075132294e+02
-1.375782552678601611e+01
2.075015696479471217e+01
1.035336679564756679e+02
8.734934007901713926e+01
2.381871599158218089e+01
5.503065104147960795e+01
-5.952325333485320158e+01
-1.551887190452379173e+02
8.145218273383267160e+01
1.320802655288267147e+02
4.113343869873205705e+01
-1.006255263889265805e+01
-6.485006890602285523e+01
6.311486777637954759e+01
1.163219557442942431e+01
6.152230930139062082e+01
4.883374828839978221e+01
1.487616853112227577e+00
-8.870601673967673406e+00
-1.711078206450824268e+01
5.215740106341565152e+00
-5.477125862099696008e+01
-5.016343618109321767e+01
-5.057457550491954379e+01
-3.340621801144092728e+01
-1.418483569825592872e+00
-8.691178895802400106e+00
5.131578144149873566e+01
-4.384055681193831155e+00
6.423224219588728801e+00
1.141118561173429384e+02
1.033611526442495432e+02
8.383612914385494719e+01
1.923749472765892676e+01
-4.955090921804556814e+01
1.860341391617422602e+01
-9.894505668390509356e+01
-3.588777152071079257e+01
-3.724994509555749289e+00
-6.583524314221541829e+01
1.663802486233068407e+02
1.449347660380683678e+01
-1.344145063037010424e+01
3.530620908582056927e+01
-4.757471037827010463e+01
9.482453606039025829e+01
4.982465831730473127e+01
5.752382517904487713e+01
-2.777265668541468102e+01
-4.751184848771401192e+01
1.511637890676474569e+02
-3.711873981672887624e+01
4.784491986694639820e+01
4.758529735602768795e+01
-1.610518784546829067e+02
2.240301045756187648e+01
6.946895565051089250e+01
6.154057666312192509e+01
1.579804043308287298e+01
-7.061465913323759835e+00
-5.542049461384399223e+01
-1.854468815988264296e+01
-9.548415908761157311e+01
7.749210109255932366e+01
