-3.954469746471112558e+03
6.098538706817158754e+02
3.487676654628749475e+03
3.858887606652233444e+03
2.657197304268906464e+03
-3.301253697816785916e+03
2.698763169590821690e+03
-7.502703130433129672e+02
-1.314524958603110008e+03
3.996541345696126655e+02
1.501056982481690511e+03
-8.436287068167119969e+02
7.320510293378557662e+02
9.055430606051224913e+02
9.885516220567909329e+01
-2.814045458658543339e+03
1.261393356632518589e+03
-9.300071280912074201e+01
1.795479519394004228e+03
-1.010866866077077589e+03
2.334981690383915520e+03
1.101606551733221067e+03
-1.392474811784673193e+03
1.010079302579143473e+03
2.681911723270450807e+02
6.847130782250758330e+02
1.013804069826161140e+03
-3.459637975318515259e+02
-3.293874986851047879e+02
-1.280641358807524284e+03
-2.329049868650251653e+02
-1.003040204457218238e+03
-1.419722951959107831e+03
-1.997937270968405073e+03
-8.973851870973284122e+02
-8.436996982250984729e+02
-3.856686302146006255e+02
-2.783303861504622034e+01
-1.185059571410073431e+03
1.100423951204995547e+03
1.331357405205596933e+02
-1.953816613303868337e+02
5.320518016085748059e+02
1.894590614948005168e+03
-1.388152877770557438e+02
6.133393897496134741e+02
-9.510148027781432347e+02
-2.995315087055132039e+02
-4.117380818049893776e+01
-6.398167895390558897e+02
-7.068954245083538126e+02
-2.128079715720639911e+02
-9.581374159518577471e+02
-2.550680200007872998e+02
-5.866792059944043558e+02
-7.408276500254331154e+01
9.220523288187874869e+02
2.690895137900697875e+01
-4.007548963087069183e+02
9.068542393262389396e+02
7.941202170695627274e+02
-1.077889573985757806e+03
-4.206499738008925533e+02
7.098812413175323854e+01
-4.826311247280160046e+02
2.946353261703486055e+02
6.428634771924428151e+02
1.985477257417624628e+02
1.091201384887201300e+02
3.065052183563308290e+02
2.921502228884299939e+02
9.663526168275968757e+02
-4.211464876173715197e+02
6.126070957107868935e+02
9.888851834363058515e+02
-2.771036824200369892e+02
1.657427709485133107e+02
-5.247858760491784551e+02
5.316739475540342710e+02
-5.255788980207267969e+02
4.019814962624868713e+02
-4.659048177151577192e+02
-7.140370272887996350e+01
1.982401517949172298e+00
6.705338782583843340e+02
2.828631397000453944e+02
-1.148615642435057680e+02
-5.423815470836287744e+01
-8.099756096649352344e+01
-7.166529231032873781e+01
-1.016309040813499394e+02
-2.588497584274782071e+02
1.576210492425360030e+02
-6.362103425738066562e+02
1.020356161701552878e+03
-2.587094218731852493e+02
-3.580262688724120608e+02
-2.367995193540385515e+02
-1.522341899182185614e+02
-5.432185265584699891e+02
9.552637614614702954e-01
4.877726863582440586e+01
1.341267520358769332e+02
8.168785284008168901e+01
-7.428516935787849107e+00
-4.307029327037174653e+02
4.978717474820811049e+02
3.125389876326025842e+02
-4.271856601849556228e+02
6.534117857673269327e+02
-3.087510668175229398e+02
-8.852594107923204092e+01
2.592137591213441397e+02
-8.619384336797514834e+01
-2.958863083306944759e+02
3.373432815648781613e+00
-5.383691026435302547e+02
-4.584023495867560314e+02
-2.798141310219298816e+02
1.591031387119288354e+02
1.053525495475287670e+02
2.785900876373505497e+01
1.393367272728157786e+02
-7.383635081518183085e+01
3.959505614411535817e+02
3.564490058901399294e+01
8.629620975470768940e+01
-1.523305423643719507e+02
1.448945879908546601e+02
1.097122426561964403e+03
1.306350375551993181e+02
-9.175616762374645532e+02
-7.780888397426066376e+02
5.345936324745056254e+02
8.042853054268955759e+01
-3.976188123038332378e+02
-3.537814969352129424e+01
2.165157700727753536e+02
2.126900918160047809e+02
4.599939981173503156e+02
-1.542298272981900311e+02
1.205107294995856506e+02
-3.643669518860271523e+02
5.788804205501195383e+02
-5.030992755529579767e+02
3.228103485973285274e+02
2.288383562540491027e+02
-2.933503653109191873e+02
4.415447621500970143e+01
-9.595878664402825109e+00
-4.153876771114951225e+02
-3.427214151681150156e+01
-1.416282437425497562e+02
2.006183911995766422e+01
-4.663489744821657155e+02
2.966976242822203176e+02
-1.004327730995245531e+02
3.057010369102944765e+02
-4.756660896568861041e+00
7.080060591602679096e+02
-2.188673463076360406e+02
-1.986280829072265419e+02
-6.146569242117410568e+02
2.337815604321526450e+02
-3.512857509150227315e+02
8.214247115554533707e+01
-5.974663688157696697e+02
-2.385931972401169503e+02
4.589437456176079309e+02
-4.960096654795543714e+02
8.649952997728199477e+01
3.964596718111501445e+02
1.150799564190669599e+02
-3.786202348779266345e+02
-6.003561694262834436e+01
2.931138212599226449e+02
-5.068840236030202959e+02
-3.890031835590934861e+02
1.134557203541635175e+02
8.704675609469306607e+01
2.670430393616086349e+02
8.667592581980549937e+01
3.579551389687781011e+02
-1.813872637215839063e+02
1.202701175330944352e+02
6.990269656505327021e+02
-2.203743894677113246e+02
-2.187347608044518665e+02
-5.061809430136388954e+01
-1.277858247837967411e+02
2.205732825397730412e+00
-7.139350973043791555e+02
1.047531092561276722e+02
5.837657654870420032e+01
6.440988205166635794e+01
-3.621920163205583663e+02
5.897396251930794620e+01
-9.841060124810522325e+01
-1.189735313971289798e+02
3.843829945756329636e+01
-1.329403521656718965e+02
2.228372639739439194e+02
1.549690180918515026e+01
-2.855070543581257425e+02
1.260814235221565838e+02
3.437155642393611288e+01
-2.727808548681235834e+01
4.064957276869512270e+02
1.882514203437294853e+01
-1.467995870336054907e+02
1.590441776770929039e+02
-4.867114362128168068e+02
-8.870311276018088620e+01
-4.282040639796216652e+01
-1.598668483451702116e+02
-2.018470174526676715e+02
1.131610536420431146e+02
1.243054633148970396e+02
-2.360099413781484259e+02
-1.064669360141668051e+02
1.294232120139017752e+02
2.582370398784442500e+02
-2.427450749554959941e+02
-1.853250537915187124e+02
-2.003215244474956478e+02
4.067192545279075233e+01
1.320289854480842564e+02
-4.551901508227598470e+01
4.778119535003390439e+01
4.911512378335657303e+01
-2.516260808376481748e+02
-2.792801149191271293e+02
-4.974481326582877045e+02
3.005473121455945034e+02
8.472101083938662214e+01
-2.770513896925984341e+02
-7.336897446920900734e+01
4.504912246761384722e+02
1.674109670289019025e+00
-4.055311688037953672e+02
9.685805883304955444e+01
4.113305568631162146e+02
-1.373494361808262738e+02
2.701243014361330665e+02
-2.420026146237529474e+02
-4.496045933986769683e+02
2.057398459582502426e+02
1.816871320665661358e+02
1.655217805996457230e+02
-2.511583715914030961e+02
-2.550900525329819288e+02
-1.193422841527362266e+02
-1.406565740316033555e+02
-1.185926480772868814e+02
-4.880335214186659165e+00
1.508427392908078701e+00
-3.722394390254792143e+02
-1.293806101227245620e+02
-1.361744975490200993e+01
-2.607348348168727625e+01
1.559021933976854370e+02
1.533638323355819182e+02
-1.176750607330971690e+02
-2.712418393571362003e+02
1.849434843972852036e+02
3.294870834133431714e+01
4.711569982533492862e+02
-2.357163250229641562e+02
-7.948911296361566770e+01
-1.815016695066715329e+02
1.962715933566383342e+02
-1.728584387583959767e+02
2.482395832611141202e+02
2.146820039885806750e+02
-1.723053503779973994e+02
-1.029013869991493522e+02
1.448308714628251721e+02
1.075328153665383155e+02
2.718171378756285321e+02
-1.866403373930594682e+02
-1.755967900638433434e+02
-1.190889400657370167e+01
7.481236965775884151e+00
1.357701413705743505e+02
-5.612352904187059721e+01
9.123214895923291579e+01
-2.290012909127813430e+02
2.954676541372401175e+02
1.349052042285180733e+02
3.406976820419841800e+01
3.124894126133019086e+02
1.126088476736833570e+02
-2.899384763002382570e+00
-1.735995755273109182e+02
-3.832052876016658161e+02
-8.236506385523533424e+01
-1.874294478422053345e+01
-7.732653497835845258e+01
-1.564426147054508647e+02
3.326224445800451690e+02
