8.743721003190381680e+02
-2.615897773216679070e+03
3.159606141939083500e+03
-7.673474014451654739e+02
-2.696215415245525946e+03
5.735869198585802224e+03
-1.860117901188912128e+03
1.020998494496114517e+03
-4.267439281482742217e+02
1.598986118993368279e+02
2.194174231369841891e+03
-1.639357226696399721e+03
-2.815604225289194460e+02
1.020619565006837774e+03
-1.079380869920582654e+03
4.885002956102189273e+03
-5.114585679552817510e+02
5.491213013021110783e+02
1.219842502423529368e+03
3.455865919424270942e+03
-2.414348327407537454e+03
-1.053337526769846818e+03
-1.820497396983047111e+03
1.122699556201972428e+03
2.785354470210740601e+03
8.487249755347877453e+02
1.622806734097328444e+03
-1.694922487910145890e+02
-3.790060612785010790e+02
-1.669439331587199149e+03
2.844428076602720807e+02
-6.820563038739724107e+02
-1.496016407874390097e+03
1.076754352378985004e+03
8.712155511449890355e+02
-6.001153062331453611e+02
1.523168163351217252e+01
8.336647245531401040e+02
1.919349332777152313e+02
-9.297625395126403873e+02
1.407332550260615847e+02
7.083109821490953664e+02
8.497442720207907314e+02
-3.733919083964250376e+02
-1.015397949661941084e+02
-2.692052357474315613e+03
1.041131382978299371e+03
1.200560431651674207e+03
-8.898152507604523862e+02
8.400961996580891764e+02
-1.755957183616489488e+02
-4.335939168439022637e+02
-4.875779269751836296e+02
-2.162543706341292022e+02
1.377552558247937441e+03
4.810503466018641348e+02
-1.181890673499089104e+02
-5.386772716104566143e+02
7.223827058800726491e+02
-2.726489540726826135e+02
6.622851581069656959e+02
-1.444053772944490674e+02
7.070042981106089428e+02
-1.326796788207708744e+02
7.059412658079106677e+02
7.558815784901235020e+02
-2.340782355806306114e+01
-6.499156705802880651e+02
5.913646740401245552e+02
-4.750020495050581104e+01
5.173837235461024164e+01
7.391634561001358179e+02
2.904685230581729343e+02
-1.061808602028341042e+01
-1.061118178193684798e+03
-7.114745229724049125e+01
3.750633361875417222e+02
8.303175210385534228e+02
9.331509444832362306e+02
-3.331759540779587496e+02
-1.699922079952794434e+02
4.765205623486056083e+02
3.057457322382774834e+01
-2.727559028612162706e+01
-1.115005134178374419e+03
-7.189067803053401349e+02
6.528358935510784988e+01
-2.296580126579647754e+02
4.896588648863251336e+01
9.884975932570958435e+01
2.517664003091629255e+01
-3.705611567384336240e+02
9.922930420423641351e+01
-1.501686047460661257e+03
-3.187776743305491323e+02
-1.254860179249356777e+00
-6.090796936248048041e+02
-5.146566101815876664e+02
-4.690270931853332286e+02
-4.870581805690551391e+02
-8.794244551200380045e+01
-1.084918470905326302e+02
-1.246372245450027663e+02
1.500339597730011576e+02
2.186320181145660229e+02
-3.480939587073090706e+02
2.659155298447344649e+02
-7.862159660561271721e+02
-8.521263216702486432e+01
9.270414759549775852e+01
-2.261506044201230168e+02
-6.660717800854114330e+02
-1.911869742314895802e+03
-4.789755409714432517e+02
5.148940363069380055e+02
1.973016618942955347e+02
3.318050672643931875e+02
-6.256058737187606766e+02
-1.032271147592109770e+02
3.946076429527604432e+02
-3.536607983090477205e+02
-1.334626723805295967e+02
2.570883394936537911e+02
4.990591784709748140e+02
-3.297793448790383195e+02
-1.973440284747313100e+01
-3.688021593643188680e+02
3.116976353896340584e+02
-2.880091798108546186e+02
2.193975063430640944e+02
5.756776816755270829e+02
1.314179595917832103e+03
-4.624343278088201714e+02
-4.927561129879122177e+02
1.685390426298679358e+02
8.374554628297154295e+02
2.367452249525212267e+02
-7.192480331173613877e+02
6.261335385413267431e+02
-4.165452683786743933e+02
2.625432952698014333e+02
-1.110928905856937092e+02
8.043366326311349894e+02
-6.539531947113148647e+01
2.650660051622301339e+01
6.766431590621446901e+01
-2.067157857368730589e+01
6.082780706114219811e+02
7.130229423564511535e+02
7.870314881924421115e+02
-5.434207981595940282e+02
8.406144108039256935e+01
3.517946723814040411e+02
4.601275515604650650e+02
-2.177830548370150723e+02
-1.592292381106180130e+02
-5.175065670012615726e+01
6.423117411612201977e+02
4.569328388425982723e+01
-4.746808512364913781e+02
3.010672436530159644e+02
-2.991014208799716698e+02
4.114186885347845077e+02
-6.206746195995157223e+02
-2.777742219599062068e+01
-5.026063759134880229e+02
-4.956483639217263431e+02
4.870335348714639281e+02
-1.412806746000808005e+02
-1.022573118305368212e+02
3.049084460613427723e+02
-5.801591689365352522e+02
-8.217946027825995259e+01
-9.008705042151505893e+01
-1.918512381287499693e+02
-1.103132471112091508e+02
9.964564735047076738e+01
-6.451802780392996794e+01
-3.416075449822189967e+02
3.564600237880536611e+02
-2.717530126691931400e+02
-2.072617192102950128e+02
7.993988757075674130e+02
5.142495259730299040e+01
-3.103893277850793453e+01
-5.875552112413814712e+02
1.969633356161053257e+02
1.329927711294318016e+01
-1.952965456148550345e+02
-2.456023574932149067e-01
4.925122168762623573e+02
-8.968732947169753515e+02
-3.988987148009976522e+02
-4.557043855213740358e+02
-3.258639133216427695e+02
-7.499441774661968907e+01
-4.419976628406849386e+02
4.643420777095556105e+02
2.757904035516123713e+02
4.814692701654343523e+02
2.622337960958867598e+02
2.169653549237488050e+02
9.590370552641937820e+02
-1.979696301779366649e+02
-1.112329263684206069e+02
2.617928781123022475e+01
-1.729687422846680818e+02
6.410027251325729480e+00
4.257187119799341986e+02
2.635008845040020447e+02
-1.666146536208678128e+02
-2.471340051506680311e+02
-7.285640991550830847e+01
-3.776873352425830035e+02
-1.942005491787749349e+02
1.153268069732235261e+02
2.029085031966395434e+02
-6.649309094843052037e+01
-5.114309460118399215e+02
-3.787866877626930773e+01
-3.265529772470158036e+02
2.030164520691579355e+02
-2.666804058537420588e+02
-4.237143873140485653e+02
-3.890113109932920032e+00
-7.781120406249176540e+02
-3.337180256889783436e+02
-1.782719893983336874e+02
-6.861299984777679128e+01
-4.781974231821166086e+02
-2.719694881270535802e+02
-5.472399250600620917e+02
-1.890315936444894760e+02
1.628331185619254313e+02
6.887192590446844065e+00
7.157140789778271994e+01
-1.178993949040370950e+02
-1.269481403250527336e+02
-1.870261084472532787e+02
4.205658885060350940e+02
1.988145025874555358e+02
-3.140333064190857044e+02
-4.940709147310706726e+02
-5.564305246196648795e+02
2.053941081362512762e+02
9.604646046899472367e+01
-2.666935976486136042e+02
-6.516845250056102934e+00
-1.914291246300337264e+02
1.383810246743377661e+02
7.582037980879119914e+02
1.442362041527532313e+02
5.963534691822452487e+02
-1.613570805904153644e+02
2.224137763301260975e+02
-1.117419588105127133e+02
2.543522278471656364e+02
1.020450174990023555e+02
-2.801169113336983969e+02
2.245149596187063707e+02
-8.362099258211729591e+01
6.871094059731432253e+02
-6.313527227786498770e+02
-1.765253980485142549e+01
-1.132888740489176627e+02
2.776734665566806370e+01
2.233498310596204703e+02
5.545062522216782099e+02
2.037158014206222276e+02
-1.139523309350975495e+02
6.184582087090464420e-01
4.163117355188699094e+02
1.941984333416717234e+01
-1.679306268178198707e+02
1.696304056235642008e+02
7.809206441606278304e+01
-2.628943682242916324e+01
1.320161049184509352e+02
-3.721441860858415112e+02
-1.048195188198864969e+01
-4.493185130489366657e+02
8.408220303758678256e+02
-3.908646962304494821e+01
2.149955252829532810e+02
-1.760306607957515723e+02
5.717601709520978659e+01
1.173435875582825929e+02
-2.054814421777700204e+02
-1.702365121792855120e+02
5.452898070571887956e+02
1.951653532916724316e+02
1.947202083441004277e+02
2.338933177918395074e+02
1.776506087609936628e+02
-5.658899642138059249e+01
1.926272696440183267e+02
-1.906731871155137412e+02
2.658643706789627004e+02
-1.544619923832943300e+02
2.846422950220657526e+02
