1.520724253600587645e+03
3.692613549236523795e+03
-1.897754324122762682e+03
-1.852596398655962275e+03
-9.749503194302396878e+02
-1.375780888505839528e+02
2.587224404302423409e+03
-4.574954451794465058e+03
2.350602413059639730e+03
2.802933555166403949e+03
-1.534766096878495318e+03
3.560369528002830521e+03
-1.735655040480816979e+03
-6.703578550032829071e+02
-3.341004090199160714e+02
1.374182663456944510e+03
1.320098313078418187e+03
1.915818288109191201e+02
-7.623243634141792882e+02
6.808994464934839925e+02
-1.257822098332869018e+03
1.506500353378503860e+03
-1.312225561613499849e+03
-8.043982389257130308e+02
1.669368734720570728e+02
5.563449457995462808e+02
-4.791599775343276519e+02
5.445840034138220886e+01
-3.098689642753938074e+02
-7.944653294234246914e+02
2.466030895590955083e+02
-1.477762839989922895e+03
3.435375843417983788e+02
1.825309076003711937e+02
-2.656319280757878687e+02
-6.848346153647776191e+02
-9.832724973946772806e+00
-9.513394363833617717e+02
1.151675204961066754e+02
-5.748092235282031197e+02
-9.407071693315675986e+01
-3.735639282082381101e+02
4.342443798435177769e+02
-3.189611721928863730e+01
3.713441533395520082e+02
-2.369489942145660848e+02
-1.236652959486813643e+03
1.194323523518616867e+03
8.303166569755757109e+01
-1.958945859395316802e+02
-2.866438460958308809e+01
-4.278602748062035488e+01
1.596917705709766722e+02
6.039975979031034967e+02
6.605379759150391692e+02
-4.113966285483121510e+01
6.291495459881630268e+02
-4.679809917521364468e+02
-8.478483719908770126e+02
5.081764982209004700e+01
-1.192599344737691780e+02
2.880877535386798058e+02
7.716543328600188545e+01
2.323588426181715931e+02
1.863262089806211748e+02
1.514632330120981294e+02
8.114292710460645139e+02
3.432945412452814082e+01
8.204992437245505243e+02
-4.112417281261795665e+02
6.709550417769180797e+01
2.397702103334511321e+02
-7.928734275733198729e+02
2.153010323571166964e+02
-6.027588383923108495e+02
-1.703318436205558442e+02
-4.263857908959164433e+02
4.788040762399089090e+01
2.382779297832203156e+02
-7.288131160714331713e+01
6.239105296560055649e+02
1.122059016879556914e+01
8.049170985171225823e+01
-2.313739413675820060e+02
-6.993590525125628119e+02
-2.364261901160309947e+02
-1.055760879664588856e+02
-2.767263744016148621e+02
-7.523784561438396850e+02
-4.753447158374256674e+02
5.359251685503624003e+02
-6.800756943774017316e+01
5.509104325049873978e+02
-4.356059543748750684e+02
1.201407736700553386e+02
2.745653730696986727e+01
2.860262135848070670e+02
-2.536987451983633832e+02
1.716923591055471263e+02
8.047202560790405812e+01
6.420053333247280989e+02
-2.655763144937995435e+02
-3.574614543299554725e+01
-2.285005887814417491e+01
-5.799199913302504683e+02
-1.271899606555305162e+01
-3.803237632455587232e+02
2.822224275847132535e+00
-3.185654386550825166e+02
2.977240643524858683e+02
-4.264187596319129625e+02
-5.851799480686823927e+02
-6.300550305886494016e+02
-2.036299571713076944e+02
-6.679056656235663070e+01
-2.482512665169061563e+02
-5.237196829155478639e+01
-2.046994231372660238e+02
-6.799229051594132898e+02
2.510018730625323542e+02
-4.346195806554926122e+01
1.479658828414007985e+02
2.128635036455544309e+02
-1.113638995997350918e+02
6.878049069452380593e+01
-4.626884738268775550e+02
-5.045068905023155139e+02
2.125576529904267886e+02
3.105424905922149605e+02
6.876700943769552623e+02
-4.340757138647014131e+02
3.090417898223534507e+02
-4.642658213260976936e+02
1.616779594018446176e+02
5.427336502543045782e+01
5.123835934223248501e+01
-4.534082960312841237e+01
-3.076960326042834595e+02
3.349628345226057036e+01
5.470359664135069124e+02
-6.535960912468873119e+01
8.864802213132976760e+01
5.031564200270534570e+01
2.970686898194268224e+02
4.569788286508698505e+00
-6.031335803730524248e+01
-3.545472642385585686e+02
-1.441137927230823266e+02
-1.018787739792121272e+02
2.732486844828261496e+02
-3.426768530043484873e+01
-2.732549644638243080e+02
1.267998929921332518e+02
-9.178101704572668496e+01
-1.711318908014762030e+02
2.331767685147135012e+02
9.794532683004720752e+01
1.232152972041336909e+02
-1.107160040884692886e+00
1.336406370515527726e+02
-1.046295771015764302e+02
2.569773766322848729e+01
-3.990509588473772595e+01
-2.599428318512993883e+02
-1.377222117080596604e+02
1.245166307278898010e+01
-9.005789674237129816e+01
1.853241755804043223e+01
-2.521733439401981229e+02
4.194151867995091010e+01
-2.103044758067622979e+02
-1.997074992888655629e+02
-1.390748320855371674e+02
-8.844165031141384858e+00
1.645832986185887847e+01
3.145300394720186432e+02
2.161241342369164986e+00
-2.043203122077350145e+02
-4.073714663656961932e+01
-2.433409569472434555e+02
1.760715277981200870e+02
-1.924178822865205802e+02
2.884721412616753256e+01
-8.022935765234819883e+01
8.452116498498206454e+01
7.105630179917793043e+01
2.575925469726222516e+01
-1.238301184840209856e+02
1.729021391014565978e+01
2.482527362605126200e+02
-2.019059072473111200e+02
-2.850777809714814381e+01
2.534507244837882354e+02
-8.996759134121670343e+01
3.826229258133154332e+01
-9.759356206976853798e+01
2.244713400980253581e+01
3.118712502222789951e+01
2.382361445868992291e+02
5.747666966639415165e+01
7.155272200872542676e+00
4.195113671132781263e+01
2.606504463831748808e+02
-1.152823823186994368e+01
1.717730522182724329e+01
-2.020090646088962671e+02
-1.518602903681568606e+01
1.937517329808140687e+01
-1.299049549235327561e+02
1.989363783104554955e+02
-1.759040213923298097e+02
4.128813601067494732e-01
-8.152006115868492486e+01
-1.063339625418346372e+02
-2.536716210476393485e+02
-1.647586636808494731e+01
1.044885965926204108e+02
7.739966045709304865e+01
4.246318969868563187e+01
1.534218092648203822e+02
-4.243684824901334309e+02
-1.182593271030569042e+02
-1.718723769581405350e+02
-1.072190795726778987e+02
1.119722165760495614e+02
-1.921880206455057873e+02
5.529077494286948991e+01
-9.224272321694188292e+01
-9.550161037757071369e+01
2.049971594695022503e+01
-2.534033856223294379e+02
-1.457151290016951748e+02
-3.701494877115604965e+01
-2.282251490291551477e+01
2.997880017096738925e+01
-7.352586655831497353e+01
-2.494927196050491958e+00
1.378932910681313615e+02
6.771884336259000747e+01
8.217757106079004004e+00
8.191359163164439394e+01
-1.541210483296479765e+02
-1.830141360032893658e+02
-2.241413941384051611e+02
1.449166808836409182e+01
1.638476102807455703e+01
7.120394684674991481e+01
-4.685732029340237403e+01
-1.196475675253482862e+00
-7.282402678654966621e+01
2.670822622746422894e+02
1.037784775500502406e+02
1.123212548238413859e+02
1.477019139000243513e+02
2.364418292876688366e+00
1.583212381434807980e+02
1.856556882536721176e+01
9.304046775605996800e+01
-1.508531252053515459e+02
1.326892181823134536e+02
4.679798769433934069e+01
1.326748533771396410e+02
-9.428603231134049167e+01
-3.228172172232748949e+01
-7.975073156852066347e+01
2.088548444716388985e+02
1.923994051980479014e+02
2.812990735200999097e+02
1.003220480247922239e+02
7.331126508989734702e+01
-1.277936629462308105e+01
1.540323126061367986e+02
6.073729392121080650e+00
-8.401454596854154033e+01
-9.147419820189687911e+00
1.636787639363987168e+01
2.553453132656127877e+01
2.015322938620093396e+01
-1.708475693737015604e+02
2.807389920285516993e+01
-1.892484324435285146e+02
2.370673055224457215e+01
-8.799149295178368391e+01
8.912247585650638371e+01
-2.690677219032599510e+01
5.518365671758873958e+01
2.082963400468298687e+01
1.018643734677659154e+02
1.421367411494843509e+02
2.523678651955488306e+01
1.493134155061865087e+01
1.578004584341690020e+02
1.157657768336154618e+02
-2.968038536046661235e+01
1.092443351485164840e+02
9.121352572406952675e+01
3.731570857479452030e+01
3.756876664309743319e+01
-1.553766347561102457e+01
1.381990696019052507e+02
