7.210131225500063920e+03
-1.552239528018052397e+03
4.563849449202770302e+03
-2.247873243646552964e+03
-1.767526944534434961e+03
-2.121911790078038848e+03
1.488501510073510644e+03
-1.518269716707091675e+03
2.244719465526418844e+03
-1.328052485503427079e+03
-1.050984341065005765e+03
9.510044444690969385e+02
1.564942161400636223e+03
5.271474057549972514e+01
2.876924644602618031e+01
-1.191341362895124512e+01
-1.001820648078886279e+03
2.301923064973636428e+03
-1.007224465093908634e+03
1.170374768914377910e+03
-1.561468898025407952e+03
-2.552955909033267744e+03
3.920567185702136612e+02
-1.141806120811546862e+03
-5.868325449766258544e+02
2.425569226400468210e+02
1.906305805364732350e+03
-2.406878464172104657e+02
-6.922957043613042742e+02
3.590541529627504360e+02
-6.589195769524408774e+01
-2.108947939191885780e+03
-1.945622139764664382e+02
-9.214714477629431144e+01
7.437432439587068984e+02
7.739554754874892524e+02
2.342885243229994501e+02
7.933499016373074255e+02
-1.305551507270623404e+02
1.077499686963846273e+02
7.357483141196181009e+01
-4.560438667676723981e+02
6.620893180038978016e+02
-3.041855044976293598e+01
8.951837291035438966e+02
-3.643537855616662000e+02
-4.152746263807409264e+02
-8.020503409297976987e+02
-6.319680291461883144e+02
-3.893056167520891222e+02
5.653033033993652907e+02
5.904838184968455153e+02
1.026774612751984023e+03
2.491287269042225887e+02
5.892803118846072721e+02
-2.748477257935506373e+02
1.873908635383018009e+02
2.421589905339829727e+02
1.001555841163677997e+03
4.036381547637630547e+02
5.969924264488721377e+01
-5.497130794556438786e+02
-7.786629524930938260e+02
2.575177664269532443e+02
1.930464305916091234e+02
2.947807643452871673e+01
6.037831949390883892e+02
-2.456190852859593292e+02
-4.908824546954560901e+02
4.448663214901882270e+02
-6.100779437135633998e+02
2.060078152302471324e+02
-1.536196070215527811e+02
-4.482272502982003175e+02
2.605080886341430073e+02
-4.167098620031437690e+02
-6.221357604235251983e+02
3.195152917378388793e+02
-2.217402929460616576e+02
-2.306214928572345571e+02
2.911782911697087002e+02
-3.835316881648039953e+02
-1.688962195695331729e+02
-7.075068020862752292e+02
1.895978253818174153e+02
-3.522350365149646336e+02
1.814211008178939721e+02
2.133107654257706827e+02
4.635522755265208161e+02
-4.486695312956081949e+01
1.850584247645974756e+01
2.446989694059120666e+02
-8.943124709394241734e+01
-1.196161442012995906e+02
-6.283805961274547514e+01
8.941561820587817522e+01
4.647277390599058435e+02
-3.118058010825495217e+02
-4.759400236173059966e+02
9.970534424739496160e+01
3.288322357980422908e+02
-8.603189426399723061e+02
-5.420722427522049429e+02
-3.003896183253472714e+02
1.934926865931612394e-01
-3.678978630605974445e+02
3.481762166909185794e+02
-1.106734591334147844e+01
-1.848290050025474685e+01
-4.811172255003913278e+01
-3.275050561292954399e+02
1.042299150998058224e+02
-3.898896015910352730e+02
-5.718948796011768536e+02
2.107176992526622428e+02
-2.248802824405310048e+02
-8.510064463471485041e+00
7.969533964928402270e+01
7.498435303850138212e+01
1.982207680252867021e+02
1.524263777183163882e+02
5.189306335495123221e+02
2.350269347190479721e+02
1.190320019596376682e+02
2.969422130980004795e+02
2.748685644988835293e+02
-3.643060142486023665e+02
8.186329031111485222e+01
3.263113531180810014e+02
2.388757577107342343e+02
-3.252767324356425434e+02
3.370410636790293211e+02
-1.630785271656860971e+02
4.753802437125125380e+02
-6.780433766979903965e+01
-2.461910651429535051e+02
2.129778873326814548e+01
3.364269894714363573e+01
1.094934761423699854e+02
5.420429104055833704e+02
7.427897654753532208e+01
4.518291384299565294e+01
-1.964156343981793498e+02
4.523340577556875246e+02
6.328878410047389380e+00
1.616511109507759727e+02
-4.353699441096738099e+01
-1.747551097588655296e+02
2.768966107911328436e+02
3.454894355517411952e+01
-2.122225932829905304e+01
4.820605498307151038e+01
2.279089428278619209e+02
-3.653713401322587373e+01
1.564926249240353116e+02
1.404972934413128201e+02
3.732424397546627119e+02
4.429724979141932408e+02
2.255797402419160136e+01
1.412432296062123385e+02
2.216577487713770367e+01
5.630223516722411148e+01
-1.158567203072884411e+02
-2.474895903489192790e+02
-6.224508620475304177e+00
-2.952242358056671634e+01
-1.061231306972190680e+02
-8.770169524199555156e+01
2.282898642654236028e+02
1.697163431531818105e+02
-2.777630893625587873e+02
-1.096387161964305079e+02
2.785876645751510523e+02
-1.439086404461687039e+02
1.996766081711762126e+02
-2.479940634030419844e+01
1.871274567754711171e+01
-3.028818989559221109e+02
-9.707730998299773262e+01
3.321794813691562922e+02
1.515032183500012195e+02
-2.034296694202072615e+02
1.019046825389675774e+02
9.530934897729720490e+01
-7.550318724986676777e+00
-1.482517452197640182e+02
4.474831548415215110e+01
1.945120732061918432e+02
-8.372459027399395382e+01
-2.085763406659067414e+02
-2.004408983482094087e+01
-3.627644454499549624e+02
-1.553408901202536185e+02
-1.502565289312941843e+02
1.898215135208801314e+02
-2.084512888046391765e+02
-6.139282109339831806e+01
7.138549102063379337e+01
3.229470955639189924e+02
-1.608657922597351728e+02
1.583771076434023151e+01
8.478978297280384879e+00
1.787029733666303457e+02
2.747489874653651896e+02
7.661431598506463558e+01
7.405729506580607335e+01
5.973142997127740017e+01
-7.476171496520962023e+01
-1.300017610116304638e+02
1.319889251120894187e+02
-1.694714435046608685e+02
-1.345474657511319094e+02
1.585081821728446982e+01
-2.514366908030508085e+01
-6.330039751809660054e+00
-2.350359683953042378e+01
1.595027431744938156e+02
-4.581738140720021590e+01
7.016418060788014444e+00
1.241390170126074679e+02
-1.232256734449074571e+02
-8.159157166460066435e+01
-4.099165553320749211e+01
-2.175212092910681179e+02
5.558886925700075921e+01
-1.036640072645573412e+02
-1.368624109442610006e+02
-1.464218729494706395e+02
-1.065733963811528753e+02
-1.247467603890162593e+02
3.492205673102841246e+01
1.398177171692184686e+02
-3.247781450356542905e+02
5.179177613573921235e+01
-4.168841695315944662e+01
-1.165817049118753062e+02
-1.355117396806349745e+02
1.089549070182244321e+02
6.774018534106005518e+01
8.983425532160607574e+00
-5.327716226571951097e+01
1.387005924809245982e+02
-1.341207462812789117e+02
5.037092200504699235e+01
-3.182540585192086979e+01
-5.543665662549492623e+01
4.163573299932686211e+01
3.855665317815424231e+01
-2.904253297341427853e+01
1.581344677066755899e+01
-9.990459322193638059e+01
2.209662131107228049e+02
3.521625907777721665e+01
1.821571609271449006e+02
-1.851370301268192406e+02
-3.261068088109893637e+01
1.873867048595515996e+02
-1.769474918997237367e+01
-9.046524743878740082e+01
6.686971783323498641e+01
-4.638396572941374529e+01
2.032030867938991605e+02
-1.603911296848484653e+02
5.294247658260191969e+01
-6.704183100495217218e+01
3.531499016407702385e+01
1.959389258389470569e+02
1.442178712450665898e+02
-7.709375026592984170e+01
-9.162585517177495831e+01
-1.280191779849347995e+02
8.563900628911871138e+01
7.664660798922832896e+01
-5.025093202114765489e+01
-2.302771013403566513e+01
2.980946703707095580e+01
9.157881482473909784e+01
9.967204586711774539e+01
-5.707910758001239060e+01
-1.466434590435085283e+02
-8.625172482637010773e+01
2.481628618109158069e+01
1.439168000436556270e+02
1.112036702383730074e+02
-2.488964066656743768e+01
-5.053148899201825373e+01
1.154630191488256941e+02
-5.023725519271491180e+01
4.172907302007352826e+01
8.454165443249681289e+01
1.013578292231695954e+01
3.861792753236636067e+00
1.225161768680386132e+02
-7.413785675293819111e+01
5.110704663337199349e+01
4.342221444889483450e+01
8.818264479280746571e+01
-2.909908094018479474e+01
-2.955288989188359849e+01
1.191283916958729492e+02
