-2.024769178160162255e+03
1.722627520565358964e+03
3.658587802600690679e+02
1.144631382868862147e+03
-4.124657660940928508e+03
-1.390910634193190162e+03
4.695516200711076635e+03
-4.681115378865953971e+03
4.035799790230617418e+03
2.368282299684871646e+02
-1.634968265228310656e+03
2.570765266222723312e+03
-2.401121147618885630e+02
-1.136959336363563352e+03
-7.922411066600428740e+02
-6.389589678646502762e+02
-1.694822213022685219e+03
1.778355378181958713e+03
-5.880787543625640410e+02
8.362068918139224252e+02
1.016035575151230091e+03
-5.255218852595525050e+02
-8.517390045834673629e+01
-1.447606907088463231e+03
-9.947947428169984505e+02
1.205637258512491883e+02
-1.025432963278150737e+03
-5.668000209881573710e+02
-1.487219119251287793e+03
9.919458447204824836e+01
-4.638202512199494549e+02
-1.521611277763862745e+03
-4.700208642184925338e+02
-5.966995893568087013e+02
2.855146431116266399e+02
2.359752439208059798e+02
-4.801343542037562884e+02
1.257904795388315904e+02
4.747409281733779949e+02
-1.647934029272713587e+03
-2.942139643831467879e+02
3.192167923067057700e+01
-2.154492981952513730e+02
-3.590982849787676514e+02
-5.969308203548463325e+02
-4.705871354521254943e+02
8.802431134844628957e+01
1.567448458068718764e+03
5.926305249551950283e+02
-7.563928925668438978e+02
1.504158583801092561e+02
-6.831201220940499752e+02
8.422947392369309227e+02
-2.596705641227118804e+02
3.973341096434149335e+02
2.631183790346867681e+02
7.867986815803138825e+02
1.828698394205983391e+02
2.202847721361065112e+02
-1.761990540950793047e+02
-4.375262862007644458e+02
4.397171033858650162e+02
1.114684075134323109e+02
1.249956995436036493e+02
2.088079343671479080e+02
7.602815847635329192e+02
1.723062119773158884e+03
8.096677568729144241e+02
4.372927814509708924e+02
7.335396290787393809e+02
-2.556833902308089890e+01
-1.189184542026658988e+02
-4.274728357458542405e+02
6.939606229547765679e+02
-7.272488625742555541e+02
-7.485468178602134230e+02
-1.087846357203792650e+03
4.315630731732896379e+02
1.370821867345838427e+03
-5.211869241938567257e+02
7.463417820290138707e+02
3.490027198661100272e+01
-2.608205114325647855e+01
-9.612597722070825057e+02
-1.211067958622787273e+03
4.105387108752875633e+02
2.290398398427369671e+02
-2.533847055205976062e+02
-7.309945858283058442e+02
1.398477953547163111e+02
5.803601934725053297e+02
1.886832912741225998e+00
-1.015231867972251365e+02
-4.986065059433605597e+02
-4.779341137729929301e+02
2.757649731586988082e+02
1.016405011865958983e+02
-5.815568914986538402e+02
-1.479764328189430387e+02
1.019074889609232599e+02
1.148674916536858746e+03
2.149576802920956027e+02
4.972893288896201511e+02
-1.678236810439951796e+02
1.508618190295326258e+02
-9.305348645729641532e+01
-4.352710714234900706e+02
1.076271024149743027e+01
-1.103470664677840034e+02
2.676778302352602168e+02
-1.069850438207492971e+03
-6.011949451566615608e+02
-1.039537983769675975e+03
-3.165210407802959480e+02
-1.522655766756802898e+01
-2.050998214734305236e+02
8.898797828597744797e+01
-3.281675517751579036e+02
-3.836991876654447537e+02
4.335733767426483496e+02
-2.631300444674266146e+02
3.523015726389920133e+02
3.062621290005805577e+02
-7.808754989357845622e-01
3.106941142952663881e+02
-3.916330198139861523e+02
-6.194785193998147861e+02
6.388915030355206000e+02
2.058345020922676269e+02
4.564411227763701504e+02
2.350661764194412342e+02
1.139620825741978706e+03
-2.108114782240674572e+02
-3.501758308570138638e+02
2.476434313555109270e+02
4.398988839098153676e+02
2.243618921453374355e+02
-6.305908198532491724e+02
-1.992806765705523731e+02
7.265355493034837764e+01
-2.689307720774609720e+02
6.748370190129088897e+00
7.605342278816693806e+02
1.530448474331873285e+02
-3.141424929762967508e+02
-1.681829505389622454e+02
-8.400231491078138788e+02
-1.108854469324711971e+02
5.985182466120892286e+02
3.471860583869795960e+02
1.062166818127276997e+02
-5.295512673888333133e+00
3.662175832692888093e+02
1.413202740517720315e+02
1.127843703641184447e+01
1.023304659162622414e+02
1.400544581183996797e+02
5.686289145729676875e+02
3.511592388622128169e+02
-6.152221413204915734e+02
1.601484512185722906e+02
1.970194370759777058e+01
2.202784281132162221e+02
-3.719109066513929633e+02
-9.676121243489711787e+01
-5.635519247261190685e+02
-3.328493847709428906e+02
2.779083166934227620e+02
1.622532436567377090e+02
6.173311903400747269e+01
-1.336977491889065277e+02
-3.879530411412851549e+02
-4.287587350316409811e+02
-2.263638092378106421e+02
-5.020954531495907531e+02
2.209578873418267619e+02
4.493598606411879928e+02
-2.390795352055197895e+02
-2.495048041532408547e+02
2.101702599073893651e+01
3.802409094800891580e+02
-4.951526482777217666e+02
3.101650182987073094e+02
4.118573587830009615e+02
4.729750652845577292e+02
-3.319987901705301283e+02
2.235190155385264177e+02
-1.200344409549879430e+02
-2.889257513434802718e+02
6.779705436660482576e+01
2.464177990112177383e+02
-4.706336367307326896e+02
-4.037752500180654458e+00
-2.105882774121139107e+02
4.811784646936127530e+01
1.200432781733718883e+02
-4.734760005585917497e+02
2.758867115613978171e+01
1.793104596619176050e+02
1.071701986579329571e+02
5.491761219124033744e+01
-8.901511219641835737e+01
8.532794505235697216e+02
1.256119780580809078e+02
-2.630063179095462722e+00
-8.331272646574971930e+01
-4.273482324546903897e+02
2.535183881953038565e+02
-2.706002179990987315e+02
4.350135846625127556e+02
-2.729410796090749045e+02
-6.124646011674514057e+01
-2.431123561024664923e+02
-1.988944921157520582e+02
-3.934848280502349667e+02
4.773716901156640091e+01
2.333354777011420822e+02
5.044754548900583302e+01
-2.403217454210862343e+02
2.257898177732178340e+02
-5.475187357465481455e+02
1.947305051288817594e+02
-5.037189065411839124e+02
-4.228068928581926684e+02
-1.279831406983568485e+02
-7.732552694695427817e+02
-4.292840660854831754e+02
-2.069975331747048131e+02
-1.588632910949227153e+02
-2.611591723832626144e+02
-2.972312580572141769e+02
-4.600338561105563606e+00
-4.895099498621659109e+02
9.255644763929849717e+01
6.611383128698437872e+01
-2.351941569608567306e+02
-2.293549644539822907e+01
4.264498800222571049e+02
6.846064865955914058e+01
1.759687207821606592e+02
2.586266997233720417e+02
-6.413415459666998686e+01
-5.778947258868788595e+02
-3.496565698952043704e+02
1.194326051321151816e+01
2.155238166005791811e+02
-1.194942914522447808e+01
-1.777363313493538897e+02
-2.860022365268399085e+02
-1.223949043657250542e+02
4.293452716767735637e+02
4.742052155447081532e+02
4.986659886248996258e+02
-7.627983892672918387e+01
1.841832721699788635e+02
-1.746155466945371302e+02
5.563372188401965701e+01
2.389629575111990505e+02
-8.163180426057068928e+01
3.444725631238538313e+02
6.527945710614528707e+01
3.025723012904299480e+02
-3.644450070794692920e+02
3.404307007085280929e+02
-3.587835612282866404e-01
2.446335058356021364e+02
5.479201904136658641e+02
5.578427167939112223e+02
1.286496927696520842e+01
-7.757435195931275018e+01
8.185457293557208303e+00
2.838530842914536834e+02
2.026741164442574643e+02
-1.927853296046470462e+02
-1.608969653146037571e+00
2.616290108903709779e+02
2.372479308478247333e+02
1.876269729956952403e+02
-4.211336660812894479e+02
-9.363156999849691431e+01
-5.395148233479926603e+02
5.511496676941212627e+02
1.407365564836798342e+02
2.115992872006361267e+02
1.076094715947950107e+02
1.046323788842268243e+02
-4.443476455733367914e+01
1.093077431580686323e+02
-5.952241294032724994e+01
3.049794642541875191e+02
-7.917503091941487980e+01
1.460395266887195476e+02
1.140325621960991356e+02
-4.890761840963284612e+01
1.278771200633646146e+02
1.300249236548122553e+02
-2.500934403711886844e+01
1.865296031207356293e+02
-2.277179750194690939e+02
3.239469310332529517e+02
