-4.917718767173028027e+03
-5.778229689049354647e+02
-1.280852640068791743e+03
-2.433597085160132792e+03
3.081830687433882758e+03
5.015636635575057880e+03
-1.460154310737279957e+03
-4.156715407710555041e+02
1.214914652107063603e+03
-2.274786514303926026e+02
-2.201017192319354763e+03
4.611208853061358468e+02
-1.268241182051612412e+02
1.272819729396692082e+03
-1.619981088787486215e+03
1.485043052092411017e+03
-3.830539645543127563e+02
-1.033572838809931454e+03
-1.177030404731899353e+03
1.094384047592577872e+03
-1.454745591040372801e+03
-4.070877184364167078e+02
-3.833505639906161377e+01
-3.206362814059467382e+03
-7.909369630503548478e+02
9.413903596623283647e+02
-5.264375478299926954e+02
1.685981466975546937e+03
5.715305560160193181e+02
-2.533222175096126421e+02
1.404935339389246337e+03
-7.773283516528950940e+02
-5.925789869042457667e+02
3.066017697189815294e+02
1.048412958379819173e+02
-1.202330112479333820e+03
1.054698147509145429e+03
-7.165434896345198013e+02
7.423197827801918720e+02
-1.030604243327017855e+02
-8.264843520889344290e+02
1.565938210120173835e+03
1.565758080233073997e+03
-4.379024816782030030e+02
-1.614311467478240502e+03
-1.006200967597283693e+03
-1.965674909364014184e+03
2.516920160795941115e+02
9.702853014369211451e+02
-1.551148644993404560e+03
-5.815561264725083674e+02
3.255243753241808236e+02
6.899377435419287963e+01
8.402343601202227319e+02
7.490894854494324591e+02
1.112962106409313265e+03
-6.402019838970899457e+01
2.534179308165565203e+02
3.291789700233102849e+02
-9.417020323974410303e+02
-1.820839906813398272e+02
-1.946457291317699685e+02
9.879743417486313319e+02
1.323755848604416485e+02
1.721011415579534116e+02
1.188597876954172534e+03
1.001252261528829081e+03
4.027507671168993966e+02
4.369076819936698826e+02
-6.911678036628406971e+02
-1.979131521744440363e+02
9.370263420453832737e+01
4.662026759844473531e+02
2.774561889942535799e+02
-3.971764703903356803e+02
-1.930818574970047621e+02
-4.126488387084702225e+01
4.385668737736010598e+02
-2.946763277675062795e+02
1.586431036071720087e+02
-3.385407201547445055e+01
2.858890202459775765e+02
2.546194061836818037e+02
-1.913370265872429172e+02
-9.684349191613630126e+01
-1.918776170341897966e+02
-5.284451195477534924e+01
-2.270473220243501942e+02
-2.671779488722851283e+02
-1.493778008271964950e+02
4.076271241425925496e+02
1.621377987715572431e+02
6.804404833919671773e+02
-4.059350468277590380e+02
5.169050485738996485e+02
2.597779700908677469e+01
5.750712678246600262e+02
-1.996223395924549493e+02
-2.751496941392856570e+02
2.188690018248491924e+02
6.795160201922178089e+01
-8.314796821363447066e+01
2.129907440168795461e+02
-3.141719380608981851e+02
-2.286338241247238443e+02
-5.518039827568325109e+02
-1.661014636672849463e+02
-1.156884189565001719e+02
3.348456808877442086e+02
-4.044265734015315843e+02
-1.285524318310393426e+02
-2.848008653556583880e+01
2.857546504198012940e+02
-1.241675534470844582e+02
-1.404320174040967402e+02
4.051906125431976875e+02
2.031824382701232707e+02
-1.998758811415740766e+01
-4.442224720856060003e+02
1.711676267105722218e+02
-6.938152952418992925e+01
4.893735579294606168e+02
3.988137955821058540e+02
-4.977951769106848587e+02
1.743959690588324918e+02
2.337375416180817354e+02
-3.443201223906692121e+02
-4.386310114232505697e+01
1.300384633082787218e+02
-9.121280335228856018e+01
-2.121823021287443396e+02
5.880541165755703332e+02
2.157283395270965229e+02
-4.286134015724863389e+02
2.040094409515741916e+02
6.112149609767103584e+02
-1.473430257819859150e+02
-9.613803773562366928e+01
-2.392589332265897042e+02
1.005238094001763187e+02
3.231292146148420557e+02
7.533906730754354442e+01
3.399731329827997683e+02
3.885921943856096732e+02
1.796327807847837903e+02
1.529205296246171315e+02
-5.518782773847742646e+02
-3.007283262193523115e+02
4.392215179765697144e+02
-2.332756711076756773e+01
1.517723750355287677e+02
-2.339821780518880701e+02
-1.468095853382195344e+02
2.939671684081902185e+02
7.790451493280360751e+01
-1.406081564338780652e+02
8.001777014622815898e+01
4.062264320021326398e+02
-2.983990094844431837e+02
-6.500658928085719026e+02
1.408642757818028315e+02
2.168598795225643698e+02
2.920292519779759459e+02
1.108189029042949585e+02
1.262252037976547143e+02
-2.086456899422271363e+02
-7.685652300494233202e+01
1.644781835993051686e+02
3.894273534305056046e+02
2.417972233673636993e+02
-2.575599562126720912e+02
-6.558792731397048783e+02
-3.625877455555956885e+02
-3.518800627900648692e+02
-1.444442896004281351e+02
-2.233420189511415686e+02
3.391911012070646620e+02
6.566094364782341017e+02
-3.525925318295596611e+01
1.599144014333723192e+02
2.318237793709220966e+02
-5.637642983603017655e+01
3.415704318268195152e+02
-5.746196716025896478e+01
3.166144077182727301e+02
-1.326527083901699200e+02
-1.248769295942762483e+02
2.388992733107399431e+02
-1.823696299349122683e+02
1.293707323449935700e+02
3.928735387133353640e+01
6.624133406180026995e+00
-1.326858841853227204e+02
-3.588838591536435842e+02
-3.026872111809314561e+02
3.816296960710263306e+02
-3.428969406909720874e+02
1.207064577192307127e+02
4.849491985941890704e+01
-8.546430573028290212e+01
-2.613032927479378031e+02
1.425198987002119111e+02
6.552415405863264652e+00
1.046214680849601990e+02
-1.796818488737773833e+00
3.226091393796366447e+02
3.247192304048648737e+01
1.390477450853075538e+02
-1.547051027480903826e+02
2.363428476215491969e+02
7.819240956605001713e+01
1.896412828066887073e+02
-8.790414423020439472e+01
1.917036242262924475e+02
-2.496690106636663700e+02
-6.696345368327389735e+01
-5.141711717631228140e+01
2.421857789419046867e+02
-3.076633490908783486e+01
2.233111080173580092e+02
-2.829383776707723541e+02
3.828876271504456241e+01
1.221520157026259028e+02
-6.389573298892550923e+01
-1.596654633439917461e+02
-6.686398284203986577e+02
-1.883591611694454571e+02
-5.900792375771460740e+01
-4.277017432947631050e+02
-2.534334147775928443e+02
6.689571462404310864e+01
1.482734906396025281e+02
-6.131036204086689878e+01
5.689474081517140291e+01
-2.489094746604980912e+02
-2.956436288427487113e+01
-2.913167892139816217e+02
-1.556217202222848073e+02
-1.713628119237158387e+02
1.981793281090295693e+02
-2.978624176688286340e+01
-1.836274386204278244e+02
-1.941832313451460550e+02
-3.691639099294449693e+02
-7.786796970954155483e+01
3.459002916202422853e+02
-1.626603870586862115e+02
4.309050329268949753e+01
-1.658689604090302794e+02
1.231263227508737117e+02
-1.373962490188098684e+01
9.130461843753775497e+01
3.362020677555951806e+02
5.028917419143559897e+01
3.157720062961836902e+02
-1.334189320895917490e+02
-7.279581823965298781e+01
1.366976623772946766e+02
-2.055956486461273016e+02
3.700603803209543941e+01
-6.235222661749853046e+01
-1.344164257235493665e+02
-4.301554886375820530e+01
1.713377350072314016e+02
7.094699697881379663e+00
5.318272030863626654e+00
1.887798359370721357e+02
3.367954913223397853e+02
2.369997921327685049e+02
8.597020647107046898e+01
3.104987753762683838e+02
1.651638534840733286e+01
-1.042980447297709929e+02
-5.694188959711365072e+01
7.469232343338825686e+00
-8.468777674504936215e+01
1.469053060589070867e+02
1.853998649257768534e+02
-1.629153470110429396e+02
-1.977688650223698730e+01
-3.449067474577365147e+02
1.312168138136880771e+02
1.862710833178963412e+02
-9.532102018649092656e+01
-1.907049805358142862e+02
-3.956347335763762203e+02
-3.268262720734273596e+00
-1.205734215292908296e+01
-1.615774767791047850e+02
-2.251637161178874180e+01
-1.586581245426120006e+02
2.026706591624418365e+02
-5.151312704905061679e+01
-1.260407064259511003e+02
2.907638073511187145e+02
-1.548501407186686549e+02
-9.787396009830443688e+01
1.024284763028622507e+02
-3.369053026706004061e+02
-1.388879680812550355e+01
