-7.766306690895064548e+02
-3.154460521163392968e+03
6.176715032820122360e+03
-7.096759720604825361e+02
-2.660865392189271915e+03
-1.594663514148053309e+03
2.728580156497843291e+03
-3.406064263441443927e+03
1.183749289352852657e+03
2.388364510467290813e+02
1.129716680928941742e+03
-1.605279098138012728e+02
-1.062724213501809572e+03
-1.435466852912798004e+03
-6.053083026165758156e+02
6.032247512184800371e+02
-3.756601169144266805e+02
5.468241084612156556e+03
-9.888004712194266403e+02
8.869509142510804622e+02
-9.789886189075525635e+02
-1.709248314641359627e+02
2.262444204240406179e+03
-4.312056013324489072e+02
-4.420836578001586759e+02
2.612562789705785349e+02
5.933662771438720256e+02
-7.468412667439497454e+02
6.024723562984869432e+02
5.192121050363205086e+02
1.116866774854604273e+03
7.771741479179231646e+02
-7.000589272883427157e+02
1.266302779948358648e+03
8.577729031076106594e+02
-4.633860559577539107e+02
1.512987347647301931e+03
2.856977050004416583e+02
-1.346515752741456708e+02
-1.445414582086725886e+03
6.953213804520719350e+02
4.939449379188943681e+02
1.506625905780867356e+02
8.023312159170491213e+02
-7.104808842565287819e+01
-1.625686507099485425e+03
1.096640906188714780e+03
-7.834896243120126655e+02
-1.144415334848923294e+03
-3.114778615853719046e+01
-6.376136573921658055e+02
-2.734895354308852689e+02
5.665006404234674164e+02
-4.698551422914886757e+02
4.482669155180694815e+02
-1.653619390679315870e+02
-1.748550040300227693e+02
-7.860884518124937586e+02
-1.035973760239553485e+02
8.878539479389773987e+02
2.411095336028062253e+00
-2.494978503704083721e+02
2.998650981823234360e+02
3.639047826769905214e+02
-6.997910049799755825e+02
9.380237001805450348e+01
-3.968928343891498116e+02
2.697427578975332949e+02
3.699599772200036796e+02
1.022565073602557050e+03
7.747677461226193145e+02
3.974845193228400149e+02
6.667135515022911818e+01
2.912210639648687902e+02
4.970508230803480387e+02
2.132179020679957091e+02
1.517080313391304287e+02
-2.140172964071491606e+02
-1.216891811827546732e+01
-3.025443329103918018e+02
3.139635033221761660e+02
5.653310395659382266e+02
4.416572468128596824e+02
1.263966194179960212e+02
-1.745618722902551667e+02
-2.184413469280258653e+02
-1.382223051544557109e+02
-6.741220506592052288e+02
8.649871390094027674e+02
-4.181864699558799998e+02
4.960526581111086841e+01
-5.036239361273709960e+02
-6.437438035814996056e+02
-4.709530856137883461e+02
-3.477262952661657209e+02
-3.135496491521360554e+02
2.548631498479030029e+02
2.315197005340799308e+02
6.677134807105301206e+02
-9.116965251763384970e+01
6.039084151627195070e+02
3.741801864637789663e+02
1.066096880576323201e+03
5.405063686322824879e+02
1.272510702891579371e+02
-1.139573447387667073e+02
-8.553277814966675408e+01
1.116511027462206442e+02
-3.369474850962100732e+02
-1.090162206879040809e+02
-8.624226818126102216e+02
-2.592658431975095112e+01
5.271805820602212407e+02
-1.861082577999857506e+02
1.815096177472795773e+02
-8.015931948494377934e+01
-3.656546264240264321e+01
-1.937827614236567229e+02
2.461429785894580959e+02
-6.081012629510674969e+02
2.862664213870679646e+02
-9.694717808629714284e+01
-3.995411546957051314e+02
2.996372722257759165e+02
-1.207820564001301378e+01
-3.552456674409341986e+02
3.139662644657894930e+02
7.795764649605034435e+01
4.452294086032426321e+02
2.362262455630961711e+02
-4.606574153352153900e+01
1.796758232202094234e+02
-1.908243325791204086e+02
4.941439201152933833e+02
2.767164314830240812e+01
4.427519050259196547e+02
3.891537861414655453e+01
1.213082953895672063e+02
-4.771674454324243584e+02
-1.487231547424367761e+02
1.506764661408749078e+02
1.018360408720967740e+02
1.785117250933230650e+02
-1.768511000481091457e+02
1.657035410205273536e+02
-3.501529020409278701e+02
1.114806003357803945e+02
-3.807470275439057161e+01
5.258386450854630993e+02
-1.209518609246991474e+02
4.023830916930590718e+01
-2.638801146051450814e+02
1.507962323285872515e+02
-8.922908110760157285e+01
1.131720209724984869e+02
1.006653613868700745e+02
-4.253842229681755498e+02
2.302019368433728914e+02
2.277810110804886676e+02
-3.213713371560665450e+02
-1.603786920284038331e+02
4.392100300622889790e+02
2.798710392988264317e+01
6.044651209472140607e+01
-4.600781182723364395e+02
2.556858734159815327e+01
-1.507049286639239369e+02
-3.743789250200968013e+02
-1.636318826409365670e+02
6.771907114755644841e+01
5.121258846063874159e+01
3.080108052216687611e+02
-5.241045127905623247e+01
2.281001717053535938e+00
1.130086129452086396e+02
3.781047613493593076e+02
-2.979391243465916261e+01
1.388682287653159051e+02
7.115010475790397493e+01
-1.491622040115806840e+02
-3.520146409286257949e+01
-1.219206266783507004e+02
-1.090785780969680587e+02
-8.413276228127647016e+01
5.400051509796741556e+01
1.613219728158702537e+01
2.124768590936447197e+02
4.426708687187618096e+01
4.084795294144169731e+01
4.661828434495737952e+02
-2.398750725410318196e+01
4.383335180467300063e+01
-7.656650022272650347e+01
-6.022928403585746793e+01
-7.785862654628905943e+01
7.221328608052634479e+01
-7.277237220213945079e+01
-1.796469098225037158e+02
-1.468198556801630161e+02
1.547987630157601870e+02
6.604768350785481346e+01
-4.715874896002534200e+01
2.049299388791634442e+02
1.154705001174494754e+02
-9.664720485502748204e+01
-3.519009911701083411e+02
6.547845779642611319e+01
-2.776381734481053059e+02
-1.423045987774509911e+02
-1.604299422939276809e+01
6.175940970820433762e+01
-6.037430586799503374e+01
1.539164159246535135e+01
-5.055305791715657904e+01
2.098832968739527516e+01
-2.544733681124164946e+02
5.618599601043374037e+01
2.766946811190457112e+01
-5.127255483425437177e+01
-6.884348647916854702e+01
1.853189013044433864e+02
1.194513566440145809e+02
-2.328700803605794647e+02
5.974705562332411546e+01
9.565704388746955544e+01
-2.356306455578839518e+02
1.860399658931179943e+02
-8.805211002990297686e+01
1.904214232612784770e+02
4.236552724384591961e+00
-2.187768093414008419e+01
-3.907353471664655586e+01
-1.701171467079388719e+02
1.530304385610640168e+02
-3.345972863738772674e+01
-1.106959059510201087e+02
-9.127723081058023880e+00
-3.335675695721287326e+01
-9.012190952771213404e+01
-3.718484770187041821e+00
-1.551757875539595091e+02
-2.477333689961665897e+01
-3.797442115583915268e+01
-8.260224800052626826e-01
2.877175298130970873e+02
1.547121581699125770e+01
3.951621125870057227e+01
-4.643323921399623799e+01
-1.348872455748929724e+02
-7.730964788572612179e+01
1.446833495826223839e+02
1.980926210561907652e+01
1.264301244850114472e+02
-8.205676319738007862e+01
-4.902310301332115472e+01
-1.484272548195785646e+02
-2.889381499758214389e+01
-1.803221835553096355e+02
1.087625193863041488e+02
4.775517010533910423e+01
-1.987479051268449837e+01
8.412695173840765506e+01
-4.249741201404624036e+01
2.282041192385138118e+01
-1.440437271780729889e+00
-7.281246227284718486e+01
-1.111605734198399986e+01
-1.051800454193715773e+01
7.125588591152875040e+01
-8.880509034261850232e+00
1.354954927538368636e+01
-1.602077768708807923e+02
-1.932681392475280902e+01
-1.011170641939374946e+02
1.420715824381676953e+02
-5.813305918486212676e+01
3.405406698316024006e+01
4.054054003100592496e+01
-1.024981887125331497e+02
-1.297716288013252495e+02
-1.211791474693317383e+02
-8.529515182432173503e+01
1.049588126786026550e+02
1.086721234903025959e+02
1.307022781270774203e+02
3.494511544445039419e+01
4.082930992587868957e+01
-4.513818282048133312e+01
-5.818472488341889459e+01
6.006384704683150666e+00
1.401251328854736471e+02
-9.088152610096356909e+01
-1.029196261254865306e+02
5.121601560282778109e+01
-8.970895304965972983e+00
5.404504319468189522e+01
-1.598567760117141177e+02
-1.055931938815008237e+02
2.526121740665303506e+01
1.995546288977842053e+01
