-6.011826860765999299e+03
-2.870925619304691736e+03
-5.122807007378193703e+03
-7.586374257131862464e+01
9.415699585338858242e+02
2.329078906483143328e+03
2.523743189896426429e+03
-4.023038048900417039e+02
4.723048909761108689e+02
-1.565667043549292430e+03
3.431229220581168988e+02
-9.897906646857760506e+02
-1.281507164733016225e+03
6.619274095112841678e+02
5.508571951304633103e+02
-7.123728183743151021e+02
-4.128649942863198135e+02
-1.769227639363349681e+03
-4.854495925815697888e+02
1.081066856044803671e+03
-6.784888501751750027e+02
8.718511942895156608e+01
7.845217104101046743e+02
-2.751664520425805676e+03
6.256421716374519519e+02
2.066640923220506011e+03
-3.993181407822138453e+02
2.457186139448784161e+03
-1.089916241816615639e+03
-1.440667918096076392e+03
-1.805134454860236701e+02
-1.018684104534662538e+03
9.310605938056477271e+02
-1.316961047110319214e+03
-3.250476231388211090e+02
-6.664027737108566498e+02
4.053853358700125682e+02
2.927536127368831398e+00
2.880947225426618843e+02
2.575030026617198473e+02
6.181197636270135263e+02
-2.084115320484231972e+02
6.705584894532988756e+02
-3.648976163683775553e+02
-1.316886809197889647e+02
7.310523377120524628e+02
-2.209545746882478738e+02
2.385822361374019351e+02
1.523180756884479763e+02
-8.359335060893033642e+02
-3.943047592713247695e+02
-8.206506762214171431e+02
7.507133288362493886e+02
-1.443728628883572753e+02
1.881593062841623123e+02
-5.009341639096958261e+02
-7.108257401766672956e+02
5.529623764336057548e+02
-2.846412367507673480e+02
5.695699214916236315e+02
3.276291182687475043e+02
1.361821831229778468e+02
-5.339392542840956821e+02
-8.971154315083526853e+02
-7.455295404159537611e+02
3.295789538614070011e+02
7.556115890512463693e+02
3.698866623744537918e+01
1.901824436882492648e+02
-1.039512076449540928e+03
-1.417628570465952009e+02
-4.725268881150495304e+02
-2.152016267738840440e+02
1.318040810372707199e+02
-1.930161443522852380e+02
3.556076611141937747e+02
-3.569544696319752006e+02
4.946106576465744524e+02
-5.657002398898359843e+02
-8.507335814999089507e+01
3.566085753247767798e+02
1.264586733544540039e+03
2.363789902126370066e+02
-3.008260944359744826e+02
-1.571326286299017170e+02
-2.340866575041249860e+02
-2.586792104393515501e+02
-1.284681423418319355e+02
4.001125248968163817e+01
-7.375914007168500319e-01
-8.702252328315364593e+01
3.078316833606061209e+02
1.648124800536991472e+02
4.723610648713322462e+02
-2.923153877480193614e+02
-5.399588624779653401e+02
4.999452363199899878e+02
5.723553972621825778e+02
7.705340184759241140e+01
3.758667405010891684e+02
-2.137919052363849914e+02
-4.611233225716042057e+02
5.412097734482501892e+02
2.567761098137980866e+02
-2.749772637425060680e+02
1.233429829932110664e+02
1.082869239806479271e+02
-3.637301198561345927e+02
-2.243779868594116351e+02
-5.992623212018100887e+00
1.800017796525062010e+02
-2.404408599862211986e+02
-7.762634800477545127e+01
-2.298859558401792356e+02
1.624198178800153300e+02
-5.844401575504032280e+02
-3.904301181295149945e+02
-3.346590738995925562e+02
-4.936351627341223320e+02
1.248746089720488044e+02
-9.103006854652697655e+01
2.829227921941678119e+02
-1.465115172056028143e+02
-2.262047188666969362e+02
-1.634285379326349741e+01
5.608310058356742047e+02
-3.878151399791737504e+02
-6.900518697036228843e+01
-4.152952730206706633e+02
1.906719430770445172e+02
-1.697888045734806610e+02
2.113741951032282316e+02
1.243047158733148763e+02
-2.485999954556232865e+02
5.906780707918653661e+02
2.269698300980422445e+01
1.474781599070169307e+02
-1.729307785322777846e+01
6.819676340131832148e+01
-5.463155762118823006e-02
1.529856311737765964e+02
1.142794035306594367e+02
4.076851250822022052e+02
3.853995388559916364e+02
-2.970989886343925264e+02
1.126590712179445148e+02
-4.147681312874761375e+02
1.671559326403325088e+02
1.780872413869765865e+02
-2.531561936678742484e+02
3.525802788032368653e+02
-1.412805076579161501e+01
4.512723609684400685e+02
-2.209956889573165029e+02
-2.185860618527522661e+02
-1.867430368320443961e+02
3.573660214123911487e+02
2.070739117755445875e+02
-7.564013094894636424e+01
-2.910241770637688887e+02
5.674353155425464479e+01
5.613189359248901837e+02
-1.402830800335398180e+02
-4.876092893339967418e+02
-2.058341360902550718e+02
-8.830989741633985091e+01
-5.690843857513049642e+01
2.066539341140588419e+02
-3.374538555350227398e+02
2.609345252744932608e+01
4.273801817473104592e+01
-2.637853449665499284e+02
-3.425283809365756582e+01
1.079090600788571237e+02
1.808585135016452341e+02
-2.406458375657265947e+02
2.934045028517213609e+02
5.671684814898820832e+02
-1.149093142395250027e+02
1.194707367757709591e+02
7.962543811719349378e+02
-1.912189051171459084e+02
1.450964165379185999e+02
-7.070311979919001999e+01
3.027583705533651823e+02
-8.302870017939609681e+01
6.907680084924219699e+00
3.150617392700366963e+02
-4.911304303839319232e+02
8.621393635975817915e+01
7.396353865402407912e+00
-3.128000965122904375e+01
-1.873236117455625447e+02
-7.070625599698028907e+01
1.042656382747686763e+02
3.119136783868881366e+02
-1.038802182159999461e+02
-3.517635846787192690e+02
-2.323222728497255218e+02
2.111672374227517253e+02
-4.655413119343752442e+02
-1.842534167524420070e+02
2.267391850542711325e+02
-2.224064682698607385e+02
7.317577443616069388e+01
4.652954668066297472e+01
-1.259914308293562044e+02
2.041918431901454767e+02
6.649424807460285081e+01
-4.241349330014086405e+01
-1.841981734262739110e+02
1.057509116591779588e+02
-2.305442836060742309e+02
5.981835584031607311e+01
-4.127135779519930736e+01
-1.934117970980808821e+02
1.032801319673079519e+02
1.298548331955760204e+02
-5.261812266499683943e+01
6.530630204876554501e+01
9.758026991975975761e+01
1.408307952546347508e+02
-2.304305630257655366e+02
-2.303751665337213126e+02
-8.185915412052536055e+01
-4.378256290726923226e+02
-1.704726236885515505e+02
-4.640679567582360221e+01
-3.064454930873523040e+02
-2.816155658079832165e+02
2.053588490652593066e+02
7.475396892151952954e+01
-9.830207691725782126e+01
2.920391114150112699e+01
-1.289497507599595849e+02
2.926469710171024374e+01
-2.936528917962412777e+00
6.517524404062839949e+01
-8.725441383478557356e+00
-1.374419487971158276e+02
1.669686856179542076e+02
8.312045459758837751e+01
-2.452208238783993366e+01
-1.958215127590304050e+01
3.699048483343904792e+01
4.292096298272941368e+01
1.746099269926720012e+02
1.041871722203359809e+02
8.144682942991443042e+01
1.620761479652862818e+02
1.722114551586475173e+01
-4.231225412573390798e+01
4.392860940002723424e+01
-1.708898272260861120e+02
3.012610151749142346e+02
-5.738089016920446994e+01
-1.693152985279220388e+02
1.597185630049400231e+02
1.102759072110968397e+01
1.146110776014923402e+02
-8.442446334824657583e+01
1.715916142925618431e+02
-2.043040725510316520e+02
-1.518607024801005068e+01
-1.166380566003673991e+01
-1.485468603157830501e+02
1.520661109110998268e+02
5.965351937012113837e+01
1.094657737959325345e+02
5.473867006658934287e+01
7.966451320475475484e+01
-6.799867994148898731e+01
1.022247393906279811e+01
3.524424019305430278e+01
-1.153296411059080384e+02
-4.886896872041952378e+01
1.806320194005194253e+02
1.526490625590142542e+02
-1.063338508276798535e+02
3.406201997371508838e+01
-5.380392895477009318e+01
1.100888583162230816e+02
-1.575974674455816853e+02
2.336552246188623627e+01
-1.215215937078055752e+01
-8.142022263428242468e+01
1.977621421537443780e+02
4.662834726205122138e+01
-1.354719937194126658e+02
4.364584692679299138e+01
-1.184372711818464410e+02
2.181659942306354196e+02
1.074117546044789151e+02
-8.120329402462689927e+01
2.673925462350450744e+01
1.869205478395574005e+02
-2.222843026503717212e+01
2.068383199039109286e+02
-1.589256450802428731e+02
1.485044566838361675e+02
