-1.828844349034256993e+03
5.206257811582851900e+03
1.009689739676781755e+03
5.390825945038859572e+03
-1.412592693781280850e+01
3.735973268956128777e+03
2.672271206001033761e+02
-4.489291511756993600e+02
-2.423907173557043734e+03
2.304597693830010485e+03
1.452950745582283389e+03
-7.856740837403565365e+02
1.347619675311349283e+03
8.481818439577949675e+02
2.861336587522270293e+03
2.036175972252286783e+03
-6.118848640705405160e+02
9.301937398294431887e+02
4.497537270211652753e+02
1.863996275044151844e+03
2.315524538921264138e+03
-1.089908087123083305e+03
1.290349424885008602e+03
1.826711507657373431e+03
2.384304415056382993e+02
-9.759361770007208179e+02
1.812036109872463641e+01
-1.498872912838474349e+03
1.143778556042837408e+03
6.920273879616966042e+02
-5.007358908697748348e+02
-8.325796096934392381e+02
4.643888003431425773e+02
8.451618733402753492e+01
-4.137131414016816962e+02
2.536416545088661962e+02
3.270753195796963837e+02
4.970262612599737508e+02
1.082864237122658864e+02
5.190747407857120379e+02
-2.019360788204517121e+02
-3.522600600289935073e+02
-1.793248383454806344e+03
3.270947284290269863e+02
7.296082478573702019e+02
-2.160707859657944994e+02
8.161065925508871715e+02
5.185319362170314150e+01
-3.490047534459026224e+02
-3.992408815914689058e+01
1.837677278226962301e+02
-2.197615079860571257e+02
-3.340466980764797995e+02
-5.798702432933735054e+02
5.211175744689929843e+02
-5.059232721439669831e+02
-3.892875499286801073e+02
2.415434295371560154e+02
-1.912521162402543951e+01
5.485759693005851290e+01
1.093006916251440863e+01
-4.978938481515021408e+02
-3.724761298878346452e+02
-3.161729023891683710e+02
1.325711030792959946e+02
-8.427650317893322836e+02
2.649024171290149638e+02
1.674978206627889108e+02
-1.664766171106312243e+01
-1.176135458352889458e+02
-6.404805460473687617e+02
1.911076713870135677e+02
-1.141138793419877857e+03
4.427583075784218636e+02
-3.245736146363690864e+02
1.225901237272416751e+02
2.253584003886263076e+02
-3.343334831875443456e+02
-3.582740228453326949e+02
-5.084235644593625238e+02
-1.309224276861418446e+02
6.494677032197556876e+00
-2.342973428073497928e+02
1.798815671260802276e+02
1.874638422330907019e+02
6.486061270704924482e+02
4.458122163853258257e+02
2.128293103307862211e+01
4.701536787619768631e+01
3.942888524421182979e+02
1.007978044512294673e+02
7.812487444407241632e+00
2.250173791226600031e+02
1.647414749387937718e+02
-4.735980027942829196e+01
-2.599923557385691453e+01
-4.847083383938701786e+02
2.540837998914397247e+02
-2.757026541893396256e+02
-1.999020885802074474e+02
8.838756531672302685e+01
-2.099622267234879303e+02
2.276823019453791233e+02
2.776705920078127292e+02
-3.794952542856891142e+01
1.273446003240931219e+02
2.655817491936432475e+02
1.306462920774181384e+02
1.437656023749664769e+02
4.451420131915280081e+02
-1.886428347355713413e+02
3.803877586470533174e+02
2.503323680423935116e+02
-1.947877830493513045e+02
-2.944629480853259906e+01
6.965842312734149289e+01
1.795570313135300182e+02
2.052196962254334665e+02
1.071411390352034232e+02
-6.508902585022152687e-02
-4.053641760099052362e+02
-1.365132363948740704e+02
4.380867794935227977e+01
-5.790680687699374829e+01
1.060289639647105986e+01
-2.682034890910568947e+02
-6.206059168325850806e+01
-1.348878091634959731e+02
-4.767965936702520366e+02
2.756553046397212015e+01
8.725837516572639174e+01
-9.032740238815594580e+01
1.131284161656221414e+02
-3.268421660485653746e+01
-5.243502816074143880e+01
-2.328436816346147964e+02
9.380276237744230627e+01
-7.260314271882624837e+01
-2.005189566499166176e+01
1.028428816309195781e+02
1.936137298563197646e+02
2.493412692564673705e+02
-2.164014317983699982e+02
4.359548908986154458e+01
1.181505113568628929e+02
4.311704796245085163e+02
-1.700664888927058769e+02
8.817509342995894883e+01
1.650915393559198492e+02
4.780354806813595303e+01
2.263337752110532222e+02
-8.751432286850219100e+01
-2.045075392740289715e+02
-1.045455343862876987e+02
-3.910031358275947468e+02
-1.252927771658637113e+02
2.139373105383768632e+02
-1.009062126675076598e+02
9.784775358417769553e+01
8.053310924441259999e+01
-3.183086648850987217e+02
6.030202301358381334e+01
-1.308778283291618472e+01
-1.914618701895953166e+02
1.268605188282089635e+01
-3.109218281514878868e+02
-2.509095329259785672e+02
-2.253486305697095915e+01
5.301994463758780540e+01
7.132205250269845465e+01
-1.047589794656430939e+02
-3.671593613540552781e+01
-2.193221944473689575e+02
7.691138764040707088e+01
1.399640374745524980e+02
2.601975678131754535e+02
1.041737178938537056e+02
1.386258627121828511e+02
-9.581350837669853959e+00
4.565021496455932493e+01
-8.351055762304783059e+01
-3.506668156226234512e+00
6.431095817155214611e+00
1.780232009267182889e+02
1.403741007924172095e+02
9.188582616404043790e+01
-5.296349944161992340e+00
7.598965895086594458e+01
7.824755997840543387e+01
-8.352384702968471686e+01
4.041819771839333697e+01
9.709457578371136321e+01
-5.789266913221143618e+00
1.254517462142943742e+02
2.002026033147661224e+02
2.519091655767192250e+01
2.379835892185670332e+01
1.708418818513382575e+01
1.561635841626599301e+02
4.340531311426143901e+01
-7.689895623696190619e+00
2.902336449708617927e+00
-4.320015701884605619e+01
8.757439949476489005e+01
8.335679061585241811e+01
1.757492537901680123e+02
-6.948170796450126829e+01
-2.727310230075381625e+01
6.983332482066161617e+01
-1.082502883787931296e+02
-6.669804233645044178e+01
-1.287670173647654508e+02
9.774504892289516533e+01
-3.465613218000423501e+01
3.842095358680565198e+01
-6.396552867688285460e+01
8.059175324926336259e+01
-8.723616872448245374e+01
1.083645536378886902e+02
-9.271607136894088441e+00
8.116890075069169086e+01
-1.100608978835811342e+02
4.329645730200763154e+01
1.519079532260865903e+02
2.488430475827223987e+01
-7.932857139214185338e+01
1.120257680920976213e+02
1.451032258548105460e+02
-8.846221308231068292e+01
-1.054502807995272775e+02
-1.235858772730140664e+01
-9.977136019591146976e+01
1.515021838718162073e+01
1.025788070017004827e+02
7.670988778083916770e+01
-7.704240259760652521e+01
-2.590277527616873954e+01
-3.623376373667566952e+01
-3.552268147501295914e+01
-1.623605586105188436e+01
-7.398678486878613114e+01
7.990013500370354294e+00
-2.806740380906456380e+02
-1.002461723112227254e+01
3.807260337761559299e+01
3.569791099093879438e+01
8.936577269807042967e+01
1.381880334990586334e+02
1.033254401868725978e+02
-9.674700227530615848e+01
5.158853956949985076e+01
7.597600518897398558e+01
1.038597909698344495e+02
5.949095198084285130e+01
-4.064838829756025262e+01
-2.578594902475544615e+01
-1.035569572932284785e+02
-1.009082395069053177e+02
-6.967069881414401777e+01
2.299629112176162593e+01
-1.207474550911023670e+02
1.231035968746703091e+01
-1.036185290758843962e+02
7.571244071158058375e+01
1.405851145790148280e+02
1.181545107250314430e+02
2.035546174617958570e+01
-2.102085365761789149e+01
1.826004622666001254e+01
1.453773957400253778e+02
-1.116765629616684663e+02
2.640551811957474460e+00
-1.215283294283305224e+02
-5.334853542893831246e+01
-1.059712636605163851e+02
-8.730741726189162222e+00
2.459589709146565184e+01
-1.018950934880496959e+02
-4.827971856623400981e+01
-3.647989887705397893e-01
5.817190254399734783e+01
2.434671282968196238e+01
-1.010511256444470831e+02
2.347711055501636945e+00
-6.019754341462196834e+01
5.766228670884849805e+01
-4.158783232227139592e+01
-5.217651682692252990e+01
-3.104589078377710010e+01
-4.638234839790125186e+00
2.805349491482805036e+01
5.894605376475198710e+01
6.513815451264711953e+01
-1.414646499579456815e+02
2.044740830997226055e+01
2.314031499197913888e+01
-4.465689194887470137e+01
-5.384110360201781020e+00
1.603247891130081015e+01
-1.104865788314046426e+01
