-5.526428991466802472e+03
-2.824259373319962833e+03
2.795151078345389124e+03
-4.039406027597848151e+03
9.864348898776387387e+02
-2.704580967652685558e+03
-2.811960668938825165e+03
1.311477849251600901e+03
4.632121220389727569e+03
3.466052386535571372e+02
-1.684635767614729502e+03
9.220838881291895177e+02
-2.239072918398286731e+02
-2.741191388363536134e+03
1.716729414620124317e+03
-2.435730969677008488e+03
2.080616530264650464e+03
-2.299455277781273566e+01
9.171214063499069198e+02
1.526724899377093791e+01
-8.100700395950547090e+02
1.012534214757733594e+03
-1.143484792447505242e+03
6.787825313970815841e+02
-9.958754983082997114e+02
4.730040768043263029e+02
-1.811582790020651714e+02
4.267886863029527262e+02
-5.841915300633430661e+02
1.071016304292483483e+03
-7.133331981691059127e+02
-2.003754946153996798e+03
-1.303817839574578329e+03
-7.510473783159217191e+02
-7.621390728322268160e+02
2.495829555758600691e+02
1.606640794902143625e+03
-4.796526926234246275e+02
4.286089945173826550e+02
2.864041621260199690e+02
-2.258251240468874528e+02
1.069573114414269412e+03
-3.150591521936573827e+02
2.642825618600319331e+02
4.842069080082557662e+02
-5.258536175616394530e+02
-1.694808620878109423e+03
7.306288353787846290e+02
-5.281526936219975141e+02
-1.323381928952278031e+03
-1.016869718524694832e+02
-2.346146392166418195e+02
-1.516499157390966957e+03
1.601390936917966314e+02
-3.205427104251431842e+02
-3.317148018814780812e+02
-6.472598319857850129e+02
5.214749485952485202e+02
7.028982002405689400e+02
6.693274201207765373e+02
-7.067789330791429165e+02
-1.180815377582090377e+03
-5.676823019038895382e+02
-1.281175332792531663e+03
-1.000467532661351584e+03
4.973208325215945251e+02
-4.515236500785515545e+02
-1.562074516409756484e+02
-1.087430818952622758e+03
2.328515212818263649e+02
1.766464394450044892e+02
1.399425040751372080e+02
-4.953891342544879990e+02
-8.573334770834354686e+02
5.830361574834328167e+02
6.894854465820509404e+01
-5.187254229005424122e+02
-8.550879399792071354e+02
3.856273949355416448e+02
1.902784474657425733e+02
-7.199098367699697576e+01
-8.509682416132891092e+01
3.417500553179328335e+02
4.638698733317572191e+02
6.639292837283177278e+02
3.274756244211729381e+02
5.239460157652304133e+02
5.923611387035156213e+02
7.083364685786808650e+02
-4.667482372766520626e+01
-7.916991626768144670e+02
1.319693134432678221e+02
7.560329028388949837e+02
-1.705970713787016280e+02
2.654550823860291189e+02
-8.380991537595416219e+01
-4.610484960474297509e+02
5.967494681132570804e+02
-5.840686818042790946e+02
5.061982901087103528e+02
1.390643691249756841e+01
-2.234662731184337403e+01
-5.244796462781501987e+02
-2.276033078649600228e+01
1.442433644910519241e+01
4.529192996982356476e+02
5.809696966994131344e+02
-1.801999070000775589e+02
-5.609085472936961878e+02
-4.619121951671209558e+02
3.712206125245348289e+02
-1.430753847799511220e+02
4.618087015355847029e+02
-4.951063762452210426e+02
5.229498622466029474e+02
2.221637759328931452e+02
-1.569856780618988523e+02
1.771070621945260370e+01
-4.037032192463684623e+02
-6.363381072820132545e+01
5.829292361907481563e+02
-5.357338806359754244e+02
3.533532226925506734e+02
8.019645604065239297e+01
5.155742429465811938e+02
3.092211200751609113e+02
-1.355593011931957506e+02
2.950051628210846957e+02
2.351719393911333782e+02
3.908177153635133436e+02
3.553049165609926945e+02
3.083858217954792735e+02
-1.902209371568275174e+02
1.015371190660876834e+02
2.069559816641451278e+02
3.473821846576020107e+02
-2.110612100714554060e+02
6.999558358563692764e+02
2.958886100198192821e+02
4.970870110655558278e+02
3.090252781987471167e+02
4.483646977234809583e+01
3.469306146854531789e+02
2.136549300038795423e+02
-8.723278323616003860e+00
-9.939705765547365957e+00
-1.260992318773148781e+02
-1.110967946383666600e+02
1.803684161788532236e+01
2.942384569677211061e+02
-1.740309495745166046e+01
-9.030206889093111755e+00
-3.624016083560773041e+02
-5.423954803804633684e+02
-1.468588705403697077e+02
-1.685231534278273458e+01
1.308065179132412226e+01
-4.794781174032186755e+02
-1.439647483576730735e+02
2.970733352077392055e+02
6.521995411878720006e+01
1.812174954467072894e+02
-1.843444573193333156e+02
-2.959270176660286893e+02
-2.669258664249172739e+02
-2.961423445798660481e+01
-4.001011472424269186e+02
1.044133687734866385e+02
1.132601781390986417e+02
-1.829532630009661034e+02
-8.964020015440691225e+01
2.316950028735973532e+01
-2.786373148504900996e+02
-2.439503204892726558e+02
1.445441461385684647e+02
-9.166606796786113875e+01
8.900895748208217384e+00
-1.635677167667756464e+02
5.895529155479740666e+02
-7.158157149974606170e+01
4.892559821197236829e+02
-3.068578352467433774e+02
3.334588889073718860e+02
2.820044300573078431e+02
1.200384995855471715e+01
6.435688537177452417e+01
-2.500036836990598204e+02
2.159721933911701797e+02
1.109538728800405671e+01
-1.315476175949044091e+02
-3.837339122133449223e+02
-1.341246898459298791e+02
-1.826923226698967540e+02
1.071757989881971440e+02
1.022903766865487256e+02
-1.650891100000658867e+02
3.077129180030364068e+02
9.141874859839256828e+01
-3.050061618928090752e+02
-1.669022165552027275e+02
8.624129735117995210e+01
-3.134951483739437883e+00
-1.474355065653603845e+02
3.639396230663400900e+01
8.245048889009699167e+01
2.056168555416891763e+02
-2.562938646853389173e+02
1.212330872655041532e+02
2.136257123739261843e+01
-2.391649158417643548e+02
1.811557606340139159e+02
-1.260989185854797654e+02
7.402682509191861016e+01
9.874839803015291295e+01
1.268316691142979948e+02
-1.898724066418491248e+02
2.736775768819904329e+02
1.943672750241309899e+01
-1.371477830653537353e+02
-1.708702686143051608e+01
1.139900531808597322e+02
2.794461212861546642e+02
2.886585412761065754e+02
1.627567139453646661e+01
3.051914123703808741e+02
-1.537515325989757002e+02
-1.501638626860151930e+02
-7.207580178618836442e+01
-1.010614123517445648e+02
2.013167759818383118e+01
-2.071722719273925577e+02
7.029425115772779975e+01
-2.324175874199726763e+02
1.067253759211102135e+02
1.615858624796456411e+01
-5.605430194354246254e+01
-1.191855244263309430e+02
4.453140831444085279e+01
-1.658158078852812309e+02
-1.499414942575303940e+02
-3.210585496643624310e+02
5.108153649691645626e+01
-1.255760202190416237e+02
2.922842877599904909e+02
-2.565337543645256346e+01
-5.725310185883495961e+01
-8.008717521825489882e+01
-2.277987039461766301e+02
1.524504160562298125e+02
1.289966345385275019e+02
2.067141242753301000e+01
5.491942486762045661e+01
1.809319664026875074e+01
1.343355674824918538e+02
1.288633650721351955e+02
1.852713547540007255e+02
2.364325832474407321e+02
-2.215815276046926101e+02
4.050790256576797077e+01
1.577621968265427768e+02
-1.390095604243345804e+02
2.363503071682799259e+02
-6.246384936624886564e+01
1.534555267976249660e+01
-8.304930310676346039e+01
2.872574889115778518e+01
2.320114769172850515e+02
-4.575093560408532056e+01
8.750241481827740131e+01
-1.556449767972862617e+02
1.846945833742078094e+02
-2.150352310315735167e+02
6.511344046030116317e+01
2.325087808474781070e+02
-1.413367712168353663e+01
-2.175915924938483670e+02
-1.852500395608488049e+01
-7.946385394883464848e+00
3.361977162623876438e+02
-3.008801300045805078e+02
1.923372148201684411e+02
1.299064582689989038e+02
-1.038133880355538565e+02
7.705326168258139319e+01
-2.746959828494842526e+01
-9.181428737403800611e+00
1.563335365401692059e+02
5.621604943561511192e+01
1.180542577043429588e+02
1.595243474057089372e+02
1.620604488902939408e+02
2.218392465305868200e+02
9.661520510056178068e+01
2.272456581720417432e+02
-7.179306093468713357e+01
1.350168786379688299e+02
1.426040903525272086e+02
-1.048510922234196130e+01
-1.516928652889691023e+02
2.321273710768856802e+02
