1.908118847717929384e+03
-4.311699790086726352e+03
3.462664250015127436e+03
-1.110942823476930926e+03
2.985862056973053313e+03
3.127915037431902761e+02
1.878493879560932555e+03
1.499643459995371018e+02
-1.703803859702872842e+03
4.438718969434886276e+03
1.467636189756286512e+03
-1.812476706644975366e+03
-2.338150149850123398e+03
-4.202845489222876836e+02
-2.892774738598959630e+02
-9.684609104417149865e+02
-9.279692555589689391e+02
1.995692344274960988e+03
1.581922892044991841e+03
2.776808062543712367e+03
1.067911299831632050e+03
7.642543893205302084e+02
-1.705023702641647390e+02
2.221778636062278565e+03
-1.519474736357603206e+03
2.009132336176634226e+03
-6.828264590905027944e+02
-7.481418310818454529e+02
-1.585456245084349121e+02
1.216110963054332615e+03
-1.817011900319831739e+03
1.557371795953783362e+02
-7.455464352398992105e+02
-3.457870194070105754e+02
-1.006550451580154800e+03
-6.959900905990226647e+02
1.900675207935572416e+03
1.090332697365077820e+03
1.124557194308024322e+02
2.156199557616566835e+03
-1.001690039224315001e+03
-3.452145013375552480e+02
-1.398694708547263190e+03
1.468686213506850436e+03
1.248539167607507579e+03
1.531169077134642066e+03
2.599867584898780706e+02
2.748812279882482130e+02
-7.442680928548659267e+02
-1.244863177286398013e+03
-9.898986235761873331e+02
-6.545644009144514257e+02
7.393684009935290078e+02
2.972073518343892715e+02
-2.124324137826898209e+02
-7.701766269389809167e+02
1.313061262575001251e+02
6.772899932104480740e+02
-1.097944132196562634e+02
2.972874571955169927e+02
1.724699692979884560e+02
-1.335254544888023474e+03
2.858859584060986094e+02
-1.702540939068841681e+03
6.870276718179288764e+02
1.219722252323909970e+03
1.278918719483538553e+03
1.044347082583929705e+03
9.067797276165991889e+02
-7.029892675773405131e+01
5.192434423505358154e+02
4.049033560860115131e+02
2.826948506950498654e+02
5.805838291977876224e+02
8.100980695694519795e+01
-1.445085902440535392e+03
1.058021974894378445e+02
1.018228657807194395e+02
9.397028884518305176e+02
-4.261131564196866179e+02
1.963258450730235793e+01
-2.698419726988546685e+01
-1.263243353553308879e+02
9.543543002618584978e+02
4.892435928514972261e+02
4.929533613244831258e+02
-1.204347974513337249e+03
-1.355214670762085234e+02
5.794986806189003303e+00
-3.334900189745478087e+02
5.887977640427278629e+02
-4.645280534667712118e+02
-5.084710685671531110e+02
1.045566935941483990e+02
1.062561673181289734e+03
-7.038914255298531089e+02
2.596120470688901349e+01
-5.741004958953720916e+01
4.130632494760571376e+02
2.356853624949565642e+02
1.129948527104104272e+01
4.415458714698190335e+01
2.747585839902021121e+02
-5.020196701790388261e+02
-2.457615553246944842e+02
-4.647561582066305732e+02
-3.941648409511097384e+01
-2.065865393376571717e+02
6.514942805686241911e+01
9.145283590872637092e+01
-1.219806069824137182e+02
-6.589146992655834083e+02
3.236285236052879668e+02
3.538532142602149833e+01
3.649851928816863733e+02
-3.110503929234839120e+02
-7.887737004820045286e+02
-9.478617507981414292e+02
-5.522308765781181137e+02
2.738462902662070064e+02
4.088762362699998789e+02
2.357513105540793390e+02
-3.506438747818489219e+02
4.516362655474341068e+02
8.467705735767308397e+02
1.576677936516591103e+02
-2.358101240423917773e+02
-4.768657447292429765e+02
4.006074060229844918e+02
1.849245879371821957e+02
-2.425093670876923682e+02
-2.768683285345289278e+02
-9.287504625252787491e+02
6.024747559249441338e+02
7.952691302901279187e+02
1.696323057143672486e+02
3.348407538169657869e+02
-5.112103252018869171e+02
1.522891438866574276e+02
3.693295747685514812e+02
-4.818441551609094518e+02
-2.212581868068889079e+01
7.006555925828171212e+02
-9.557161551018764101e+01
-2.648518874719615610e+02
3.478249915040074143e+02
1.848818376569553479e+01
3.323011627959358520e+02
2.730625834211629126e+02
-2.775816519137351293e+02
-1.876903310394770301e+02
-1.308522519506000492e+02
4.176212610119409163e+01
1.625371117999783621e+02
-4.318149388687394890e+02
-5.202528039293375741e+02
-1.185579312674154835e+02
4.272450051093723573e+02
1.471813906977890269e+02
-5.008880107509901336e+02
1.919399555975940928e+02
-2.354643143113203507e+02
-2.067164243333002958e+02
-9.262541767956648187e+01
-1.219774320528703839e+02
-2.115557725747986240e+02
1.446098812278782191e+02
-8.169380885849038521e+01
2.241980697574338421e+02
-2.048090484211438138e+02
5.936975844320413387e+01
5.163361852902886540e+02
1.527456345242327984e+02
-8.994073354834084455e+01
-4.143138938068314019e+02
4.324774868730121398e+02
-3.294704244907345583e+02
-8.842645176064849011e+00
-2.919729735149242060e+02
-8.285456992195386761e+01
2.300055322970351313e+02
1.475881090229533186e+02
3.424219904124316258e+02
1.817029619448057360e+02
3.510077235039954076e+02
-1.904014964990978953e+01
1.572402453850811987e+01
-3.374786620863046664e+02
7.322370089018033923e+01
-2.236982840397376435e+02
-2.349538475349306665e+01
-3.475857173135637481e+02
4.695030897413889903e+01
-4.115859447932856341e+01
1.607612518356083342e+02
-3.478079669087014167e+02
-2.759421070192532710e+01
-4.900835586099802299e+02
1.678755385336709764e+02
5.886616817210067438e+02
-3.180703465397843388e+02
-3.326431608905981108e+01
8.186195548923435581e+02
-2.335857332163104445e+02
4.030281387558576256e+01
-2.863197542638449136e+02
-3.305331272366626649e+01
2.382302036257886968e+01
-3.933392801871354294e+01
2.107200139447453680e+01
-6.781858224618083852e+01
1.960856560775511355e+02
-1.330251114841508695e+02
2.695687615364323619e+02
-1.208777917535986290e+02
-2.786130555510493991e+02
-1.889546019667410803e+02
8.391184082042163084e+01
-4.648267035567951098e+02
-2.617908961120107847e+02
2.082005560901678010e+01
2.174782122920255176e+02
-8.245531474866660915e+01
-1.374070316103919822e+02
4.732605965558858685e+01
-1.507317884172952631e+02
-1.564259086876688229e+02
3.215672579446195982e+02
1.512991581927854838e+02
8.166306064386799335e+01
-1.337488072426056078e+02
-1.311357926710062713e+02
-4.639565718656953095e+02
4.410645136170537626e+02
1.198533742912068334e+01
-2.740814604747424141e+02
-1.769247571321481018e+02
4.448489428263239347e+02
-1.647546793160453760e+01
-6.027530195803874449e+02
8.323364309595717714e+01
3.149775766141493136e+02
-1.561514637995901467e+02
-7.202893321008278349e+01
-2.338739242019466644e+02
2.961133429295291464e+01
1.964603573599467552e+02
-3.365072783111857007e+02
1.202214525914162948e+02
6.879138261882476790e+00
1.206449896995007123e+02
4.813436218266087394e+02
-4.368488060988197930e+01
-3.422058584012661981e+02
5.531064382366084686e+01
4.332990310304299442e+01
-3.182379873315272221e+02
-1.461252744464028126e+02
-1.157007511862205185e+01
-1.561385633939465265e+02
2.130031737078367087e+02
2.271323203696063047e+02
-1.478070069457200475e+02
-2.650247356000980403e+02
3.647976270082601786e+02
3.362807648341012623e+02
1.142781585505199899e+02
-2.091044854028008970e+01
-4.193945349849109760e+01
-1.392900345230125936e+02
-3.244968002788661465e+02
-9.772948509655687133e+01
1.080458628158610992e+02
1.892881235401659410e+02
2.427270218558518309e+02
1.672199621067634041e+02
-5.559570220001550922e+01
-8.243305001577200031e+00
3.010789474256731637e+02
-1.865826150300592303e+02
-1.660661505883915083e+02
5.853989953576155614e+01
2.931562219116624988e+02
2.477750848468105858e+02
2.285251192602371475e+02
3.996533977443973527e+02
-3.757318350755608094e+02
2.373890788112982193e+02
5.652390772836034927e+01
1.838441470647240124e+02
3.913990524988395805e+02
-8.321218987250259147e+01
-3.253710242711066059e+01
-1.909570323602377329e+01
-4.735872624621011369e+02
-1.610485973770531984e+02
-2.008083225507753298e+02
-1.359363471039894478e+02
-1.942948580795355156e+02
3.313515905615150245e+02
