-2.380520932270791945e+03
-5.780560308413342682e+03
1.702612163240509062e+03
1.280622065114601583e+03
-1.346151016214512310e+03
1.600931456151754446e+03
2.017665539246278058e+03
-3.505921973790125321e+03
-3.972635055482080020e+02
1.602697580533524899e+02
2.246344396873197638e+03
-2.436166381031355286e+03
-1.538734936660988524e+03
1.398999134812618649e+03
-6.955133955454937222e+02
-1.601230818403849071e+03
-2.405823302117354160e+03
2.308876613392852505e+03
-1.594708136831733327e+02
-8.888184358168925883e+02
-7.079358673882212543e+02
-1.287437530536134773e+03
8.065616705026114630e+01
-1.070688556315891674e+03
-1.639875226673434838e+02
-7.166210846757552417e+02
-9.057476805301395189e+02
-6.010145985337795764e+02
-1.478524599230224112e+03
-1.319640411215615813e+03
-1.038268642050848484e+03
9.443098715441216200e+02
1.602306818191543925e+03
7.216301726566625803e+02
-8.634955561311810470e+02
-1.997383126660192602e+03
1.031406076158501719e+03
-1.868628649937156524e+03
-1.465025497552180468e+03
-1.056262854949839721e+03
-7.907718034758380554e+02
5.107714168054107517e+02
3.805057431295028891e+02
1.245532180019839871e+03
-3.819811842929560726e+02
5.562133978589449157e+01
-3.735025061804427082e+02
6.058137183988445713e+02
-1.866402959317015529e+03
-3.305734476045392967e+02
8.143681565709687220e+02
4.715675335648815008e+02
5.023012618691631701e+02
-4.036842855580619016e+02
-5.160614294539652747e+02
9.765539954438395398e+02
-4.138912475371041069e+02
-2.288892903945867943e+02
-1.286920956760719719e+03
3.627964603956938845e+02
-9.723292263534915492e+01
-1.535068758972142632e+03
-1.079156118178334651e+02
-1.969679910217035115e+02
-1.813436749191289721e+02
7.663121743195732734e+02
7.987543560326840861e+02
-7.379502162616944361e+01
1.013905429047581038e+03
3.725686198536407119e+02
5.684376609328887753e+02
-2.225660068069566933e+02
1.853122479671650353e+02
3.806101270853428673e+02
8.793561494776366771e+02
4.150869155913041482e+02
-4.329125388459465853e+02
2.008181890796881817e+02
3.406066886938966150e+02
-1.104866878005388344e+03
-8.087275814667508200e+01
-9.462568541253356216e+02
-5.747992241785817669e+02
-6.135936315999911130e+02
4.585131486906329314e+02
1.598584734566647967e+02
-7.879161122983353494e+01
8.890010048352820604e+01
5.462979151615260207e+02
-3.739454053728447320e+02
-2.995684334498473618e+02
-1.136076380733032011e+03
2.041417556149416441e+02
3.745173212611854296e+02
4.404149163691539002e+02
-2.593119017164278262e+02
-8.055760357377548644e+02
2.141135545058696437e+02
4.548459818185225458e+02
3.553379766519420855e+02
-2.792652627601065660e+02
1.897997885351812499e+02
-3.504708192231526027e+02
2.580841575214345696e+01
7.421947807648933804e+01
1.223685848643622904e+02
-4.965852082837414514e+02
-2.601417509819630141e+02
-3.195766877214475699e+02
-2.768686171986898330e+02
-5.470041492688695826e+02
1.369148287285901802e+02
1.029729248984487867e+03
-2.835173523702235912e+02
3.584864169861690470e+02
9.961935751842120226e+02
-1.026668626082595637e+02
-7.095594907136742790e+01
3.928693412460709169e+02
8.482386662048165249e+01
3.378881691797204923e+01
6.246731266181565445e+01
2.140058893846686772e+02
1.002784010007624715e+02
6.307488169659607991e+01
6.277617802020274240e+01
1.218125762524529989e+02
5.047789669828310366e+02
1.886641876729123339e+02
4.500331972212293294e+02
3.852588864043686954e+02
1.704210758062326647e+02
6.393091790623430626e+01
-3.993787988345347628e+01
3.085483403910140510e+02
7.929390576562944659e+01
2.643919255390382546e+02
1.237428899116873708e+02
-2.807292885489791843e+02
1.512921661119258090e+02
7.516060801195365002e+02
-1.907556135312886880e+01
1.481036367163895591e+02
-1.109066409931178896e+02
1.016400713562038050e+02
-4.600339005024563903e+02
-1.127508820958707787e+02
-5.172097526784300214e+01
3.088910724145667928e+02
-9.936904958810863775e+01
-2.260963005223912603e+02
-2.545012222010633423e+02
-1.416766670430757813e+02
-1.646747606547892246e+02
-5.174787139487873446e+02
-1.305498182080143863e+02
-1.633484211934537882e+02
8.960431418281005733e+01
5.364141421607163096e+01
4.113053733423658969e+02
-9.240002112539504253e+01
2.011254319262151853e+02
2.402868096570650494e+02
-1.278243362258446751e+02
-2.333024044502157608e+02
1.106274813644846802e+02
-3.973875794250533886e+02
-1.224481916152755758e+02
2.616497464932304524e+02
-1.057759846855572476e+02
8.167555893229926767e+01
1.750009902781856752e+01
-7.510548104622485255e+01
-4.438872297821085340e+02
4.827508156199116911e+02
5.767191691938619158e+01
-4.089983945001184225e+02
-1.860990661557761072e+01
2.146268920640203532e+02
-9.826672446412335660e+01
-2.235248523958342446e+02
2.649556418212667950e+02
4.662670831850360855e+02
8.040783472210103255e+00
1.032109391973680204e+02
4.930083897160899369e+02
1.859767404710815129e+02
6.755720535843640562e+01
1.176469574851503239e+02
4.963286698332701263e+01
1.841622746810387525e+02
-3.877187815729997169e+02
4.297871023678249003e+02
-9.520913012345546633e+01
2.091401304932514051e+02
1.301745981579695695e+02
-5.052526378907811733e+01
-2.475484850607475380e+02
1.166960668345690522e+01
-3.514230040129242383e+01
3.228240556671668742e+02
2.725785030093348382e+02
2.589808927748523502e+02
1.365383593364146009e+02
1.033186878167143306e+02
-9.051609826419843330e+01
9.554517625045828311e+01
-8.299022858175401041e+01
-1.838285739578523419e+02
1.197530179404531481e+01
1.146341661449610854e+02
-1.158448096447305744e+02
-3.243221158808460700e+02
4.088469048092948555e+01
4.121409258576377965e+01
-2.558476479277870652e+01
-9.413666889843379693e+01
2.516668247380610524e+02
-1.162161733800672039e+02
2.442595580384030143e+02
9.108613637520856798e+01
-1.113373050331855296e+02
-6.200357123755193101e+01
-8.171305212038371124e+00
2.090030476329577311e+02
-1.987595833016743541e+01
7.495114651214534263e+01
-1.811861287213854439e+02
7.083259126590156995e+01
1.844431831741929955e+02
-3.095795996540300052e+02
-2.827244429327537745e+01
-5.309181235899053490e+02
3.567351878764062576e+02
-1.099970215455211360e+02
-9.809694176255658249e+01
2.209798005289119516e+01
2.094519640696811393e+02
3.169824900291883907e+01
4.052621761511452547e+01
-8.599056827141577486e+00
1.164164465778466138e+02
-5.931256544294419797e+01
8.875502297591647505e+01
1.298310105999971711e+02
-4.864556620559305600e+01
2.800284115786794814e+02
-8.524410854801267590e+01
-1.427651042297981689e+02
-1.815565046566761964e+02
-2.051044536617152403e+02
-1.184036342089131750e+02
5.096940848449555261e+01
2.352284909333685334e+02
-7.117096924747646369e+01
-1.229077501769758243e+02
-2.091803697096192138e+02
-6.384284864436939699e+01
-6.026055905035472726e+00
1.455764167613214397e+02
-1.446217040318177283e+02
3.240067402846585765e+01
-5.474381946282726119e+01
2.310354817565435610e+02
7.670322036818285483e+01
5.582447049511622339e+01
6.468779670868646470e+00
-7.512414494945018362e+01
9.088499992090329727e+01
-2.256708794878777553e+02
4.419485331209249352e+02
-1.645023352776222225e+02
-4.878814015391832726e+01
2.236918462455761016e+02
-8.856651477985782606e+01
4.501586139883332294e+01
1.425637461578323553e+02
-3.438278055501718455e+01
1.511896354435270950e+02
1.375744188572602695e+02
-6.785702785331263698e+00
7.351150832810394320e+01
1.457205423590821738e+02
2.038463258064509489e+02
-2.781009062179108327e+01
-1.189462413236309146e+02
2.942612256294680861e+01
1.705788276854116248e+02
-1.021712065263929645e+02
1.153984585906751619e+02
-9.472123252957885597e+01
-4.861456127448570186e+01
1.421887361587100145e+02
7.776518038738024075e+01
-1.668077121250961454e+02
1.374089654322641536e+02
6.751311345886539073e+01
2.022310468704961579e+02
-1.274141282775910256e+01
1.355707992525322823e+02
