-5.586880344772899662e+03
2.861761787031102813e+02
9.419535495270525871e+02
-9.962884487604392234e+02
2.268868654107669954e+03
6.547370767241272915e+02
1.296824131646924343e+02
-1.215055301566181470e+03
3.026995896345559686e+03
1.384674304863849329e+03
-8.487128711773380019e+02
1.313019145266961004e+03
-1.710317141571110142e+03
-6.033071851848293363e+02
-1.974319810846128576e+03
1.075106954458924974e+03
1.746331302105751320e+03
-2.430943900769792947e+02
3.972978614775722122e+02
2.557221987554683437e+03
-1.478209033192059906e+03
-6.876115652835402443e+02
-7.222280370204106248e+02
-2.016716113697004403e+03
-9.831904560533969288e+02
1.800450239758449243e+03
-9.640729168257626043e+02
9.903990952635356280e+02
5.696496934414859652e+02
-1.681959239837723601e+02
3.619697327032359908e+02
-1.047628463319051207e+03
-1.239191364135771209e+03
1.223706446355163507e+03
-1.112405517172656602e+02
-1.485380642498057114e+03
1.268372778588214942e+03
-1.007084075502967153e+03
1.368264745485783124e+03
7.110091012531181320e+01
-1.657557671949675296e+03
4.457491092175296217e+02
3.987338763501123253e+02
1.539368836471324585e+03
-5.669790739488825011e+02
2.282805361964499014e+01
-5.498314081739878247e+02
5.516484300449405964e+01
1.425935296578275313e+02
-1.049266270365111041e+03
-9.973855497106858365e+02
1.478227292639372536e+03
7.550613466804304608e+02
-4.379530203629330458e+02
5.403110249254161772e+02
-4.488905919764009127e+02
-8.353054486915663119e+02
3.822178729119059994e+02
2.849451078299207438e+02
-9.852639302646535668e+01
4.979653141187735059e+02
3.596829480005661708e+02
3.007240854063379629e+02
-1.487518094670975017e+02
2.794379558403571195e+02
2.729751927680583776e+02
1.448444353555579710e+03
-3.422783282342954294e+02
6.003469322628665168e+02
-6.235787153202908257e+02
-2.484410996494507629e+02
3.737943109050226553e+01
8.780914514243822850e+02
1.275237680357175805e+02
-1.000027326511415595e+03
-1.935399762136718209e+02
-5.514960813022777302e+02
-1.489409080470386471e+01
-1.791420745782199049e+02
-4.292866832094019287e+02
5.507926954992877455e+01
4.577233892586841648e+02
3.959254533077344718e+02
4.504055576225862723e+01
-4.899155806719932684e+02
2.998110529074572241e+02
1.519176333925062181e+02
2.438301577362466048e+02
2.675950657362661644e+01
7.167935835873545614e+01
3.706296107475268400e+02
3.149682891557498579e+02
1.808043282130350633e+02
5.177924529664770859e+01
1.856064795714739262e+02
1.905674432022678744e+01
3.881147388819148887e+02
-8.442628731929040953e+01
-5.126166013178227558e+02
-1.094489648764029877e+00
3.024655689966643024e+00
-1.101821799169517533e+02
2.506620105117469279e+02
7.817737375494880325e+01
-2.759248368269602452e+02
-1.839197412510397669e+02
1.287910723014427674e+02
-3.367821951609916482e+02
3.855462420223000208e+02
-1.059936348604227874e+02
-1.931461097215653240e+02
-2.041324481088361438e+02
2.783102435389195080e+02
-3.786615695423000147e+02
3.304267299231298693e+01
-2.542062268690182947e+01
1.385978850758613419e+02
-3.953031408407218237e+02
-5.951935027034238601e+02
1.195582404122399538e+02
-5.751268975946089768e+00
5.189690269520947368e+02
2.862151736137457760e+02
-5.693702202999082829e+02
1.514995085846936762e+00
4.079604164454258921e+02
-6.501821198988096739e+02
-2.165209328653988337e+02
5.021701035493202170e+01
2.715648815426345095e+02
-1.486077909580776861e+02
2.013501004078460426e+02
4.021273840054923880e+02
-8.904551561360632661e+01
2.663558449458601558e+02
3.206476377089556991e+02
-1.702851495644206352e+02
-4.022844987159098906e+01
-1.005260737999692289e+01
-7.703272972477957126e+01
2.598955099258679411e+02
-3.955924390635993149e+01
1.482475340475496637e+02
4.287319260190757291e+02
9.273604422882634424e+01
1.964010207295717692e+02
-7.349845162517626704e+02
-1.170258814843785871e+02
2.428199902304577620e+02
2.143165353597976264e+01
2.595409068392796712e+02
-2.681179998651342089e+02
-1.460865770016739589e+02
1.024448965282477957e+02
-1.681497806669350155e+02
-2.145137648654851716e+02
-2.371620422377916171e+01
4.879769647643821031e+02
-4.574392815781885702e+02
-4.310058163574631180e+02
-1.946610367202496548e+02
2.471834668171161411e+02
6.529793850203762418e+01
-2.790306372812646600e+02
4.338505136798810469e+01
-1.645897443059157013e+02
1.765410920151086884e+02
-6.294661519577500286e+01
-1.208443546819182046e+02
4.018965021106226914e+02
1.304736289879911055e+02
-8.596465792580117693e+01
-2.447332646704427361e+02
-3.107407952147238461e+02
4.293133152605709313e+01
5.169081048884221730e+01
1.899171976770374215e+02
5.014831272525518102e+02
4.205890317575693871e+01
3.673580237288911121e+01
3.585238452801382891e+02
-1.292057230089689313e+02
3.408621760039278570e+02
-9.485254214779818938e+01
6.048805414099456357e+02
-8.593900162295187162e-01
-2.383099281910680247e+02
-1.546130119689948970e+02
-4.389142816862637346e+02
5.182849699535790933e+01
-4.471260628347182120e+01
1.181747906113468218e+02
-1.674086389344692094e+01
-8.715175011332469523e+01
8.430748023716058981e+01
3.612013440861486515e+02
-7.777551065147633835e+01
-2.204509270375448295e+02
1.668621236412338078e+02
3.574354758203526217e+01
-1.755288487994753552e+02
1.402452206558077989e+02
2.797491969308691750e+02
-1.581626823566103326e+02
1.067527111076870341e+02
8.117613482026588656e+01
-1.941524706152541171e+02
1.886799503266763622e+02
-5.141587724560905848e+00
2.746619416754701319e+02
1.909645180578902455e+02
3.206390329162881585e+02
-1.786266800385071463e+02
-2.494417793806118055e+01
-1.515855768241655994e+02
-4.541665652377412954e+01
7.849085228066644504e+01
2.162645246733488023e+02
1.464281452354768192e+02
1.636380689545894995e+02
-2.476238275058383351e+02
1.237789009354318495e+02
7.880285630696319288e+01
-6.534046583631501903e+01
5.790091360348240457e+00
-4.829934298471803231e+02
-7.890230829500428911e+01
1.119994212111898122e+02
-3.752862979019171803e+02
-8.891337073436235983e+01
1.087461198781880682e+02
3.062326829090071669e+02
-8.521414528118111775e+01
-1.404469826934617345e+02
-7.776123316643018768e+01
-1.017131255702077937e+02
8.329237901182406745e+01
-2.116347885096882919e+02
-2.310639340562978532e+02
3.451673656364490483e+01
-3.076386331218758130e+01
-6.102793761172186038e+01
5.040764636351272543e+01
-4.701590383914268045e+01
-4.327363550049709318e+01
2.693996641708618540e+02
6.116270262166569438e+01
-5.301794985239119740e+01
-2.462808882977940357e+02
1.487308857714360499e+02
-1.167147301333933740e+02
-7.609442257828108325e+01
1.802332130168340711e+02
-5.659378587001261174e+00
3.552979944872056421e+02
1.070565656509420904e+02
-7.442127291477856943e+01
-1.224862305698519016e+01
-8.508520937990594746e+01
7.113779517768104199e+01
-2.269670019326030115e+02
6.297178381829878901e+01
-9.411533201276189686e+01
2.314330362858858336e+02
-3.249373090444176881e+01
-2.223441600596000853e+02
3.209974027392314611e+02
3.674454106910983455e+02
2.316100662176191349e+02
2.070097154331387515e+02
-8.534230154190919393e+01
1.724798898587242135e+01
-2.125239027595427501e+02
2.069028140619904832e+01
1.641427799196652870e+02
4.159585927726653409e+01
1.849733049339776514e+01
1.286851226966080901e+02
-8.858955924099147694e+01
1.610427133281652061e+02
-1.775016556288616343e+01
1.849114557739158897e+02
1.372547202087098128e+02
-1.142674715844642108e+01
-1.272219367588230057e+02
-2.416381230112081369e+02
2.808868330568419083e+02
1.212399434377140750e+02
8.092306252666857347e+01
2.747258327826300217e+01
-3.493119766460604865e+02
5.823925978797955594e+01
4.479837925938473120e+01
-2.489275850150389147e+02
1.554816274726177028e+02
-9.021846147973124630e+01
3.901462488940291706e+01
1.593828517534886089e+02
-3.025568101072983609e+02
4.453876934872617710e+01
