6.787612978716040743e+03
-1.181316934001433310e+03
3.249544946136978979e+03
-1.420703956490029896e+02
1.024751027654609516e+03
-4.431020266277136216e+03
-7.591742826392693644e+01
1.186844313576942795e+03
4.190366862575988307e+03
1.172261587864356443e+03
7.409969943650262394e+02
7.880572452989744647e+01
-1.240007514328918887e+03
2.971830808517764581e+03
-3.784409645255453825e+02
-1.596667670124044662e+03
1.300464391037923178e+03
-2.808496891065266823e+02
-3.800085528912562950e+03
5.156576752564924959e+01
1.230030094288133114e+03
-1.886950927562761748e+01
-3.021437311670574672e+02
4.443241112488950080e+02
-7.605469211441354105e+01
3.069333872767588787e+02
7.452203300950215237e+01
-6.043229857136427654e+02
-1.247804957037758641e+03
-1.643321499806606028e+02
4.579365153879649029e+02
9.315034914196395448e+02
-5.272451494126748912e+02
-6.463615223377394159e+02
-1.531343784715211768e+03
6.076023320663518916e+02
4.144461026227319849e+02
1.381811428161095705e+02
1.601566772600823242e+03
-4.062164036580156221e+02
-3.038212625747893867e+02
8.743800106340557932e+01
-1.412406488810332121e+03
4.408534992875898411e+02
6.754464075609952260e+02
8.791880822475992829e+01
-1.733584904576706833e+02
1.301019922214608414e+03
-1.026605028115379582e+03
3.105329295019670326e+02
-1.207002271453584626e+03
-9.927191654330223969e+01
-4.483179009268828850e+02
4.434828265123162510e+02
1.294885649554269946e+02
-2.931357770704480004e+00
-2.139630473262371311e+02
-1.345862043133452062e+02
2.401904011696599639e+02
8.034367578222439761e+02
6.961203424547301211e+02
3.558422487321385006e+02
4.162722549030500545e+02
-6.738819456477152414e+01
1.701090666006644483e+02
1.239432850949124486e+03
5.882549203080119469e+02
2.820466565539042563e+02
-7.130144266675056315e+02
5.825069266808034172e+02
-5.932851743563348919e+02
-3.992913931765374400e+02
5.292587993449172927e+02
2.916808832682211232e+02
1.362662544304743903e+02
-1.911096422137314050e+02
6.708239839592049520e+02
-7.976003908289283117e+02
-4.098453257189758503e+00
-1.284627333609502671e+02
-6.913991628608970075e+01
6.109096078269830059e+02
-3.127431635179287923e+02
-1.480265058459785799e+01
7.107550756538617520e+01
5.813623907848032246e+01
-9.588553304821628842e+01
-5.555415830648134943e+02
-1.552586385565578553e+01
2.998001676626142284e+02
3.667585833052202702e+02
-4.755887853809583703e+02
1.240987775583265176e+02
-1.182346326045875315e+02
-8.063499881553097737e+01
-3.232821447771158887e+02
-6.910029831551501900e+01
4.936333400871992012e+02
-5.525099394259418659e+02
-3.094570982416133731e+01
-5.682123550167740405e+02
6.541694273894385958e+01
2.093844557852318644e+02
2.193929960104956649e+02
1.802698691874092773e+01
3.708012811640052178e+02
-1.981956127101178566e+01
7.678028711688030228e+01
3.818462964923222103e+02
-6.575738590128564454e+01
4.742435920507230662e+02
7.454926722693789998e+01
-4.337972628713057333e+01
1.985708835819875340e+00
-6.717197433248311711e+01
1.374991014421142097e+02
-2.614487239819660545e+02
-3.185496775528253579e+02
-4.885362851596935343e+02
2.493401752650631238e+02
2.758117910112462710e+02
2.803821884407516336e+02
-4.797814747705494938e+02
1.175784506192477181e+02
2.605876922104997675e+02
1.809771023483038164e+02
1.897935793448244510e+02
-3.964429493721274298e+02
-4.971036986347521633e+02
-1.376918384223183125e+02
-2.138478264398463864e+02
-2.887652476502648256e+02
-5.267029002998791398e+00
-5.567056091612943192e+02
2.638611359935444511e+02
-3.433940142018093411e+02
8.949470983885993292e+01
5.859731612423648528e+01
1.677080568599756702e+02
5.048290669237832162e+02
-5.181225603945078717e+01
8.347700459367750625e+01
-1.235228008672197433e+02
-6.047533062038702383e+02
-9.668053269203841182e+01
1.168005556172002173e+02
-1.517373319383171406e+02
-3.183305856787853116e+01
1.460415741717073672e+02
4.829349063736479053e+01
-8.316388731131307566e+01
7.245887456131048054e+01
1.340521653462665608e+00
-1.127701285177572714e+02
1.671171426908715318e+02
-3.058545345957510904e+02
2.056396765508660280e+02
7.179558365837189626e+01
1.838469312880347388e+02
-1.705123060347119974e+02
1.002618910727013741e+02
-1.428501078309520089e+01
-2.605700167058600982e+02
2.999713476121813827e+00
2.140520924904976425e+02
-7.006380316891177529e+01
1.231914026427470219e+02
-3.876134801920163397e+01
1.142107414280355044e+02
-1.510219448123329471e+02
-1.873143082891900519e+02
1.310931200845942044e+02
2.610317659600744378e+02
-2.466559490239606589e+01
-4.841467386500332282e+02
-1.801143630502218400e+02
-3.855597420164315992e+01
2.914060330686503448e+02
-6.720877274676908542e+01
9.579490366219314978e+01
1.024194828753912105e+02
5.738031506909593560e+01
1.119474911598049403e+02
-3.217639563214711274e+01
-8.320518590913123091e+01
-2.791916161655194060e+02
1.105873251431061135e+02
-1.592195657314236428e+02
-1.964449529660622318e+01
-3.604330279934066539e+02
5.804093155973467921e-02
-1.434749355789900847e+02
9.977475910463972752e+01
2.230034340038223206e+02
-4.109373162003995503e+02
3.091246438160848129e+02
4.979916340203052272e+01
-1.730826052425708781e+02
-1.239185226634198642e+02
-1.146296576119695061e+02
5.992086977052853314e+01
-1.617107053922683519e+02
2.078285630078571700e+01
-6.476442438760678044e+01
3.948383375463095035e+01
1.560179302489673887e+02
-2.309000133172430083e+02
7.795280000487929328e+01
-7.905759345730730558e+01
-1.580564704376844816e+02
1.732162803190569207e+02
2.221562953521478221e+02
1.717954600335788484e+02
1.326318001122650969e+02
-3.819328786092882524e+02
-1.567201759706979942e+02
-4.741735331112577256e+01
-9.080105538490546735e+01
-9.326857533067996542e+01
-8.790443314904698013e+01
1.723008646634617378e+02
-3.967763096517676757e+01
3.022613855239166725e+01
8.415347458486674270e+01
-3.849461172054941471e+01
5.851123052497972932e-01
1.255609368723024062e+02
1.845283292610731394e+02
5.262974302890540912e+01
1.170187398857854930e+02
-7.861711804455792674e+01
2.559730095419451459e+02
1.428197040007202645e+02
3.067376740717965049e+02
-2.635337554860838623e+02
2.521011081605712079e+01
2.663964671586911663e+02
-1.626275002947091366e+02
-1.120332053400504293e+02
-9.052843843425588943e+01
-9.276082573725331315e+01
1.497045360046606106e+02
1.408890780858406799e+02
-3.413103549203086118e+01
2.596889920738635738e+01
9.314072466964955765e+01
-1.560456986005563706e+01
-1.364085111571278617e+02
6.833235631878249450e+00
5.130775688313686089e+01
-9.923969627827926843e+01
5.863020547390456727e+01
-1.691035413105211944e+02
-2.299348396167543456e+02
-9.236550401750204742e+01
5.254089952227882776e+01
-2.512497580751256621e+01
-4.104275590642200200e+01
1.305225040261161062e+01
-8.231365610191907933e+00
1.424447250036842547e+02
-3.626624347131482295e+01
-4.357491500220369574e+01
-5.438040743893487416e+01
1.912833499232420706e+02
-1.253717959939590232e+00
6.296352051049377962e+01
5.175278970834841630e+01
2.411198878416239566e+01
1.291874718029343150e+01
1.395788554832815862e+02
-7.291559408183178448e+01
-1.436924112988424085e+01
-1.319471325120155427e+02
7.296019687007290422e+00
-1.996211764347007422e+00
-5.850686430915195047e+01
8.745642305762939372e+01
8.780924687821631380e+01
1.484942070899940347e+01
2.836041445724930199e+01
-8.088539157536989421e+01
-9.456316568812729528e+00
2.132656978783220580e+01
9.061665090260875388e+01
2.252687728270016976e+01
-1.002760694494365765e+02
-6.427850886522089979e+01
-7.303875847827862344e+01
9.101806426171117437e+01
2.356982156717603871e+01
-1.199881377793674346e+02
1.217030381276859998e+02
-8.871767877202587727e+01
-7.052834733327923544e+00
-2.910935333678377646e+01
-8.456608762007316216e+01
-5.747494419122099885e+01
-9.057446348791954449e+01
-3.562016557409422290e+01
