-1.921004715060617627e+03
-4.660472375766252298e+03
1.132906501833431548e+03
-4.769052895743036061e+03
2.630319453246484954e+03
-1.150146459263357428e+03
-2.885109504983977331e+03
8.049007876685271867e+02
1.240011874948222612e+03
2.063186254546092641e+03
3.355636970499068639e+02
-2.611408066654267941e+02
2.018511796682973454e+03
1.253304834343479797e+03
-2.081564861413854942e+03
2.268950705975983908e+02
5.205236004059753441e+02
-3.482221645388344200e+02
1.527681842287528013e+02
-7.027492818722876109e+02
-5.751662893585386200e+02
3.325201665771131502e+03
-7.755373432329728303e+02
-3.014125719885815258e+01
9.056008911585514625e+02
2.299308723035168441e+03
1.143294767548324671e+03
-9.143627958071280091e+02
6.337232628100414189e+01
3.022208443138234202e+02
-1.775442940732272064e+03
-1.051486939516860502e+03
-3.590352922466901191e+02
7.622525235061162618e+01
3.423022925801569727e+01
-6.494506447852480733e+02
4.370490164156493051e+00
1.576112967311895261e+02
1.022043325844867468e+03
-2.426158165618002727e+02
-2.440534707201425988e+02
3.625958542827694373e+02
3.540578165942204691e+02
1.150054153526847585e+03
1.179721564451750965e+03
1.178505114747504422e+03
-5.360773385164701494e+02
-2.160754950757805943e+02
-9.740425903461523376e+02
-2.308345447273215711e+01
-1.046354209702559956e+03
3.157303606313612363e+02
-1.066700028386821259e+03
-7.540995277322701895e+02
-1.135135735754996176e+03
-7.633267566319267416e+02
6.337227343694386263e+02
5.678086794570630218e+02
-2.774148214284408596e+02
-2.488634988627123619e+02
7.389545633108049287e+02
-2.710034960344770298e+03
9.936325141953282980e+01
-1.289197479238695450e+03
-3.883787720811590560e+01
2.342619666997098591e+02
1.446709272411703068e+03
4.537159795184360860e+02
8.412683540842795082e+02
-4.886229794341064121e+02
1.254077231662017539e+03
6.916646564836762536e+02
2.075377039723545991e+01
1.653474775313520126e+02
8.484050600769845119e+01
-4.555703401334739056e+02
1.119554531272887061e+03
-1.949867056536932921e+02
4.597262141813129119e+02
3.055026100669586686e+00
7.563366793216998758e+02
-1.326478501709414957e+02
-3.861587351561320816e+02
8.234504651417978494e+02
1.124501309313285446e+03
-2.954156625784648327e+02
-1.400004670449795640e+03
7.897995759897399921e+02
-7.593712754639022933e+02
-3.682504827854311884e+02
4.192124057532935666e+01
-3.718141244056936330e+02
5.582275262164943115e+02
3.786802925452614232e+01
1.329028982721180228e+03
3.784341312782757427e+02
-2.530281058481279501e+02
4.200232754147336323e+02
2.483153440001375714e+02
9.891010993201740575e+01
3.849745397736290897e+01
-3.957949680818973803e+01
-5.782231555998054091e+02
7.447441653386813698e+01
-4.533260826149758032e+02
2.114368902491551694e+02
-2.179104984994833103e+02
2.542270421359213373e+01
1.732625735609281890e+02
5.085166211461842636e+02
-2.266164111973562569e+02
-1.186907866717410371e+02
6.357657670677625674e+02
-6.022048770744471540e+02
2.810154254962545224e+02
9.435252942304393287e+01
-7.934496667480266296e+02
-7.100051768891955817e+02
-5.069587964712462167e+02
2.907994804451657842e+02
9.177002277045683343e+01
-3.040808028833727690e+02
7.092775803454394179e+01
6.696826502048173779e+01
7.972363749658173901e+02
1.011109843922189526e+02
-2.860939750523104408e+02
-4.842847600259520391e+02
6.763180665144710701e+02
5.035801910629238023e+02
-1.693588514422224023e+02
-4.581748264670161461e+02
-9.581290433045675172e+02
5.478813840900440937e+02
5.086841839398914544e+02
-9.980136312145943123e+01
6.611115702187241538e+01
1.920231691590680327e+02
4.322448423901376913e+01
5.859498005700243084e+02
-1.190897490589751442e+02
3.588586151289550230e+02
5.738801420037724483e+02
-2.078296614105014228e+01
-1.130973491520965979e+01
2.409049811824584992e+02
6.005538830641956594e+01
3.450066688291466335e+02
2.139423929023598419e+02
-3.679116364171916871e+02
-2.068511868436251078e+01
-2.110114145672033885e+02
-7.892720670587563347e+01
1.832165877179340043e+02
-1.139420563944897367e+03
-6.392430315173987765e+02
-2.400589304115821392e+02
3.497521636597577412e+02
2.336035790384903805e+02
1.406884747446692074e+02
1.320854907699370813e+02
4.615321248849737401e+01
-4.143915555896117553e+02
3.123580114122578379e+02
-6.464665486384044470e+02
-1.413329584162227945e+02
-3.674456330148913707e+02
-3.143689134090914195e+02
1.859526919549410025e+02
-4.515758735799798842e+02
-7.146388203161656349e+01
7.472278094090847844e+02
1.768720997633810157e+02
-3.707770989082185338e+02
8.562412336199118101e+01
3.136493809249071418e+01
-2.135225895087054369e+02
-6.546289392693214495e+02
-8.153066826827803482e+01
-1.707954585481923289e+02
2.453828738629528630e+02
2.860656281173751267e+02
5.990354398749594793e+02
-5.976440444443776201e+00
4.270244287084209418e+02
-7.517501465419947237e+00
-1.312708075838637285e+02
5.252041394608851732e+01
4.694400163806588466e+02
-2.130723063020113628e+01
-3.460142664304069626e+02
-1.254974146421943288e+02
1.637773414065927113e+02
-3.651848154451064232e+01
1.920015850315637067e+02
-1.546130600748015240e+02
4.664311713545029647e+01
-3.135482577028271294e+02
-2.937768527984243860e+02
1.713607788243258767e+02
4.265929459422682157e+01
1.787044911924291171e+02
4.781275162970603674e+02
-3.199937504899794476e+02
7.126783561490955776e+01
-1.787575046739959248e+02
-1.477800046228194297e+01
1.620485452939029472e+02
-1.154492184618091812e+02
7.710232426955360552e+01
7.241639579532711934e+01
3.906374852848026080e+01
-1.861117265807355636e+02
1.766541618993932161e+02
-1.783870165385473285e+02
-2.098736666435223981e+02
1.448654655844164267e+02
4.216562863144379207e+02
-3.769490900791487320e+02
-4.121067912770894281e+02
1.747390994768724397e+02
1.003933165811514812e+02
-4.613894486011430729e+01
-3.054801356301847477e+02
-4.679640264753857082e+01
4.724450970757332584e+02
-5.657698534040702043e+01
4.659310541951779214e+02
-4.339971967111149098e+01
-1.266693262927408767e+02
2.386469844438634595e+02
-1.574528899440062801e+01
-1.475693102830464909e+02
5.305782230819761480e+02
1.227548399146488691e+02
-2.948406911318385255e+02
-1.376882387914179446e+02
5.419887031817650040e+02
-2.243934194362113885e+02
-5.164883140170531988e+02
2.388330262691561501e+01
4.782551729212487999e+02
-5.100601444224478342e+01
8.967727317787401375e+01
-3.726131869028806705e+02
-3.501598320474103048e+02
2.231787545674767728e+02
-8.342977436285037740e+00
3.351326979225619880e+02
-1.191390522335840387e+02
-3.008023274799685964e+02
3.080227281900709499e+02
-1.997895917609981211e+02
-2.726559512356839718e+02
-1.240297597064838584e+02
1.204337601982208383e+02
-2.854048931945011418e+02
-1.866978296992446076e+02
-1.664353403263453970e+02
-4.089464724702674658e+01
1.878266542266275394e+02
4.274846788158404109e+01
-7.125607953257702576e+00
-1.660326322262859833e+02
2.477943400809586478e+02
2.689708965442579256e+02
4.966125577889577016e+02
-3.997661864243884793e+02
-1.581724668298028291e+02
-3.599946767932104876e+02
-4.202860225500626825e+02
1.626464332572313651e+02
1.871802075271579042e+02
2.901926651539436079e+02
4.327563224988312385e+01
-8.152803842048419369e+01
2.290483836100910082e+02
-3.064576264893509574e+02
5.301324879610170910e+02
-1.976301010048301805e+02
-1.061091582140212211e+02
-8.729574706990629807e+01
8.428539623998053898e+00
2.625917764921575781e+02
7.155665385153282898e+01
1.113212909019944448e+02
-1.495831870929048648e+02
4.289228000512210883e+02
2.979115511224740658e+02
1.397653371164007865e+02
2.451101196062793406e+02
2.262984787756339244e+01
-5.432347763526075823e+01
-5.020749795233641777e+01
-4.434990005044805912e+02
-2.616435367265826812e+02
-7.484787215801458160e+01
-2.325158359517921838e+02
-3.831462067157046931e+02
4.679550481405818800e+02
