-3.971241752265144441e+03
1.266850203024900111e+03
-2.371387825453249206e+03
-1.108336881704369262e+03
-1.910207881599828625e+03
4.594835697424221507e+03
1.371831591534969903e+03
-1.478101921897629836e+03
3.011119927248018939e+03
2.914335322938486570e+02
1.618787547114285985e+02
-3.381168996864245401e+03
-1.714292001245951496e+03
7.776341538235956250e+02
2.308999835721001091e+03
1.759694713574239699e+02
-6.089836621182246290e+02
2.271927905370855569e+03
-6.201937010734973228e+02
3.586273128730726057e+03
1.177555235337809791e+03
-1.270806035553486709e+03
4.500295051227909653e+02
-2.207340352663289195e+03
6.494943437139617117e+02
1.883753265369958626e+03
2.458522357256287250e+03
-6.930249719752785040e+02
-2.878661450692368362e+02
-1.135621382081942556e+03
7.496255255821176888e+02
-1.180351886460369315e+03
3.650210500922573686e+01
1.888146751032591908e+01
-5.196701349975030553e+02
-1.745960311838595544e+03
-5.045860139404068718e+02
-1.077363740209167872e+03
-4.934185247786719515e+02
-2.027810399598650065e+03
-4.412891284819684756e+02
5.418789441798909365e+02
-3.683551382508132406e+02
-7.001135291522227817e+02
-3.128214917977131790e+02
-1.646829711712606013e+03
-1.348733339679161816e+02
8.006638340504967744e+01
1.349879640776310907e+03
7.425203958274938998e+01
-7.733479953684797010e+02
-8.813857112392796580e+02
1.497320607196749506e+03
-3.890394641572437990e+02
1.127968849538095355e+03
5.744234415152825477e+02
-1.164734484879156327e+02
1.110775246838639134e+02
6.010701431682033444e+02
2.395553978373353345e+02
1.018252873608390274e+02
-1.329253832928895349e+02
9.898688947524038895e+02
1.036958594500119659e+02
6.486114470687542735e+02
9.254151520552630927e+01
5.350736516454903722e+02
-2.524029558897375125e+02
-3.090297482129631135e+02
1.049387995836426171e+03
3.444536444501377446e+02
-3.055193627850180178e+02
2.179026347631504734e+02
-1.625431152500584631e+02
-3.084675176250329969e+02
-7.224673990973956279e+02
-4.944186795666575307e+01
1.881911861067588347e+02
2.408057256226584855e+02
-3.047510923809161909e+02
-2.542352462547998755e+02
7.560371877445114706e+02
-8.302538905511535461e+01
-1.969601726889231088e+02
-3.375901098661344122e+02
2.120718676832564711e+02
2.159715532303975181e+02
-8.077559696208354580e+02
-4.715285271640595965e+02
-4.200459631283904969e+02
-7.131518562672437156e+01
-5.652751795159515495e+02
6.730584880923519222e+02
3.476960500337117566e+01
-3.331407393345621131e+02
1.108533633065181476e+02
3.693022400929171454e+02
1.260531763833853773e+02
2.358149485232911218e+02
-1.101368159891504064e+02
3.924439001922679040e+02
1.032469629857409785e+02
-1.961190893690351444e+01
-4.582020910312677415e+02
-4.455934232050037735e+02
2.271520988110313155e+01
2.609051108337575329e+02
-3.142873404871968201e+00
-5.799546639113787450e+01
-7.332675388531800991e+02
-4.040610069966548963e+02
2.395000530399604344e+01
-2.293484951079163352e+02
-1.948091275239102629e+02
7.126330696375669049e+01
4.972570578289760590e+01
3.580352234745234909e+02
-1.344438139628731790e+02
2.087684285261143202e+02
-7.431377685747644080e+01
-1.549744649282196747e+02
1.796053599741540268e+02
8.850552433024537891e+01
1.992391065128929029e+02
2.820881547795468336e+01
2.040616331539011341e+01
-3.880180488154012437e+02
3.188090226530675295e+02
-1.718409235590004869e+02
2.300657599106824875e+02
-1.485781928381266255e+02
1.145678209427289630e+03
2.400116241189959396e+02
-3.268913271125003348e+02
2.450004725479015235e+02
5.842723550392264542e+02
4.794246710415691837e+02
-1.424168126780539012e+02
-6.235694826895026921e+01
-5.092930384331725122e+02
1.130482926284454805e+02
-1.597416816137830153e+02
6.331980357431721131e+02
-9.164273106053835249e+01
-2.804593375667402597e+02
-2.632720490978757653e+02
-3.873843633162662172e+02
-1.539687857512879248e+02
1.088799648612068722e+03
3.302092288853574473e+02
2.078320904068506536e+02
3.453195432141572496e+02
2.683150726968334538e+02
1.932857257526312367e+02
-4.294849276899250299e+02
-2.062764702008354618e+02
-1.115419357313511455e+02
2.959160833249460509e+01
2.812521570613445192e+02
-5.637134559027456362e+02
2.494959619737796572e+02
-1.542757593007812602e+02
7.257799513788525303e+01
-5.408813791392213943e+02
-2.750879958297461059e+01
-6.479570181970399290e+02
1.570897000982460838e+02
1.753339597722478800e+02
6.018271907204674562e+02
3.921383125587220206e+02
-1.983549918447975529e+02
-4.871922512676488282e+02
-4.518142994021017103e+02
-4.565273116507975146e+02
-5.765445167446413279e+02
-1.872677217805087935e+02
3.427694126388043969e+02
5.769339487168660980e+02
9.859566106368525595e+01
-2.118941242239895928e+01
7.434574102364003920e+02
1.228495359529260966e+01
3.713433865119895927e+02
2.691263653238536904e+02
8.037646383975207698e+01
-2.046842588079972458e+01
-1.874493175126973554e+01
-3.622701385403303931e+01
6.824323948066620460e+00
2.815606060909807411e+02
1.890838859956708973e+02
-1.740360791247162808e+01
2.360265316889381495e+02
-2.968535934299080736e+02
-1.789119600001239974e+02
-1.115061693972971426e+02
-4.848990941821937781e+02
-2.513024287302391713e+02
1.982910219233999953e+02
3.187455194406231840e+02
-2.200168353011355862e+02
-1.549829348375325822e+02
6.522235178510155720e+02
-5.776271862995134398e+01
2.934775508226043712e+02
5.079406222629559124e+02
-3.156140623901957838e+02
3.841455685251606837e+02
-4.215427063084475634e+01
4.511740832887658712e+02
-1.568249220258311425e+02
3.155892055554950844e+02
-4.278999401033134404e+02
2.144008732339526091e+02
-3.131439388976839382e+02
-5.579094220920561753e+01
4.207553534071020351e+01
8.735294683454521092e+00
-4.877897662399493584e+02
2.038640254805127228e+01
-1.783092289966090789e+02
4.185164268447447853e+02
-3.866156293824390104e+02
-5.146872197882219098e+02
3.610338190820628768e+01
-8.484379489733587434e+02
-2.370270079378125843e+02
-4.212109765340935041e+02
-2.818755265141541031e+02
-8.748825967796233272e+01
-3.782421735387531925e+01
4.362742835485249770e+01
-1.543504695219178871e+02
4.575153791585182717e+01
-9.447798566072671633e+01
1.048319798617357606e+02
-2.491510373303310928e+02
-2.078406806080357967e+02
1.489856419056038703e+02
7.368678496271061817e+01
3.252684398485209982e+01
-6.739257091717327341e+01
-4.241041981740954157e+02
-5.416308793866156748e+02
1.602496445393643398e+02
4.977794405260313511e+02
-2.423289683450645100e+02
-9.397360566955174477e+01
-3.748271134521020258e+02
8.362537373145318043e+01
2.983470521887444988e+02
1.837402644841508277e+02
4.526241307417755593e+02
2.382283157356068273e+02
1.761187926381468856e+02
-1.512835952011303107e+02
5.504198116824525044e+01
1.341428662521788908e+02
-2.063597556469495657e+02
4.040095764098294921e+02
5.686440901511281254e+01
1.485891783199828637e+02
-6.007199750894094450e+02
5.165306005083251648e+02
-2.070875547283339415e+02
1.371581330514925412e+02
4.307812040249418715e+02
4.653304680311093762e+02
1.607357639902025142e+02
-1.584393635088047176e+02
4.080481896870131777e+02
-3.729626753063461564e+01
1.498172214432309204e+02
-3.375112478479844071e+02
-1.434131106026505051e+02
8.745561775598203269e+01
1.872386095052128496e+02
4.635737428850819697e+02
-3.494205860153239769e+02
2.462125928480074677e+01
-6.468535139546692108e+02
6.269779136925842522e+02
1.347850272189700434e+02
8.279157293489583935e+01
-7.756881300803887314e+01
-1.571336500012589283e+02
2.138540596677802341e+02
-2.498192397276316257e+01
-4.162956981083995061e+02
2.538676502665590249e+02
-3.092415452232413600e+02
5.817812629366130039e+01
-4.833964623387826265e+01
-5.270581881590745610e+01
1.638313529853835746e+02
-9.956297586021172208e+01
-2.433349495453131794e+02
1.291604972330281669e+02
-5.714347587767232426e+02
-3.642053410538454017e+01
