2.768151468770819065e+03
3.286517599342642825e+03
-2.793638614909725675e+03
-1.519846625948823657e+03
5.013606300381424035e+02
-3.118803088942769136e+03
-7.818140818185320313e+02
-5.853078940648075559e+02
3.639207603313004711e+02
-2.845968522628408550e+02
3.062177580025589236e+02
-3.451181002606842412e+03
1.891035251255629191e+03
-3.989537449461600431e+02
1.555470054192186922e+02
-1.963940910220934938e+03
1.494467199675779511e+03
-5.989673375452905475e+02
1.312433920577171165e+01
-6.510973400253383261e+02
-1.424563046531998907e+03
-1.189141812151987097e+03
3.453302419538795220e+02
5.848958421031827584e+02
1.651602394705321558e+03
-1.586120041883322074e+02
6.674890715952785740e+02
-7.163675049057529804e+02
-1.264651445937384722e+02
1.519992397373511267e+03
6.552379726867914087e+02
8.133605664696638087e+02
-6.631645304339259610e+02
1.281496795626198036e+03
9.262586350232076029e+02
-3.777019200138651911e+01
-6.450067445720821979e+01
-3.616104816635050838e+02
-5.288448450971944226e+01
2.453985580070726371e+02
-8.646965403441126341e+01
-9.624635162006486553e+02
-1.123552703050506096e+02
7.827191180328886730e+02
8.056961987041895554e+02
2.117636693674171227e+02
-7.901505050132909673e+02
-7.492922046454218332e+01
8.402862044313461638e+02
5.201859074284155895e+02
8.696370182686353019e+02
-5.085956956654064811e+02
6.656027860081894687e+01
5.321807182866037920e+02
-5.194113198543231391e+01
8.531445380038821895e+02
-2.345691060957981833e+01
7.947578972419819365e+01
-3.810764741509892701e+02
5.536341813155891032e+02
-1.295758651238209325e+02
5.347004893215015500e+02
-7.732391651474942762e+01
1.059883253660878033e+01
3.084620362470122856e+01
3.302396720458805817e+02
7.593618775106631347e+01
4.083589189247481386e+02
-4.548422082402460092e+02
-2.020409775541174326e+02
5.940625402590335398e+02
-7.897387497809103252e+01
-4.721412826619423981e+02
-1.041584868249535845e+02
8.990844928296613148e+01
8.513245975194136861e+01
3.118919033656823672e+02
2.413223936776463461e+02
-2.321835698410020825e+02
2.384635995837381301e+02
-3.144322985339615002e+02
-7.106562626314114368e+02
-1.961441525515317608e+02
3.994062624925364275e+02
2.394588015680791671e+02
4.430982493712455721e+02
-1.181070718539208713e+02
-3.644957626804555417e+01
4.560336077713131999e+02
2.753082132310228189e+02
6.660976681894722162e+01
-1.187831568354269081e+02
-4.601116009700571112e+02
1.117695333594266884e+02
-1.745375872107042312e+02
-5.883865839274823983e+00
-3.942733643620954922e+02
-3.095210630012979891e+02
4.649695646738327355e+02
-9.733572127568997701e+00
-5.756418393873593686e+02
-1.994160094589404650e+02
1.205717585736605031e+02
2.190338788626907274e+02
-7.523709306296514576e+00
3.048157008966240369e+02
-4.644956641449711583e+02
3.739059205711211007e+02
-7.683319455280781085e+01
3.733855953645069121e+02
2.263018417450493303e+02
5.602646449391238548e+02
1.294856024484787724e+02
1.249477890721692006e+02
-1.242725377939630391e+02
2.945554713075355835e+02
1.701053293302100045e+01
2.519253074464521376e+02
4.606675298595867503e+02
-1.971621212285220679e+02
1.209289448523573043e+02
-1.201559258952463978e+02
-3.248221736732358522e+02
2.092435655528022949e+02
-5.040021632660434534e+02
3.829043069340862644e+02
5.083828029088135168e+02
-1.148618827004022336e+02
-6.473474863054480011e+01
1.654119458368891458e+02
-7.541571678158308423e+00
-2.072378865688228586e+02
2.405258909962263090e+02
-1.444860668981756362e+02
5.471021992962700153e+01
-3.208052987504900102e+02
1.234124473718417221e+02
3.257068023259733422e+02
-1.414216246604861205e+01
-1.948956579599987151e+02
-1.818224383699376778e+00
2.783652722140178071e+02
-2.658354261139481878e+02
-9.247545604773715899e-01
2.380981549684263996e+02
-7.431296916629328564e+01
2.770800037557733049e+02
9.029051093300743958e+01
-3.842821571655002799e+01
2.983980846666851221e+02
6.202301171551506798e+01
4.727100640287838473e+02
1.077831294967315046e+02
-1.461150473381802506e+01
4.277121109621117512e+02
1.520327673328959861e+02
1.676962010834722605e+01
-4.705952229915951079e+01
4.583695430277644789e+01
1.708614975805273062e+01
9.995069843282584543e+01
-6.107188602480672301e+01
-2.377881350211508789e+02
2.598200266161665581e+02
2.385813506144499456e+02
-7.348791936130812985e+01
-1.013818439984171391e+02
-2.041178595847362658e+02
1.359552654966407204e+02
3.181372858180087349e+01
-1.900653132466501631e+02
1.983590460310451817e+02
1.862325967852864324e+02
8.767208460487091770e+01
-1.963293752851132297e+02
-2.204278705358044022e+02
-2.828521099466208284e+02
9.190047957159804071e+01
-3.661416445033695055e+01
1.775547143837084718e+02
-8.432020037096934573e+01
1.605473130855385193e+02
-2.460984675382360649e+02
-1.160266797527991258e+02
-1.319844586410556815e+02
2.786589828250209280e+02
-6.902129686642690842e+01
-9.323088465029121252e+00
2.918923999659567414e+01
-6.163970198781294130e+01
1.894043447638021007e+02
-3.454931162786948562e+01
8.244628227083970273e+01
1.768509849264941636e+02
1.162163529778292883e+02
3.040914747792530761e+02
8.508795454532079816e+01
1.684688611437839825e+02
1.059042932491866793e+02
1.631589855460893830e+02
8.887297780908893685e+01
2.098121225279947737e+02
-5.896713550343057619e+01
-3.456822384044795626e+01
2.178684123287812113e+01
3.184997225372772434e+01
1.541227066721303629e+02
-1.575710512880303042e+02
1.404536148862932521e+02
4.882264120042208333e+01
6.149774882459999503e+01
-1.104761535058459714e+02
7.904801390305075870e+01
-9.309896828962570225e+01
2.197359847402382016e+01
-1.181761364266798324e+02
-4.895825808941776813e+01
-1.011662238797346589e+02
1.960495242790375983e+02
-7.555784761099683067e+01
3.453339858374199025e+02
-2.572076975039423701e+02
1.304471639887779304e+02
-1.258028927439729650e+01
-7.350726209827223556e+01
1.476732357312066597e+02
-2.858081238996644302e+01
-8.638873827518974480e+00
-2.095019090464440126e+01
1.196597101935668661e+02
1.281781845021678023e+00
1.610958570690129079e+02
-6.059849822699887767e+01
-3.882441443271704173e+01
-4.744891179096748068e+00
-5.206317064722311727e+01
-1.401186394313425012e+02
-1.332265475385433149e+02
5.780607019504674327e+01
-2.448529527142496942e+00
-9.146945704816118905e+01
1.053647635584420357e+02
1.028127635071006409e+02
2.351319927243150971e+02
3.145362073222682575e+00
5.489563891887933522e+01
6.384432237139139765e+00
-5.136275858706780895e+01
-2.207450362914866560e+02
-5.271989687083702592e+01
-5.954474857968703105e+01
-2.949139283301245769e+02
6.914902616293651327e+00
-4.881696934839863111e+00
-1.970578027872969074e+01
-1.094797663404866910e+02
8.926491516128784554e+01
1.881304489302215899e+01
1.751112457237350739e+01
-2.660017830437075403e+01
3.370368662773620372e+01
3.042912061409290558e+01
-9.077776824001887235e+01
-5.156982880295014127e+01
1.564553747182091037e+01
8.395392046941440256e+00
-7.215890260279029178e+01
-1.082093964644050033e+02
-1.001976187130532452e+02
-8.460691386521882862e+01
3.148905999673759837e+01
-9.655159091773047919e+01
5.083206952705237569e+01
7.439332595209748433e+01
3.066743326410375658e+01
4.233576079960225513e+01
-2.293337851795411382e+02
6.801679458106851817e-01
1.318768654675501182e+02
1.507261397414154658e+02
1.622845085720316263e+02
6.211685732363427803e+01
1.090792480580015535e+02
-4.007760853266791656e+01
7.712411185874209707e+01
9.697116462040310125e+01
-2.105837894332958626e+01
-7.919786232047903241e+01
1.837043425838475841e+01
-4.834311616057987493e+01
1.271985409228233976e+02
-6.717010242244192852e+01
-3.722514235536917937e+01
-1.478391734013300596e+00
-8.947860593615553171e+01
-1.380082157934020870e+02
-1.819141409427510325e+01
-2.573619190396678391e+01
6.270287387403010371e+01
-9.056281478238074101e+01
