1.407839724174640196e+03
4.991891450698915833e+03
-1.735676210338921237e+03
1.819008701647296220e+03
-9.822001159257234804e+02
2.312262038428239521e+03
-1.996367149242413234e+03
-2.262544135201555946e+03
8.918639661188068430e+02
2.798776718989678557e+03
7.867989160321616282e+02
-5.958624399551467832e+03
2.372883879756593615e+02
-3.433451682387311052e+02
2.700272690742146551e+03
9.985818785417047820e+02
3.257694772846310798e+02
-2.053017283373501130e+02
1.156026612134813831e+03
7.881141373679168964e+02
4.871209408333402848e+02
-1.835350815893782794e+02
8.287859858244189581e+02
3.185047546526241717e+02
-7.714190311382584468e+02
4.748738841658239949e+02
9.987901386682381144e+02
-2.172112414804848868e+03
8.280225642349281543e+02
1.110299854583482642e+02
-5.165874921758078244e+02
1.145752740488651625e+03
-2.411759710869807805e+02
-3.552933624298768791e+02
-1.100920013729441507e+03
-9.077306122263588577e+02
-9.341180147272345948e+02
2.171232005464083272e+02
-1.620512559166296853e+02
3.743040788667121319e+02
1.401680315570577250e+03
-8.538039804531249501e+02
4.553053475141827278e+01
3.990128456022878254e+02
2.441941467533628156e+02
4.046998981426418140e+02
-6.733861041548982485e+02
-7.092548433653662414e+02
4.221609911230701755e+02
4.821717079758360569e+02
3.290336481838555187e+02
1.027959362291288841e+02
6.814345482012799948e+02
-2.355752432448055629e+02
-2.878238991484603844e+02
4.356730971488461250e+02
-9.928253941221831269e+01
-9.764309366118224887e+01
-1.573446228203928285e+02
-1.431869462473738963e+02
8.028192142294386713e+01
9.369169969634373274e+01
1.986714475936139195e+02
4.389502265415448505e+02
-2.814655592318833328e+02
-6.784951649774571081e+01
1.443886123263850720e+02
-3.478255222844729815e+02
2.975720750654497238e+02
-2.240459062085737685e+01
-3.879065865747834323e+02
-1.911698587645297494e+02
-5.075612164418855627e+02
9.992003442484072195e+01
3.321314142082762828e+02
-1.267874566436086496e+02
-2.316949812565538309e+02
-9.368245606671533778e+02
-4.066473594965924576e+02
4.840185096129079625e+02
-6.196195824197380944e+02
5.781022676448658331e+02
2.159956217771595561e+02
5.159047763180643642e+02
3.121197982035911878e+02
1.719503924593286399e+02
-4.213993154318507095e+02
3.946836050547792496e+01
9.683429784008789909e+01
5.216807647967277717e+02
-1.977566286283076238e+02
-5.978983530254229208e+02
-1.047324538298523748e+02
1.858749037947100362e+02
4.903792576622641519e+01
-9.868460529864806574e+01
-7.584620549787911559e-01
9.966764258405039811e+01
-6.677411159982305833e+01
-1.498614390152070825e+02
-4.772691457679371752e+02
-4.267860299678884530e+02
6.865841549588527926e+01
-7.325635743945434797e+01
-3.593294549728448715e+02
1.358374787533024346e+02
1.717866978259017401e+02
-1.114920188651756803e+02
1.897131827280713878e+01
1.755027927806353318e+02
-1.301954350358541319e+02
8.213087840799819617e+01
-1.305805434780351959e+02
2.814725069258637191e+01
-1.161235097510577319e+01
-1.487195496774911874e+02
1.866666797513224196e+02
9.979656451514273385e+01
-2.321286511898338745e+01
-3.224015241990322806e+02
-2.100837492976188514e+02
-2.846955676601081677e+02
-1.129190880818749037e+02
1.834591152134996150e+01
-1.464286702788891148e+02
2.906483949460222505e+01
4.933699017231712673e+02
-5.803091322978057320e+01
-2.237405895257008126e+02
1.682768056442005786e+02
-2.290477139227628527e+02
-9.291459011916523991e+01
2.055588397167764754e+02
-1.238705640770124319e+02
3.344459113950613727e+01
-3.739109365524634399e+01
-8.662880996323950455e+01
1.932801736388050244e+02
7.470203485981500080e+00
-1.165017001655262021e+02
1.946521382001311338e+02
2.164336251550145676e+02
-9.255092003073542628e+00
-4.517968109872798266e+01
-1.027758035866182809e+02
-1.459563528148737532e+02
1.346277765436649361e+02
7.910596828034094585e+01
-6.433086990970593888e+01
-2.697007431322481352e+01
-1.342537160897184094e+02
8.029821734747014261e+01
2.100086255499243748e+02
2.512369687555774362e+02
-3.315103451391222933e+01
1.106706896321860683e+02
6.348607007216573095e+01
-4.663575516012220135e+01
9.295823503445060965e+01
1.091080158734130094e+02
8.229541282836831328e+01
5.957869028712300619e+00
-2.206718715887865017e+02
7.898371101056170573e+01
-2.394648465437562947e+02
3.306853410886889577e+01
-5.635849804783626382e+01
-5.555881507630807192e+01
2.851364204471533625e+01
-9.116775887413767521e+01
2.251201734139110613e+02
-5.467289079623243708e+01
1.895157027621231407e+02
-2.523006290344571880e+02
-2.560230515680602252e+02
-1.994374294260139493e+02
-7.728030209252666793e+01
-1.472908841230874941e+02
-7.676602707107777235e+01
-3.878107091211246171e+01
6.719322850907784250e+00
1.451626865771719679e+02
2.816738327363282792e+02
2.437501704656549961e+01
-3.429899718932557562e+02
1.383486308163035687e+02
-1.669760948988521818e+02
8.798392161215232932e+01
-1.939054369626849450e+01
-2.330943126807494536e+02
-3.260190926627494434e+01
-8.622673803538963000e+01
2.151793573635841597e+02
2.499159121786870941e+01
-2.981452125225772676e+01
-2.588174723682627132e+02
-7.865826124793614760e+00
-1.146862604893151598e+02
-5.316304828532503990e+01
6.851733591583364102e+01
-4.279776820344475396e+01
1.842694023120344298e+02
-1.780650028588343332e+02
-7.416638422019387633e+01
1.057322233142622991e+01
-5.548926012723327972e+01
-8.506771009102233450e+01
-2.449397515114136326e+01
2.286477803243872486e+01
-1.104334026045032857e+02
-2.552108488050603441e+01
4.061726972289484650e+01
-5.968218737460114198e+01
1.240864841813904604e+02
9.895759379266350209e+01
7.933704913524842084e+01
8.817598357437090328e+01
-8.598923509557782552e+01
9.356858484771791495e+01
-1.099727900712090012e+01
3.325056204442384455e+01
3.034138213559597830e+01
1.750779247957535461e+02
4.677014530167602491e-01
1.220491444139140214e+02
1.944262680002753996e+01
4.069608893779892611e+01
-1.504534078573466900e+02
1.890972082271657939e+02
-7.279637413345683683e+01
-1.298247286780297429e+02
2.131968548140538928e+02
-7.214316179067866130e+01
-2.964644452605923775e+01
1.519520553547377517e+01
1.071988786894396810e+02
4.689264914571894849e+01
-2.154568568917565319e+00
4.579329085998814719e+01
1.113213376199474709e+02
-1.036003090663784008e+02
-1.288651650614285415e+02
6.527461827632028246e+01
-1.701472746456061103e+01
-4.888955327033566078e+01
3.050646126805876435e+01
6.994930225533263979e+01
6.327813410343257061e+01
-2.487020311941076756e+00
-2.982728884153900850e+01
-2.117614972365822723e+02
-5.718701876563225284e+01
-1.071690500778872632e+02
-3.828240036872614382e+01
2.790181658383977847e+01
-1.003000512006565401e+02
2.405860586517237039e+02
1.214183049447122009e+01
1.864541745917537696e+02
-1.852069616048094076e+02
1.255812713813019030e+02
-1.331516445726218478e+01
-3.284427276603684476e+01
-1.770266744327582131e+01
1.422201289068601993e+00
-1.251268428085434294e+02
-3.417718165180873768e+01
-9.270353460019789793e+01
-6.237770062920229286e+00
-6.509717573327502294e+01
5.950545200963707515e+01
-7.978540759300888396e+01
1.356461089464603731e+02
9.673456089123848756e+01
-8.369030852305741064e+01
1.532730376633019631e+01
-2.981198750563816446e+01
6.422679631789354460e+01
5.529985279897056927e+01
9.038584603919498761e+01
1.490601859466252392e+02
4.558623588197102805e+01
1.320046625316627456e+02
6.139829502289631336e+01
1.287803798086047209e+02
5.514581618760878712e+01
-4.728079202805400172e+01
3.192990425527888121e+01
-3.514159907313437259e+01
8.793339108723966291e+00
7.107934959645732853e+00
-1.863362209162633931e+01
-3.087102431667923952e+01
1.148580171364903180e+01
7.942999007922122701e+01
-1.088773354957340587e+02
-3.213739940508640558e+01
3.754445158841296859e+01
9.535238211604908543e+01
4.551409653931906441e+00
