1.589527408913791760e+03
-5.383352879067231697e+03
-3.064348015664095328e+03
-5.192815681228317999e+02
-7.784748280750753793e+02
6.255480056143783258e+02
9.193446272041300062e+02
-1.886511427491399900e+03
4.370202437190155251e+03
2.502798867231882468e+03
1.962510268009977210e+02
-2.361802275777684827e+03
2.482336373173764514e+03
5.384391450861148769e+02
9.494930296540771906e+02
-3.375302317094264254e+03
-7.193525483217867986e+02
1.962058965610234225e+02
1.455414189074401293e+03
8.037335318829142352e+02
2.749687872023360342e+03
3.495077245408734143e+03
5.216956805257858605e+02
-1.318305120833061039e+02
-9.217362517249885059e+02
1.803013988878403552e+03
-6.016783802822031930e+02
-1.350879547705000732e+03
-6.558034181910970801e+02
-7.019101081252661061e+02
-1.794149270402176910e+02
9.710239077182280880e+02
8.805030431880030051e+01
-8.227969278543517930e+02
-7.289099121165620545e+02
4.584049935734274186e+02
8.639858812625458313e+02
-1.553049292442715341e+03
-1.027817192911367556e+03
1.292036032149962011e+03
4.630197056372201132e+02
-1.547349686153062009e+02
-4.297011000767581095e+02
2.656319621959185042e+03
1.522765326354493709e+03
1.072094067381861123e+03
-1.334591236378203760e+01
1.422670151328726149e+02
-6.861262142719001531e+02
-1.886582028351218909e+01
-1.174485912933029567e+03
3.331899642502769439e+02
-1.200916645395824958e+02
-3.295196686857119062e+02
-5.396467150084851028e+02
1.751050727659045947e+01
1.229412920353925784e+02
1.195497226314317459e+03
-1.161634578415479609e+03
3.541350026711260739e+02
4.595100670142779364e+01
-1.528208403864746515e+03
8.890910805827579679e+02
-9.715882694601061758e+02
6.160364344170736786e+02
5.319148704650211812e+02
6.078971029454936570e+02
4.989520519094531892e+02
1.062505194211033768e+03
-1.384233960565309189e+02
4.932951940619621496e+02
1.258075191616290311e+02
2.485818384255508704e+02
5.640608944197533674e+02
6.081125508034982659e+02
-1.361409083997155449e+03
2.299766222947661731e+02
-1.074473511142318330e+03
8.816458924421957590e+02
-1.417944237921421120e+02
7.638612585389300875e+02
6.774153948855713452e+02
-7.450611995302658386e+01
6.934400706644316870e+01
7.778440909215960346e+02
1.325659595294713711e+02
-9.793693988710002714e+02
1.681824496796824064e+01
2.773602021120907324e+01
-5.726365538968470901e+02
1.406036641405532635e+02
-2.223713758132879548e+02
8.093446605323558174e+01
-5.836664001446837347e+02
5.974853007367706823e+02
-8.684783829823257975e+02
-5.768437527702250236e+02
6.469723023108417692e+02
-1.860358620377726595e+02
-6.711096900279180488e+01
-8.612177064912987134e+02
-6.654412991795067001e+01
-1.736356063786576556e+02
-2.445586791737385397e+02
-1.568065195994783210e+02
-6.106633331645198268e+02
-1.552869961737663971e+02
-9.765348053140671425e+01
1.693743647795343179e+02
4.067453012279312361e+02
-3.003077130809039659e+02
-7.029629028543744198e+02
1.057628628128649950e+01
-4.639043648795423564e+02
3.737991517836605908e+02
-3.673487577679293281e+01
-5.980652446166812979e+02
-8.850736968489901528e+02
-3.631850736995101556e+02
3.603663554631447141e+02
2.244927016915896729e+02
2.314433796059300334e+02
1.180854396879045964e+02
2.742366561225231862e+02
5.238115088253381373e+02
1.126442206486995019e+02
-2.146840662014552379e+02
-5.655594997979807204e+02
1.339285610089154943e+02
6.266515649151494927e+02
4.878307970312575748e+01
-7.834541745533621224e+02
-8.135216291153610655e+02
4.900069491061903477e+02
9.153356127614699744e+02
-5.317910892282385760e+01
2.464736044718497965e+02
-1.090827788544390842e+02
2.119973851836146537e+02
5.876999865019083700e+02
-7.197228288078041203e+01
-7.207616555521805424e+01
2.336167633637528240e+02
1.033912789666711376e+02
-6.671637647347960183e+02
3.203959048955322260e+02
5.778734104336088251e+01
2.206977784464479555e+02
1.169274616788248835e+02
4.690275353510271117e+01
6.536558893497823419e+01
-2.479550120615205344e+01
6.094143591533622129e+01
-4.721399008559351529e+01
-4.317286467100210530e+02
-9.277979708901846756e-01
2.110757774746841164e+02
2.458148203527568398e+02
9.241876046958617508e+01
-2.690456467244028431e+02
8.321625157917141280e+01
-2.050222940943307322e+02
-2.230029556881659687e+02
1.633746918709634315e+02
-2.610608591075933873e+02
1.970246611091635884e+02
-6.998505623682966359e+01
-1.171312434317482314e+02
1.917202124768139697e+02
-3.096352000433481066e+02
2.514099749203784029e+02
2.568011272413862116e+02
4.156603753041769096e+02
-1.667247279367135775e+02
2.088576686381847765e+02
2.210410922701140350e+02
1.362563057443172454e+01
5.029986297712449428e+00
-4.357922315183755018e+02
-1.185142587989134597e+02
5.164556244253750492e+02
6.724277351991011642e+01
4.759461645758902364e+02
1.151442364880968086e+02
-2.215375556719117789e+00
6.642903423134946195e+01
2.732710229959570825e+02
5.588414087407350195e+01
-7.910421418806978977e+01
-1.611826909693027119e+02
-2.495131845885179871e+02
-4.967611124140910306e+02
-6.206390593826940005e+01
1.321872871310909829e+02
-1.299833471073058604e+02
-2.562876638765019948e+02
2.022927671182303300e+02
-7.548297849112607594e+01
2.448305712159495329e+02
4.016061756229269122e+02
-3.359292342005321785e+01
2.006429091211668947e+02
9.727165572118406089e+02
-1.200595939684298656e+02
-6.138454395146113995e+01
-3.229144613157296249e+02
-5.502108911945922642e+01
1.499293224917921634e+02
4.598190484169255576e+00
6.026531254887325417e+01
2.864114635329940839e+01
1.986699850694290319e+02
-1.903327295436837687e+02
1.045872510676488218e+02
-1.354333382175049110e+02
-1.254222246996784662e+02
-1.280443993556893076e+02
-3.301415664846530262e+01
-5.250986970481889102e+02
-2.692158874676463256e+02
-1.129667418830067760e+02
1.743071725686864966e+02
-3.183551300959014156e+02
-1.160503231001613926e+02
-3.250126604489259989e+02
-1.204074603841181101e+02
-2.192484893835716662e+02
4.347379068619360964e+01
5.501517958630734029e+01
1.255510641531977853e+02
-1.307346089274711574e+02
-3.133406411009000792e+01
-2.368218118006179509e+02
3.129856090943121671e+02
2.846518579374946967e+02
-1.622209101291251159e+02
-3.796731299403137427e+02
6.100325759086564403e+02
-2.606030317135623591e+02
-5.360461701671567880e+02
9.356499507885349942e+01
4.270767431830529972e+02
-1.323115604039994082e+02
9.308723253137793563e+01
-1.806603768026709531e+02
-1.318795078077621099e+02
8.392111414205419351e+01
-9.986235719731109839e+01
2.102985967927810123e+02
-2.713447500248783513e+02
1.578962331018316263e+02
4.744734900287376718e+02
1.402768485393793583e+02
-5.826982946579319105e+02
-6.499696560616833096e+01
6.867475683023195643e+01
-3.068908584432110729e+02
2.614470121022677063e+01
-2.400839483034534538e+01
-6.364193920331126186e+00
3.533237374185208068e+02
1.910811196035433213e+01
-2.843995337167642035e+01
-2.579032729994752344e+02
3.992695059747908317e+02
2.866084321791676075e+02
1.928267854321785535e+02
-2.036024909108397480e+02
-3.902564329008953905e+02
-2.047299544950961661e+02
-2.781499969669876009e+02
-6.634761830954195716e+01
3.309311335678896171e+02
4.275867577233445331e+02
-8.346278929104207123e+01
3.150139372370304613e+02
1.085821303073954311e+02
2.594557752722173518e+02
3.036995192164103514e+02
5.151138142227801353e+01
-2.946842449909754009e+02
1.829926016313978607e+02
2.873603464406414219e+02
3.129263556584289176e+02
4.622011600452523794e+01
4.050964931870021815e+02
-2.073079631223042441e+02
2.493068945797857339e+02
1.772361082454788672e+01
8.746227394324431259e+01
1.737029657072689872e+02
-7.141291748914591153e+01
1.836923611529614391e+02
-5.136002551148364859e+01
-4.265248282326984395e+02
-1.140260284822198145e+02
-5.708155045770331171e+00
-1.170990868697817149e+02
-2.445167395802838541e+02
3.282484020299756935e+02
