-2.398798636036005973e+03
-7.780953207099811664e+01
-1.454249977398653073e+03
2.951159750849499687e+03
2.942947168996876144e+02
-3.662311023271559861e+03
1.681078727348052553e+03
-2.132663545612103917e+02
1.048867748587872484e+03
1.538178946375336864e+03
8.228846321577275091e+01
-3.839270347591992049e+03
9.892372583547414706e+02
-1.273921958749917991e+02
1.038400298086936004e+02
-1.254583667418731011e+03
2.456058925790252488e+03
-5.483792487765566648e+02
1.277774952874777682e+03
4.839884295466095523e+02
7.802113394835606641e+02
1.998751734187575948e+03
3.639501252241587963e+02
2.862114931898280702e+03
4.781626111531433594e+02
9.378391594288318629e+02
1.367500537501516419e+03
-4.704725170553675753e+02
2.165452945850256015e+02
-2.140818829284040987e+02
-9.990094709292609423e+02
-4.455893977601705274e+02
-1.472904791510187351e+03
1.495753526996533722e+01
-9.810937241199571872e+02
-3.356541688925202607e+02
1.318317067372814506e+02
9.325685397144638955e+02
-9.204825692697143324e+01
1.464698764797145259e+03
-5.153445270171898756e+02
-1.126775109242596500e+03
9.742568094289878218e+02
1.772788496671298617e+03
5.438645659092820779e+02
2.014112233327345166e+03
-1.750159801495480565e+02
-6.982159497897408755e+02
1.806573168124345727e+02
6.976587467954451540e+02
-6.117879230046088423e+02
6.745110930884433742e+01
-1.131261822693702612e+01
9.658323226121838161e+02
-1.116112667389768603e+03
4.094155927298776305e+02
1.177556908187511681e+03
2.379893323608810078e+02
-2.416114138449759139e+02
6.276609261191183577e+02
9.861344063545728886e+02
-7.340010765832895459e+02
-1.249356330232263446e+02
-5.850245337899540345e+02
-1.467132509848320296e+02
3.149718307818832841e+02
3.382584991837973689e+02
-4.416341132929276796e+02
-2.354154625595343759e+02
-8.602594514521762221e+02
5.399354563214725431e+02
9.921915729684171481e+01
-1.926260911101896056e+01
8.123488261800352461e+01
2.057653732408925151e+01
-4.133378036280316223e+02
1.477963565100847063e+02
-3.395985058961493337e+02
-3.839733692793250839e+02
-3.826913405890069839e+02
5.138868636508248500e+01
-7.343770173577587457e+02
-4.469482798014151399e+02
9.761376442735176795e+01
7.061936349499102334e+02
2.024266262275279189e+02
-4.605540819823820797e+00
1.447755271898581952e+02
2.192739893592329565e+02
1.015220443436480622e+02
3.062810555609974017e+02
-7.171413850633433640e+02
-8.495584909268342244e+02
-5.142044228469945892e+02
2.588384761557475500e+01
-3.263353520292164944e+02
-5.915446361033045832e+02
-3.884240646763796576e+02
5.374958542197147153e+02
2.676737959534245803e+01
-1.427770225822570467e+02
8.203080963658010205e+01
9.577100002943726622e+02
-4.836929166986370774e+02
3.722555010325476701e+02
-4.180140689221655066e+02
2.839994328225695597e+01
-2.436117526389782597e+02
5.410543330085921809e+01
4.928792437574898599e+02
-3.694576086462095645e+02
-2.698815374945779695e+02
-1.694477990192746120e+02
-3.158258909718698533e+02
-1.835453828638354992e+02
2.511348974529844611e+02
-6.356330218500253295e+02
-2.226562183165623594e+02
1.267170672032024115e+01
-9.599180809106665890e+01
3.434325229172505942e+02
2.508453995955872173e+01
-1.138016310940839304e+01
-5.465967135076449068e+01
-1.111600695214991319e+01
-8.733563616869322743e+01
4.898064120130237598e+02
-2.377310843572149679e+01
5.179216265787085831e+02
4.937942473259126359e+02
2.071051706382749273e+02
-4.219259846783709804e+02
-7.093160294014145393e+02
4.724018414745827954e+02
2.149056254726845339e+02
-4.726785613432593181e+01
6.563623210076734438e+01
-1.563189908203495406e+02
-1.984694222993892083e+02
2.178577453840971714e+02
-1.039135334971972355e+02
5.095152346706103685e+02
-2.415559802694617986e+02
4.795380744574537175e+02
-3.910603653953158982e+02
3.494356164160474236e+02
3.225297208205616357e+02
-3.816430300592379581e+02
1.289992161061475997e+02
2.824487818633456868e+02
-5.562943513684199814e+00
-1.619056950706154510e+02
-3.581471438196552413e+02
-8.432868751254265050e+00
-1.557290807018318901e+02
3.347330686562997215e+01
-9.881053079701305819e+01
3.483076922684915644e+02
-1.966100362541592688e+02
3.940720467890407690e+02
-2.626740515816400716e+02
-2.181934040914838704e+02
-5.088538611913606360e+02
1.941262427400774584e+02
-2.972065076183603765e+02
-8.634685174036199840e+01
-2.878294636117476557e+02
-2.212051055095635661e+02
2.902372432781620546e+02
-1.681499939537347927e+02
-8.380520913103707414e+01
3.469117300645383466e+02
5.395402425870859133e+02
-2.646162750389628400e+02
-2.574592221585177754e+02
1.615388834962988085e+02
-1.950614876932651214e+02
-4.693719624135330264e+02
-4.656452906708710060e+01
-1.065858412472293395e+02
1.858582545905877907e+02
-3.480207361088202447e+02
2.472343875258569881e+02
6.915331515337666701e+01
5.286703764770948055e+01
2.047995139652225021e+02
1.599115529636450788e+02
-7.851037954807716268e+00
-1.735137687350753595e+02
-2.760941822626308522e+02
2.976426421854439468e+02
-1.001153841597471114e+03
8.601064967384770910e+01
-1.945225710022561714e+02
1.028561287459301070e+02
-7.168960548573947733e+01
3.930773492222675713e+02
-1.801156628474359991e+02
3.289133998853473031e+02
1.248958627798158858e+02
-2.702532337616232994e+01
-6.352380305537832328e+01
2.327731646218030619e+02
2.757588450101280841e+01
2.921448562759651395e+02
-7.110601006148777969e+01
-1.337729102038595670e+02
2.439655518249233523e+02
4.995199869134003734e+01
-7.113670203425822081e+01
2.110715281101709593e+02
-4.633989744133242539e+02
5.986855518186150960e+01
-1.220439799437213537e+02
1.434493946034502017e+02
-4.557112710580176440e+02
-2.718800321704133580e+02
-6.172702882440385963e+01
-2.199384727302394538e+02
-2.051375695277309887e+02
-9.396203148385691151e+00
1.265882016947659992e+02
-1.236548600196165921e+02
-1.923229851634189060e+02
-2.469678968476647185e+02
-1.933332752988363836e+02
-5.233947048847112171e+01
1.077995665415283071e+02
9.041167564924326427e+01
3.567364422051671227e+02
-2.421498397806512628e+02
-6.757887953098689593e+01
-4.570106254918841842e+02
3.263970845946740837e+02
-6.768218561601143790e+01
-1.981342865244949110e+02
-1.246380152870706723e+02
3.881002439645918116e+02
2.756471075109463342e+01
-2.696106740954914471e+02
1.181895988850752133e+02
3.204104428284255164e+02
-2.427921741418055603e+02
4.162260414204475296e+02
-1.703436036318207698e+02
-1.507773833452834253e+02
2.533862490800548883e+01
1.661661292514657191e+02
-1.727657187596137192e+02
-2.356523129114117125e+02
-2.467759858004701243e+02
4.775300522852868568e+01
-3.176846785114588911e+01
2.586264766700140783e+01
9.628631826848865671e+01
-2.479737809513290472e+02
-2.669025433130612441e+02
-5.014098672920817279e+01
-3.773580807422030858e+01
1.596086328608695908e+02
1.961455917997062386e+02
1.782520944250250352e+02
-1.985508854216962504e+02
-2.001381256515698510e+02
3.024459233911101137e+02
2.070112758964637578e+01
5.184504565087751189e+02
-7.624385236389429110e+00
-6.440610180853521172e+01
-2.177999186529219457e+02
1.413519234369862545e+02
-1.145690247209381880e+02
2.983762996640947449e+02
2.994736121455686089e+02
-8.433691686813891408e+01
-2.182033417445493839e+01
-2.096282402584829185e+02
1.105879928051091383e+02
1.687713292496448503e+02
5.630981194398736989e+01
3.946363628754883024e+01
2.887903819374407135e+02
1.411290011834724680e+02
2.567031139372936810e+00
-7.966595505280432121e+01
-4.366540403333377895e+01
-9.089040392439044069e+01
1.220981288618854421e+02
7.812195478609498878e+01
1.887149813100226936e+02
2.915125986381565326e+02
5.437713393054173849e+01
4.034897040173173366e+01
-6.862311124841740551e+00
-4.294744119641395059e+02
-3.890516261062176540e+01
-1.594505247612217431e+02
-5.864417734769718038e+01
9.433955566584526764e+01
1.724107632683932536e+02
