-3.310305029137682595e+03
-2.734924173730312305e+02
4.874531442163358292e+02
4.212362872473297102e+03
-6.601146494061171097e+02
3.875724849896060277e+03
-3.555908691800303131e+03
-6.083575667929079600e+01
4.884633451364795178e+02
2.921009865670879663e+03
-1.204354203022222237e+03
1.267019637236143581e+03
2.570994852233208803e+03
2.287598454749546363e+03
2.007514970409536772e+03
-8.358930399190785465e+01
-2.109128768883319935e+03
-5.924281345702052022e+02
-1.463147968371422166e+03
1.464793191627323665e+02
9.227548798996026562e+02
2.635689499861812692e+03
-1.247948771561091462e+03
2.467824607880487235e+02
6.966851559717237024e+02
-3.306284009185818036e+02
3.835555112905802844e+01
9.367587255330400922e+02
-1.243800154154921756e+03
-5.263424017968128510e+02
-8.607539741676594076e+02
3.546783056693301432e+02
1.930487787352063549e+02
-1.995771981307083934e+03
4.197725696131763584e+02
3.165203534768733675e+02
-1.020735976561318466e+03
-2.430296792195942999e+02
-8.330767444463466518e+02
1.767943530427573933e+03
1.080577466428501111e+03
-5.564331945410597200e+02
9.829055516987187957e+01
6.855432052018783224e+02
4.481295551828059729e+02
4.878559004013720823e+02
-1.344953913616118825e+03
-3.253145031930796449e+02
3.208666945154836299e+02
7.415995447040719455e+02
9.221392798226450793e+01
4.684632673550054278e+02
5.749424165750087923e+02
1.926341144198514939e+03
-5.885562542821229499e+02
9.487626986424161259e+02
6.955810644945473769e+02
-4.018563320739239089e+02
4.111297004349920030e+02
4.948066778446495846e+02
3.683295863598824127e+01
-8.472156984824354140e+02
-9.461700033321699266e+02
-2.075101091408925811e+02
-3.215967651938785821e+02
-5.650702554919540717e+02
-5.720030696332707976e+02
-4.892530569060278367e+02
4.806609320159872709e+02
6.241982220215963935e+02
2.335609860181904196e+02
-8.027310293527240503e+01
-4.488901966287529035e+02
1.323506112392863656e+02
5.263080708546766573e+02
-4.066698439302851398e+02
6.321239457254870331e+02
1.863606703851922930e+01
4.268630825735203871e+01
-2.495644449887386713e+02
-1.397145389933257320e+02
-7.006456282702254157e+02
6.156696883163082248e+02
-3.059454921274603407e+02
-1.663933746055689369e+02
-1.528894184508280318e+02
1.133719239314062293e+02
5.402242868362405943e+02
6.378003636068551714e+02
2.551076765743693500e+02
-1.246048420062202524e+02
6.023380375620782843e+02
-3.908746500582566910e+02
2.424435612436182055e+02
3.118425885761778886e+02
1.176412222260950813e+02
-2.221169257470384935e+02
3.503217788375794157e+02
-4.285300289240640268e+02
-2.458502304317188702e+01
-2.402951926710153430e+02
2.099731859492777915e+02
-2.791786351436076643e+02
3.853575657135847337e+02
4.595370855517422797e+02
3.234289587007691011e+02
5.302781520529052273e+01
-1.376462930246638621e+02
6.555646080849153634e+01
-9.926990131801851192e+01
-1.759964102579095027e+02
8.260783175563034320e+02
7.398307141538032283e+01
5.933042620019400459e+01
-1.249029990150378495e+02
4.270609288269708372e+02
3.648286569550832041e+02
7.973517353617670267e+01
-1.163502839753931255e+02
-8.085770867086115743e+01
-1.758088452467653156e+02
-1.617729260646166267e+02
2.922951189657800342e+02
1.882158159185387944e+02
-3.150667198823421131e+02
1.667313287195551084e+02
1.980849554769777399e+02
1.892382228548671605e+02
4.403370527710895885e+02
4.391565551750921941e+02
2.630949691045414625e+02
-4.604938581188986291e+02
-2.718277409056371994e+02
5.139145874693869018e+02
-6.721285583392877072e+01
-6.612578712272166115e+01
3.277515328578703588e+02
1.261270276210315444e+02
1.654184274799766570e+02
1.441025501194247340e+02
-3.635816817081362728e+01
5.895264385840848718e+02
-1.388769980641175437e+02
-5.846710019167989714e+01
-3.977011795679718489e+02
2.327413833192721313e+02
1.158074312170071494e+02
-5.770235208933650028e+02
-1.792327827311997908e+02
1.990813605815302765e+02
-3.178563716011796032e+02
-8.341352000495666630e+01
8.243289400221796370e+01
-7.124035224097754337e+01
-3.280917645583560027e+00
-2.511188437725586198e+02
3.771411351541125896e+02
-3.186154490714863528e+02
-2.675999009249164828e+02
6.359891506253771922e+02
-3.593289401793791171e+02
-2.645997981081048067e+01
-9.632506854401520968e+01
2.027228259566201700e+02
2.357193614835233006e+02
9.074095552490781813e+01
-1.725443180067019000e+02
-8.558979958897796791e+01
3.415297244641989209e+02
6.475987123216373220e+01
1.548397556338653942e+02
-9.749702183535785593e+01
-1.890802566334077994e+01
-2.569414894195395505e+02
-1.487364046189960902e+02
-3.691254278807900846e+02
-4.402538067511191571e+02
2.372169486444583342e+01
1.718079448319235780e+02
1.193018322344468096e+01
4.279455558993901718e+02
9.646338929190758904e+01
-1.146651061971475372e+02
-1.818669448491129117e+02
-9.088187879414891768e+01
3.549893479198894966e+02
6.970820321644917783e+01
1.852397482679401435e+02
1.022573971804015827e+02
6.281259820509227865e+01
1.227628543768479830e+02
-3.830345640267054819e+02
-9.107958090825679420e+00
5.139935389889644313e+01
3.680717252899914342e+02
2.718730067152225160e+01
2.549987526205201220e+02
2.362431421470242299e+02
-1.782788876313447446e+01
1.557273015318884006e+02
1.198403358270557248e+02
8.909783374595473759e+00
-1.482453372885346141e+02
2.256017325183885873e+02
-2.598489811582306288e+02
-1.953623056784270204e+02
-7.692287547069607001e+01
7.555007012098144514e+01
9.705234662736299356e+01
-2.023790758743591880e+02
1.947663730628704855e+02
-1.467798960593585775e+02
-1.131260735016315948e+02
-3.891997839119584057e+01
2.429532884087579134e+02
1.507253058227555442e+01
-1.138461424853552870e+02
2.516887235788960027e+02
8.396352034861152447e+01
-1.334226246383904027e+02
1.226983985803809531e+02
-1.539220546363550000e+02
1.857813798128121050e+02
-6.866632227908809227e+01
3.917432925524656895e+01
-4.625259993714761464e+01
1.706593589050380615e+02
-1.758279769254672544e+02
1.105493413873008848e+02
1.730607515298472947e+02
-9.469412774105455810e+01
-7.867107345749815295e+00
-1.491141567295349546e+02
2.121823033319535767e+01
-9.364042093178390758e+01
1.539214301232554476e+02
6.015737917766999487e+01
1.107687624599990386e+02
1.651268455822739440e+02
-1.028035222757006437e+02
6.320699870959714417e+01
3.502381905364648560e+02
-2.203052695273487984e+02
3.109002873365030268e+02
-7.744417671159449412e+01
-1.350185302583094540e+02
-1.644862575810872158e+02
1.134625796473993518e+02
8.331473927286222647e+01
-1.899754821068126773e+02
-1.668578096658104926e+02
-8.670357083391030528e+01
-4.459340470122364053e+01
-4.340589410426410666e+00
4.989824324132859346e+01
-1.756737551256235292e+02
-5.206017917625279878e+00
-1.514122152516676181e+02
1.975916579615667388e+02
1.076960842360025907e+02
2.217932655601478587e+01
1.487870605295625239e+02
-2.407753604816780353e+02
1.172204192512260512e+01
1.249995246629753254e+00
2.461879454070871134e+02
8.909572319202258939e+01
-1.114034535096797498e+02
1.080682085402839903e+02
-3.487166071994100669e+00
2.494517805439124345e+02
1.567293817738018546e+01
-1.153930105616563111e+02
-3.748802082009223824e+01
-4.731586986343618406e+01
-6.574130500203406768e+01
9.108727291191527797e+01
-2.669381571835759246e+02
6.222654340752140456e+01
1.174323164361238270e+02
1.691828586518210784e+02
1.293326206119343524e+01
4.868402520598422001e+01
6.671742046810851434e+01
-8.696045127035902933e-01
-2.317661424511879176e+01
-1.003649554931902657e+02
-3.872298529490756369e+00
-4.039324503804166966e+01
2.424838360362480216e+01
1.715387794320484431e+02
1.995313553566286942e+02
2.862329761847736620e+01
-7.141946221096190150e+00
-8.311490372981179320e+00
-5.836241997231087453e+01
-6.056438961251417652e+01
-1.678090811811840126e+02
-3.667457792812825357e+00
2.914416567458583884e+01
