-4.491090640688468739e+03
-2.829171810728166747e+03
3.159530656579288006e+03
2.297046697421256340e+03
3.536248174322602154e+02
4.232260575963762676e+03
-2.557912141684726976e+03
-4.704003228290729908e+02
-1.520283426595663627e+02
3.433935491303843264e+03
-5.751179871299784736e+02
6.143375971092763166e+02
4.224739269845947831e+01
6.804640904734544620e+02
1.472771942113031400e+03
-1.354194584557026474e+03
-9.991577288189281489e+02
-2.447609940695342914e+02
4.929761559764194772e+02
-3.982343475860101876e+02
-1.682650532998900417e+02
-9.480243563239247351e+02
5.090828231947552922e+02
-1.773753885223600719e+03
1.874959254001226725e+02
-5.917191262868070680e+02
8.156917015699332296e+01
-1.570898947082958557e+03
-4.092046860283730439e+03
-1.419694393831246998e+03
-1.323640562087003758e+01
2.181134988409593234e+02
-7.065907493471714815e+02
6.098590185133951991e+02
5.346004454241256809e+01
-6.985110838184517661e+02
-3.915390884847242319e+02
-3.596993878941908633e+02
-1.061190297343853643e+02
1.101920202629734149e+03
-6.421027517262407400e+02
5.438341118857159699e+02
3.081313922498403031e+02
-1.088409170973784740e+03
-1.909143842951655188e+02
-1.608933080722235218e+03
3.327646772465594154e+02
-1.528184654593373807e+03
-2.382617602803931334e+02
4.812914872295487498e+02
3.583384568672751698e+02
5.345868256720527825e+02
1.463202409006905498e+02
9.420167989679008542e+02
3.524870294564586857e+02
-3.445081225182775597e+02
-1.254099582493664684e+03
1.815806095741025729e+03
-1.647911319539154249e+02
-1.531578847557310155e+03
1.242992455916773622e+02
2.327807829642335946e+02
8.319515897175429018e+02
8.278303456057954008e+02
-2.792067076581047758e+01
2.870497560630327030e+02
-4.111858891956709954e+02
2.517221490381730042e+00
-2.011159806723740928e+02
-2.208009230533585310e+02
4.416415785383351249e+02
-2.564888863383222883e+02
-4.351975343698926508e+02
2.128358492636534436e+02
-6.318176556232428993e+02
-4.415947807824292113e+02
1.598089722975049369e+02
4.583803617494083937e+02
2.769768048199121040e+02
-1.461047026184562583e+02
-1.088127051839853038e+03
4.556685053718665017e+02
7.383533058685195272e+01
7.542342071825385119e+01
3.693674188883894089e+02
4.275126195623332137e+02
9.862666341386846725e+00
1.083350868737214114e+03
1.172230722061736401e+02
1.587082241907599496e+02
9.596339077554671348e+02
6.242010586818635431e+01
3.812315612760851309e+02
3.994114795957345336e+02
2.610045398573739703e+02
1.249788466165527581e+02
1.433909879501180058e+03
7.841748487278978246e+02
8.950901745395273679e+01
-2.492072306849169649e+02
-5.045341542095244449e+02
5.047120211324878483e+02
-1.222973176921219221e+02
8.239857965985277133e+01
2.038468166846594443e+02
-7.333895229332231338e+02
-2.431673701978952522e+02
2.896508157904905829e+02
-5.868026629385900605e+01
6.074581608670575861e+02
-2.835428922928581414e+02
-4.351013800800681253e+01
-1.056712669098458264e+02
-3.749308398873653658e+01
-5.113274499251660927e+02
-2.643178871814838544e+02
-6.164889816343389839e+02
-5.775304743069385722e+02
-2.004034022103504356e+02
3.474001255884464712e+01
6.893809868068919045e+00
-2.138771319808019911e+01
5.426960483058931004e+02
-7.413172416221491403e+02
5.870724802393948494e+01
2.034098794719836292e+02
-2.938660017240477984e+01
4.694826891964176525e+02
-6.467762844639358946e+02
2.775100326580732144e+02
-3.581037988901125004e+02
-3.793548052408661420e+01
-1.215057597123659150e+02
2.647824843691553838e+02
-1.417601187184677940e+02
-2.863608892457149864e+02
-3.070218212042944970e+02
-3.362732389728607245e+02
3.868891297257281963e+02
6.646764621202711965e+01
1.985484455396864689e+02
-9.266429917469986322e+01
5.024807763696676943e+01
9.651583718103169929e+01
3.797279219924134281e+02
-4.385468538898510360e+02
-1.320051974553500074e+01
-1.922760081421355238e+01
7.999777496337883065e+01
3.612443539769355993e+02
3.214058985825015213e+01
-9.914009114886465568e+01
1.912967453512470399e+02
3.529958482109057627e+01
2.485898723437345552e+02
-9.731446342832762753e+01
-7.077969165967940057e+01
3.306745509258765878e+02
-4.044898386156899051e+02
-2.112346030635312673e+02
-2.030561372824685122e+02
-1.194494898603939532e+02
5.324913279375101638e+02
8.391544446037194405e+00
-5.568052277271586803e+01
-3.281997097127353982e+02
2.899013787793713348e+01
5.601380152789465683e+02
-5.137210253722489597e+02
4.968615948133770530e+02
-3.024475728540696906e+01
4.365850439805145555e+01
3.036545523375185240e+01
-2.827508273141306177e+02
-2.865875890646054813e+02
-1.493332425044819161e+02
2.015925989628063633e+02
4.318699285173016165e+02
-1.160806555377854892e+02
2.808435902093689265e+02
2.693315345210605756e+02
-1.751496141479189816e+01
2.546509953917305609e+02
2.191970569872608507e+02
4.443225513009198266e+02
-2.266721860047897863e+01
-1.184260649860711965e+02
1.047545007558000663e+02
-3.189323869544168133e+02
3.570858202485690072e+02
-1.404579657846771568e+01
7.085866591998990316e+01
4.290307336356317336e+01
-3.533323654764877801e+02
-1.515005013394983280e+02
1.935682363334530294e+02
-7.367782114580140096e+00
-1.663894496878370433e+02
-2.906404148120147397e+02
-3.558788971110144672e+01
-1.069665128857918148e+02
1.764107284951427914e+02
5.722734412521818967e+02
-1.808981280983291242e+02
5.209955285446612834e+02
1.664634515806042714e+02
-1.215129893489307449e+02
1.677942957832480886e+02
-3.647210441084993136e+02
-2.803993058371520064e+01
-1.001742853898193175e+01
1.393713047032457197e+01
-6.386424749712023896e+01
1.295691518804358111e+02
-4.603125749032767544e+01
-4.498723114161753500e+01
-1.742169242842249943e+01
6.547382963293998728e+02
7.948747015851824926e+01
-3.230405637083928383e+01
6.511805475924195008e+00
1.371077482262637659e+02
4.275207152223022433e+01
-5.007271788011533999e+02
1.922810074018687310e+00
-4.276188887092074538e+02
-1.635825396307719757e+02
2.189482449699673339e+02
1.956975995249096911e+02
-2.217140384011071319e+02
1.389432694458010928e+02
5.343702015219287915e+01
8.212621104501280911e+01
7.855141510180855846e+01
-1.310383977473665880e+02
2.174268045497784385e+02
-3.487782841999974721e+02
1.054132568661986014e+01
1.013394248730512714e+02
-2.579272306075592951e+02
7.238132993549473326e+01
7.547368855383044206e+01
-6.661924842757143495e+01
-4.503704598670689734e+02
-1.374612249167234665e+02
1.245734085629468808e+02
2.518434484506807891e+01
8.440476223821500312e+00
-4.262717103843042032e+00
8.581314414815223302e+01
-3.542868152748385313e+01
-7.510238087913688787e+01
8.182927468555175210e+01
-2.894235017485787509e+01
2.254717245779957580e+02
6.202235609554954010e+01
-2.252024369816694502e+02
-7.064168951868144575e+01
-1.842265337542583836e+02
2.266374320419318735e+02
-3.726679821571605089e+01
1.856430751128561383e+02
-6.601421403590447312e+01
1.899677389467955493e+02
-5.021765311758521477e+01
1.395156937758439710e+02
2.570351748954096252e+02
4.754026660432947438e+01
6.356910691446204709e+01
7.180247224070923551e+01
-6.093017139471487376e+00
-2.861171338375406137e+01
-2.729243023860894368e+02
2.404564204856009013e+01
-3.732261928143853993e+02
2.724567502062016189e+01
3.114695011684106589e+02
1.710728832380536062e+02
-3.408979198370215613e+02
1.419347948177499745e+02
8.017833456994524965e+01
1.973775853360272379e+02
3.638298960517209224e+01
-9.318150274605245897e+01
-3.363257235525516364e+01
-1.653250116311895397e+02
3.223967499033560102e+02
-9.759358652608771223e+00
-3.849111152455050444e+01
-1.089210251350057206e+02
-2.319794429528091371e+02
3.246757037326843687e+01
-7.876564981520991715e+00
2.128987826394452654e+01
2.355507682658708859e+02
1.749558396445021060e+02
-1.336543653011883492e+00
1.074062391850105911e+02
-1.077113982815655220e+02
1.699111355956979708e+02
