-3.857036210865830071e+03
-2.701161052600647508e+03
3.155985934622189234e+03
3.468464391154933679e+01
4.950095568061213385e+02
-4.191664809239010538e+03
1.153355159286996013e+03
-1.468287282970769184e+03
3.332552989380008512e+03
3.776597540001950620e+03
8.821513081232916420e+02
9.512734583536793309e+01
1.582996859219266753e+03
-6.722804384012212040e+02
-1.977976565376275403e+03
-7.209456593773575150e+02
1.956514724146563140e+03
-3.069070693953953537e+02
2.411968903063430503e+02
-1.968581452626989176e+03
-2.712935915702158809e+02
2.234157692283520191e+03
-1.514327596533125416e+03
-5.196975423859637431e+02
1.341983309604971737e+03
2.501027582505576447e+03
1.290464376164288524e+03
-1.019164203187326052e+03
-7.984739214248514827e+01
-8.245656919973275762e+02
-1.192327972492807021e+03
-1.825204209584521323e+03
-8.501374635992926869e+02
-8.384582694880929239e+02
7.757117542713919534e+01
-2.501000726293017351e+02
-4.805989742760168042e+02
4.905414636347306896e+02
2.068281282441851545e+03
7.631163614545916971e+02
5.780634158457272633e+02
2.906013418183481463e+02
4.208521042865151571e+02
9.664830136004578662e+02
3.459485568466069481e+02
-6.897959336516342432e+01
-4.827104545274904694e+02
5.091767963445814758e+02
-7.666776611790509151e+02
-4.829810137726964854e+02
-8.658770675190162365e+02
-2.841256840055402222e+02
-1.183985278090751081e+03
-4.229309263248452453e+02
1.962273748189259379e+02
-1.052361912550248633e+02
1.143229208570311357e+03
6.189548284179005577e+02
-3.129419748456566026e+02
1.849172638723668172e+02
-4.880330033250792212e+02
-1.728818519747479741e+03
-4.760013393622884337e+01
-8.055187785967234504e+02
-2.326584768706385660e+02
2.768012183621727900e+02
9.199214519648745636e+02
4.028409310613267849e+02
9.548142921963102481e+02
-4.891963973483964878e+01
4.909906881530536111e+02
5.488307757042948651e+02
-5.691244691556830730e+02
-1.357135691621344336e+02
4.523776227346937162e+02
-5.827980720809679269e+02
3.444952681355137543e+02
-1.070741567937155025e+02
1.794832397271224806e+02
4.952190427337469600e+02
5.700651272184480831e+02
-2.493252249960517304e+02
-3.823801738595756774e+02
8.914925304790625660e+02
1.365404483279204214e+03
-2.799339294406649969e+02
-7.361224257551092478e+02
8.401188597864248777e+02
-6.431606649943555567e+02
6.358294091362320160e+02
-1.131903744930279743e+02
-5.114699115998838579e+02
9.510244830701478804e+02
2.100253671848969361e+02
1.041612783412671433e+03
3.260116554230569932e+02
-6.825266678531502293e+02
3.537281584883303509e+01
1.943858481518872168e+02
2.174315835104643213e+02
1.921925430925387843e+02
3.751001843526451012e+02
-3.399760840789311089e+01
3.368359274365429457e+01
-7.992834650059566002e+02
5.448573215936377210e+02
-2.641937952752359138e+02
-1.064466387368464950e+02
-2.382632228012213886e+02
1.086810802243972489e+02
1.436290346901847101e+02
-2.155388241770267399e+01
1.034418256653467779e+03
-5.817080031012061454e+02
-2.258800155709029411e+02
7.439262153147444678e+01
-2.114778927936316677e+01
-4.191789346181537326e+02
-7.109541829888106577e+02
1.619675880810913497e+02
1.209896498921729489e+02
-1.512498787287770199e+02
3.971083716381329509e+02
2.224836464602304318e+02
2.777167063019126090e+02
1.926068259900394821e+02
-2.938858441673211814e+02
-6.869953632967028057e+01
5.968194686829810962e+02
9.653481572137104649e+02
-3.585887609682225730e+02
-3.365341129284450403e+02
-3.591186092737773947e+02
4.139034980713674940e+02
3.005774767250512696e+02
2.750170081201688390e+02
-2.376886963251604925e+02
5.378185781213762766e+02
1.057447688525185043e+02
5.056895917511985203e+02
1.742870768114930229e+02
-1.033842722815232662e+02
2.929616884031917152e+02
5.226238236420655312e+02
7.894451483035034300e+01
6.207356680236784285e+01
2.092369076568560899e+02
5.848055572842211447e+00
1.424923116198569062e+02
7.346848504042448269e+01
-1.826834081104592826e+02
-1.554913317211351398e+02
-3.887648682823759145e+02
1.511499090733775290e+02
-1.213647568357991759e+03
-4.398030136091686586e+02
-1.433739718256757669e+02
2.452211860129594641e+02
4.829603247000998749e+02
1.942635413189158271e+02
2.323669284361355665e+02
1.316053895113250292e+02
-5.292762160906370354e+02
7.886414898452957800e+01
-4.644358816851247980e+02
-9.278827645145474889e+01
-5.247556964913543425e+02
-1.329343548302105660e+02
1.381285888033211791e+02
-2.584273656120275859e+02
-2.159352621705536137e+02
6.009587510136149149e+02
-4.180264513487318645e+00
-2.813270553408069077e+02
3.266160380323942718e+02
-1.336423280646106946e+02
-1.546991911481171655e+02
-7.276968552169358873e+02
2.169368783590865064e+02
-8.723291344399970626e+01
3.409733033006377241e+02
8.527583851379404223e+01
3.076869207772128902e+02
-2.962757828138130094e+02
2.761376014374599777e+02
2.527905468208078901e+02
-4.129582058505267810e+02
3.140819643691554575e+02
2.834827268332895756e+02
1.178431428861959205e+02
-1.259644834808572682e+02
-4.248113607590369156e+01
3.873400392568526058e+02
-1.327720224692417084e+01
1.522205075668204870e+02
-2.077704987656239055e+01
1.128668364446582046e+02
-5.469467433738375348e+02
-3.655129015820877498e+02
2.027239622226243796e+02
2.285039314240797808e+02
3.801645475685687074e+02
-4.325176730844468409e+01
-3.525308302435170731e+02
1.667586855122730753e+02
6.689782856286045387e+01
-2.490456550164381326e+02
7.315532568594086626e+01
-8.252207162878029578e+01
-2.856320910689700554e+01
3.222672870422428559e+02
-2.673890055614978110e+02
-9.904295427704266785e+01
2.667529338291778913e+02
-4.835352567777745492e+01
-3.669205992943236083e+02
5.326475008091554031e+01
1.339875273487020024e+02
-2.263543619637431092e+01
-2.943794082946778303e+02
3.279851410750347327e+02
1.177191942249448715e+02
2.056738158761147020e+02
-3.224545870398231386e+02
8.721658519808053711e+01
1.048632415972445386e+02
4.121062647105681549e+02
1.256360736663739317e+02
-1.780903009130162973e+00
6.067775462630812910e+01
1.296555433395764112e+02
4.223256625358072114e+01
-2.140871466798971881e+02
4.258332156645828377e+02
-3.392899623404336751e+01
-5.123686654783573147e+01
1.063760421248091248e+01
3.289831142394430685e+02
-1.442756874186522111e+02
-6.338802468443814178e+02
9.864771958394308626e+01
2.621182307441150101e+02
1.441208360218622886e+01
1.415437609167070221e+01
-3.258801828490184676e+02
-9.283470401674209427e+01
2.693939779681908817e+02
3.112075192895797500e+02
2.739018024879291602e+02
-1.774437362185516349e+02
-8.001950087241868914e+01
-1.885506901632881238e+01
-1.080314718152936706e+02
-2.423882963340742549e+02
-9.677454460626640298e+01
-1.616649689609864140e+02
-1.174377481776402590e+02
-8.993783176334723350e+01
3.074453635752114167e+01
1.647198777209956688e+02
3.065936816911788299e+01
2.634463801568324470e+02
-2.798035964556839872e+02
-1.510480877107281970e+02
3.271343021731227054e+02
1.430858978004608844e+02
3.877716731839664703e+02
-3.513167145756525542e+02
1.278979613088203848e+01
-4.810965169104962911e+02
-3.159603101399644487e+01
-1.646638808885307981e+02
3.707468298957603281e+01
2.664635850898663421e+02
-1.707234084792857232e+02
1.142522069943597351e+01
2.812954731575060805e+02
-1.314571892884366946e+02
3.092925142503754614e+02
-1.813372288109632962e+02
-9.857081710441407552e+01
-5.443909800467503146e+01
-5.962732415422368604e+01
3.246052565728547847e+02
-7.989344418459145558e+00
9.071112280943199835e+01
-2.253847056440982044e+02
3.515736785256530084e+02
1.567444119744703244e+02
1.991277531694214176e+01
2.897585116851625457e+02
3.456150286217010148e+01
3.077074703152331026e+01
2.054050713006053996e+01
-4.525381512562168496e+02
-1.990483428486123216e+02
-2.277866458847126552e+01
-2.859700763726808646e+02
-2.045214198423652476e+02
3.122382277079813662e+02
