-5.200005314758982422e+03
-1.441477530340685917e+03
-1.997274807675466946e+03
1.230581221296967129e+02
-3.704361401352175108e+03
-3.253522305204234044e+02
7.598242902154688636e+02
2.493189308509839520e+03
5.235182761442672472e+02
4.586941488823055124e+02
-2.979915842323027420e+01
-2.686681013782920218e+03
2.747720098442945982e+03
2.937102051905749818e+02
-1.045950830460015140e+03
1.440513401152705342e+02
2.248423104482237704e+03
-2.394976737129371998e+02
5.623187829862721401e+02
-5.998497595441183421e+02
-1.096604847672746473e+03
1.244341635897751303e+03
-5.530031540414222491e+02
2.421828447153879551e+03
3.578156588780736911e+02
3.858779141635234851e+02
1.155695793020697693e+03
1.775221497634756815e+03
-8.602509836484675816e+02
-5.261124507000392896e+02
-1.139997243947340166e+03
-1.090845505135367830e+03
-1.476616052211742726e+03
-5.492883880032662773e+02
-1.391274036016676973e+03
-2.036498336527820641e+02
-8.076922762583296844e+02
2.205094873093648403e+03
7.742771539599968946e+02
1.611906283501808730e+03
-1.951128919827629886e+02
2.458039003710709949e+02
3.394648134148531540e+02
-4.195901362267993022e+02
-1.409178463022708684e+03
7.335040009773850898e+02
2.290335979381369782e+02
-2.885456411803950232e+02
-1.260245132641196960e+03
-2.294072785757321924e+02
-4.420062353125956633e+02
1.126391272907145321e+03
-8.780770954206524266e+02
2.105311317027828864e+02
-6.567878918389583305e+02
-1.910723754085102541e+02
1.310611423575105846e+03
3.444313129009107115e+02
4.003038350516373498e+02
6.851773410300975229e+02
7.245740760403184311e+01
-5.701648953116500707e+02
-5.280198045475065101e+02
-4.005111013030002027e+02
-4.088315957589369987e+01
-1.514583281100096428e+03
-3.924045906974522495e+02
-6.130138032561228556e+02
3.819338618316667748e+02
1.064293013772981794e+03
7.520411498241166726e+01
-1.366460960274644094e+02
-6.892600386911892656e+02
4.337087382233733592e+02
8.262330225847184693e+02
1.301113066070074922e+02
2.771593061490119112e+02
1.582933998422822164e+01
2.858803874058323302e+01
-3.543917981078179196e+02
5.974775806780545508e+02
-7.795716591026442757e+02
-1.520645955612160378e+02
5.396764820558996689e+02
3.653580411905513188e+02
-8.714986314294019820e+00
-2.306737542479605168e+02
7.991840149652905012e+00
2.909521583882435607e+02
-2.371526520287683013e+02
2.487174476869122373e+02
-5.731569615594449942e+02
6.418763738832308263e+01
2.177752011846300775e+02
1.784033426051174729e+02
-5.533895689232917903e+02
-2.545883838969183159e+02
-2.343767755613750126e+02
5.755483825728191505e+02
-7.796624313791618306e+02
-1.925246947410643656e+02
8.637337562894579435e+00
1.050806108290570933e+02
-4.027482858070218867e+02
-1.568808052980546677e+02
7.167384821585984866e+01
-7.570929730759273468e+01
2.564970186247501260e+02
2.760107053699910011e+02
-2.798164687395856731e+02
-8.175901987466212972e+01
1.490800703313039435e+02
1.355992075025704082e+02
4.210294436280206583e+02
-3.596880882182545065e+02
-4.025984676079884252e+02
4.118353701948736330e+02
1.225282326331215330e+02
3.373406946229699770e+02
-5.613639158415941210e+01
9.344577575667312885e+01
2.921031340544514592e+02
-4.572400229292451854e+02
-2.503258740067023780e+02
4.902580329020760246e+02
-2.600628944790026935e+02
-1.965263063189521802e+02
-1.195697506844993541e+02
-1.142618041466157734e+02
7.609193241094504856e+02
5.061111501175786316e+02
-1.789293012610234257e+02
-2.588138109995668401e+02
4.708228625375464844e+02
2.101764027949941465e+02
5.765006558039070228e+01
-3.108099730303251818e+02
1.087803040540592150e+02
2.201394850678270529e+02
3.085378087636079272e+02
3.118563265401247691e+02
3.951260997441665381e+02
-4.768086469832990133e+02
9.014136759892973316e+01
-2.185513714008840509e+02
2.465948367334621310e+02
-1.425193743483391984e+02
-4.473822022669314151e+02
6.766282419140633664e+00
3.079228944019861274e+02
-5.183789270010132668e+02
-2.475605367465090012e+02
3.231417468066774745e+02
-6.681666842428001019e+02
1.084765731939510935e+01
3.088991577965390078e+01
-7.202470084579488230e+01
4.337090517316473779e+02
1.220825955211024478e+02
9.985049809668250020e+01
2.177958025517031260e+01
-1.231626188799231727e+02
-3.714167874014160589e+02
1.432027850860462195e+02
-3.824723736322612240e+02
3.084541972999610238e+01
-5.163234154202101536e+02
8.372747117549910456e+01
9.964396077163635823e+01
-9.479106381881344134e+01
-3.980671837616800701e+01
-1.669037281002150408e+01
-9.935553425607314182e+01
-3.225104108957564222e+02
-2.691544411912726105e+02
-8.335387000686195336e+01
-2.102693018686289861e+02
-4.009878263973420758e+02
-1.896542095487157837e+02
-2.396481723831463029e+01
7.282464877033186212e+01
6.897717282659468196e+01
-4.737221179609164068e+01
-6.593628029885351793e+01
7.880245579919693455e+01
4.008249431139332160e+02
-1.226030696250993088e+02
1.119071622248445976e+02
1.395297669800863503e+02
-5.068304216174578158e+01
-1.596986003327314130e+01
-4.286144524444034687e+02
-1.500422993829302527e+02
1.484174834497390805e+02
1.964865177464828605e+02
-1.062692059481344415e+02
1.442017192431790136e+02
8.695079389244015999e+01
1.564854526668456174e+02
-3.223268191656034674e+02
1.946271781434959109e+02
-2.124396129522030918e+01
-1.987392856856177659e+01
1.262971640456765954e+01
-7.815867705848869207e+01
-2.516172476596018015e+01
-6.233879836271033525e+01
-1.688507454205886233e+02
-7.890100813055445883e+01
-3.028578684496703772e+02
2.928185358479929619e+02
-1.371768682865830158e+02
-2.106702761980828598e+02
-1.148941731369937145e+02
2.294433773988038183e+02
-2.237310044040211778e+02
-9.211946456828572138e+01
1.126370743374792056e+02
-6.022165205676827071e+01
9.020423067692618702e+01
-5.008359911467270820e+01
1.954860681785469865e+02
3.753661996998646799e+01
-7.021916683055772523e+01
8.429403810554953225e+01
-6.977204221020886621e+01
-1.407512323903434890e+02
8.064055130098529389e+01
1.781870996245504557e+02
1.353352952439765033e+02
-4.473251781432448979e+02
-8.637532580241884261e+01
-2.081653328832567809e+02
1.592253709672692992e+02
-4.411671491191380312e+01
-6.700008382109837157e+01
2.491060203566759128e+02
1.085540708791921674e+02
1.590187739132806257e+02
-1.764450113245538603e+02
1.747099678076145892e+02
3.883221348680614824e+02
-1.594771618532166144e+02
2.842588916528952154e+02
-9.985682729410592628e+01
-1.892360353528763284e+01
-3.120075990117557652e+01
1.549833910510607495e+02
1.628907200996319204e+02
-1.899542386128975693e+02
-3.068643935531739544e+02
-1.731658531543694721e+02
3.975327055889341921e+01
4.754937616934322619e+01
1.322774466425229889e+01
-6.331045142363758771e+01
-3.024244987209635482e+01
-1.272146596728546939e+02
1.359013525605040229e+02
1.829820250995054494e+02
-6.686237571175830396e+01
-8.933665518223287805e+00
-8.281546675791064160e+01
1.640433633630556898e+01
1.783853827008789210e+02
-8.191770449878963234e+01
1.829425952913059348e+02
6.894720268542286590e+01
1.403068058288529869e+02
-2.956488629904055188e+02
2.568201020975507163e+02
-3.543273382968411767e+01
8.267523118414568728e+01
6.244315645498195977e+01
-8.543057998883300286e+01
-2.061447694497041709e+02
8.060118853513039028e+00
-3.097320204886297290e+01
-1.138926681418932851e+01
-3.322839733436243392e+00
3.269648789237116659e+01
2.644804340318005416e+02
2.291821133294704538e+01
1.724722379863942194e+02
-3.835455548080966537e+01
4.553717491677267581e+00
-4.768161930346233390e+01
6.278525527734078793e+01
-1.856647232116755930e+01
1.250893518698065208e+02
2.083509566596572995e+02
1.292283638015059068e+02
8.244218562519567683e+01
1.233118799121335343e+02
-1.264215701591108996e+02
7.413403899202873504e+01
-6.136012026637769168e+01
-1.022981622418515855e+02
8.949362854959993285e+00
1.214189562660678519e+02
