-1.754614446725564449e+03
-3.488003787859318436e+03
-4.836003017018374521e+03
-4.468688918249820745e+03
-5.363331128747780667e+02
2.554559312871281236e+03
-1.986872151089929957e+03
-2.574605373170946677e+03
1.808675597493523355e+03
4.771036530623459839e+02
-6.955114188190864297e+02
4.148614781283058619e+03
2.489693570625850043e+02
-1.446073296171365882e+03
-4.766328948434151584e+02
-2.065486124450037764e+01
7.751264659595041167e+02
-1.618234400398685580e+02
-9.262770806374201129e+02
1.211068089311909119e+02
7.265272371000273779e+02
2.457262619835143482e+02
1.732740743956594258e+02
-9.724500555780982722e+02
4.630415259320079144e+02
-2.224843479371783133e+02
-6.332556507185386607e+01
2.452550754112421032e+02
2.805695020445901946e+02
-8.037077749266107674e+01
1.744275730621650098e+02
-8.455062041779552828e+01
8.873268702216765860e+02
-5.292367415686596814e+02
5.296709820399759110e+02
5.261356240003461835e+02
1.181599415640078092e+02
-4.216670220488097698e+02
-1.103151128538242176e+02
-1.791463590675397484e+02
-3.721270012751539866e+02
-2.027092522473417091e+02
-5.746670186318178821e+02
1.650758600760101444e+02
-7.994191972499891108e+02
3.142123432051377563e+02
8.863408677534265223e+01
5.439680498998404801e+02
-2.054412081325990584e+02
1.739373500350652648e+02
-1.258308133376011483e+03
5.182900848072367808e+02
-1.470555056604625577e+02
4.901512167315868140e+01
4.915948510565494871e+02
-1.177875204414486348e+02
-3.121876711516442242e+02
5.050900423806108392e+02
-4.446924084053731008e+01
4.690091530815588499e+02
4.660315651813040745e+02
9.994027041748743159e+02
-1.254420064953932439e+02
-8.195832982224456487e+01
1.086753210777548446e+02
5.526821744236691529e+02
-9.405937914774696083e+02
-3.645074152419965117e+02
-9.462501060919620954e+01
-4.216923892334341417e+02
-1.984303884328020047e+02
-7.757374651417019606e+01
5.160456728976174645e+02
7.795407669178804611e+01
-4.278382425166420262e+02
1.347863339037366757e+02
-7.759452113462384659e+02
3.238397862285560223e+02
4.164098214936853424e+02
-2.046434398368991197e+02
-1.075810461813992561e+03
6.524323461509997060e+02
6.895198808947908731e+01
-4.600602008661251716e+02
-6.916518300932283410e+02
-4.479975245985820038e+02
2.095268717120351027e+02
-3.186582320047445478e+02
2.801137933327133283e+02
-2.840630719767371488e+02
-4.888042427868185200e+02
7.745903694003897044e+02
-3.288768582914556049e+01
1.657892504000488998e+02
-1.589402763418629547e+02
-8.335052043416679624e+01
8.091716235478679664e+01
1.831887674380338353e+02
-1.227188445079026593e+02
3.128074577055234613e+02
1.527369901471143692e+02
1.740673150878784270e+02
-3.730110539854570106e+02
-1.040432745306987385e+02
6.048398832060738073e+01
-1.559615975399192394e+02
-3.905771840931120664e+01
4.201762083631739984e+02
1.788918298024320279e+02
1.170688502114927019e+02
1.025553548489621960e+02
-2.169384011219346178e+02
-6.165555714037492407e+02
1.522540849801730722e+01
1.408159334843674344e+02
-2.444870451402575213e+02
9.578380948433107278e+01
3.519299155857106598e+02
-3.016979091533124802e+02
2.153025102507268684e+02
-1.789532955312261038e+02
-3.209067079175319748e+01
-8.724890637764437429e+01
1.458937114392072090e+02
1.863419848901519629e+02
-2.573978551194093001e+01
-1.336051872351110603e+02
3.157335230594275686e+02
-2.444781781608049585e+02
1.141843807879195083e+02
-5.237429226935577020e+01
2.349766175831894373e+02
-2.331701561243729870e+01
3.076620629693557021e+02
-7.453358711690951566e+01
-1.500186137303739713e+02
2.801659984307549962e+02
-2.781334708952621213e+02
1.159802838955247353e+02
3.534808380553209304e+02
-8.556664005028663311e+00
1.701076030654518263e+02
1.201103702203507879e+02
1.188347865840209749e+01
-2.789199242404694701e+02
-6.702177849267117438e+01
-9.545069921781923483e+01
3.695766687215908775e+01
-6.045416422663232225e+01
9.534115827944239641e+01
2.772723648126382159e+02
8.523721468060550421e+01
4.197057437386263246e+02
2.035043822995454832e+00
1.119023670382776174e+02
-3.197941081029237509e+01
1.205027104841508958e+02
6.302504857214381673e+01
-4.728481777443976597e+01
-5.656110896346192618e+01
6.629132489539388473e+01
-1.170993388753627862e+01
4.522917191881590782e+01
-1.159561071927322757e+02
-2.185368762030930156e+02
2.895451271491317868e+01
1.136327357257480628e+02
1.460092070043974957e+02
-1.495326335444539723e+02
1.831940901989693771e+02
-2.558916611862957780e+02
-1.667600356751832749e+02
6.608232841995439344e+01
3.593288798086944098e+02
-2.298083931826885760e+02
2.204866508769420008e+01
1.269363270408127704e+02
-1.101961832319975230e+02
-1.728222011212913003e+02
1.854185203352885765e+02
2.759623002692241016e+02
-1.808668221269222158e+02
2.490055008426330687e+02
1.871622596023237293e+02
1.327093112172226483e+02
5.287000497984202951e+01
-1.798749328165405643e+02
8.841758990633516646e+01
-9.863738307178820719e+01
1.216981965525848324e+02
2.327000080272181393e+01
9.549354022603048975e+01
1.360647562457735376e+02
-6.106504313668813921e+01
-6.968892723762319719e+00
-1.162031769411407964e+02
-2.949514740091408385e+02
-3.247004691878187521e-01
-1.334529615496786903e+02
1.860476162993993228e+02
-7.987888146151190938e+01
1.089286073594767998e+02
1.420395314249148839e+02
-7.752646663430284946e+01
3.779686682776954854e+01
-9.270255206072772580e+01
-1.941421295210234348e+02
-4.714685504391943027e+01
1.447962197025199202e+02
-1.368274838890346814e+02
-1.331455767274988204e+02
-1.293443306160930319e+02
-2.386628588126695405e+01
-9.426966382777752074e+01
-6.762157791236689697e+00
5.299492734740338307e+01
1.760391496094589456e+02
-3.140671244104833448e+01
-3.115668912064500518e+01
3.481208892056530146e+01
-2.119173562992588344e+01
1.062626783015044083e+02
-5.656538180542003857e+00
-1.164876883728162937e+02
1.700954330641456806e+02
-3.014853126863217767e+02
9.596033930776057375e+00
-5.771444765321730230e+00
-1.302502613284965776e+02
4.131696513816407190e+01
3.838672860009680932e+01
1.634968389450601123e+01
-7.809171915097435601e+01
1.471587975655486780e+01
1.136817369414314243e+02
-7.996927939627619253e+01
2.215267488680359804e+02
8.382922711311947239e+01
-1.829046822459673933e+02
-9.255135295678570628e+01
4.567904457742218938e+01
5.690480046044631735e+01
-2.213844599335754424e+02
-6.475348270373704906e+01
5.244311981277598278e+01
-5.936262226579374079e+00
9.007784308120557171e+01
-1.858784595080850011e+01
6.874662270359092986e+01
1.464373552765250608e+01
8.619231149273662140e+01
3.423847519010577400e+01
1.190069261891294730e+02
1.292995889687669262e+02
4.502678001548765252e+01
1.083131125290637016e+02
-8.360812084875836092e+01
3.815066316123089507e+01
-1.251975055309085008e+02
7.663230255342757857e+01
-1.047206057770862619e+00
2.006236712632072283e+02
7.556850774549285177e+01
4.018759818853707344e+01
8.610786885271976132e+01
-7.552138977789138607e+01
1.577283157568681418e+02
1.814283177446547484e+02
6.429058541101646540e+01
-1.233551246997181927e+01
6.205267581244982011e-01
-1.125202983964311585e+02
7.081332550028859885e+01
1.002344301315838777e+02
-9.568507889283351631e+01
4.180761893791021322e+01
-2.303002407818790331e+01
1.831976797637523902e+01
-1.979866298611131015e+01
-1.641239825879394587e+01
-1.009352832454831317e+00
6.682730926151161555e+01
-3.891157761279242511e+00
9.335701563070652753e+01
-8.629450635481398990e+01
7.028746236372199974e+01
1.471297446498030865e+02
3.690220404405224031e+01
1.742614261078482514e+02
1.212377295130197155e+02
6.761622820597756345e+01
7.031801686843267873e+01
4.173873079877259329e+01
-8.510618151785787688e+01
-3.242550427534749957e+01
1.064302705924294123e+01
2.141165381005766832e+01
1.251206495534092227e+02
-7.432561454263509404e+01
1.579286683986543380e+02
