-3.412856871745148510e+03
-2.087140115007894565e+03
4.721540604641921135e+01
1.214067333843079041e+03
-3.011434321881784399e+03
6.443391344419377447e+02
6.045478093656929559e+02
4.426018437651248860e+03
-6.021143202516277597e+02
1.853425385374169082e+03
-5.369230303848570429e+02
2.323881561799258634e+03
3.617722153267358181e+02
-1.736749886287305117e+03
-1.587226281827739058e+03
-9.062670116487804535e+02
-1.281128978397485753e+03
2.662098866473156704e+02
-2.082137728965040424e+03
-3.229013167004635534e+02
-6.698314306854949791e+02
-1.063978346387681995e+03
-4.758198961703869401e+01
1.595119590040694106e+02
-7.451939115795141788e+02
8.104346866867332722e+01
9.171121368747011502e+02
-2.235549919185705221e+02
8.605546660193185460e+01
-4.622934181992397953e+02
-4.569666681530309660e+01
2.331016663076987356e+02
3.777965382518727893e+02
5.363700000236334375e+01
-4.138111381685670267e+02
-4.686986903072934751e+02
5.527210252481727366e+02
-3.179809065693856382e+02
8.010843557428787562e+02
-3.010104206052679956e+02
4.953342336672294550e+02
8.660077922765186997e+01
7.702997694153938824e+01
4.933809877692244754e+02
1.065910052899702976e+02
-6.015959274147305678e+02
-5.986787723422532963e+02
-2.391971771857619729e+02
-2.876334857445556850e+02
8.415263761291647597e+02
-1.350506169189930858e+02
2.623722095012431623e+02
-1.259420647974287135e+02
-1.352005000101367216e+02
-2.364724144010317275e+02
7.559106306404746647e+02
5.996396369361100369e+02
4.075595897720698986e+02
-2.517819959637055547e+02
6.783961483434444517e+01
4.297110146875420611e+01
-6.817516422166131633e+02
-6.252232633580613310e+02
8.949568078043719765e+01
7.957227489348799736e+02
1.540656622150152373e+02
2.348910289049222513e+02
7.476729515874258603e+00
-1.792325876523553347e+02
-2.959102504792823538e+02
3.036238887266674169e+02
-1.121667419769577094e+02
4.677779282172446074e+02
-1.338894471989815571e+01
-2.165260577628035676e+01
2.110129126140209976e+01
-7.367521277442713767e+01
-2.750883607052799675e+02
-3.332019869868215078e+00
6.260309629504559581e+01
4.761510571139617696e+02
-1.100873398622710368e+02
7.479815806539052403e+01
1.147570220238651473e+02
-7.505167787149832748e+01
1.992067267934797599e+02
-6.463365659835000088e+01
-2.075292249991422580e+02
-3.577916521339970473e+02
1.005728990688325979e+02
-1.700207993396819006e+02
-3.851323150418202772e+02
1.463945398405058427e+02
-7.187411976892673238e+01
4.829824257562092527e+01
-1.151102098048604887e+02
-4.869182586136928990e+02
-1.575280929347768790e+02
1.624247844326436336e+02
5.716439446810587697e+02
4.944472383083971749e+02
-1.459364028519148349e+02
-3.948844111115446367e+02
-1.187342073148478505e+02
-7.356244329481052091e+01
-1.430493110301237891e+02
9.400332945564581166e+01
-1.736100461771374057e+02
-1.033259550923565051e+01
-3.363570343013619635e+01
-9.232292081984277843e+01
9.480646175395614250e+01
3.887472615247991143e+02
-4.036041581701417726e+02
2.623601741357715156e+01
2.143933846045828062e+01
-1.055113827184768525e+02
1.269530213442287732e+02
-1.613626432054564930e+02
1.323037547802194922e+02
-1.739205826882832184e+02
-1.196200571852080401e+02
5.667033422888840022e+01
2.317965183578566553e+02
2.136090441544828877e+02
2.311081057663576033e+01
-2.214051110611511888e+02
-1.010696343283785694e+02
9.177416290186650372e+01
-7.348238860434626929e+01
-1.882351103300083821e+02
-5.920770216421453824e+01
4.675637274196739099e+02
-2.887355529763090658e+02
3.205654912422937031e+01
-5.240410519287711821e+01
4.241897797947294180e+02
6.841105379856219315e+01
-2.369041490990370846e+01
-2.166902032278179888e+02
-1.468846555162761831e+02
9.329756551607475501e+01
1.822658035386032509e+02
7.549497403301553788e+01
2.816453130623736456e+02
1.371427847676386307e+02
-2.556826130456530279e+02
1.296588028995375055e+02
-2.223098643535578560e+02
-1.283396757428789954e+02
9.292915559594618458e+01
2.646489436989383393e+01
-9.576236338145439220e+01
2.019871955906265555e+02
-9.025584857587190868e+01
-2.239097948657871200e+02
2.932941244718085727e+02
-2.272977395810397923e+02
-2.713207516014435328e+02
-2.290757735605737366e+02
9.849327822496352525e+00
-8.467347245062478578e+01
-1.958621770817617573e+02
-9.739884257433487846e+01
-1.380843010496156751e+02
1.332826034614275068e+00
-6.154386680933857434e+01
-3.365546763545134468e+01
-7.187197267571116299e+01
1.994158191850749802e+02
1.572494551284289628e+02
-2.021798094852444763e+02
2.367736642542441245e+02
1.347898122266430505e+02
8.903121549226018772e+01
4.812886413048488521e+01
6.713573982619971048e+01
2.107721554557622881e+02
-6.029043420619077409e+01
2.591659914524166766e+02
4.681236337006492931e+01
1.870409147367323328e+02
2.596137177282062680e+01
-9.204569428588224866e+01
-1.708512342204348613e+02
1.048839586977603844e+01
2.882608080273230371e+02
-1.357410877961373785e+02
-1.283791152981942503e+02
-2.160642539039524834e+01
1.723256626142067915e+01
-3.429429384421168692e+01
2.142188846756011245e+01
1.714996073034963047e+02
1.592586735532463660e+00
-1.040279034998739682e+01
-9.171423824849682660e+00
-9.382317118774149378e+01
1.966264154563129030e-01
7.812181549114309576e+01
-1.026537584298452721e+01
-4.459855270871431543e+01
8.555033344203130241e+01
-1.475508118203738839e+01
-6.182677159994678107e+01
-1.211076201657840272e+02
-1.930002530177221587e+01
6.667590198545821067e+01
-1.101961628809701210e+02
1.797453071344773718e+02
-1.094423901724942141e+02
4.837698300690425413e+01
-2.273642994472422885e+01
1.192857988413441319e+02
1.346145463738956316e+01
1.352038817687945560e+01
1.198502447611808321e+02
3.762059332497736364e+01
-9.949892845878778758e+01
-8.019943809909828758e+01
-9.266002756337304902e+01
-3.316466306320770485e+01
6.522296473939120176e+01
-6.097111824220680631e+01
-1.817575737277815904e+02
-2.833501798167991126e+01
1.407996879913088639e+00
-6.890383890218102181e+01
1.557627450438323002e+01
-7.066113577948981117e+01
-1.062036170704656541e+02
6.327339317926115925e+00
-4.568886359590754154e+01
9.439188460297808092e+01
-1.710868681023839599e+01
2.567211946067738282e+01
5.225662214320490051e+01
-8.006036494648628832e+01
8.413221324937660839e+00
-2.756142014060982959e+01
1.094970508564931677e+01
1.599849974016449927e+01
-1.224873618713227614e+02
2.939178140051213362e+01
9.118889208521105161e+01
-4.279231817933557380e+01
6.586317207596644074e+00
8.579092388193937779e+01
3.078419796387635898e+01
-5.226245879069539058e+01
-9.674964955670844802e+01
-6.714906049807107991e+01
1.586964580845654105e+01
6.467033892284038643e+01
-1.673324616863079939e+01
-6.506359424856793083e+00
-2.640119850574725646e+01
-4.361316877655205815e+01
-3.114990342506300181e+01
6.865033745625418682e+00
7.028878519132518932e+01
-4.483413958369784069e+01
5.143382935002351530e+01
1.748095941896679761e+01
2.546320419672732882e+01
-9.400210879144243847e+01
8.423362951456445202e+00
-7.849368993049024823e+01
-7.822280586990179074e+01
-1.047321817082273014e+02
-5.619964433233163703e+01
9.098766470609400869e+01
1.253185485364488549e+01
-3.388387276903224432e+01
-4.861794624258612885e+01
-9.500115364748812397e+01
7.699925677455969719e+01
7.573901096657924370e+01
7.025187277009224829e+01
-1.402664598086618355e+02
3.332003569354356642e+01
1.510529169377483250e+01
5.107940271402595300e+01
-5.491515815297919545e+00
-3.679932946640853686e+01
1.471740352995018419e+01
-7.901321130747399479e+01
1.893057503943097331e+01
6.233305823367962262e+01
-3.034128370458300594e+01
2.600609038602714307e+01
-5.490949222894069237e+01
5.704496490993893332e+01
-1.403133550744204570e+02
-8.357628623801905121e+01
7.315844218727495019e+00
3.546431632472633311e+01
-1.060347349384511659e+02
6.280712295447599125e+00
9.916153169559729008e+01
