-1.923675544837136158e+03
-6.110359497200629448e+03
3.542378389235642771e+03
-3.665069768537934465e+02
1.615997697196763056e+03
9.373746334039508099e+01
2.586848567349906716e+03
-1.766585722951631112e+02
-1.751767812775460470e+03
-1.568165651609290990e+03
-1.763741959015389284e+03
-1.516491878876432565e+03
1.761693426153590053e+03
2.238711654435695891e+03
1.958601646068719219e+03
5.289342258409603801e+02
8.835635643522318787e+02
3.395786922928409695e+02
1.518616210552123221e+03
-7.240142556988686238e+02
1.258858039431356474e+03
1.373269914471399716e+03
-7.893591622076934300e+02
4.487939401034885805e+02
-9.047241748264299304e+02
-3.334107240074546752e+01
8.552757712162137693e+01
-1.028994081794032809e+03
-1.119181033712652152e+03
-2.898226223729270714e+02
4.502687336022285649e+02
3.186154588815147015e+00
9.022777244943082451e+02
2.565446126336177031e+02
7.048868427577444606e+01
-9.547006653787245796e+02
1.139593177620979532e+03
1.651987470605424733e+02
-2.290662663155782042e+01
7.296964929082761273e+02
1.880952729585091220e+03
-6.600542252088656596e+02
2.356882762929963064e+02
6.256364242779894766e+02
7.375601279793401091e+02
2.371809054389140329e+03
2.243955327154928057e+02
-3.949398310220200869e+01
-3.085562255447122766e+02
-5.113340534431550282e+02
-1.208532332753801938e+03
3.474258238460520261e+02
-3.225309444390702538e+02
-3.445269925541201133e+02
-3.806720972813159278e+02
2.995113359653525436e+02
-3.121996805264374331e+01
2.410294280693404403e+02
2.329827966529745140e+02
-1.904422722818393083e+02
-1.826382292836848364e+02
-1.050443362184554275e+02
2.612262450775152161e+02
-8.479425762004394755e+02
-6.498437258109541403e+01
3.188245582215151330e+02
3.357761866104098658e+02
3.963648687877304724e+02
6.825548166310779834e+02
3.539422568044109312e+02
7.669789016838510634e+02
-1.330942647568637938e+02
6.599456716617072516e+02
-8.390737980497972330e+02
3.574984514476490745e+02
-7.862193364142455039e+02
8.368934379057945989e+02
-4.061077653998356709e+02
3.679318481086348243e+02
-2.510071966920544284e+01
5.284052058843691384e+02
-8.392416702570559437e+02
1.458097032855142174e+02
8.161111464570215048e+02
8.153541121447107116e+02
-1.554662893316443828e+01
-8.993410613408616427e+02
-1.990032976089832317e+01
-9.295865537365813225e+02
-4.388299029877940143e+02
7.862884719294080469e+02
-2.184657274709957164e+02
2.328866137845171806e+02
-3.628626799677239774e+02
9.120274111162374311e+02
3.736425032883045674e+02
-1.268646043110428536e+02
3.729558573178725283e+02
3.244836639939133534e+02
2.809716970076689222e+02
-2.649122194321234360e+02
-1.540106075008594928e+02
-4.034030161948012960e+02
6.216761606414247154e+01
6.348933624574513601e+01
-1.069093118326957921e+02
5.284387013796145993e+01
-5.793662414053608245e+02
9.570126442626924756e+01
4.602400554421751053e+02
-1.618754671240977245e+02
7.927376021020423025e+01
2.839743521912495225e+02
-8.354735419440439728e+02
4.369930092526835210e+02
2.328200787433026733e+02
-7.387311364188119569e+02
-4.966602565128630999e+02
-1.051240603214911516e+03
2.138164025946494462e+02
1.270267874595888173e+02
-3.483371952102328351e+01
-8.130037275772599514e+01
3.813046231764301410e+02
6.492585019837574691e+02
1.693446976306431040e+01
-1.554291486122157551e+02
-5.114736955032714718e+02
3.833497280547348396e+02
6.938581733931706594e+02
-4.270912591047088540e+02
-7.091262017103603057e+02
-7.897517970434162180e+02
1.030469984069329257e+03
4.015969757579608199e+02
-5.421845188203079147e+01
5.848074482271331931e+01
-2.175576410721242837e+01
-5.839418629044025977e+01
7.154588572045464616e+02
-1.031939778874562563e+02
1.396716228164500819e+02
2.246272747534275140e+02
3.258228185901865004e+02
-1.430349108702982335e+02
3.899469880748214905e+02
1.666808466669769473e+02
5.050176251239750513e+02
-1.136823172813838490e+01
3.034469586393373675e+02
-1.655291486091431921e+02
-1.022942437124577424e+02
-4.124188577371788256e+02
8.620930267887628418e+01
-9.228511039887815741e+02
-3.469338195178659703e+02
-8.266587149784601252e+01
1.120817963808847111e+02
4.134059194027186095e+02
2.230811601998491653e+02
-1.663399871981215128e+01
-1.936319670954904950e+02
-3.572081524136969506e+02
4.313452235275894964e+02
-8.373408346215152278e+02
-2.171189336387284641e+02
-3.812772343427430428e+02
-1.605001278157571107e+02
-1.976337312700183801e+01
-5.502164497376545569e+02
9.449212904860634410e+01
7.739373163398386168e+02
2.446022189588953211e+01
-3.036073153705282266e+02
6.510469312441288992e+01
-5.725039184381919455e+01
2.181951360233165076e+02
-8.307653335608108591e+02
-6.422823238290651204e+01
-1.266821549219107084e+02
1.961715970406845599e+02
-1.229122334621317947e+02
5.512748084413109382e+02
-1.081356502020356203e+02
2.558143094069585288e+02
-7.557913474861528869e+01
-3.367828640773353754e+02
1.895526829558445456e+02
3.871557472916161942e+02
-1.491061247616210750e+01
-4.473799141023988000e+02
-4.427261050577416768e+02
6.339831460049509815e+01
2.669695774936321442e+01
1.090099731688740121e+02
-3.500473324467382668e+02
-1.753315524747563074e+02
-3.460503482539054403e+02
-3.816586892768947337e+02
1.456742602760002967e+02
-1.342678255536787049e+02
4.311524100756632834e+02
4.504007185805361360e+02
-8.076276334671850066e+01
5.580745593272318672e+01
-5.431646867354284325e+01
-9.767208206019759587e+00
7.425027487487234623e+01
-2.131770761783619150e+02
-1.493283334036721897e+02
1.172171075794256723e+02
-3.075538242304441496e+02
-8.319551245480786861e+01
7.308291121511109623e+01
-1.370180278582073470e+02
-2.583368542086922162e+02
2.324291241852984058e+02
2.925993915473053448e+02
-1.013389041302509099e+02
-2.937269441480584078e+02
2.675872283384465504e+02
2.448300416687545749e+02
-8.647404990542705505e+00
-5.960251220938947370e+01
1.134616097291516468e+02
3.405337093735018925e+02
1.440406341090154001e+02
3.894128995296151743e+02
-1.491423906184942361e+00
-8.009374167215406715e+01
8.445076574646289203e+01
-2.233090850835414756e+02
-1.829809872081675906e+02
4.626300646256743221e+02
1.826669327808537844e+02
-1.789133373395588080e+02
1.584336814946986181e+02
4.419984448820192142e+02
1.868612304334123664e+01
-2.971804591170715639e+02
8.436213665945578555e+01
4.417196143453881518e+02
-7.850205130499928430e+01
1.601309973598632155e+02
-3.023465344098498804e+02
-3.593935772172843031e+02
2.804222114547783917e+02
7.046645745294263463e+01
4.432099152815450793e+02
-1.352082649051161525e+02
-2.087528882988920031e+02
1.931027724178970004e+02
-2.535941333306723777e+02
-2.453736807711570691e+02
2.372858951707990371e+01
1.098756333879677811e+02
-3.012363294809493937e+02
-1.819985424367762619e+02
7.602047822041984659e+01
-9.386350272335224787e+00
1.860991350435315894e+02
2.400044798134034352e+02
7.080211611692537588e+01
-2.061521574465100457e+02
3.271516397261265752e+02
1.643546244794417248e+02
6.078283869976952474e+02
-2.527374560057151029e+02
-1.673293306548867747e+02
-2.739481128685213775e+02
-3.607724557668513512e+02
-1.367393239958062452e+02
6.094954226212335158e+01
2.543190791816712419e+02
2.117113143717212154e+01
-1.929563072966248853e+02
3.410792168013700802e+02
-2.971384293691593825e+02
4.089802825488104645e+02
-2.073492992996810642e+02
-8.964424055271020109e+01
-1.088037400890766975e+02
-5.669720907463221948e+01
3.387121215158501286e+02
8.836385580620328994e+01
1.446049354137659577e+02
-8.490333992700588794e+01
3.044529597266422343e+02
2.660685804367150240e+02
9.935507960060289179e+01
1.342332572673484492e+02
9.064236563479977349e+01
-3.989091574738054646e+01
2.304702273612323893e+01
-3.441839239160875081e+02
-1.691370424165978932e+02
5.763650307113622517e+01
-1.414309397491577727e+02
-3.929053546210181480e+02
4.800837880651342289e+02
