-6.636383182415626834e+03
-1.597299324042378430e+03
-2.769931972339384629e+03
-2.220872878145444815e+02
-3.116287999570382453e+03
-2.960849596897622177e+03
-7.634039441673911597e+02
4.727024561947122550e+01
2.376480327131590684e+02
2.680204691343222976e+02
-2.616146247138815852e+03
-3.213269502954620293e+03
1.624794226984101897e+01
-1.062996593741199376e+03
-3.039834079822832678e+02
-1.082692546881576618e+03
1.341421914214171238e+03
-1.230469598396612355e+03
-3.319206311878478459e+02
8.586797943333867806e+02
-6.942007654772839942e+02
-2.540094284175761459e+03
-3.727875643031428581e+02
3.467945643430274458e+02
6.325115583657649267e+02
-1.375157461547890307e+03
-3.546310816867480185e+02
1.708045825433414848e+03
4.254350989033289920e+01
9.055786768487474774e+02
6.774205034963551952e+02
-2.536986319891073435e+03
-1.146215128068001150e+03
1.955937769692140193e+02
-3.462010769211959200e+02
-2.050340729914593794e+03
5.429447110287927671e+02
-7.883082874902645472e+02
5.917463924752488538e+02
-1.576395519718510911e+02
8.681092448245603919e+02
8.470507888501167599e+02
-1.393275400646827620e+03
8.102534850691748147e+01
-3.799063584158973867e+02
-4.454580501003244990e+02
-1.173144326965528307e+03
-7.788656942602671052e+01
6.036876334668386690e+00
-4.839403604527464609e+02
4.816208102257446058e+02
1.162998396049230365e+01
-6.179883507119877777e+02
-1.174445055646816201e+02
6.158501033948152781e+02
-6.888856576329080781e+02
-5.293280362620737378e+02
-2.549518349698472832e+02
8.855123376838682816e+02
-1.040541687202709454e+03
-4.134680499537654441e+02
-2.692783881585667132e+02
-1.422050480222902706e+02
-2.765414283718698698e+02
-1.218942641943360599e+02
1.012081429476643507e+03
2.407672909187295716e+02
2.155066288885333847e+02
-2.590359848916015650e+01
-8.475968139385196309e+02
-3.434148479724368030e+02
3.130786515510710899e+01
2.266683800820359522e+02
2.094992615709208224e+02
4.423484098685653976e+02
-5.140868410250450182e+01
-5.051463099673705983e+02
-1.980451545885197220e+02
-5.338326012915088370e+01
-2.228433331874657313e+02
3.448817429234836585e+00
9.911865037643269716e+02
4.787681866688718628e+02
-2.086751198773347085e+02
-1.461585526316054882e+02
-1.249387141764945284e+02
1.943340057288336027e+02
1.991210477342202694e+02
3.488755068632176517e+02
-2.632314788867379320e+02
2.054650046261526484e+02
8.843574006713218978e+02
-8.243053286903662524e+01
2.515284376839839240e+02
-2.564370503604121723e+02
-4.978609643177343003e+01
-9.760154314571302336e+01
5.090497363743016876e+02
-3.083883354336245475e+02
-9.589447451236893016e+01
-3.981655692240353801e+02
5.317693299099403248e+01
6.304804411680568421e+01
2.233703187818933031e+02
2.821641588517928412e+01
-2.300277375439478362e+02
5.913924184189502142e+01
1.093274006432517211e+02
-4.036603774599981307e+02
-1.246380190915258197e+02
2.090953382994134131e+02
-1.712122827198664652e+02
-6.719901909476669744e+01
-2.092070043896873415e+02
1.111259539489116008e+02
1.744818924639983448e+00
-3.739468934650030292e+02
-1.301792830780566135e+02
-1.135067523251830401e+01
-3.687078522517535930e+02
5.496606228652509429e+01
4.386785147016263409e+02
2.531829198277338833e+02
-6.206469428233384633e+02
2.870691140976367706e+02
5.862465462363295501e+02
-2.454145279413178571e+02
-7.669880232535886933e+01
1.550755855259377540e+02
-2.917200196909647616e+02
-4.187984431504352756e+02
2.025673577781269046e+02
2.214210230320545847e+01
-7.768927723380146233e+01
1.864573065173475754e+02
1.845983009535666852e+01
-1.328389274101557760e+01
-1.614125521577789470e+02
2.917596538907149579e+02
2.927716600922838666e+02
3.010088915261441684e+02
3.890281336331962052e+02
-6.953718583569997236e+01
2.494999813946072038e+02
1.171489621756799693e+02
6.407938573531080806e+01
-4.097157613340238527e+02
4.163137233957932182e+01
-5.090229313551575530e+01
-3.486406563224788897e+02
1.324535553571129753e+02
-2.529652305537250641e+02
-3.305393730019206089e+01
2.541777710494254734e+02
-1.972458342897674868e+02
-1.714467348752158387e+02
2.533152861235150155e+01
7.224135753714968189e+01
-9.217215024677658164e+01
-8.685801033941221760e+01
1.906229481625036613e+02
3.589455102601346539e+02
3.328001895065876958e+00
-1.019102337420715969e+02
-2.454048583672874173e+01
2.312727847160088857e+01
8.413497465320685365e+01
2.170546660928430924e+02
-1.669474173621168802e+02
2.852245981195035256e+02
1.205275249659482029e+02
-5.021249245123111677e+02
-1.785125968226794555e+02
-1.988957625174638224e+02
1.233027320218642586e+02
-2.187133269993059912e+02
1.631511082105953392e+02
3.765523857936127001e+02
-2.081508518571323521e+02
2.185842557796597418e+02
2.773647751981549163e+02
6.795533608322381269e+01
1.410006090726188859e+02
-2.631412618704878881e+01
2.878665883216482371e+02
2.093922706477033202e+01
-7.326332049010628111e+01
-1.007723003017659238e+02
-3.128473100982634492e+02
3.259323286419049737e+02
-6.078890548426061002e+01
-1.501916389670140006e+01
1.742441325731478230e+01
-1.457611977160657375e+02
-6.874306562634679096e+01
1.804346483953671907e+02
-1.683616010060294172e+02
1.202371410254092687e+01
-1.037236480641310266e+02
1.678087354657113224e+02
-9.783637111158047617e+01
1.567164316794884371e+02
4.063029847347381747e+02
3.537338640402668943e+01
1.611026281502234099e+02
1.217618835570510072e+02
6.844371469189099777e+00
1.176572620357594587e+02
-2.799794638827539757e+02
7.537245936970566618e+01
-2.189366612276900526e+01
-7.793426299612055175e+01
-1.797643183716403144e+02
-1.272723808140709707e+02
1.119828279006764262e+02
-9.355090043800286992e+01
6.377906226809021462e+01
1.071488048552730419e+02
-2.053252812918894321e+01
-1.687551613351549662e+01
-1.641283180584074728e+02
-8.942608261088450661e+01
1.321903884444347455e+02
-2.826504986415970393e+02
-5.689186173763386734e+01
-4.103894129289210468e+02
-1.608754273050573431e+02
-2.145087956463266465e+01
-1.849006142102367676e+02
-1.880642720591480099e+02
4.517376529611139802e+01
5.245936006091746151e+01
-1.905809617645185199e+02
-1.535711873802378591e+02
-2.122588223537639873e+00
-1.993606842285500491e+01
-4.725398855939515386e+01
-9.210120519561409935e+01
-1.539242099728923847e+02
5.695137186108414795e+01
-8.685497916795354456e+01
-1.312221430241328051e+02
-2.939727461418431176e+02
-2.340538612605975572e+02
-7.646289411163559180e+01
-9.998692098981990739e+01
-2.824779179226010228e+01
4.299646305535784307e+01
8.038048904504563552e+01
1.486249747687391505e+02
1.155215633990961095e+02
-1.432040057985544763e+02
1.712286939125135632e+02
-7.146196872574574854e+01
2.580560131214771786e+02
-8.692960361372429645e+01
-5.469693771391930426e+01
9.918080930394425820e+01
-1.607541572170422057e+02
1.319268452346487663e+02
-1.637980268100622254e+02
1.234953320154942560e+02
3.604015196049249425e+01
2.128688628085594701e+02
4.210911529098285655e+01
-4.632067020270259405e+01
3.647566368318910577e+02
-4.801397769732444232e+01
1.925386513964519679e+02
1.469661334510056179e+02
4.720388261551944709e+01
1.767924381269246226e+01
-8.094858326023626205e+01
1.533910121635702239e+02
1.792267606232080013e+01
1.121796360683663352e+01
2.557513559170157009e+02
2.247584433282241889e+02
-1.720919717143768821e+02
-1.067826964724956724e+02
-4.865054126041155769e+01
2.408919648222844785e+02
5.681057510935672639e+01
-1.196078202162174620e+02
2.523909643591915142e+01
-2.896508306356495837e+02
2.678739232931361016e+02
-1.191892648893419420e+02
-9.688713896586888552e+01
-2.435635989437248838e+01
-1.620803391050828282e+02
8.287336418195238252e+01
8.339863779901101282e+01
-2.093999894091189731e+02
2.501149573150165395e+02
1.464103216247937098e+02
-7.204218721799099967e+01
2.489002458539978022e+02
2.020127250446603018e+00
7.533269663321249254e+01
