-5.018034761081743454e+03
-4.800647688936420309e+03
1.534946329043390051e+03
8.558223631510857103e+02
4.469600570262243195e+02
9.742801341697504540e+02
2.467991913330042735e+03
1.342948785548876685e+03
2.378866681964920190e+03
-4.041159248737199505e+03
-3.522960007560166559e+03
-2.130251144832145656e+03
-7.805354203110709932e+02
1.266094918110442649e+02
2.339022503376495933e+03
7.278119964257656420e+02
1.139588205111329216e+03
8.374019413492621879e+02
1.226293986687572442e+03
-3.190939272383261141e+03
-1.241978379762878149e+03
4.426230737644870032e+02
-2.134585015712255426e+03
1.563110707012522198e+03
8.340364686733823874e+02
1.054436504857887940e+03
-5.542893726925422726e+01
-4.804307859119101067e+02
-1.506830837678747230e+03
-9.874524213277327362e+02
-6.931548053660409323e+02
-3.719897362121163269e+02
5.542071830411389328e+02
2.616939680448139825e+03
-2.289749829463446076e+03
-3.791536235140668509e+02
1.301506022507567877e+03
6.476467575957968847e+02
2.446706768932329396e+03
4.736239143788018282e+02
7.419564620759957734e+02
2.378618466974659214e+02
-8.107492290409923044e+02
-7.941363136442313362e+02
-1.572811936431340655e+03
2.774786620617369408e+02
-5.083621237854359265e+02
9.714814363278912879e+01
7.484082166793447755e+01
-1.163247226858300564e+03
-1.742871021242479628e+03
-8.109993244645014556e+02
-1.573426899783806050e+02
-5.097747476430662914e+02
-4.022918200105326605e+02
1.461342470216112872e+02
-4.238486379915960356e+02
-1.133322456046932757e+03
1.489171355702093251e+03
-8.000383931229117707e+01
-2.480647235734522837e+02
-2.344828192069007571e+02
2.988372317761612749e+02
-6.018060763374807038e+02
-4.754849775924024868e+01
2.349100008267444082e+02
-2.039168317318777923e+01
-5.197963895875128628e+02
-2.505208156977337239e+02
8.350376584334285326e+02
-5.540638537283298319e+02
1.610952857289118469e+02
1.744965180926739095e+02
-1.515643880302340847e+02
-5.580868505022007184e+02
1.882434607678152645e+02
-5.336327860601418251e+02
1.960704999590393527e+02
7.610930283438391371e+02
-1.173936784246843217e+03
-8.226023540038141846e+01
-1.250955714067103344e+02
-1.574122708178304606e+02
-3.077864823627339206e+02
1.198512062259756874e+02
-6.742225743829704925e+02
-1.199535178278587864e+03
1.090461918809374538e+03
6.010442277273392619e+02
3.749847347103539050e+02
-5.400091706715339797e+02
6.405165595347469889e+02
1.026936143271198034e+03
-1.060775918416869814e+02
9.861286981647589300e+02
-5.470002175346112239e+01
-1.565834866715336560e+01
-5.889116853275488666e+02
-1.346817018146864768e+02
-1.680310094676109998e+02
8.227525573485764880e+02
3.261342392645844939e+02
1.137384091157955801e+01
-1.368103928499319011e+02
-3.872712182778654437e+02
5.798906838975526767e+01
1.509616525598443637e+01
4.527952424081341860e+02
-9.448413964541147436e+01
1.329648679516424181e+02
3.219780969973900824e+02
8.719857816855315491e+01
1.025962117589026548e+02
-5.195108945918258314e+02
-6.706469551251227301e+01
3.462292333730095493e+02
1.549551308075659506e+02
-4.101713857228338043e+02
-6.668357631234947576e+02
2.224380584592985031e+02
-6.519666916439698525e+02
-1.290168413355136749e+02
-7.549483458449026330e+02
-2.903170464279218663e+02
1.404306689920042004e+02
-2.839471070380151332e+02
1.826259638504273539e+02
7.634555374975695941e+02
-1.339762884314026792e+02
-1.085753622644439531e+02
-1.191412279827694647e+02
-5.232761200735781131e+02
4.386769858898142047e+02
1.741785481768295654e+02
2.629664597525045906e+02
-2.178134968133884684e+02
3.809167334836717487e+02
-5.959065566871326070e+01
-8.200731220943179522e+00
3.488456958512682604e+02
1.943745209035135986e+02
4.353264168674637631e+02
3.550766187472268030e+02
2.182620189394872057e+02
2.694732989532637930e+02
1.867183780388669447e+02
-1.419493186202026607e+02
-6.094151389991733225e+01
-1.231239629355368379e+02
-2.102190251278641995e+02
-9.084288244476643115e+01
-6.624304595202742973e+01
-3.167924765144568511e+01
-5.383086530091291024e+02
-4.068029077965089755e+02
7.092510792234610051e+01
-1.725750145297224947e+02
1.978964401951700722e+02
4.485780831478181518e+00
-1.634396603704072390e+02
3.736318427649805471e+02
4.180669287849993907e+02
-1.738332005071477226e+02
-3.771686157903797607e+02
-1.988725352577418732e+02
-4.040856480996214941e+02
-2.357441378838701951e+02
3.261867613992715178e+02
1.874133292997959472e+02
1.672646082957623719e+02
3.958611082494233528e+02
-2.173139748037397112e+02
-2.434721118447302786e+02
-1.030138031190736001e+02
-4.267445662173665255e+01
-2.944908983050692086e+02
1.425354520726075123e+02
1.489972443088304317e+02
8.990599385894834938e+01
-1.361310513771560124e+02
2.117414689316506724e+02
-3.878267278316838542e+02
1.741871799560630905e+02
6.163475671677047529e+01
4.722814649736523620e+02
2.061442295192011613e+02
5.720678259215341654e+01
4.756912527482006112e+02
1.234119140963337031e+02
-2.777231134787032829e+02
-3.583783705312234247e+02
-3.146467417274192968e+01
8.783126575468689623e+01
-1.450819166187717713e+02
-1.607071791660999338e+01
-1.163862264718792403e+02
1.775838047517946165e+02
-3.741876385066555031e+02
-4.484186484676691293e+02
-3.442205419608062300e+01
7.683934921241726101e+01
3.512501253243568726e+02
-1.246179370169909220e+02
1.934327978948087718e+02
3.918361446279980669e+02
-5.271754845130953981e+01
2.780601543377402436e+02
1.984256120736323794e+02
-5.083813771853764152e+00
2.023897082994667471e+02
2.656495639872113657e+02
-1.299614854547389484e+02
-3.641470887461710504e+02
-2.152676144769156679e+02
-1.713843627623063526e+02
1.410931800460027041e+01
-1.181198759945954748e+02
1.803221394888906914e+01
-4.110596712238196204e+01
1.088721643506395935e+02
4.547004986276437677e+01
1.513498991288626314e+02
-1.297519141436569896e+02
7.531122467469418602e+00
6.959776030163494909e+01
-8.445484935345730548e+01
5.401740970984521795e+01
1.165512161809728298e+02
-1.379152750139296018e+02
6.523109819132591269e+01
2.256095554164938619e+02
1.623719655540444151e+01
7.788726762343229382e+01
2.324320762179737869e+02
2.205243958232203028e+01
-9.594544784524309478e+01
3.557750769319155637e+01
1.487309453454821551e+02
1.853690179580496817e+02
7.154846053988337928e+01
3.899103521186790431e+02
2.191321036433431573e+02
1.611324427757286344e+02
-1.717634410957986901e+01
1.570938034733499364e+02
1.192890831134112801e+02
1.525788770984348730e+02
1.557361727233984823e+02
-6.273300352861561890e+01
1.929363465663763222e+01
1.908541016495022546e+01
6.784132834665163614e+01
-2.089454894645844547e+02
-5.377134359121872365e+01
-2.706564255234909524e+02
1.539434036073774905e+02
1.563738707934926424e+02
1.520979642007126529e+02
-7.392956153580185230e+01
-1.075760932767655049e+02
-3.345276756039649513e+02
1.067154793384595877e+02
1.920121448365027206e+01
1.291475990679281551e+02
2.553580559987173615e+01
1.706120687051872551e+02
-3.059718990748608292e+01
8.188995715879561033e+01
3.450147358809069260e+02
-2.472993158821626594e+02
1.768671799829079916e+01
6.866704860211186201e+01
8.584885357981736576e+00
-4.316101457991293699e+01
-1.141102403000121157e+01
-2.340338593507001406e+02
2.091819076774904431e+02
-7.550702502031505503e+01
-1.994874796880593593e+01
6.558605522276116062e+01
-2.016620387323422392e+01
1.321581882943519020e+02
-2.293223396247848314e+02
8.456454522706241050e+01
5.846991660792284939e+00
-1.769413588477223698e+02
-1.670358854882512389e+02
7.319225186264084471e+01
2.261109712514884222e+02
-5.434927026685112139e+01
2.992878097976940310e+01
-1.804754155360078494e-01
8.306919640096711532e+01
5.273656908396813492e+01
-1.555072424286435506e+01
-2.552653538804370470e+01
-2.412642988082090199e+02
2.110813109938452570e+01
-1.667742404969067849e+01
2.573352326160954817e+02
