7.049230408796962365e+03
-2.238339652844318607e+03
-1.448791045335664876e+03
-9.852383304569178790e+01
1.828012984311508035e+03
2.040885365750186338e+03
2.896186542163360400e+02
1.897216679485001976e+02
-1.410025620116935897e+03
-3.327446141983501775e+02
-7.779406746711326832e+02
1.588659358768414677e+03
-3.085325152279437134e+03
2.320174496934419949e+03
4.105643711962122211e+02
4.852580928928016988e+02
4.304793237643070825e+01
-1.455351262789689599e+03
-3.011954005463641124e+02
-2.742676980953523866e+02
-2.239568258085029811e+03
-9.768552006368355478e+02
-5.173846615272080953e+02
-1.310044165818604370e+03
-1.527002931490379467e+02
-1.246872218435250034e+03
1.641903094873106056e+03
8.317396768187945781e+02
-1.342750890989809022e+03
2.499334408671229824e+02
3.777794595602845220e+02
-1.381685562611390196e+03
2.554625451553533537e+02
-8.586383886663745102e+01
1.579729842645207327e+02
7.314863513256696024e+02
2.682403735631658037e+02
7.714269074112208955e+02
1.275878356215059171e+02
-8.049396300401591589e+02
2.057410044074348150e+02
-7.446825823300018783e+02
7.415282924703344634e+02
1.081983084967682096e+01
-1.702103510753367033e+01
-5.447373147212442746e+02
2.453847249010003964e+02
4.051959749062659171e+02
6.893102588206302528e+01
-4.007267063921436261e+02
9.363917034053411044e+02
-8.467325079360998075e+01
5.230618276168221428e+02
3.253484900091829672e+02
-2.089009732777916284e+01
-3.268395706292420186e+02
6.659953107500996339e+02
2.985313305505769108e+02
1.726636456605366163e+02
3.810808630439187823e+02
9.655212558569367047e+02
-1.252446244523129621e+02
1.772777196087603215e+02
4.690964374565354547e+02
7.458048083708195719e+00
1.094885671540356640e+02
3.358656506519427580e+02
-5.009180886036460265e+02
9.275645099437589636e+00
7.959236989192231704e+01
-1.796452159705901579e+02
1.323509699484806958e+02
-1.124886951226789904e+02
9.187227200262243798e+01
-5.340578589453350560e+02
-3.709776130423331892e+02
-1.595634578362279115e+02
1.878304041084020639e+02
-5.351013002943423089e+02
2.413255427335378656e+01
4.209318610356315276e+02
1.277315774942277500e+02
3.214321110937639787e+02
-5.069765948466339296e+02
-4.072339057513075886e+02
6.448447367088598448e+00
1.333846119948876776e+02
-5.472226204527029836e+01
1.567583948494276740e+02
-1.042810673479801231e+01
-8.231579425296651209e+01
1.917493226778051678e+02
6.882617769600592510e+02
-3.289358043374401177e+02
-2.256841977090725777e+02
-3.849814739786026507e+01
1.138193169058286855e+02
-2.375378926482669328e+02
4.214336927612587402e+01
3.002413508721480184e+02
3.741759133131370163e+02
-2.837703042090666941e+02
-2.621707532262834093e+02
1.338911071632388143e+02
5.817961464704188757e+01
-4.039435872504427607e+02
1.604551631876244926e+02
1.738867516688744104e+02
-4.591732064637772623e+02
-2.163444574944953729e+02
-2.239141593963931314e+02
-1.400194857718448986e+02
-3.984795476355318442e+02
-1.730190399163122095e+02
1.744385714100627354e+02
-1.167214899141410172e+02
1.153092452453452950e+02
-3.518378519579736796e+00
-1.166193795903564592e+02
-7.389015676032991697e-01
5.781388592395811798e+01
5.990351708709839613e+02
-2.943588338420738637e+02
-3.731885028940056515e+01
2.885974453986791559e+02
8.811285913488977428e+01
-4.549796547507491482e+02
4.967682145320897291e+01
1.720550927884636749e+01
1.094785604325911805e+02
-5.185072685490340838e+00
3.039445766463898053e+02
-2.303194094331616668e+02
3.731069578302848981e+02
1.166882160711879024e+01
5.609023047487573166e+01
1.397614577741821051e+01
1.650923423441026046e+02
1.015806779400352440e+02
4.251072307467713927e+02
6.410846191370659142e+01
-1.377684026524188425e+02
1.067875003895145909e+02
5.511383872668260437e+02
-4.274253431803808922e+01
1.681237273017468965e+02
2.415910079366567231e+01
-2.618525404198656474e+02
1.953081228741008317e+02
3.001264304847783251e+02
-1.477153426878951166e+02
-1.132470668398033951e+02
-2.100312848632839007e+02
4.855204904720886105e+01
-1.708228474975871620e+02
-1.640592936969745494e+02
3.289005660422458845e+02
1.374129675630983343e+02
-8.624662449133379027e+01
1.597209231254975350e+02
-2.016587579124291665e+02
-8.416920021757539416e+01
-1.024608607500611157e+02
1.481568854770937094e+02
-2.457363871349736826e+02
6.647254722784592396e+00
-1.326974592423286765e+02
-1.191357661942524686e+02
2.135153676017212092e+02
3.969986541923508749e+00
1.153494507447631889e+01
-8.916559789711054407e+01
-3.786339203903841621e+01
4.302620758869484519e+01
1.410875845548116025e+01
1.559962637967262822e+02
-3.141382314158856559e+01
-1.889791885878345852e+02
-1.171965954830022696e+02
1.132494261755362288e+02
2.396371304126070640e+02
-4.265510325590961571e+01
1.651424070501797701e+02
9.950627312210335162e+01
-1.141786633857317383e+02
2.258467296795616619e+01
-2.263827470051557782e+02
1.056791788947111286e+02
-2.289309831934317003e+02
8.819501948998727414e+01
-4.335428648901582704e+01
-1.322248243281690634e+02
-7.752867031518782426e+00
-1.464435868338341322e+02
-1.432288496105695508e+01
-1.509045609360883020e+02
1.718096107281534728e+02
5.392652660816278143e+01
2.153808548341785922e+02
-1.206616261163198942e+02
-9.220341465196422348e+01
1.464436416783774177e+02
2.355234622712284249e+02
2.707210225193238671e+02
6.232313336504118695e+01
3.928682971919508304e+01
8.887380240057007086e+01
1.493660941266707596e+02
-2.630448586015904411e+01
3.237536400759775290e+01
-2.031653968219669935e+02
-9.468033520649368029e+01
-1.538577726217340285e+02
-2.155724234741340695e+02
1.312747859115098379e+02
-2.814209721647279849e+01
1.938392574279876968e+01
4.444627246897199768e+01
2.209973876224327682e+01
1.552791652774125737e+02
-1.794381061560786179e+02
4.791960014589439965e+01
-1.426882182908899495e+02
-3.879988998399628031e+02
8.375146504193146768e+01
-1.318773101345238956e+02
-8.646534313559507723e+01
-6.614069620342409905e+01
4.433201173326177980e+01
-1.103340598655595386e+02
-9.994293904251132687e+01
2.600400582786980408e+01
-1.420285560833463023e+02
1.044027523135408870e+02
1.457916380384700403e+02
-1.466664058622727396e+02
-8.984861445884061482e+01
-4.157195980891165021e+01
-3.665961060406415584e+01
1.286687769181280032e+02
1.702442072455175719e+02
-3.417158739107726007e+01
-1.188372470795074349e+02
-1.772849877639815190e+02
-7.287493741790553869e+00
-3.434873681075505658e+01
6.390555871392770371e+01
-1.977658117629559897e-01
-8.808568266018096438e+01
2.940790611708975177e+01
1.006849057355364891e+02
9.781491091772454638e+01
1.109746097652890739e+02
1.353330751069894688e+02
-5.346361852318546681e+01
-1.701285335936104559e+02
9.492518711755874961e+01
-3.917184326046134402e+01
-1.636976184050964207e+02
1.046123766993845692e+02
-8.366421708592210393e+01
8.639589534411022953e+01
-1.521305023633211135e+02
1.192367773104146522e+02
3.440376352160452011e+00
5.724059308345704977e+01
1.761511925684008304e+02
3.206716880960544103e+01
1.703565839475865928e+01
1.870418084503026712e+00
-2.661264047792415965e+01
1.581397708503182855e+02
-2.921852713273088042e+01
-7.510414989588994672e+01
1.002671121999771309e+01
6.459609676478338258e+01
5.418354631490903017e+00
-6.399009075661034984e+01
-8.284620597627132099e+01
-7.459249011734881307e+00
-8.900201280655421598e+00
1.153049208921694202e+02
2.625593783810689086e+00
9.714090171639291782e+01
3.783855001559805231e+01
-2.970805674572258681e+01
1.151576201387112235e+02
2.069816222428579522e+01
1.114747605911632355e+01
-4.996607744289014619e+01
-7.812895245871834504e+01
-7.205877127179277863e+01
6.355489994960046118e+01
-2.759008232918209558e+01
5.746837708530433986e+01
-4.768795404944984284e+01
1.141918099059309633e+01
-3.472817940155648841e+01
-6.482010469399888564e+01
1.229330201195980692e+02
