-5.404955723732733532e+03
-4.440536422522314979e+02
2.398233537128307034e+03
2.217861790572346194e+02
-2.245559725239168074e+03
1.205186535627454276e+02
2.416615435499079467e+03
4.275807107145181476e+02
6.098724379477393086e+03
-2.765376766042251802e+03
-2.502660861476770151e+02
-1.889557674668703157e+03
8.271049778432113726e+02
1.102358960854440511e+03
-2.202049582451860260e+03
-5.585303395744995214e+02
8.228771104066535713e+01
1.735055939292852145e+03
3.225962677520150805e+02
8.415784210750236980e+02
6.419424730366504264e+02
3.626703984278152575e+02
1.341114197560189041e+03
-1.738260567608864903e+03
7.007765446347933391e+01
3.298787082191407194e+02
-2.170732676976300013e+00
-1.047270212352300121e+02
-2.494470831560926740e+02
-1.253302806951410275e+03
1.532579675794801915e+03
-2.395479548879040976e+03
-2.838952603763504499e+02
-2.031451057299049126e+02
1.031123807371898010e+03
-1.155332277716551289e+03
7.808466164771425611e+02
5.488261012818786639e+02
3.103661199174651983e+02
-5.078180250323918585e+02
-1.104022051074193996e+03
-7.193822719545860309e+02
-9.162038746652143573e+02
-1.283608696149922253e+03
-1.686944996020890244e+02
-1.146816495792691057e+03
-9.104103488164531655e+01
-1.433106458286707152e+02
1.058154222855131366e+03
-2.182667564177919814e+02
-3.156443473881830073e+02
-1.018679755647114916e+03
4.883209994670035030e+02
-2.257565116330642354e+02
1.128540226430670828e+03
1.049545619205799994e+03
-1.668204357846723951e+03
-4.458822399170510948e+02
3.181483930926157768e+02
8.306258423324744911e+01
7.063433542252288362e+02
5.172801559448737407e+02
2.052584135290093855e+03
2.048611555519144360e+02
-2.924594653619846554e+02
-1.202907825719208716e+02
5.287810948883261517e+02
1.358811966533276973e+03
1.081329770712584804e+02
-7.958025768703647600e+02
-1.890495205319639922e+02
-7.954343839175600124e+02
2.223741184993072295e+02
5.470078004377250380e+01
-5.233249101240173786e+02
-3.292473234860973434e+02
1.209009259277630655e+01
1.423203661271718090e+02
-4.769956668774683521e+02
-3.992031962347431318e+02
-7.058560526115182938e+02
6.159587476593017072e+02
7.225105421128927219e+02
2.300492883733888050e+02
7.889780383874212930e+02
-1.094537267360968400e+02
-7.519649654259241061e+02
-5.061735115997152548e+02
-1.064621880059681871e+03
-3.986884049320326540e+02
-2.942398597380928393e+01
9.580821817252013943e+02
2.781248008170708204e+02
6.005731048069897042e+02
-8.060664716161868455e+02
4.437252615318059839e+02
1.104204377298656937e+03
4.577593513034449302e+02
-6.387923303233423411e+01
-1.421346266613715272e+02
3.533096326869128916e+02
3.616676679368596297e+02
3.523570098230849794e+02
7.506012917678187932e+02
-8.825391090562631291e+01
-3.323159204428707767e+02
-1.432133258564015321e+01
1.999901726875942813e+02
-7.038484392991253458e+01
6.523327947633075041e+01
-4.002681869382274726e+02
-4.412809714943977042e+02
2.184610611744748496e+02
-3.954327208400744098e+02
-2.017092500993225883e+02
4.378047177222102277e+02
-4.364950996586901510e+02
1.350118321843038061e+01
-1.925500780484228471e+02
-3.602649016690161830e+02
3.098408869849840244e+02
5.441711118402816965e+02
-2.459973004873555524e+01
-2.643968194600842594e+02
1.062221338458315643e+02
3.935458801254755485e+02
-6.401518088592461027e+02
-1.215402164943747181e+02
7.178005752488779763e+02
1.974573334890957881e+02
-1.267976176507555408e+02
7.661017349465325879e+02
1.818348737947848974e+02
-2.006107003178901493e+02
5.116824567130053225e+01
-3.141954194054654863e+02
2.704459377682597960e+02
-1.077128893239112983e+02
8.863333179009286766e+01
2.777256334500252706e+02
2.091692512911979520e+02
2.840982406883601357e+02
-1.628275274019334518e+02
2.350028169417638253e+02
-5.396669686510418984e+01
2.016133893843116311e+02
-6.751469993051489382e+02
-2.810364534770287719e+02
6.831896570875143198e+02
-2.242729058248440595e+02
5.797880166105730950e+02
7.945275738839202972e+01
1.770080712160327892e+02
5.943272138941846379e+02
-4.626464764785769717e+02
-2.294711954919158075e+02
-2.332425958361318123e+02
2.769074193365690917e+02
-4.959611846545782896e+02
-1.947952938543456014e+02
-2.278499121180330462e+02
7.525932836392609033e+02
1.081413537998158176e+02
-5.909598259342384381e+02
2.150876349269790637e+02
1.418873362147648720e+02
1.126406751496748484e+02
-2.084911101130796141e+01
-1.451059923350677350e+00
4.852987730514824420e+02
1.163792601800911228e+02
-5.049074669362613577e+02
8.717574048200749104e+00
-3.094755879466327428e+02
-2.222732252469993171e+02
-2.923661747186107007e+01
3.077407046248195570e+02
8.251570960841077067e+02
4.697211687081887135e+02
2.832930689019854071e+02
1.853470709616799468e+02
2.545680185346510598e+02
-1.054989066821267363e+00
1.956484545907075301e+02
1.962246690597564509e+02
2.960982907757901117e+01
-3.727734126145115567e+01
5.734564578878373453e+01
-1.422055277112478393e+02
2.663978191326199862e+02
-2.049020588206005868e+02
4.115952015425160084e+02
5.095096030717418500e+01
-6.353205082524722513e+01
6.402009045644807372e+01
2.343032867654363827e+02
-7.700186601234532802e+00
-5.107558061004935013e+01
-6.663627209127882622e+01
1.116663581300913251e+02
-1.873012249747463898e+02
1.236083716887974333e+02
2.863324127616555188e+02
1.452152149509662422e+02
1.620548155901922769e+02
6.125626059418972602e+01
-8.746639467543047886e+01
-8.788182328151319211e+01
-1.008104815860632044e+02
7.732562919065601115e+00
1.941813667912884966e+02
2.992704993334382380e+02
-1.131460623405413628e+02
-3.092885152968281659e+01
1.080793208967448749e+02
-2.717781702699778066e+02
2.110114437393605158e+02
1.856038462109455054e+02
3.561563186601638620e+01
5.107819238753415902e+01
-3.020565787659834101e+01
-3.504519527812998803e+01
2.551148037832051898e+02
-4.398256729102798772e+02
-2.142716354872554234e+02
-4.331941051141377557e+02
-4.697751915171335213e+01
1.541171667506186225e+02
-2.519405100494140584e+02
-2.981383097516260960e+01
2.743986521179064297e+01
1.118066349095248739e+02
-2.795748440347474570e+02
3.804050344830555730e+01
-3.901446501331605088e+00
-1.318204700911194323e+02
-1.479978990171037481e+02
-3.029022355951919394e+02
-1.816036971475647874e+02
-7.037733541732595199e+01
8.934765434190114775e+01
1.573882007047563825e+01
-5.666279411533002985e+01
-1.420948234232991751e+02
2.456896890248349621e+02
8.915893086593675321e+01
-3.421036360297178902e+01
7.490372224064240747e+00
-9.495007228684301026e+01
1.504170990714237064e+02
-2.279591756855373674e+01
8.791109279919470509e+01
1.536324711107402834e+02
-7.995923109906573245e+01
1.658899657992373307e+02
1.352923435779256351e+02
3.994083966530766361e+00
-1.785731940299989162e+02
-9.583090731034280907e+01
3.938976839026400256e+01
6.030823651619108006e+01
1.090098182329300727e+02
-5.505664990858894470e+01
5.972064650573792477e+01
1.197238888268000636e+02
-3.718579312817358300e+02
3.591855035974153338e+02
2.080310789533324467e+01
1.330165635641667734e+02
3.461328884415359539e+02
8.538207936644089102e+01
-4.206891464934163309e+02
-1.629302798863799637e+02
1.441225720048574317e+02
1.643301606801715309e+02
-7.268238964384862300e+01
8.251074719775422750e+01
2.313777468606368757e+02
-1.425932479833582534e+02
6.007565761767612855e+01
-1.495145367061845150e+02
1.091732821186032112e+02
2.681982723542888607e+02
-1.761674713124095604e+02
-1.167307572580636901e+02
-5.308273658280821792e+02
2.506259040398432205e+02
3.839894940447926075e+01
4.554567454270006976e+00
-1.288843239331712311e+02
6.332094013766261753e+01
-1.971020017890264597e+01
-5.901946941799189972e+01
-4.083657385775654234e+02
6.004551487626886797e+01
1.668924228471807396e+02
-3.932253585203660862e+01
6.853743666646452937e+01
-2.509158912196610629e+02
-9.727557858493273812e+00
