-5.513094368798349024e+03
-3.673285111252404931e+03
-4.356189311152753362e+03
-2.820503466473034678e+03
-1.654022876810850448e+03
6.845248466596021899e+02
1.986374911241770860e+03
-6.279245583276170919e+02
1.557389990829871977e+03
-1.401369851063549731e+03
-1.476109919715077581e+02
1.283268159286840500e+03
3.500491291566614791e+02
-7.311144466533194191e+02
-7.115781710848211787e+02
-2.230136948014067912e+03
1.673509983162013441e+03
-9.370510631345177899e+02
1.167322542896362847e+03
1.816511298407245249e+03
-9.495651651929237858e+01
-1.220762934486301219e+03
5.858752597386582011e+02
-1.504832600918493881e+02
-4.423785492767769938e+02
2.429121738610562034e+02
-5.044452599864878835e+02
5.441954699857714104e+02
-8.684392156194708150e+02
1.161908527402699974e+03
3.356555298102287566e+02
-4.197382011305661536e+02
1.776274554777028925e+03
-1.757922266271064302e+02
-6.605762737542595460e+02
-6.026008328745890594e+02
2.598007376575492913e+02
5.506564611173984503e+01
1.191271762668357724e+03
7.388849108877442404e+02
4.407569195476245341e+02
-8.671353966563640370e+01
-4.390156760634708348e+02
-6.224664203388792885e+02
5.479624959351735924e+02
4.185018425671919431e+02
4.818221162229520473e+02
4.266428908832160687e+02
-1.021627174618137843e+02
-1.955224012686149138e+02
-1.791276609562626163e+03
5.003742749527340550e+01
2.899218724336244009e+02
3.176220058601025471e+02
3.749962065390482735e+02
1.453711512232559357e+02
5.727073013064630231e+02
-2.154269956711593750e+02
-1.469786003581121122e+03
3.304906643698413973e+02
6.212551475647933863e+00
-1.182202761626528371e+02
3.892443824001281314e+02
-4.521654696870919565e+02
1.275398973596572887e+02
3.754013898964544893e+01
-3.573178828643606835e+02
-6.619540605353172396e+02
6.776281757476607481e+01
-1.010831302781187446e+02
-3.206816855574558076e+02
-1.025426063899680145e+02
5.054162136625282642e+02
-2.246961969427873385e+02
7.491659945690804534e+01
-3.740512840393772649e+02
4.085894833186636106e+02
-1.816823339384895064e+02
-4.193336769275867937e+02
3.401183075387013446e+02
7.278178026579587367e+02
2.267373597080740311e+01
2.161738868711946679e+02
3.835720804974563976e+02
-7.315735181206926541e+01
-1.577036037999445739e+02
3.839183074497648249e+02
3.978155925004164715e+02
-1.480368293769964794e+02
7.243461408359470965e+01
3.877785532542778242e+02
-1.929641523058556345e+02
-7.509996277136031040e+02
-4.378491151182305998e+02
-2.394508586701841182e+02
5.119944221625972602e+01
-1.635439945272712237e+02
5.860439180561373718e+01
-4.173121679831222082e+02
-1.033398455958903099e+02
1.050002596149329150e+02
-2.552539698638731522e+02
-2.856423216956403621e+02
-2.873031511469860106e+02
3.539856737118526553e+02
-7.341636943158572137e+01
1.501862936954517735e+01
-3.746596244892205618e+01
1.730149062192159306e+02
-1.483747198226062665e+02
-3.072899666043181242e+02
2.385639077501344616e+02
-5.810018308366966266e+01
1.582738055108215747e+02
-1.801224872990149706e+01
9.522042879231529255e+00
2.198260533822292473e+02
-1.280393731958524768e+02
-2.907793183875725873e+01
3.034247261214994182e+02
-1.216894640913339884e+02
-2.276136323512038757e+02
5.036938732457009564e+02
1.910728969624312867e+02
-7.477916311721186560e+01
5.529828801120986981e+01
-2.075980172956822400e+01
-2.388004168195735133e+02
-1.601521302107253746e+02
9.186683986253262901e+01
-1.746727474355453467e+02
-1.809245360841986496e+02
2.012515528716031383e+02
1.851664836863332653e+02
3.016986823399367381e+02
3.582753681547664115e+01
-1.251576019625116913e+02
9.305886480418666906e+01
-2.845152916567984036e+01
-8.227692042655110072e+01
-9.093724001004837021e+01
1.085004869009893724e+02
1.003452246657480487e+02
1.730090227291558449e+02
-5.138868199085329280e+01
3.027291204174473194e+01
1.405531633937492870e+02
2.411984348744499016e+02
1.214863051156553979e+02
1.060594442077259032e+02
2.297972573190561150e+02
-7.781177096028295637e+01
1.830509562845916349e+01
7.523594644890506800e+01
-2.954738081015813833e+01
-5.257249628053839441e-01
1.715284457187232476e+02
8.710151466348065696e+01
8.531755230734064810e+01
4.899039768844750853e+01
-1.342521222029159276e+02
4.272107379199947275e+01
2.004468515254659451e+02
-1.662042325189346670e+01
2.977287102968349473e+02
-9.293065504992756853e-01
5.962156336321084638e+01
-1.445791461206276836e+02
-1.188593302039526520e+02
1.528733060714861836e+02
-1.673831755395040091e+02
-1.517307316980841563e+02
1.682529642753889050e+02
4.388489711678764138e+01
1.133391975564729961e+02
-1.018213478221371275e+02
-1.091884334415917550e+02
-1.052532340176197607e+02
-1.166212902854157534e+02
-3.113846933444688148e+02
-2.190865756546572243e+02
1.133433053279045026e+02
-4.622731209992925727e+01
1.446346372352221010e+01
3.793205571576390156e+01
6.074052007727029689e+01
-1.342087612056219648e+01
-5.060469965191335007e+01
1.372976948034347231e+02
1.201797162382739117e+02
-1.021996356525721552e+02
7.632125011187662267e+01
7.390635570195495063e+01
-1.158690198124325388e+00
1.550505747417820146e+02
-5.050135039502673351e+01
-9.083317246282470592e+01
6.905038337456416286e+01
1.724152981463668084e+02
-9.714624317809351339e+01
-1.434953247807835908e+02
-2.067624756575118283e+02
-1.554615483802273843e+02
3.452909759904875386e+01
-1.239196572007788149e+02
1.997654896813795489e+00
-1.013790935773316733e+02
7.294962624903852166e+00
-5.242556193551821053e+01
1.381669714207569371e+02
2.226025629118840357e+02
-6.699923126158269326e+01
-6.838778107312094789e+01
-2.865400753235741949e+00
3.973196355487432108e+00
9.885244528801929675e+01
4.409105319438083370e+01
4.319146513259714482e+01
-1.275853160088590421e+01
-9.899395683073143459e+01
2.486889011071502509e+01
1.044398712670293179e+02
-2.024085934809324385e+02
2.310290979982374893e+01
3.621799893640251611e+01
5.715090521383056910e+01
3.350883473389597356e+01
9.669782487448007657e+01
-9.711615407606289807e+01
-1.253770758428080967e+02
-4.544964502977099841e+01
8.120391763616194680e+01
-1.300957487436197084e+02
9.284947287770185653e+01
-2.714184211854709972e+01
-1.524861269531549226e+02
-5.906368379061999008e+01
-3.071179447679338637e+01
5.800836438523415950e+01
3.475596717908607758e+01
2.002649885303727118e+01
4.322314252182094663e+01
-6.482178418448957302e+01
1.506059100097929786e+02
-7.906542146980979169e+01
4.810605615587893169e+01
1.442815353408573458e+02
5.084696939935880522e+01
-7.288560552664591796e+01
4.309304610069469277e+01
1.196847535526029560e+02
-3.680392635062908369e+01
7.190032935722230434e+01
1.642592588901831618e+02
-5.996869168570872688e+01
3.382823165402004673e+00
1.846692093969866164e+02
-4.590313391482378336e+01
3.258795961408487329e+01
4.316020980462057288e+00
1.576406630681676724e+01
2.790535314395527067e+01
1.739844275768676507e+00
1.935123935895256579e+02
3.924865236006694857e+01
1.410741853734211837e+01
-5.549122446950394760e+01
-1.178143725376961441e+02
-5.834669989200155982e+01
-1.866655346305109431e+00
1.196280056499612954e+02
4.297230336305603515e+01
-5.484008230720572641e+00
1.716322562065546435e+02
3.448043917344482168e+01
1.060891323187071720e+02
9.253007836903590544e+01
-1.097293283124509884e+02
-8.082756988708071688e+00
-9.427618648160844828e+01
-2.718235980747941483e+00
3.226979960671848602e+01
-6.577816007534583775e+01
-1.323836751765402653e+02
8.925113017304818186e+01
8.130881276017240111e+01
8.144960676007133316e+01
5.338536456913397288e+00
-5.313245728048028838e+01
1.117267244442947458e+02
-3.050825906235184348e+01
-1.893849223056042206e+02
-4.927230691583362443e+01
-4.473744381158131667e+00
6.242421942923374445e+01
-3.624494341766807182e+00
-4.548327555365538188e+01
-3.076158645229000044e+01
1.688600395361741846e+01
-1.759347712881431747e+01
