1.874491544580681364e+02
-7.097669321065510303e+03
3.214504919989519294e+03
-3.504604733700455199e+03
-1.081210669428809069e+03
-2.525048468762612970e+02
-1.560351746434649385e+03
1.688993780560028654e+03
2.319956486691328337e+03
1.918932830346133414e+03
9.934676380854205036e+01
-5.517228591081865119e+01
-2.323849798191944046e+03
2.284854739947651069e+03
-3.241154931727280797e+01
3.438742299757328169e+02
-4.595314444030808687e+01
-4.824304937538702234e+02
-2.716237777031640690e+03
3.106343189099770825e+03
7.161610549106973167e+02
9.879142023138701916e+02
-1.827652027315642954e+03
-1.977731708084070590e+02
1.735284830787064266e+03
5.108637938119819637e+02
-7.478508783567841647e+02
-7.187399954047389201e+02
-1.181308628135825984e+03
4.547785719677830230e+02
-1.620869912677776028e+03
1.604757910801837113e+02
-3.993347143611251227e+02
-4.659836234119449045e+02
-2.506302210483166846e+02
-1.999286241821741896e+03
1.364567423834461977e+02
6.165273577626971928e+02
1.114638902069246114e+03
-4.998833285037246128e+02
1.304488421206233852e+03
1.262022322185100393e+03
-6.495793356369123330e+02
1.749476227915227355e+03
1.669329179670124404e+03
1.185523673030864984e+03
9.827216713737742282e+01
8.401556007349140600e+02
-3.542410950452330098e+02
-1.054257942553581842e+02
-1.070062990367046496e+03
-1.242431854898851356e+02
4.735734605389620242e+02
8.194780810378293836e+02
-1.616505326262443759e+03
-2.644020243983725322e+02
-1.140072358286323961e+01
1.614129154003070880e+03
1.566315082327881214e+02
1.454896412091277170e+03
1.254168068949209243e+02
-1.352137447235679019e+03
-3.115228480307179666e+02
-1.034547330127417581e+03
3.693611778212214176e+02
1.547136160451057549e+03
1.806328948240330874e+03
1.672594692551319667e+03
7.297812534006217220e+02
3.269835416056083091e+02
7.281031558034754880e+02
4.540064477827323230e+02
1.664765845042321928e+02
4.470225812503986162e+01
-5.201610610747050600e+01
-1.329508023451892768e+03
1.664298822780778664e+03
-1.780709163183037731e+02
1.343716887567489039e+03
-5.191863113707372435e+01
1.296449909600931676e+02
4.064140009144143164e+02
-3.181841361557242749e+02
1.245072487016301920e+03
6.499709411481939014e+02
-7.407389895428829050e+02
-9.390267792888759004e+02
-3.007286820993200536e+02
-4.453140537375032295e+02
-3.454837104353803738e+02
3.555422347397295653e+02
-6.693871514774569960e+02
2.663733818973727807e+02
-3.237750297734691003e+02
5.947222751098782965e+02
1.321288522168374016e+02
-3.536067569934957078e+02
9.432583735267301961e+01
4.103581388912610350e+02
-7.416890571114636010e+00
2.613084999342007109e+02
8.534050847165613050e+02
-5.077832318938981757e+02
6.856390995952290268e+01
-4.981396235989751631e+02
7.291140853808433064e+01
1.923187960506190564e+02
-8.218642697842766438e+02
5.871276405600325177e+01
-1.268969295350180744e+02
-2.231884627928657494e+02
7.725976133802318202e+01
6.518806451934535744e+02
-7.085432125035722493e+02
-1.547703508652095934e+02
5.655742732451347621e+01
-1.489878873759093722e+03
-6.406645508168060132e+02
-8.652709167247544428e+02
-2.224771924808331960e+02
4.650089244935290935e+02
1.247952934575411348e+02
2.846140978367537855e+02
4.241651158670782706e+02
9.230432727447677053e+02
-5.231410915918520033e+00
-5.893871225665791371e+02
-6.873009791228905669e+02
9.524302475029995776e+02
7.040588785911082823e+02
-2.191579722857683805e+02
-6.331182135335127441e+02
-1.312744058445600558e+03
6.102380353243638638e+02
6.448316710676190269e+02
-3.715752818752395683e+02
1.276837038971723928e+02
-1.997490400509914821e+02
3.546762427316313619e+02
6.345554613032163616e+02
-2.948885548447711926e+02
9.140368458404380192e+01
8.594536068793738650e+02
1.480666765425624192e+02
-2.302173677630924544e+02
3.164655614380242810e+02
1.973628942770685342e+02
2.686726123008723448e+02
3.534660522747817595e+02
1.398523011768876643e+02
2.040921408047200458e+01
-2.453656339310856822e+02
-8.933817848497777447e+01
1.133051945151296458e+01
-8.292370942385025501e+02
-3.434996433188475748e+02
-6.160519350394485372e+01
4.041793988835332243e+02
5.747545016796040045e+02
9.694050770237842585e+01
-8.633342350997294545e+01
-6.476092206478816138e+01
-2.358576088774594268e+02
3.361621778678701844e+02
-5.021352549206151821e+02
-3.161841374229851787e-01
-1.402527288222006518e+02
-1.913370905465990290e+02
-2.464503569918169035e+02
-2.075116765990751730e+02
2.245802921646432253e+02
4.828709990399143521e+02
5.497643419750961868e+01
-1.978111422284302705e+02
-1.695220589379732024e-01
-1.945316782459718397e+01
-4.804917666497545383e+02
-5.363692561396538849e+02
-1.914192179229405895e+02
6.799524649329262616e+01
6.113403912075942799e+02
9.130658028450740460e+01
4.583419852193225665e+02
-1.862965481030691137e+02
1.924126803698579522e+02
1.893369353098249235e+02
-2.810548739297621523e+02
3.693599881342798881e+02
1.987051659433568318e+01
7.406640044526814393e+01
-2.423927228846954165e+02
-3.981102550614448319e+02
1.636098255574663654e+02
-4.927265004553304806e+01
-6.133005962634308972e+00
-1.820180780207135456e+02
-1.350695963954267427e+02
-5.261495052234436116e+02
-1.214331577613632618e+02
3.305376176888133841e+02
-7.296966507514299849e+01
4.195960539263312512e+02
5.770732472444714176e+02
-2.038796113850798974e+02
9.465328666628299459e+01
3.960081100232879692e+01
5.695571939560981889e+01
-2.976349675796898353e+01
1.284403449771665429e+01
-1.050425510798410613e+02
-7.640314106317141807e+01
-2.977873413487001386e+01
-1.481563267543123175e+02
5.408176430285631113e+02
-1.262725873190312456e+02
-2.810056793716699417e+02
4.100040145561762017e+01
2.083003492673282722e+02
-1.195876824186948113e+02
-6.000871227044009402e+02
-5.250245018996533730e+01
3.262349396816823628e+02
-8.819267734550037119e+01
-3.526617212259088205e+02
-6.017429760458762189e+01
1.100180947962664817e+02
-5.464870285631223368e+01
3.821438881428285299e+02
8.757510930006067440e+01
8.950962068981353070e+01
1.591095541358994012e+02
-5.350873168168501337e+01
-2.663205802189207816e+02
3.184220863402824762e+02
2.800811963556591309e+02
-1.026678630738872755e+02
-9.126982594934564474e+01
7.247946066680265176e+02
-1.513856009869929551e+02
-4.728348341419660983e+02
-1.345367794335800227e+02
6.059210564946790782e+02
-1.708133044221778505e+02
2.895665345147110088e+02
-5.823861155843522965e+02
-1.470887343141898214e+02
6.847621537299681904e+01
2.327764003884790043e+02
3.918066098170193641e+02
-9.421533506066053576e+01
-2.758459350042071492e+02
9.360768475594208837e+01
-8.367711387365635289e+01
-2.596828062071770091e+02
1.858783845126338576e+02
8.856471666814073274e+01
-6.113653027362560124e+02
-8.896122101254579206e+01
-4.386195522522366730e+01
-1.420691899506701930e+02
5.110937897934655894e+01
2.446139464745346004e+02
-2.187225538749002496e+01
-1.661321422953324145e+02
3.398383304805490184e+02
3.750187350419246286e+02
6.411361649164761047e+02
-5.912305638450568495e+02
-1.440538168395431455e+02
-2.925849462382138881e+02
-4.364472399391869999e+02
-1.354062944803472135e+02
1.632428217174665122e+02
2.886962582135733442e+02
-7.455523135955475311e+01
-7.302705670677929106e+01
1.745098044310702790e+02
-3.848297753265601528e+01
3.711738388688062855e+02
-9.589763718057001540e+01
-1.947186728735608199e+02
7.052269775043814093e+01
1.109488026397457787e+02
3.650192185254063020e+02
1.090014321025679607e+02
1.205296916491845138e+02
-6.324735142735849536e+01
2.879005530613929409e+02
3.699344985441806557e+02
5.315601387245565235e+01
2.637686591219533057e+02
-1.297464992667466959e+02
4.178581242184554156e+01
-1.051185464231366069e+02
-4.504381973758692652e+02
-2.093645994988413577e+02
-6.050699543461227137e+01
3.512718214294076091e+01
-3.437560769314808908e+02
4.193956485300540749e+02
