-5.412918316908192537e+03
-2.711380898092708776e+03
2.584379890255702321e+03
7.016736509146784329e+02
2.357344129605090529e+03
-6.621261499836278972e+02
8.830447079113884001e+01
1.967759845422508988e+03
2.320002005697323511e+03
-1.808288303024362904e+03
2.227420261974146797e+03
-1.579153064769336879e+03
2.048138128311788023e+03
1.367316669771681518e+03
2.042927021680856114e+02
-3.785340134514553029e+03
2.628999133712658477e+03
-2.299261231764405693e+03
3.804543761811307832e+02
-2.926457663164982250e+02
-4.238503222666369766e+03
1.713926390118761219e+03
-1.930500835794184468e+03
-8.702729698623514309e+01
-2.389720568629967659e+02
1.243164410762641182e+03
9.680561638429325058e+02
-1.171336345658759001e+03
5.132997313809745492e+02
1.012705178023131225e+03
5.902257967051891683e+02
-2.431643705369321538e+02
-9.886752626154736845e+02
2.167829118171016034e+03
-3.957991374687018151e+02
3.579254306617569910e+02
1.371989724497379484e+03
8.361102209595609338e+02
5.893238380012641073e+02
-4.512952841987843726e+02
-9.941615807343375764e+02
7.248656109684698094e+02
-5.102407951710676457e+02
-2.317205635795553746e+02
2.967451023807167871e+02
-1.793609741554999744e+02
-1.144419633159531713e+03
1.138699436768561782e+03
-5.129404679680585559e+02
-7.104805938859256003e+02
4.478370719142882876e+02
-6.969634852357895625e+02
-1.955909891148660336e+03
-3.118711025797665002e+02
-1.261984339814666782e+02
7.601066184812407300e+02
1.640372792012614127e+02
7.355851241223548413e+02
-4.291353004113189513e+02
1.176299413247350458e+03
-1.306674431201576681e+03
-9.958942880693149391e+02
-2.213369536114282425e+02
-6.545489810242950171e+02
-5.759472154520761933e+02
3.223255885559800049e+02
3.294176171811461131e+02
4.000960946380229757e+02
3.584818880267113741e+02
4.365266613668285913e+02
3.816925510353924551e+02
-5.809872035968773929e+01
-3.856582911380777432e+02
-8.286296255800598942e+01
4.255665244679456691e+02
-3.454669037346936875e+02
6.914184657010770252e+01
-7.385690239539468571e+00
2.297985674092023203e+02
-2.173110562446343863e+02
5.629624965212121879e+01
-3.439320365613950230e+02
-9.863078941890331919e+01
9.360057631417865878e+02
2.589722629836094256e+02
5.289726866872169921e+02
7.080769570838272102e+02
4.277309698055655645e+02
3.776018027430264965e+02
-4.632288154558794986e+02
1.082665232671222668e+02
-4.476984977877285132e+02
5.735248027481873123e+02
3.164481603277416184e+02
2.676488723725227601e+02
-1.319347691946634598e+02
-8.469593685227971491e+01
-4.123573541860354794e+02
3.394162288071275952e+02
3.024016376710541749e+02
-1.724182956702310037e+02
-1.791573014280149323e+02
-9.230191545168652567e+01
3.713632834816201580e+02
-4.785934539776685028e+02
1.439729488024761395e+02
3.142626873117014341e+01
5.916191980588182560e+02
-6.472267933734447070e+02
1.343692069816149512e+02
2.844626438368146637e+02
1.766230619193703717e+02
4.731236742475984443e+02
-2.768850772802380220e+02
4.028030478294548544e+01
1.069036384651069227e+02
1.184948323546097555e+02
3.578927237326405475e+01
1.692595450490336191e+02
7.824319839394490828e+01
6.608082388981110853e+02
2.527372077846762863e+02
-4.432646250613954635e+02
2.939834065493737967e+02
3.751294823311250752e+02
3.659755740278392295e+02
-6.527927872367644113e+01
-5.160740098690845343e+02
-6.434562451225085411e+00
5.941279533940203237e+02
1.421967363551135861e+02
-1.901774702466536837e+02
-3.614854512660712089e+02
3.935174287922145027e+02
4.383839440072763978e+02
2.366669927239965432e+01
-5.499314763254344740e+01
1.458934505316865966e+02
-3.306684519703612750e+02
2.971593464237223543e+02
3.131690069625836372e+02
4.662335355290939560e+02
3.094165143698693896e+02
5.761286104649201434e+02
1.731159089371528523e+02
3.034613721975651401e+02
3.869762134201990023e+01
-3.614316062722045331e+02
-4.472363922143189541e+01
2.715573621061108156e+02
-2.428815999416441329e+01
-2.221161193680585484e+02
1.117556444198519188e+02
-1.309790469765374610e+02
-3.645931401964690508e+02
-3.364741173093604516e+02
5.839227532752706651e+01
2.316976277928802119e+02
2.646592405490557667e+02
8.189705335820269738e+01
1.619589767368223931e+02
3.115094335050397945e+02
-2.316757134912450340e+02
6.763285174492931446e+02
-2.008089540976797878e+02
2.034243382901461814e+02
-2.694207153140472428e+02
2.765363396487066439e+02
2.196525241729396072e+01
-3.278882240909318284e+02
-3.958039738750720744e+02
1.005621822755911836e+02
-2.736301926664173152e+02
-6.592261420992908825e+02
-3.256994626800180299e+02
-1.695268623372102752e+02
-8.653009174027511108e+01
-1.952671453754614106e+02
4.418876351210987536e+02
2.282518580523892808e+02
4.333839798805845334e+01
-2.160873399826573671e+00
7.092940653866013179e+01
1.821762118658989777e+02
6.573190650713350180e+01
2.148455156747564843e+02
-3.435048653495342705e+02
1.860187512371003322e+02
3.228926567323705967e+02
-9.796340015456797801e+01
-3.160053811595578850e+02
-4.888641441782429098e+00
1.468900103628029683e+02
9.186478875599229355e+01
4.343208619782209325e+02
-1.541630342912008018e+02
1.407399687603721645e+02
-2.056742934875999751e+01
-1.560392869935981253e+02
-3.687955110906366230e+01
-3.622111523239520352e+02
4.700093020760773754e+01
1.655524106840886418e+02
-9.721011731186460736e+01
6.413655018792034923e+01
3.230065685675071450e+02
-2.229617928267595914e+02
-1.605512342406026391e+02
-4.989965926532970997e+01
-8.396906062052546815e+01
8.240885880873055669e+01
-1.523851824734090030e+02
-5.190213794973352179e+01
1.919828400493228457e+02
7.558638907765468673e+01
-6.354036667273456374e+01
-1.739144339110229964e+02
2.614818165215043564e+02
1.557121729880467456e+02
-1.015916687168157608e+02
1.324243439148805805e+02
2.333318336361398053e+02
3.850450184945580645e+01
-6.277351895136092708e+00
5.176504204572079004e+01
7.491503844988676519e+01
1.928639040425914288e+02
2.392606980325970198e+02
2.869538077372050822e+01
3.298666458447399918e+02
-9.458472702247689767e+01
8.316489109608481556e+01
-3.434236060492229115e+01
1.611343528848469191e+02
-8.946035553088579206e+01
-1.391649132482287143e+02
1.580100163966590969e+02
5.105061537097416391e+01
-4.727699131229273632e+01
-3.762820886231505710e+02
1.541745090122413728e+02
2.742529591529295772e+02
-3.122082471539067114e+02
-8.474996778025869482e-01
-1.148004394530377112e+02
3.611075835071033566e+02
-2.950496447008329071e+01
-8.643098138823601673e-01
1.461714310349860213e+01
-2.843353892953850277e+02
-1.805309076065572924e+02
-1.675330957847859565e+02
1.452024499075580479e+02
-1.996146922572960136e+02
6.007316252928763589e+01
3.606648562085318588e+01
1.885894268098307975e+02
-1.405370607052329035e+02
1.364859271460140633e+02
7.916515177403795178e+01
-1.917347226394969368e+02
3.747168024532298318e+02
-9.265386950467235749e+01
6.152085637706066024e+01
2.432449373048910672e+02
1.534748294359752663e+02
5.814064644471230281e+01
-3.142000211145929711e+02
1.418948091941839778e+02
-2.601998256100574736e+02
3.396834323881191864e+01
-2.084810188865419605e+02
-2.385130267473394099e+02
1.882542500009533342e+02
-1.182699062776906089e+02
-2.798390150433441548e+01
1.489608223302351746e+02
8.580646750367452569e+01
1.409542898098208070e+02
8.990491891981500672e+00
1.568517706171147452e+01
2.314502338741975223e+02
-1.280140717897896074e+01
4.357748687557357243e+02
-1.262433863666889238e+02
-1.550362164649233243e+01
-2.244310258938357379e+02
2.791494849154934741e+02
1.306307451270072590e+02
7.161143113485955780e+01
3.884726468891023501e+02
1.474442745788044249e+02
-2.713516470158237937e+00
4.917116969928159875e+01
-2.848337161134169264e+02
-8.515130630167882941e+01
1.548695204908912331e+02
-9.131932256081921651e+01
-2.919454299936081298e+01
2.045221278254977904e+02
