-3.393190066786504758e+03
-6.444672839403362559e+03
4.271141042977095594e+02
-5.019297592791719580e+03
-1.413045463090742487e+03
-1.567568778594445348e+03
3.952964747220323716e+03
-6.818390822478935434e+02
-4.084155915067024125e+03
3.123568432572672577e+02
3.183247100425826375e+03
-4.550401818121014799e+02
-1.154790326850814836e+03
-6.222422748832730122e+02
1.859276555297218920e+03
2.238826099504861304e+03
2.937922017692725376e+02
-2.768046519669615463e+03
-1.678700206162874565e+03
-1.349149783232363461e+03
2.061594939211931887e+02
-2.360808935907635259e+03
-1.898555086909543206e+03
2.188604858848924550e+02
-2.396720450294487364e+03
9.427280198811749869e+02
-1.718900727719528732e+03
1.384771517212543586e+03
-2.404045987262018400e+02
-1.566946906420244204e+03
-2.553780879516688742e+02
2.185623979141607833e+02
9.509204553890881471e+02
-5.290615000042354268e+02
-1.512342605905729670e+03
-1.199200426334742588e+03
-3.294171920361448542e+02
-6.086714515268004106e+02
-2.909782593756382880e+02
-2.153489869290515344e+02
-1.416202768434964980e+02
1.560212656170631078e+02
-3.535590910017143642e+02
1.135869959562680833e+03
1.754945995567632053e+02
4.233875133629688321e+02
1.302837818604276663e+03
-4.403153017795069673e+02
-7.743831240937823850e+02
-6.295680627925239605e+02
-7.516483715050799219e+02
-1.018865920821938403e+03
-6.641465266055473649e+02
-1.381411501943172198e+03
8.168993290708118593e+01
8.073333265935460759e+02
1.258494597940288173e+02
9.224292448524211068e+02
-8.242867689227480810e+01
1.161606898793287655e+03
1.054188421979937175e+03
-4.902139924457316624e+02
-2.149712800036176361e+02
5.818933783087705933e+02
-9.413385213291998070e+02
3.951765517486580279e+02
-4.092929620641274369e+02
5.852352084813842481e+01
1.083476333228336443e+02
4.616253138105265919e+01
2.706387923037171390e+02
6.332955651631852589e+01
-2.744270409373819462e+02
7.536176478597370760e+02
5.065792548374237185e+02
-1.158113484563634472e+02
3.180123648452549219e+02
-2.783924159244143084e+02
-9.143581936273898236e+02
-3.602209413301579275e+02
-3.891629933555014986e+02
1.260389229574271212e+03
6.945395325065277348e+02
2.243562656211666706e+02
3.201622516102194140e+02
-7.893676373593357312e+02
1.691930943732911601e+02
1.333377533895650480e+01
8.484563539254628495e+02
-2.261238964241815665e+02
-2.616056291358766543e+02
5.469045976189121347e+02
3.265646765630566506e+02
-4.262683644753581689e+02
9.269347308190249350e+02
-1.036296964574561201e+02
-6.042733096574765028e+01
-1.595187842864473566e+02
6.028865945404179456e+02
1.193797211677994170e+02
3.971543180672714470e+02
3.616591742353737686e+02
2.826224294577605178e+02
-3.995541148400023417e+02
-3.287691597390359561e+02
-8.486543981185377561e+02
9.041087608976890522e+01
4.219491530145124329e+02
-5.385596596595145229e+02
-5.208863656564641360e+02
-4.933989918698656538e+02
-4.484001029702874916e+02
7.587046742560893335e+02
-2.724339477392544495e+02
-3.042320355877510565e+02
2.317940699697100513e+02
-5.460587338845783734e+02
-5.034452830188984507e+01
1.657991297132371642e+02
1.150490874648910022e+02
-3.701771578299052834e+01
1.072650232486910369e+02
1.890703282178393749e+02
-5.708232206413789100e+01
-8.460167490049839145e-01
2.950319402585278681e+02
1.554174983367200582e+02
4.632528103694226616e+02
7.735627032083503991e+02
5.535043605719365587e+02
-7.695381817269620228e+01
1.248143397590044401e+02
6.288741430803865029e+01
-1.831093162506149383e+02
-2.320121577460090236e+02
3.435035391026884781e+02
-1.117953314996754415e+02
5.537159948763775219e+01
-4.918397301920072096e+01
6.104659891155581590e+02
1.866931514583745582e+02
7.137479752180558989e+02
3.238644353564374114e+02
5.744952584812418763e+02
-4.324303545312380379e+02
1.122878750920290543e+02
-3.389350904886857734e+02
1.240053222099725616e+02
1.164813758521915901e+02
-6.871516755686802753e+02
-3.307276045665176980e+02
-2.048553964381347328e+02
3.180023157308507393e+02
-2.739531084327936128e+02
-2.193029180955849142e+02
-5.754649340264764987e+02
-1.580324105460364592e+02
-1.288097179543051425e+02
4.857309483556686018e+02
-2.519087174849511541e+02
-1.940622993736189983e+02
7.167646055577851882e+01
1.887006407881262078e+02
1.221391917520774228e+01
1.952416653935987938e+02
3.559070032686369700e+02
-3.257567802904315499e+02
-3.519917184275995510e+02
-5.881012680559570072e+01
1.969120965880811980e+02
1.018910949748921979e+02
-2.027342520285696139e+02
-1.164925273782489938e+02
-5.286308061282655046e+01
2.260719482708711681e+01
7.265290997447628740e+01
-1.244117090086504618e+02
3.089128234230112753e+02
-3.432648079410146380e+01
-1.324724552325141360e+02
5.503790302629536058e+01
2.654464599116682280e+02
-1.769282688030149870e+02
-3.519951995239914027e+02
1.144701767007624937e+02
1.188352565937475589e+02
-9.028450275211864096e+01
2.022387108910355664e+02
-2.080798726512774124e+02
2.335832628030282763e+02
1.883876333740610320e+01
-1.475251522914144573e+02
1.544566782018384004e+02
-4.005009237781148386e+02
2.930025088159937354e+02
1.159949069626586748e+02
1.331722581094824989e+02
-1.598960917303281626e+01
-2.286649523615433282e+02
9.615038359182554473e+01
1.949145065093731830e+02
-1.104928009786460450e+02
1.347371469150770906e+02
-8.178208980942623896e+01
3.529109049391981330e+02
5.664399624457750804e+01
-3.914215546633726035e+02
2.408834361737619076e+02
1.442185606603912333e+02
-5.340009623647794967e+01
6.747809370887058833e+01
-1.235292137951036153e+02
-4.602954074339876911e+01
-5.823736220110711770e+01
1.258575193203504767e+02
-1.444788030138761314e+02
4.298777195837731568e+01
4.236272586317920172e+02
1.116264306454680089e+01
-2.106391552622783081e+02
-1.877009470797072481e+02
8.717310272720949627e+01
9.434570397727547686e+01
-2.441133023471518584e+02
-3.990764439774399648e+02
-3.749663203751852052e+02
-4.445423896025003074e+01
-1.426145833690550546e+02
-1.557120045197598834e+01
7.024047781092636455e+01
3.841773616928917789e+01
4.378390184204269531e+02
-4.406835967470221931e+02
-6.017256221950353812e+00
-2.264368051251710483e+02
-2.895410358953429295e+02
-1.131259125749367342e+02
1.705842270300266250e+02
2.126594119028547780e+01
-4.777653217632906149e+02
-8.360612941503786999e+01
4.794032916186360467e+02
-6.935133613187954893e+01
4.310576077429207942e+01
-9.502788780584525696e+00
1.025833219158592016e+02
1.174409398740770740e+02
1.090752116587599829e+02
1.509405234773157112e+01
-7.232045220511275829e+01
-2.924062407907314309e+02
4.059096641014794216e+01
2.490530736640648684e+02
-5.848126245515690869e+01
8.652554816021087447e+01
-1.618720160956381804e+01
-1.345221907269680344e+02
-1.164453038704116494e+01
2.989739781380554007e+01
1.946344894037166284e+02
-2.601894541849739539e+02
1.667923437310966506e+02
-8.962089164350491899e+01
-1.393316119295439570e+01
1.610803494033778236e+02
5.531299247011957476e+01
2.824303527979691921e+02
-8.015746407731639067e+01
-1.360466610660188991e+01
-1.333062197666320117e+02
3.486432546633268004e+01
-1.031097846159902787e+02
1.028328747714942040e+02
3.447504917188347662e+01
-2.290324998178002716e+02
9.110213013859073783e+01
2.314334282269050789e+02
-5.289049279052873231e+01
-4.347879891284890164e+01
1.320093965821982707e+01
-2.641907863544335200e+01
2.756300255068749152e+02
1.510964846831915054e+02
9.005778381326349802e+01
1.934211204820371961e+02
-2.181857812828981764e+02
1.669614277586109452e+01
1.882667364094183995e+02
-5.970457709412767144e+01
8.225714412629125150e+01
1.328684706610030446e+02
1.887893086270553908e+02
-1.849730583347567858e+02
-1.432061769758682033e+02
-3.221116034278171014e+02
-1.479947695344843908e+02
-1.116823911079352349e+01
-6.404296145885568592e+01
2.293277017410037502e+02
2.606602781185857793e+02
