3.729871613138495832e+03
-1.448099456711250014e+03
4.236068793727879438e+02
-4.316917842304720580e+03
2.931191193046988701e+03
-3.215673891662770075e+03
8.521277518288686679e+02
1.420441765137390803e+03
1.006350475712098842e+03
2.868446954253397507e+03
-2.309330225403302848e+03
-2.681505821506334996e+03
-2.056296512718840404e+03
-4.492792962396124494e+02
-1.089364593557346097e+03
-6.610362723142640107e+02
-2.636402627248307908e+03
1.454140112624357926e+03
-2.371307295581734707e+02
5.942216013718558543e+02
-4.520320654754281264e+01
1.431931117587507970e+03
-1.317159636799806322e+02
1.218991368595826088e+03
-1.423126876048548638e+03
9.981754619765924872e+02
-9.035649908711127409e+02
1.605206188173569444e+03
-1.345807277605266563e+03
-4.109156170099503811e+02
-1.035983480575751855e+03
-5.262350498665545047e+02
-1.672602917621359779e+02
-5.042466021021544975e+02
-5.112056757528551998e+02
4.648064599538652715e+02
-3.099136681863660101e+02
-3.777294962418723685e+02
2.822178817723861357e+02
-9.511083104854477597e+02
7.094319473051656360e+02
1.137035361855123483e+03
-1.142161277160358168e+03
-6.313284135075857648e+02
7.776501504786107262e+02
1.953726311912353708e+02
-1.128183543652999560e+03
2.423762837335897586e+02
5.741551054517307051e+01
-4.641052674045052981e+02
8.373098503525711749e+02
3.220988542567550184e+01
-5.072223842825559359e+02
1.630947944350262446e+02
-3.022061207827850922e+02
-5.589156400820879753e+02
-4.965660943091075410e+02
5.415344073904069546e+02
2.818759528306629818e+02
-2.009620662603130086e+02
-8.797335492556032932e+01
2.436849874684237989e+02
7.649642123275983749e+02
3.013894416682232418e+02
-4.350331411288512840e+01
7.185003135142236488e+02
-2.591850510340227629e+02
2.088951873731910780e+02
1.067813088852623650e+03
-8.624682118581903012e+01
4.116654560420772668e+02
-3.610242140957861920e+02
-3.075812734677149933e+02
7.933021905544655965e+02
-2.242973510057429678e+02
-2.064722575160118367e+02
2.532715591955375487e+02
2.477325432755783652e+01
1.914718915523557285e+01
-1.456811635590074729e+02
2.862611901037305984e+02
2.687235027378462249e+01
-1.207943050741276778e+02
3.641147128695145057e+02
-1.727287850077876499e+02
9.873441625160458557e+01
2.373170241770161226e+02
-1.301487010642062216e+02
-3.200784639125199647e+02
1.060312534131342517e+02
2.479591360310350368e+01
4.526764809466507700e+01
-4.808689747204110176e+02
-1.052428147449521845e+01
4.152698305277440340e+02
4.307443462351383801e+02
-8.950495599888995457e+01
-7.917350727610473982e+00
-2.136111005095469011e+02
-8.827165658233494128e+01
1.189939859863970639e+02
1.583562035370035801e+02
-5.292452631019277476e+01
-1.481892993216264358e+02
-2.653644038705110120e+02
1.962117445953180379e+02
-5.782114060120203902e+01
-4.204111290763515285e+01
-3.967726358392769157e+02
3.485897754439246654e+01
-3.725023485861677841e+02
-1.351392151794796881e+01
-3.547496254299234408e+01
-4.259358206636849786e+01
-1.336192161910585980e+02
3.841111322381054549e+01
2.324294456869516523e+02
3.564806341453804635e+02
-5.035001675835635382e+01
-6.322607398265206058e+01
2.110476927886679732e+02
1.551971227466351024e+02
4.123027003902738130e+01
-1.109336368939404309e+02
-1.573605787722092089e+02
-1.750680380128857792e+02
8.157339061449623330e+01
4.271208614048541818e+01
-6.514437143896599025e+01
1.163105736968843047e+02
-1.703008863194900968e+00
3.145508304550878620e+02
-4.037861244436351882e+01
6.374197820968606765e-01
1.424184242971177241e+02
9.095520345429948250e+00
7.380845529798571647e+01
2.397389942501563667e+02
7.782591834037846468e+01
3.063733495153887816e+02
-1.964180847648076167e+01
-4.065717818756829693e+00
1.229279355127696078e+02
2.912239204331401652e+02
-1.111561374203096477e+02
4.844145296251167565e+01
1.604652125473564084e+01
1.752139927316270871e+02
1.167246579958088404e+02
-2.241130330884826378e+02
-5.291832005203984579e+01
8.996106092438422763e+01
-2.689986865373548852e+01
6.141030970927031518e+01
1.106531151763551009e+02
2.426642496955757906e+02
1.382843478348179556e+00
1.836619172298033504e+02
-3.272575555221501276e+01
-9.120687185289200727e+01
9.503033678931952011e+01
1.007839874129111735e+02
-1.151283049039714257e+02
-1.016460465525440782e+02
-8.674894283188345412e+01
-8.235613389974941967e+00
4.377643161906646441e+01
-8.560313107294678758e+00
3.041055023518193678e+01
9.015184027086812080e+01
5.021583096642712718e+01
1.908497010574677120e+02
-1.284783853350718346e+02
1.023649469662887270e+02
-4.224407471245505263e+01
-1.210362166316343036e+01
-9.134287511839239926e+00
5.921815964764292772e+01
5.045898322396721625e+01
1.990568347569653156e+02
-9.251875587741240281e+01
2.476881411666444777e+01
-1.144978648455750943e+02
1.497123854296469005e+02
1.055757363597711134e+02
1.129586634541470147e+02
7.352956504126187554e+01
-1.015141679977799498e+02
-1.257336218290117245e+02
-9.226454687747083483e+01
-5.274568480003352988e+01
6.691148621060702339e+01
3.863313168701650824e+01
-7.568779256900363350e+01
-5.873569713907359713e+00
-1.965900686037343519e+02
-3.121969044445362940e+01
-1.437596367892246292e+02
-9.012905255064242738e+01
-1.945125226489356578e+02
-9.099105897308589874e+01
5.219305718628137214e+01
-7.378448245293159857e+01
2.087250624822700047e+02
-6.745688898632126040e+01
1.869147502960314000e+01
6.820379682924044573e+01
-8.444795726299142302e+01
-5.845188605261294867e+01
-1.930002802004276532e+02
-1.478972435375874852e+02
4.357019271190281984e+01
5.921720371794395987e+01
1.075098036312162897e+01
1.046807820950743633e+02
-1.233173357450311158e+02
2.009368734260160849e+01
5.662994291955074289e+01
1.820611438269117599e+01
7.649930935868188442e+01
-1.036909797860435489e+01
1.705402077721425087e+02
-1.643924979872573715e+02
5.232763478351536435e+01
-1.329166132532957363e+02
9.224558941668372825e+01
-7.190406712673798495e+01
-6.213535728282560910e+01
1.090873638990653092e+02
-9.795841005921555222e+01
-7.044902412248835333e+01
-8.402811153906837305e+00
1.909883675244400365e+02
-4.621246811055782189e+01
5.377899329026621444e+01
-9.615971373613243145e+01
1.602878993760011213e+02
-4.632465908603889915e+01
8.687382025936553021e+01
-2.577852606500048083e+01
3.456293020046846465e+01
7.216308165422614707e+01
-1.191844889043684645e+02
5.424729821278394581e+01
7.911443369398777747e+01
-3.397888738021283217e+01
6.577840679300578586e+01
5.334751443676522342e+01
-1.488259878422696403e+01
-6.850145883293400573e+01
-4.479247225137294919e+01
-8.043510177003089723e+01
6.694293639776118710e+01
-2.182823782132581059e+01
-9.506645055521291354e+00
-6.002278071282210448e+01
-3.579908328307281096e+01
-7.850669225497613013e+01
-9.475179832694593074e+01
-3.655669723920453862e+01
-4.773127177191038584e+01
-7.101237915112291432e+01
-1.645410145600308169e+02
2.177978292133734044e+02
1.488050773136922800e+01
-1.938781623964487366e+01
4.173727697769881928e+01
3.115782605954275297e+01
-9.843657767769335010e+01
8.829209583845667453e+01
-5.472870636563824576e+01
3.239476289238913154e+01
5.260147322057326846e+01
2.533018069681925866e+01
5.780688048185686156e+00
8.974672226305526124e+01
-1.135921829400779757e+02
2.299342012112895617e+01
-1.013183796588801187e+02
2.647289380097456757e+01
-5.855664695038849032e+01
-1.893893692698048525e+01
-3.763637505539425376e+01
3.367729577764544047e+01
-7.955118673425388920e+01
-1.356388647109631620e+02
-1.094202509696360082e+01
5.737439903491049265e+00
3.557703023335927384e+01
7.080539696143225115e+01
-7.365709566844390110e+01
8.154703351932514721e+00
-3.696975967869812507e+01
-4.835605574434001142e+01
-3.667958222362350540e+01
7.547413348335652472e+00
-1.121326442417675224e+02
7.577568764444389871e+00
8.441622017968979819e+00
-1.869377483766908199e+01
