-2.962006348078829888e+03
-2.434531359456030259e+03
-2.431430251348275760e+03
-2.872936511937821251e+03
-4.608055216909097908e+03
3.498940562611650421e+03
1.339714020898993567e+03
-7.459538983515996335e+01
2.984183818134953981e+03
1.288661657082406236e+03
1.191835494894334943e+03
-1.803633785265989900e+03
-2.770857080156326447e+03
3.520600901487434271e+02
1.451744358201483010e+03
1.719918380503794651e+03
1.894381199343525168e+03
-9.754750958458107561e+02
1.206443385210628776e+02
6.043980331946120259e+02
1.358018035171835436e+03
-9.800197914113522302e+02
-4.345850798119497540e+02
-6.829268220607767717e+02
1.659277597177239159e+03
-5.302986716645738170e+02
1.056516441234234435e+03
-9.199350586335783646e+02
6.933510070559565293e+02
-1.122217775865128488e+03
4.691136666075991343e+03
8.404035301869035948e+02
-5.825148165182392859e+02
-2.186555681882402041e+03
-2.207916090618433373e+03
-1.277125271759238530e+02
-4.742304885124876250e+02
-9.530561287368922194e+02
1.386754286341348234e+03
-7.710156480067458915e+02
-1.733713582147927809e+03
7.444928734664547676e+01
-4.491449320016195088e+02
-5.507777082346763109e+02
-3.909816088502429920e+02
-1.158425239936277194e+03
4.169972616401701657e+02
3.408944183581601465e+03
1.357725108770380075e+03
2.965013161497491865e+02
-1.036836241398104676e+03
-7.030377158157160693e+02
-8.423891571352290839e+02
1.055330755842602684e+03
-5.527153337414168845e+02
-2.668712167363840990e+02
-1.857305835028585989e+03
-5.361319843699352532e+02
-8.518366240933677602e+01
-6.696794514942698697e+02
-6.136217947999010676e+02
1.203980690510107081e+02
6.205780770696214859e+02
4.553540653346020122e+02
1.514019240889248294e+03
5.520615458928003818e+02
1.558426812607731335e+03
1.010470789488154310e+03
-6.255554967796758774e+02
3.420146169499544158e+02
-7.785885718195501113e+02
-8.463676351758170995e+02
8.278582980609721744e+02
2.063856428212406513e+02
-1.929039075386776005e+02
7.516012731901957977e+02
3.704816021725236510e+02
-3.308893048701772841e+02
2.432190166512766041e+02
7.044039269264883387e+02
-6.078437970310510536e+02
6.075755189277256250e+02
2.497668038377796620e+02
-1.221079582430614209e+03
-6.110700785079042134e+02
6.432984317059947443e+02
4.248789095950989463e+02
-7.005103838447694216e+02
-5.933513272839364845e+02
3.078507763588534729e+00
-1.237816249777216626e+03
-3.403245855034883789e+02
2.388178195076626196e+02
3.022495434661480544e+02
6.459938860546475325e+02
5.273909634331424741e+02
1.734269609246119046e+02
1.260777622859347913e+00
6.352406070336735411e+01
1.512058065446007049e+02
3.621057473289621385e+02
-2.236102476573572915e+02
1.293992804395633129e+02
-4.401252329048896286e+02
5.709261732811505681e+02
1.907886603369265401e+02
1.912063847967240520e+02
6.280502741883146882e+02
5.945171096657475118e+02
-1.671477319246583022e+02
2.170929117744431096e+02
2.837570142505655326e+02
-7.201450444163732811e+01
-3.603892944209181906e+02
-7.431395166094567628e+01
1.523337512732137178e+01
4.167866290519507402e+02
-8.803903171137633308e+02
1.743873504687783225e+02
1.950880068016374480e+02
1.421677883299896905e+02
-3.572103769381596408e+02
-2.008911777670129482e+02
-2.501314822187956395e+02
-3.771077637713509603e+02
-3.497220436481188131e+02
-5.132700723502154005e+02
2.620576284835518166e+01
-8.818150550991427963e+02
-2.139223825209776919e+02
-4.032793531348285114e+02
1.327449127523610287e+03
-2.324239839124658147e+02
-5.309803497299772062e+02
2.117265623895296756e+02
2.586502166688931084e+02
5.371160045082500574e+02
-1.433773551960414920e+02
3.807747919169202078e+01
-2.836180975481922815e+02
4.050800790449710576e+01
-1.687779284819584973e+02
-1.020984815273450437e+02
-3.784898137722118463e+02
8.898388245315275169e-01
8.099853946806190663e+01
-9.756294062426661640e+01
-3.328320550187831941e+02
6.596597964113526587e+02
5.654326641945481242e+02
-3.235852887257563992e+01
3.031748953318826239e+02
-5.590848659248798640e+02
4.008420392237983378e+02
-1.341015521569329678e+02
-1.560510720496071713e+02
3.417302754722448981e+02
1.372173627797858728e+02
2.712864002672616834e+02
-8.633128791366190171e+02
-3.656810704458872578e+02
9.803579709518254504e+01
-7.335219736726044992e+00
-3.243218765614795416e+02
2.374496294665526364e+02
-5.197823070936902923e+02
2.363727659244669042e+02
1.541304722811835575e+02
8.432003858587237346e+02
7.310237039744539800e+01
-1.286000635056503825e+02
-3.025180120329811189e+02
-1.772492465188495032e+02
-7.125379124572051524e+02
-8.597896729148836812e+02
-2.723895453763179830e+02
5.437488737083536989e+02
-5.145566811348318481e+01
3.162916405289491308e+02
7.346621969072589309e+01
3.600827465929351092e+02
-3.053586786830591109e+02
7.683911481440217131e+02
1.767185503152111039e+02
1.819270049178813053e+02
-1.817226817459157360e+02
-2.156996334453263220e+00
-3.545560046112996702e+02
-1.419867768415791716e+02
3.185542505869621550e+02
5.941776179967907012e+01
2.403778507516256298e+02
4.056820491162513918e+02
4.433078302196904019e+02
-5.091861891367265116e+02
3.592159253845393323e+02
-7.322547151845991493e+02
-5.404595563569990446e+01
-2.500658730473267610e+02
9.855327462324607879e+00
-1.481385093388036012e+02
-2.007196357655981274e+02
-3.916887679234391850e+00
-3.672019285253534804e+01
2.681297289599920077e+02
5.229089810635575759e+02
-3.030160830688919873e+02
3.670181058511150241e+02
8.806003303560459017e+01
-2.874867796929231076e+02
4.877845099676350316e+01
1.203231650958288412e+02
2.349016663720450993e+02
-1.063122111211122842e+02
-3.159330625845128679e+02
9.849342602891060494e+01
1.174599161979816557e+02
1.034633784624100628e+02
-2.215532257424454485e+02
-2.509329143621626912e+01
2.700755328386417204e+02
1.150792651314699953e+02
3.011443528801526526e+01
-3.130449392096571728e+02
-1.240366145648668237e+02
-8.515830845446488411e+02
-1.799999811789928401e+02
4.962196525775391365e+01
2.501209627377968481e+00
-3.355229787202998182e+02
-2.406334320023842288e+00
4.038598578408105482e+02
-1.663071760232965062e+02
3.647157022062685883e+02
-3.531197520665440948e+02
-1.466343628777536310e+02
1.109611283290416424e+02
-3.728853938109021726e+01
1.423549904504627932e+02
1.284575322145433631e+02
2.520460971770754099e+01
-1.507986648261994844e+02
-4.004337323804689390e+02
-7.083738552216848348e+02
9.270088299325857406e+01
2.986988291122821124e+02
-2.509242258651001833e+01
-3.778288855977677940e+02
-4.147422394968985060e+01
3.306418517169233837e+02
3.549524924322308266e+02
2.368003967062505524e+02
-2.428026643959437081e+01
-5.360728913061198853e+01
-1.139767041405765013e+02
-8.517451229231519960e+01
-5.025483201310511845e+02
-2.853630506678354095e+02
-1.829422223401217593e+02
5.562928108414913595e+02
-1.164843331312359140e+02
1.570866477581757614e+01
-6.314057776210164548e+02
4.397720676519193006e+01
3.630272506332229909e+02
2.823148157733171004e+01
2.764706170892749881e+01
4.579666642677779578e+02
4.251933656186221242e+02
-1.459748278393724945e+02
1.544672502521004560e+02
1.765245645456095076e+02
2.895558463185711275e+02
-4.797476662598906501e+02
-4.571474411510173752e+01
2.461698169979484874e+02
1.849444876654051768e+02
4.345059420474119065e+02
-1.362257126949865551e+02
-1.341085701408538666e+00
-2.112908350170727090e+02
1.990891094394075935e+02
1.269825475686584610e+02
3.679871780055169666e+02
-3.075472946171782382e+02
-6.198370337392320835e+02
3.850073020079148591e+02
-4.340723612789971497e+01
-3.156955844748026152e+02
2.688026417178729162e+02
-4.524732013936225030e+02
-1.820717953084637202e+02
6.033602051948569311e+01
-1.807038643783664327e+02
-1.602937423868272617e+02
-1.485777048921778203e+02
-2.292526871425386048e+02
3.996413366880299467e+00
-5.073882034782097321e+02
-8.297776206148981260e+01
