-3.182995364020318448e+03
-5.723245996246119830e+03
1.555972080632459210e+03
-2.270450311557713576e+03
-1.932574650913540154e+03
3.756326772539609465e+03
2.599560455979034487e+03
2.132588288862395075e+03
-2.189355206766862921e+03
1.831771322942949382e+03
2.563664870594467970e+02
8.763871588517951068e+02
-1.792789905378910817e+03
-3.140141405107301580e+02
7.476500355374115543e+02
5.394054019181999138e+02
2.882220925858316150e+03
4.597445854354026551e+02
-3.507780501294340866e+03
2.134197244216350384e+02
-3.775962669911136231e+02
-1.945297896869750275e+03
1.443540136853731383e+03
-2.093182216772923766e+03
1.205868013242604775e+03
-3.146016557341544740e+03
-1.248360124636441924e+03
-8.859896357416045021e+02
-2.448136786877661507e+03
3.598518605612478609e+02
1.583648728250633894e+03
3.222879169383530780e+02
-1.048276428163102082e+03
-1.986840562729777730e+03
-2.384303245145790243e+03
-7.105223580851196630e+01
-1.789809050554987607e+03
-3.684862678639654519e+02
1.725313448708782289e+03
1.190772278614242850e+03
-1.560596078951708023e+03
1.304931223059872138e+02
1.002577651653953922e+03
-2.643529995892105262e+02
7.485384605228719010e+02
1.587979732549860273e+03
8.453321298101467391e+02
6.919013569261325074e+02
6.613983350506991599e+01
5.271146563906272604e+02
-5.944761410245896514e+02
-1.572328074952254156e+03
7.321431639501855670e+01
-3.208090719382282145e+02
6.114189290797028207e+02
-1.044290402262456837e+03
-8.153511092273680561e+02
1.717008618939841426e+03
6.825171388100753411e+00
-6.211268315214573477e+02
-5.084772144323306975e+02
4.489512518067613200e+02
-2.788885347260675758e+02
-4.728986949358612719e+02
-5.111435818588287816e+01
1.009890468144360739e+03
2.407303149552649302e+02
1.017565699735432183e+01
2.354887606363140549e+02
5.085520693042787599e+01
-1.052226559923825789e+03
-2.831649776124471032e+02
2.218479884786006835e+02
-2.251632191196021981e+00
-5.185812733570337514e+02
-4.747931917716362022e+02
2.322363796368950659e+02
2.716112348986138159e+02
-1.840157886372103917e+02
-1.765390419839936342e+01
-1.083721596771815712e+03
6.163630060099352477e+02
2.462976914822495900e+01
4.959774203338266574e+01
-1.046314782958155320e+03
-1.407345258493801111e+03
1.969455234992195187e+02
-2.319262271319549598e+02
-1.210380523812175113e+02
-1.725817062847697230e+02
2.126925754411871594e+02
2.240053840899476540e+02
2.251033913552320769e+02
-1.649435485899306855e+02
-2.103830687649472395e+02
-1.821233889671426027e+02
2.452064552190485927e+02
3.494533085463703515e+02
-7.209045291500332269e+02
4.768891784242953236e+02
-5.064616007614752675e+02
-1.325931719196323968e+02
5.889257241949253512e+02
5.079239745595979798e+02
-6.044522067410839554e+02
-4.642692102830329191e+02
-4.165092672676071857e+02
4.635280922028853468e+01
1.199638572702441337e+02
8.693711164802818985e+02
5.810777751156567774e+02
7.613048331166383775e+01
2.180279629763364255e+02
1.892962472650684731e+02
-1.126887409089824246e+02
-5.496434782209727246e+02
-4.991573082070326564e+02
-1.180021318824796595e+02
-4.912984222420756737e+02
-3.639100023186155681e+02
-1.013466685075019313e+02
-5.289788595560984277e+02
-5.628955261618739314e+02
-2.775699198800828071e+02
5.814637986193076813e+02
4.714813053442398427e+02
-3.617294158302036067e+02
2.109872525789158715e+02
-3.246199555230435863e+02
8.378795618454002181e+01
-4.082287072075702667e+02
3.989807425711471183e+02
5.790926187062785857e+02
1.629518193721069679e+02
-8.826267336349266657e+01
1.487777081841665563e+02
1.049663143605829418e+02
-5.239319144157191204e+02
2.993119430966730192e+02
2.142860475068308972e+02
-7.487223338786618854e+01
-5.206525060766584829e+02
1.367499373207498365e+02
-9.177623937125541431e+01
-1.964993184969156630e+02
1.863514176192865648e+02
1.427482594011489070e+01
-1.863252093242217597e+02
4.144935336553141951e+02
1.312752619514677974e+02
-1.982010259465266415e+02
-1.580182198540191791e+02
1.147638898682609891e+02
-4.210769572580157956e+02
1.081766962974219126e+02
1.915060436834069719e+02
2.476454876123297026e+02
1.766601400168534326e+02
-4.408166244911117246e+02
-8.917169801841809829e+01
1.994587854697847717e+02
7.754002057049142138e+01
-3.549101717968580516e+01
3.714184383207507949e+02
1.580161147696331909e+02
1.110495944964052910e+02
-1.111367620804673777e+02
1.188397271856350557e+02
5.825863040037490919e+02
1.135991847525673819e+02
-2.144226592958863620e+01
-2.184721021721682916e+02
2.056062263025266645e+02
-5.006670907135306265e+02
-4.692892862673788841e+02
2.368461468003323844e+01
4.497596662704913797e+02
4.974578537833743894e+02
3.501919900617236294e+02
1.998086462125995695e+02
2.940999355057102775e+02
2.856664973382733663e+01
1.661846469548606251e+02
1.559473274516674337e+02
8.558038217114210511e+02
5.450591533753295970e+00
-2.931548043690560235e+02
7.909670710114997405e+01
-1.404005272751343796e+02
2.208318244845309763e+01
-3.147700285917688348e+02
4.745968811197891313e+01
1.105727821619227456e+02
-3.055844867244128977e+02
2.949301665305276856e+02
1.868604802455962783e+02
7.590490375156429081e+01
-3.030519231428436342e+02
-7.217761747040900389e+01
-9.830992857826847953e+00
-2.176181154334889243e+02
-1.125265303299236166e+02
4.846931001677418180e+02
-2.259352462351794770e+02
1.748409089759731501e+02
3.416642571100035184e+02
-4.178443432147766998e+02
-1.624544177841855230e+02
1.010635377322125663e+02
5.615499887375036536e+01
-1.168558805555466762e+02
4.069814122205659856e+01
9.026166979739855378e+00
-1.396820222336544077e+02
1.979397711212384934e+02
-3.809424813907768339e+02
1.070422616199322334e+02
2.743004720397663618e+02
2.727479472503932456e+01
-3.281457750559804509e+01
-3.015912658798145571e+02
1.141427486983105979e+02
4.002707895844735049e+02
1.938095834328832012e+01
1.047555909033302584e+02
-4.022801456723954061e+02
5.248810765734404526e+01
2.064236110586304207e+01
7.787175293309506685e+01
1.366054120254049664e+01
1.018570088713345001e+02
2.540928032295276466e+02
-1.439880281756619809e+02
3.546626315151314088e+02
4.440409230747333424e+01
-9.394713475779813194e+00
2.466492149397842581e+01
-4.124385639003254056e+01
-2.798554478369456078e+01
8.948392454459727219e+01
-1.015605466183280754e+02
2.285158920227285648e+02
-3.847611337351551128e+02
-5.110733201416657039e+02
4.300857860651336040e+01
4.853287314149711307e+01
8.756155160610308030e+01
-6.386802160254436700e+01
1.179838520049962938e+02
6.339058256745631326e+01
-8.169249997549533759e+01
-3.739797665406445759e+01
4.363045787048426050e+00
-1.259338429744640280e+02
9.598793748822748739e+01
1.908688081382797179e+02
-2.948389009555774010e+02
5.163757467368309051e+01
-2.564558076454941897e+02
1.105137789071096250e+02
7.940553848024117656e+01
1.075091522894634437e+02
-1.030488593731962936e+02
1.405208565358361170e+02
2.103670257992310155e+01
-9.747626571417578134e+01
3.279673960024876465e+02
5.250582369022507834e+01
6.606707346337131526e+01
1.382379571869737731e+02
6.737377767925053718e+01
1.349265056538219767e+02
-2.263729677984184452e+00
-1.487014013294019321e+02
-1.252175814195112622e+02
-7.596199236060655835e+01
3.431330861727641945e+02
2.907340835794690292e+02
-4.182036611531959238e+02
1.828141780852222098e+02
-7.377014912121835266e+01
-1.046177276808512460e+02
1.466629284350899241e+02
-5.917066043102598627e+01
-5.528846160350359895e+01
-2.948420635141341108e+02
1.495083314728625794e+02
-5.167113179329776074e+01
-1.064766399706041398e+02
-8.347373076852409213e+01
3.148098471079501337e+02
2.069780610266651024e+02
3.137880663647634378e+02
-1.532174274479906160e+02
1.112547310811586527e+02
2.383223221579918345e+02
-6.052352635200210074e+01
8.120780899080298099e+00
-8.915961072864986647e+01
2.222487457625548757e+02
