-4.334816287783552070e+03
-8.784028290603242795e+02
-3.977654711607086483e+03
-5.742834931214833887e+03
4.099272897040432326e+02
2.338058330180398571e+03
1.381060411591752882e+03
-3.510677714713035016e+02
2.162069938367752457e+03
-4.183166470668343777e+02
-6.449863619045066798e+02
3.157488281077067995e+02
-1.247815433527893219e+03
7.891614053078473034e+01
-9.770016540301096484e+02
-2.544299131389502833e+01
1.578965926673934632e+02
1.274123037346585221e+02
6.090646765740281126e+02
1.910676435194334772e+03
8.711496931918616156e+02
-1.289105771797028979e+02
7.476376088380046667e+02
-2.156854302377660417e+02
4.085860970860551333e+00
6.232441951132750546e+02
5.447707621165014871e+02
-6.665047138123759396e+02
-2.837847475004263487e+01
9.593837024017670956e+01
3.417961612803636626e+02
-1.420241661606170510e+03
6.526337892781230039e+02
5.067903116720571575e+02
1.320312894731218876e+03
1.019258980237098172e+03
2.796141131899884726e+02
-2.513868812997070847e+02
-9.576955340697024894e+02
-1.392145597481508503e+03
-9.319399470552144749e+02
-8.960107449297423727e+02
-8.193554654017982557e+02
-3.439549791739594866e+02
-3.739411369531160290e+02
2.796307043376381216e+02
2.154922058696269005e+02
5.311469193840415528e+02
5.895470522399702986e+02
-1.647649317875323050e+02
-6.382284989480222066e+02
-6.578613167664386765e+02
-1.484768398033475911e+01
-5.689711885313325865e+02
9.872163487089225100e+02
7.577678736000183335e+02
4.808842497312758724e+02
-6.366181123967202211e+02
-4.306401475251647639e+02
-1.151277247231262066e+02
-2.709467915133202709e+01
1.030274182560368217e+03
5.141704660463975642e+02
1.926802329646133316e+01
-1.193589935723989726e+02
-6.614236486639243822e+02
-1.456485860868312443e+02
1.949485360942211400e+02
-5.621167967896101345e+02
7.857515167906828424e+01
8.352108202296961963e+02
-8.226298721029633043e+02
2.337167111612372423e+02
-7.914136210432400276e+02
1.322229324068717915e+02
-6.594983083017237391e+01
1.838342927244712826e+02
-4.976136818383648119e+02
1.160665434796623714e+02
8.196202935660060973e+01
-1.815610704907118702e+02
1.479146874634557207e+02
3.862633506711149494e+02
-4.986150763973807329e+02
-3.146436914827834244e+02
5.509578685347619285e+02
5.454802208086971405e+01
-6.644788777032654536e+01
8.408777090608907656e+01
-1.738789061158515494e+02
-1.763410226365375024e+02
2.845866062394694609e+02
1.345401198231934643e+02
3.896726797390565622e+01
9.207806296210964092e+01
8.374410384367324411e+01
8.678158013538438809e+01
3.798440597590456491e+02
-2.119248432807112863e+02
-3.794697731308385187e+02
4.319130539560648003e+02
-2.021353479587786808e+02
3.739266338673292012e+02
2.790894781030934837e+02
5.305050159407195451e+02
3.705550964233125342e+02
-5.312025871373635937e+02
-7.128290788040975201e+01
1.881511063927682699e+02
-8.384725012655044907e+01
-1.362412296626332306e+02
-2.429005225953795133e+01
-1.248087241756545751e+02
-1.732099289942343034e+02
1.330534445234111729e+02
-2.628282613576664062e+01
-3.053357140776693655e+02
2.430791265105535217e+02
-3.888129229728570522e+02
4.895556801867385275e+02
5.979200872884764095e+00
1.235538372133903948e+02
-5.155918754245675473e+01
2.789346919484736418e+02
-7.968534918299026515e+01
-7.811165182667484430e+01
-3.759488252755132862e+02
-1.781488905702958903e+02
-5.960334702276757213e+01
3.065081027698918774e+02
-2.567320302662914742e+02
3.161211819420867286e+01
-7.908941181670320342e-01
-4.606638681836415685e+02
1.394193047427702652e+02
1.186734730814547731e+02
-7.002228698689842190e+01
4.053303459409436016e+01
-2.927880889922242602e+01
-1.872332372384290693e+02
-6.636236763859984933e+01
-2.221342914838848515e+02
1.678868971928677638e+02
8.259003179363780589e+01
1.552665162963339753e+02
3.469416631087391067e+01
2.704015550019688163e+01
1.443674469331854766e+02
2.098594892632387143e+02
5.415961514348515138e+00
-1.403072237109186347e+02
-2.634358395904448571e+02
-5.931057583340577111e+01
1.186504402340485598e+02
-1.405924543393151396e+02
-1.607451022846362889e+02
-6.479796127811572326e+00
-9.468879533826113004e+01
-2.129676732898566911e+02
-1.790648367828960090e+02
-7.944567881909748053e+01
-1.705633012706732643e+02
4.822420924118792129e+01
6.419378657266676669e+01
-1.387719285660917876e+02
-1.670827909794076618e+02
5.459931641264213908e+01
1.627831943862310595e+02
2.195359422615599101e+02
2.144741352466651563e+02
1.601561846079135591e+02
1.136943726840476359e+02
1.097545626725039227e+02
-8.956548506466640802e+00
1.171107232440357393e+02
1.436777463431162403e+02
-5.949180327601997220e+01
1.476705932165789648e+02
-4.323183632550002642e+01
-1.225785491806220051e+01
1.758116940604692786e+02
1.174166578122287063e+02
9.319121745861059480e+01
6.359192119022924317e+01
-1.696421137143567250e+02
2.749623125000180721e+02
9.062835084330194491e+01
-2.218555071626428230e+02
3.792614341020545510e+01
-3.477787954661058052e+02
-7.540018937047459069e+00
-7.152270505963261371e+01
-1.018967642778171623e+01
-5.156490439892879607e+01
5.441051606316917599e+01
-1.313709021717037615e+02
2.491560501654086224e+01
1.440876934354557193e+02
3.050704580941807009e+01
-8.712942349101200534e+01
-1.340686641467143545e+02
2.770923628141985162e+01
-1.181732316534042440e+02
-4.525907312857437148e+01
-7.647159221008537600e+01
-1.181719559596319016e+02
-1.150537170571919461e+02
6.298519036157165907e+00
1.278382778430028992e+02
-2.304394732401808099e+01
2.055337389642322776e+01
1.041680616307277774e+02
-9.696055991044602251e+01
-1.816345182887238536e+02
-2.717221216301247750e+02
-3.969473246073493300e+01
1.651642801527199467e+01
4.816459517514881838e+01
-4.408134405882679374e+01
-3.856554641692697771e+01
-1.030484324723097984e+02
6.256216707318633752e+01
-2.289792411103011318e+02
6.455492898312014916e+01
-2.478640286606240011e+02
-1.245069598420977854e+02
-1.418674893690337058e+02
1.192549419300339224e+02
-5.948023597531453532e+01
-1.533677425873424340e+02
-2.196469966480755076e+01
-9.913101007842313095e+01
-6.436522421702831309e+01
-3.529276853168752837e+01
-1.485152036574701526e+02
2.311879499940475213e+01
-1.200117386805251840e+02
9.330089888843366452e+01
2.322761390154415722e+02
1.920706785792738742e+02
-3.108110623901247394e+01
4.021212626875702512e+01
-9.312254624187126240e+01
-4.705770780948104459e+01
-2.980917282221673048e+01
1.727178942508305681e+02
6.846983276796258622e+01
-1.146915401435974218e+02
-1.221277659743196011e+02
1.265548911450675718e+01
-5.427062496398050051e+00
3.867061794734048874e+01
1.140308245600574999e+01
1.507590049934547380e+02
2.648690140539866178e+01
-1.120427924966813293e+01
1.525022851559090782e+02
7.934234601825997402e+01
-1.752241417293242307e+02
1.005625573858133492e+01
1.044835836287556390e+02
1.632915091014578479e+02
2.865414390086321461e+01
-3.731597568541884158e+01
8.310294374611765988e+01
-1.295779672781244471e+02
1.020674919019722893e+02
5.255496870135569765e+01
-1.193496584655125190e+02
-8.579205754246885363e+01
1.362080840261747028e+02
1.579196857510147467e+01
-1.840148322579690898e+01
-3.917026509951060831e+01
1.487588112356715841e+00
-5.438492160809206410e+01
1.365131679679047352e+02
2.233018274028236050e+01
-7.350031599089204803e+01
-2.972087850101455686e+01
-1.077634136760316750e+02
2.183741077153587007e+00
3.766226978669658365e+01
-8.771392683205566243e+01
6.670116251290514242e+01
-4.306828815850500369e+00
9.826706106433684340e+01
9.037818605753165002e+01
6.247461097805430086e+01
3.926771317354825896e+01
-2.659551504516266007e+01
6.869500634439472719e+01
-1.373269651643221856e+01
1.630846000887763125e+01
-6.850464256066237567e+01
7.692933229294126818e+01
5.723346101520242257e+00
1.039925666198827869e+01
-2.840036111783550510e+01
3.124475786048050807e+01
