-4.738176110259600136e+03
-1.722244050635601525e+03
-4.696257523798818511e+03
-4.882742753889667256e+03
-1.387194143930813937e+02
2.622855169352557823e+03
1.959848757388097965e+03
-9.744255633111498582e+02
2.161194511047757715e+03
-5.136655310753227468e+02
-1.331874766691425293e+03
6.872495266126767319e+02
-1.299006294578051666e+03
3.236976679895561801e+02
-5.828138059250741208e+02
-1.751390204099564869e+02
4.614663509384303097e+02
1.020286366546794454e+02
4.102155810835030820e+02
1.853901369323155905e+03
1.064591404369094334e+03
-4.498779171147448892e+02
8.516966565960195794e+02
-7.691624080824672092e+02
2.372462533809010381e+02
3.346425659799356822e+02
7.580358367658550378e+02
-5.807453468107638628e+02
5.299583113956332880e+01
-2.608262135058226363e+02
1.113386986046391030e+03
-1.719463266267120844e+03
2.487370572009575085e+02
2.798317488368192585e+02
1.281778676966047669e+03
4.244872962636629836e+02
4.587602405169101303e+02
1.706164420235829766e+02
-6.156691862115656022e+02
-1.505631318264999663e+03
-8.908734871398710311e+02
-9.390899963639770931e+02
-8.015669010460737809e+02
-5.863480354260153717e+02
-4.902454473627145148e+02
-2.017653773802374531e+02
4.351208973787103673e+02
6.141916586985568074e+02
7.057457488165462109e+02
-4.188729292934436188e+01
-4.251322010731373666e+02
-8.071162473934432455e+02
2.322475727545447057e+02
-7.007791410301879296e+02
1.075509466107808066e+03
8.451447813975402141e+02
2.383666353143935339e+02
-3.205157155380167069e+02
-2.445370976740631193e+02
1.640298758270438100e+02
1.631961818874270307e+02
8.675957409796976663e+02
7.488563644083034205e+02
6.608175638386849471e+01
1.223509895880347074e+02
-5.725995051527227133e+02
-3.296056307909141196e+02
3.687013531465933625e+02
-4.535530290637885855e+02
-1.919317105394993064e+02
8.452997564806306627e+02
-7.578575575591120241e+02
3.626576923202087528e+02
-7.869645716488255403e+02
-1.018234918439480339e+02
-2.625376115340813499e+02
1.281220395304558508e+02
-1.599965873539445909e+02
2.007910258340823262e+01
-7.445044811651496275e+01
-5.330995295176583113e+02
2.635579410581045181e+02
3.589132194080329441e+02
-6.470507303213639716e+02
-4.417734735449949994e+02
4.457986178549284659e+02
1.309570007535518243e+02
-4.554978283990097907e+02
-2.353460819818919276e+02
-3.109390413981782331e+02
-2.812348364820066990e+02
4.661780895257323323e+02
3.068669658583429509e+02
1.567813761485912778e+02
2.413066639542458915e+02
2.362041350115945875e+02
2.821510910709624795e+02
4.184722649742816998e+02
4.531459242786987573e+01
-1.398889419716161910e+02
6.385902760408542918e+02
-2.625578575780466508e+02
3.727139176075932596e+02
4.419499281989573092e+02
2.713419924252455075e+02
2.515351973495577909e+02
-4.950872411205900221e+02
9.062028545006114655e+01
1.173578644611289263e+02
-7.130379082916323341e+01
-8.220737269937927749e+01
-1.329123144929345699e+02
-4.077114817846350547e+01
-4.460765386468178804e+02
1.365777069171213896e+02
-3.019982943604049410e+02
-3.843068638399266774e+02
3.792745936472305743e+02
-4.779617678313084070e+02
5.032282455714359344e+02
2.292842860436982733e+01
2.124907452296237409e+02
-1.071446024144672577e+02
1.295173894335781881e+02
5.053746346548408752e+01
-1.382893217366474836e+01
-4.716689900610669497e+02
-1.471149653910416930e+02
2.183584542228159080e+02
3.061282657527539186e+02
-4.607668525431103603e+02
2.815655025997342022e+02
-7.861245631980223436e+01
-4.914311657885226055e+02
2.648485581829245206e+01
6.944905621349363400e+01
-6.203411632533511266e+01
6.824148669425977687e+01
1.694018379747859404e+00
-7.361442830768531564e+01
1.682069450361258589e+01
-2.741924259346815802e+02
1.737076069399332425e+02
6.077386882323041029e+00
8.710960753362672904e+01
8.872161637592365935e+01
-9.757850786869212811e+00
9.099827682124060857e+01
3.788865066061368339e+02
-7.317071042203404829e+01
-9.148345831454389554e+01
-4.105583265199612129e+02
1.727191655694580064e+01
2.809769480056859834e+02
-2.174718490619829083e+02
-2.913798796360140386e+02
1.053673145604803381e+02
-1.959399101694169758e+02
-3.446869443359913134e+02
-2.787664650263912449e+02
-2.182902287716346734e+02
-1.856085403807425394e+02
6.446766925331763787e+01
3.172771298519612770e+01
-1.908429211471542430e+02
-7.597854143959567352e+01
1.812535652253596652e+02
1.838605476217866226e+02
3.092381941364109821e+02
4.065559732637572097e+02
1.107270797559719995e+02
4.026038239141666963e+01
-5.560577817279241231e+01
2.094973871221898154e+00
-1.151142536203881406e+01
2.318202932390225044e+02
7.534985527480698053e+00
2.481328320682071649e+02
1.580387497349322814e+02
5.078331616293397133e+01
1.117370668509464906e+02
7.211695105726549571e+01
9.403396873003518408e+01
1.645798375019653577e+02
-9.680812530000737581e+01
2.537955646712383952e+02
5.495790733982240539e+01
-2.148902248734550540e+02
-1.240549855950421261e+02
-2.638214644870070060e+02
-1.440084518970638960e+01
-6.745100082970776612e+01
-2.405019035336447786e+00
-1.449001364859028484e+01
-3.335732520587483663e+01
-4.159988382122730144e+01
-2.855587164339602779e+01
5.117371924672601580e+01
1.637468475610433183e+00
4.842747801330983748e+01
-2.450150015736661260e+02
3.821075411723976600e+01
-1.042207428221978489e+02
-6.506198867183861978e+01
4.534026668850203379e+01
-1.312588441432634738e+02
-1.558369324102899611e+02
1.134036540577942418e+02
1.331526168111773245e+02
-6.902495302150424550e+01
-5.991267184116538402e+01
1.912136674896064505e+02
-9.896492653662718908e+01
-2.012561651502628592e+02
-4.475762459861101661e+02
-3.122815348608148511e+01
-1.082312405658560266e+02
2.885780881611682247e+01
-1.923866709236861823e+02
9.582533549915938309e+00
-2.231783600272948149e+02
8.906991474571238143e+01
-1.648095517008509319e+02
1.352073759076079718e+01
-2.700834682031846228e+02
-1.697523115156396898e+02
-2.387108794653992163e+02
3.808991636851905582e+01
-1.332775304760710924e+02
-1.076099024599248395e+02
1.204559259207531152e+00
-3.697398318487566371e+01
-1.467652991380768697e+02
-9.792884427492644761e+01
-1.555259746466524291e+02
-3.497151323474935225e+01
-1.985234772113652753e+02
9.530122026924384215e+01
1.996760169377865850e+02
2.568148824454236205e+02
7.959492880979104257e+01
-7.400497057723968908e+01
-1.453778508273128409e+02
-1.474035247901772721e+02
-1.287611546745316993e+01
2.232176163422232094e+02
-7.126345188976503486e+00
-1.216166312116469044e+02
-1.994416717275829569e+02
1.283823736273646432e+02
2.084254039531727543e+01
1.493680659403119115e+01
1.003839739135908786e+02
3.286456718809234303e+02
8.200420715975718622e+01
1.621988962001593961e+02
1.863681203229271546e+02
7.948100860166449877e+01
-2.735051855113202919e+02
3.257806952774645737e+01
1.366834874757703915e+02
2.135653033427993250e+02
-7.449332350174756812e+01
4.595150804155434088e+01
1.301811156446037501e+02
-1.936869241668964037e+02
2.183373514194948655e+02
2.624757998822831837e+02
-5.569531380711357116e+01
-3.971735553792873930e+01
1.656434627945774025e+02
-4.939496494500853174e+01
-2.297343536407440467e+01
-1.841489613272952397e+02
-1.124958959182183138e+00
-1.487794369670787198e+01
1.382100510235282229e+02
6.451064451148613443e+01
-8.436568926381134759e+01
-3.583015365978634748e+01
-2.355349454750644327e+02
6.421401513227088742e+01
1.025461743926491032e+01
-7.635632455340569891e+01
5.499729021266779228e+01
-1.235509074159316789e+01
1.139579097305220898e+02
1.749857458190739976e+02
2.738451418136618187e+01
4.399123760299404040e+01
-1.173405231695429336e+02
7.396588149598757411e+01
-5.699891662869646325e+01
-7.351638224960133527e+01
-6.422601853520197324e+01
6.172553482399703739e+01
-1.024285609736739247e+02
6.487960012302492885e+01
-1.431346641241234465e+02
5.613139427655404035e+01
