-3.968855570484527561e+03
-2.582655813532990692e+02
9.206791903217824711e+02
-3.651761754009005017e+03
2.623696679246452732e+03
-1.289920256778734711e+03
1.852510531458536434e+03
1.709560538715409848e+03
4.125305857772626041e+03
9.350697987486121292e+02
2.560163850181611451e+03
-7.239716303270287199e+02
3.740241883106069167e+02
2.288249137494657077e+02
-1.671637033185214250e+03
-2.073646599658653940e+03
1.247036260434191718e+03
-7.141360179029541086e+02
1.910394978619754283e+03
-4.100191776806088342e+02
1.084309825322600091e+03
9.082462435882704312e+02
1.585597313589255180e+02
1.013770135246142274e+02
-9.695596104802395985e+02
2.705632684500783967e+02
1.720485017963659686e+02
2.149789099700700490e+02
1.895666990347477565e+02
1.105169107687030873e+03
1.835143723653823713e+02
-6.093765084916655042e+02
5.243846208344032220e+02
-1.050538508675139383e+03
-9.102582907784913004e+02
1.717329936151815275e+02
3.349081262819544236e+02
1.363052370838816501e+02
-9.919972104610151291e+02
7.257877031197538145e+02
3.167537422322508434e+01
-1.329816269830896317e+03
-1.614263632890254598e+02
8.682476882907934623e+02
3.521481651353310554e+02
8.007727267725721276e+02
-3.790412506169944891e+02
6.910723443303913882e+02
-2.346374541754925929e+02
-8.698634620688816312e+02
-1.462900336755450041e+02
3.954581434255798058e+02
-1.074180745963605432e+03
2.982825488738344575e+02
1.800033261789615224e+01
2.759402246476596474e+02
-8.488699757552889480e+01
-8.886366183060937374e+01
-5.412657584997248250e+02
3.483198887148540734e+02
6.655185928861167213e+02
-2.512430730249110127e+02
-5.330694641527140902e+02
-4.381995558021311012e+02
-6.898499663290199351e+02
-1.708488785270863559e+02
-2.389864124502666982e+02
-1.368182239686847879e+03
-5.067937445051338159e+02
3.375503567427496137e+02
1.528035596947462409e+02
1.590468188756115353e+02
-1.447818558152265496e+02
-9.906889200137093212e+02
2.098010907058582006e+02
-9.450362517037254975e+02
4.394883935644447206e+02
-6.299467570351933432e+01
8.131773791991687972e+01
-1.040348004660405934e+02
3.215783844453264919e+02
-8.155692206831627118e+02
-1.325292208222356294e+02
6.203835980462787347e+02
1.157983340483842085e+03
-3.234064173481029911e+02
-7.822275777828612320e+01
6.954663523915759242e+02
1.935634649040019895e+02
-2.560339161943390991e+02
7.528269473362757935e+01
-4.087222638087299060e+02
-6.616773342637093265e+02
-1.842060809479650629e+02
6.060458063605606185e+02
3.911279519225615786e+01
-2.711643068053332968e+02
-8.878834932512505418e+01
-3.119195728843426423e+02
-3.413679499470273413e+02
-6.235059890595602639e+01
-1.660292695144021025e+02
8.079458750160007696e+01
1.517219098410824643e+02
-1.101679181614804151e+02
2.831464893385526693e+02
1.753611782110801016e+02
5.599553754871068350e+02
1.185601157043661829e+02
1.052383357893950091e+02
-5.366971274176459019e+02
2.797525897911582433e+02
6.592062609077302113e+02
2.692985759361969400e+01
-1.464929785760036793e+02
2.373125605147492649e+02
-1.767089808123532180e+02
-3.867893291648575769e+02
1.390325818662246320e+02
1.575689122256755184e+02
5.171466514786607860e+01
-3.694403826579343786e+02
-3.545126309714549961e+01
1.025104629272214396e+02
1.411731735097677927e+02
-7.645720888036659346e+01
2.091748711618909695e+01
3.229494069361837774e+02
3.218726440642837474e+02
6.512363471503779238e+02
4.253675153875374235e+02
-7.488882199652741747e+02
-2.421395811475985056e+02
3.611318231449035352e+02
1.749150748023084390e+01
-1.968612130627331780e+01
3.328560099315542686e+01
4.346935279891886239e+02
-1.746939235227762310e+02
2.236730935567167933e+02
-2.658381671319560269e+01
2.780186760668912598e+02
-1.114852744002378273e+02
3.433945550178576127e+02
-3.400836308625823676e+02
3.066812840156559261e+01
-7.822495448850092714e+01
-4.229569331675944568e+02
-1.016481986502582942e+02
-1.208399565757211178e+02
-5.074148970854472509e+02
-1.365525994290256051e+02
-1.739480992995888471e+02
-2.044729386462384113e+01
-3.480361511927441143e+01
1.320794913806433897e+02
-2.704322744533068601e+01
-1.062730977688033676e+02
-9.982548644455580700e+01
5.050739500884643576e+02
-1.458003548034293146e+02
-1.014587399816493303e+02
-3.972182458194503170e+02
3.348483268352101163e+02
-1.893954194285647361e+02
-3.134645037925459974e+02
-1.509476110220134046e+02
-1.273238296274497117e+02
5.639759094959913455e+02
-1.456151689696181677e+02
-1.086585718883820206e+01
3.342417928676350130e+02
-8.816991951942380012e+01
-2.509665403894774158e+02
-1.199875983826827337e+02
-7.968478242275715218e+01
-6.404488063264396658e+01
-2.346192857618091239e+02
8.865065621746552438e+01
1.270419331343634326e+02
2.993189295686820515e+02
5.830067351839266365e+01
1.983926694208390415e+02
2.246019302011584671e+02
-6.651679912008955853e+01
3.429108922075828900e+02
-8.920044048910345680e+01
-3.960350405967254233e+02
3.796490826732097368e-01
-3.462805276508065049e+02
-1.411200733951357051e+02
-5.201149951624324785e+02
-2.017644940622699323e+02
5.061272593849558632e+01
2.521563139657965280e+02
-1.492375868092692883e+02
2.725419905539876595e+02
3.750986136841130136e+00
7.956728591616733581e+01
-6.803342823773326131e+01
-3.871409363216965005e+01
9.594315010890983331e+01
4.488791797080458537e+02
6.292587328217454967e+01
1.849316139589970760e+02
-7.777144749258899203e+00
-3.140468399614032933e+02
1.631744337556918367e+02
-3.248571326752943946e+02
1.492710035954904981e+02
3.427494279627478022e+02
-2.985253384881770558e+02
-2.059116324801596818e+02
-5.241309057418391149e+01
-3.619668348665778979e+01
-6.612061120378361068e+01
-2.730170098293197611e+02
2.026985252118551557e+02
-1.650159029068592531e+02
-1.671132468167157299e+02
4.270502383028189541e+01
2.318499609039101017e+01
-3.136650314744852039e+02
1.595530329021175930e+02
1.121826213263596372e+02
-3.603176456809953834e+02
-3.705661949638792407e+01
8.985747283626609772e+01
-8.893705432913739273e+00
1.006879088465029923e+02
-2.612992718863608275e+02
-2.614377563261774640e+02
-1.677671058113334368e+02
2.225556819690459918e+02
-5.581328918630698865e+01
-1.400023400753936897e+01
-7.733151311627061375e+01
4.668985682050818653e+00
1.178543528894590864e+01
-1.762403182283177330e+02
1.422216121052684628e+02
4.156013441091601521e+02
-1.678989627426401512e+02
1.813126945245457762e+02
-1.166855637583427381e+02
-1.064892139661387347e+02
9.994328142075296739e+00
-1.778896760915068853e+02
1.339024290726794391e+02
-2.701667918026251982e+02
-3.271549273332616963e+02
-2.698223087942162834e+01
-2.109020891616177664e+02
8.273567399228157981e+00
-1.791227628937213012e+01
-6.118446276647025783e+00
-1.820846747133719532e+02
-2.113633192586079801e+01
-9.601490419664715503e-01
1.971851826357011248e+02
9.486071126271911069e+00
8.276377039509679179e+00
-3.960337131382046891e+02
-1.686828926628767533e+01
1.171160416355819365e+02
1.779547306256739603e+02
2.583064650069707682e+02
3.679519133596306224e-01
1.493490785049048384e+02
-2.799403069291930137e+02
2.101059723879055241e+02
-9.573102724725642076e+01
6.137752261609234239e+01
1.666776273251463749e+02
-1.141131567972123548e+02
-1.693494293037229284e+02
3.486279264140701173e+01
4.846441480982699801e+01
9.405906450329867141e+01
6.620684884496270683e+01
1.803705625131978536e+02
1.259784107509326390e+02
-2.751028135019395293e+01
8.796759048557555616e+01
-1.265887377371398657e+02
7.376868577582423825e+01
-1.132591217835594799e+00
9.904053647642649594e+01
-3.403187045766713226e+01
1.104554219501128074e+02
1.071924679414016168e+02
2.696866232104331971e+02
1.918873408219960197e+02
1.010967745512755727e+02
-1.685327023043608961e+02
6.790861131604236434e+00
-3.722507762705212286e+01
-6.328355608285313849e+01
-1.330123948641492007e+02
2.537324930991334497e+02
