-3.855949018484119506e+02
-1.895556008003390616e+03
1.201862056315324480e+03
1.780047578580008803e+03
2.956771098054658069e+03
-2.788117777636627125e+03
1.531564753712940501e+03
3.003558374755928071e+03
4.734067734140593302e+02
2.024385101894966965e+03
4.758000820340757286e+02
7.097085307737060020e+02
1.107570837438436456e+03
1.293914444057144010e+03
3.437241857900125979e+02
-1.325283416999418932e+03
-1.908845694592959887e+02
1.229553736121690918e+03
8.123825982614936265e+02
-6.555350439518431358e+02
4.125923669165676415e+02
1.183958625649195938e+03
1.140064056727992920e+03
1.740548053527880484e+03
-1.697863584314662546e+02
2.934239751675912089e+02
1.335152251296093482e+03
2.473773293115989418e+02
-1.861227746832431080e+02
2.051239679241308295e+03
-7.227840445134075935e+02
1.956874337073203606e+03
-4.159375359261499057e+02
-4.312591250875861988e+02
3.320649419645755529e+02
-9.245369292346629209e+02
8.229606275583635124e+02
-3.113581696988778162e+02
2.016509254719264845e+02
5.711881080531459247e+02
9.640270709946264560e+00
-8.070566993946846424e+02
1.598751076207517201e+02
1.119948284105599441e+03
6.255722823283418776e+00
1.189972179971467312e+03
1.384285905764229483e+02
3.713480296121469451e+02
-6.081221111992873603e+02
1.961906300828419489e+02
-7.397096080714727577e+02
-6.441572514536240988e+02
-1.200455913673412454e+02
-1.047650318294621741e+02
-1.060289659824617416e+02
3.859203643209812018e+00
1.346608684781440161e+03
2.855557195904419245e+02
-6.803852951152873629e+02
2.872741015037512966e+02
4.514800437938880009e+02
-1.633812059096379244e+03
1.040772573363409066e+02
-7.149596320984991280e+02
-1.217582023767647001e+02
8.308675958027267825e+02
8.265463607928086276e+02
4.375943701783164101e+02
4.430349528859218822e+02
-3.968823647629478160e+02
3.505468099614331550e+02
4.819058052993256069e+02
3.487823660606585108e+00
1.063845201179704958e+02
5.093900285377782780e+02
-6.843050224402040840e+02
1.133376681060292697e+02
-6.709016546748998735e+02
7.059600151454820889e+02
-1.334347089855615707e+02
3.865904392999680113e+02
1.643023880612915377e+02
-2.258367697703706156e+01
4.719925471907531573e+02
8.072878124228710703e+02
-7.095690934485618584e+01
-2.588265924390079817e+02
2.884759194308898600e+01
-3.703243492280228111e+02
-6.522112342831081833e+02
3.801361593225850584e+02
-3.658282065388114006e+02
1.304085699715964779e+02
-2.473097516848141026e+02
7.815206226547389861e+02
-1.567139223367895795e+02
-3.360075377751687711e+02
4.652552397364447074e+02
2.440493244772798391e+02
3.133494729719176348e+02
-1.581623876475150894e+02
-9.241673415613378850e+00
8.712397035574275606e+01
-5.461049228856978033e+01
-1.140576868066056448e+02
-1.698675990683805992e+02
1.314902114142875007e+02
1.731829349724264233e+01
-7.401333632634536741e+01
3.231990022140235510e+02
-2.563141316931928486e+02
-7.231360877954022044e+02
7.521095200238663381e+01
-6.025386388364681807e+02
5.852602364768647476e+02
-3.710602560972868957e+01
-4.095225400930362412e+02
-8.497778776735920019e+02
-5.864211301626652357e+02
2.623176431263008226e+02
2.223036593730161030e+02
1.422003859547946263e+02
-1.861637600493846776e+02
1.738768544349875356e+02
3.874381205017608636e+02
-5.517685246029551394e+01
-3.212630576961045676e+02
-1.908268101401014576e+02
5.100493984608910409e+02
3.421582642655496898e+02
-2.552079075508549693e+02
-4.528657062477790305e+02
-4.613254436613696612e+02
4.945699342458842693e+02
4.010920930122661616e+02
1.293779832895427546e+02
-4.837974108852021971e+01
-1.420163982534438389e+02
-2.165247675202907374e+01
6.264805551632637162e+02
-1.976335182334558738e+02
-1.823030006251648061e+01
4.650530849871589112e+02
9.450801944967197699e+01
-4.204399199304221497e+02
2.015405690701877859e+02
2.049372636608444509e+02
1.931258188421626585e+02
-1.922152655197887583e+01
-3.484056673265265545e+02
1.165549275212332532e+02
-2.262713360997323946e+02
-2.385715848879762859e+02
-5.551948571007795863e+01
-4.563950516997217051e+02
-3.499468836505544687e+02
1.079984118575276568e+02
3.427271246582917001e+02
1.228550234330669895e+02
-1.817571206143004474e+02
8.490412148561753725e+01
-1.135448934976370339e+02
-1.123324973103063797e+02
1.305393135721318743e+02
-4.428636702940059422e+02
9.472810333218001233e+01
-6.924657119643326553e+01
-2.730878430560378547e+02
3.907873131391971810e+01
-2.893299935708247403e+02
2.292373766973256863e+02
3.120375600470430868e+02
2.853259959186199239e+02
-1.165664435910296675e+02
-5.287442478731622941e+01
2.992760115613143057e+02
8.887746514497736428e+01
-1.875142163980702321e+02
-1.760801519652627292e+02
-1.622741875030662300e+02
2.394465646306955762e+02
-1.325962357422203581e+02
2.543994605138692009e+02
-4.828781651525993368e+01
1.799386119089565170e+02
-1.919583381750136368e+02
2.641115519974907784e+02
-3.619722292251204010e+01
4.724914323063720190e+01
-1.143486252590320902e+02
-2.154332645185459114e+02
-2.525014503752109079e+02
-7.318126089166115378e+01
-1.733228317932064044e+02
5.962223109050243153e+01
-1.976128914156256258e+02
-9.846426843767211778e+00
-3.216411133238115099e+02
-1.382065859238991266e+02
1.348225128884367336e+02
-2.650038417511657940e+02
-7.903347986250533097e+01
6.415605790863825177e+02
-1.310716104878378871e+02
8.343159886180897900e+01
-2.014175076078478526e+02
-1.945989032580871125e+01
1.565830356723714658e+02
4.883278602715575545e+01
7.965451028658318933e+01
4.743451152056513465e+00
2.200974538078336877e+02
-9.127515954927281427e+01
2.116945963274715155e+02
-1.921932616532583324e+02
-1.298782128621841707e+02
-9.749682949152638400e+01
2.788629276612791159e+02
-3.727943022650098897e+02
-1.998972472929981166e+02
-7.378315494243143746e+01
2.594416935546686886e+02
-1.363754199495147930e+02
-1.439604735590027076e+02
-4.106385688887874608e+02
1.356466784892984947e+02
-3.634231296236585536e+02
1.503052004850771652e+02
6.604830703508767442e+01
2.434969900214398564e+01
1.110947522421555966e+01
6.860727811343529936e+01
-1.745172046325047575e+02
1.107236397092649582e+02
5.508981938825547786e+01
-1.944177309118004473e+02
-2.696772372614872211e+02
4.163257121401471181e+02
-1.548277446123533139e+02
-3.077813797598622614e+02
2.216574527600394333e+02
2.671476887344506395e+02
-2.111571602068185172e+01
-1.259428330727943823e+01
-1.589342025567327141e+02
-1.128553841123122652e+02
2.688418882950604427e+01
-2.310785715907617828e+02
2.074185076139573027e+02
-7.831837074419013334e+01
-1.106478741713812042e+02
1.820778464445880900e+02
-1.857750482717559137e+01
-3.627012374210873986e+02
-7.224305668688904802e+01
1.739251442637761613e+02
-2.194070841440536128e+02
-1.520872522982732278e+02
-7.544015866071949183e+00
-4.096974128275179794e+01
2.404538946644396447e+02
6.185673321109329237e+01
1.693551217072230202e+02
-2.377326489700285777e+02
3.274831687296313021e+02
9.928602432184935367e+01
2.241159848344439922e+02
-1.064500045706979137e+02
-3.361051204041494884e+02
-1.743941319983303515e+02
-2.945683679138250568e+02
3.988554225722000268e+01
3.038923299079490903e+02
1.683764943561888288e+02
1.413864458490574805e+02
-2.630357423994778454e+00
5.304552239736744923e+01
-1.453382874301802019e+02
3.642270953780323453e+02
-1.525483909253756849e+02
-3.097721174434204983e+01
-5.065816858690889291e+01
5.988207811707146533e+01
9.122622426651524563e+01
8.975925088970758736e+01
3.112142670074753710e+02
-2.208186363876940561e+02
1.759103457024733359e+02
1.195477937844777614e+02
1.566044096765144502e+02
1.831624736017949999e+02
-1.117688281023896479e+02
-1.010408620351452100e+02
-1.014208411982475724e+02
-2.898972358607362025e+02
-9.507028134236905714e+01
3.700320337516182434e+01
-1.029345855423485290e+02
-2.840873042093593313e+02
3.095468521973475049e+02
