-4.474498217525860468e+02
-1.440855847296934826e+03
-7.316261334798036842e+02
1.904302060752999751e+03
3.031579959882191815e+03
-2.569906341652033461e+03
7.419027258542818117e+02
2.984233185923481869e+03
5.469965542628248159e+02
1.783796547460264037e+03
-2.809512509060256775e+02
5.550680915887033962e+02
2.114806482780247279e+03
1.837070703824502971e+03
6.621390647052023724e+02
-7.356429206591913044e+02
-6.386438276830339191e+02
1.195268094548471254e+03
4.307602878634069725e+02
-4.560633283184274092e+02
4.050053826127544880e+02
1.798972741119112470e+03
1.196832587994039727e+02
7.451812884532105272e+02
-6.720074122563743231e+02
4.363193925993758171e+02
9.366080943482187422e+02
3.330105900230036013e+02
-1.239418736692417014e+02
6.939093523084917479e+02
-8.279132696933826310e+02
2.827554190435066175e+03
-1.214464907063024384e+03
-1.143347948638302114e+03
-1.389519558894552915e+02
-1.059855417871592863e+03
7.443035255991266013e+02
-1.236601411206577950e+03
-6.252930665717179863e+02
1.272187270398752162e+03
1.867534584688465031e+02
-1.053659001832686045e+03
4.559697440417048142e+02
1.173446981690150551e+03
8.618036781967432489e+02
1.110632590135837290e+03
2.850703031843194708e+02
4.251929978727915795e+02
-6.263340682390077063e+02
6.618412058870541159e+01
-4.645172201245251813e+02
-4.929132348252444729e+01
-2.813528343976166184e+02
-1.844968311490864039e+02
-2.130434243242435457e+02
4.572395966761380350e+02
1.670434991741451086e+03
6.255307179720571185e+02
-8.230289336238469105e+02
3.834591374251511979e+02
2.223361561975943914e+02
-2.131569919940813634e+03
8.257198589884856688e+01
-8.450457196907158277e+02
2.567985586430269223e+02
4.321641837951754042e+02
1.163770408007291280e+03
-1.298126848677055811e+01
8.596104960265901127e+02
1.238739113125413951e+02
6.113524011188862914e+02
1.009142679354589859e+03
-2.775767786331931006e+02
1.262950907945993890e+02
1.068426707798242887e+03
-4.228953921218318328e+02
-2.176485341954111448e+02
-8.079544805481058347e+02
1.100455019814085290e+03
-3.543504597393949211e+02
1.771195445017057182e+02
2.323229172555524542e+02
-6.106528436877410826e+01
3.767401246692982681e+02
1.198372555756415295e+03
-2.313000818828848821e+02
-4.222000742793781569e+02
2.817412892421666584e+02
1.026618866167000377e+01
-3.933601770088267244e+02
5.199346626049077713e+02
-3.623509879053010536e+02
-1.852820243696071714e+02
-2.865122954073416395e+02
6.309267574634892526e+02
-1.801679461179939494e+02
-3.164131590556464175e+02
5.150420467818987618e+02
4.828282424992928554e+02
-1.104745129315410956e+01
-1.397551187609776662e+02
-1.695415972332324088e+02
2.144347213096252460e+02
-3.198794234665820113e+02
-1.413842835124688975e+02
-2.802307738651008506e+01
3.171175166398322176e+02
-1.452979220570381074e+02
1.321155111505053981e+02
4.403752039387505306e+02
-1.526439819687257113e+02
-7.309621278479937700e+02
-1.183482072559763907e+02
-5.201871602319018848e+02
3.030931389685155750e+02
-7.806543882211477126e+01
-4.908342455401794382e+02
-7.434954259458295383e+02
-5.952188425870332367e+02
3.574646327224634774e+02
4.952428367363986013e+02
8.728663981170477371e+01
-1.806172811769488646e+02
4.132633532165888823e+02
4.644201286576366670e+02
-3.093876145114222709e+02
-3.003808156920287331e+01
-3.191299069308545313e+02
2.250811121111743773e+02
5.746001150788206360e+02
-3.078493159736534608e+02
-3.626766221253851654e+02
-8.319702596939764589e+02
7.117892471695690801e+02
4.988762595652212326e+02
-8.688972787921287022e+01
-1.103620281302171122e+02
-3.029889536928380380e+02
3.044536964600474604e+01
7.076502926592401082e+02
-2.434758428867114333e+02
6.731198611471084803e+01
4.386807979257122838e+02
1.723851402892678948e+02
-5.916187690403016859e+02
1.775230574733784579e+02
1.842053124742968464e+02
2.614846666113410265e+02
-5.730418088875257610e+01
-3.452731166062310990e+02
-5.948349248741456563e+01
-1.130499603712703163e+02
-3.448655827293918037e+02
-8.854990352555935473e+00
-5.784300448276734414e+02
-2.207190755879733501e+02
-4.160505745154219426e+01
3.856207699715788806e+01
2.421224090524355077e+01
-3.104034894305969061e+01
-2.121478126004007549e+02
-2.619067714264724032e+02
-4.736656441319771602e+02
4.998586569328975315e+02
-3.940800983024649895e+02
1.897420156075293391e+02
2.587502058911224623e+01
-3.274151175282980830e+02
2.194445835879839137e+02
-3.646327659830303105e+02
1.576279400309610139e+02
5.064069153008645117e+02
4.413750143706621998e+02
-1.473017018408824015e+02
-2.536757263199939985e+02
2.860588224095333203e+02
-7.937637831293473312e+01
-2.712757052031126932e+02
-3.497602830282677928e+02
-2.634535030506542057e+02
4.354328215384387022e+02
4.647871717863591101e+01
2.584373771300678300e+02
-1.108563651824114942e+02
4.144575813860445379e+01
-4.422819233334021760e+01
-8.756307977011111632e+00
-2.377402785832130121e+02
4.466331179231574566e+01
-1.117499411918687855e+02
-1.884394039746740361e+02
-5.117499759854194963e+02
-1.027186682494017447e+02
-2.562813732455778108e+02
2.431121168512389730e+01
-2.606062321822190029e+02
-2.132329925358416176e+02
-2.328546242636071497e+02
1.298053941253483856e+02
3.341270928783581553e+02
-3.105998227171573376e+02
7.218355198556132279e+01
9.366555858137093082e+02
-2.513386824628342140e+02
1.162739220505907412e+02
-3.622235329878733410e+02
4.287742113536457822e+01
2.344441785997582315e+02
-6.321476700040598473e+01
2.077153114253997330e+02
5.401825245699232170e+01
2.732254113923039540e+01
-6.738964233943360682e+01
1.387668003999403652e+02
-2.696632341981414243e+02
-2.489527951485384847e+02
-7.584219726037524367e+01
3.679668130618858868e+02
-4.848941714172597131e+02
-3.578081510196877275e+02
-1.129877820153494810e+02
1.831435750914899359e+02
-1.857262814711666579e+02
-1.716881011378943924e+02
-5.142751592718832399e+02
-1.974563997973267959e+01
-4.782969599367196452e+02
1.857513063692654214e+02
5.581405537310583043e+01
7.784158758898990982e+01
-6.811250883492357389e+01
-1.157723807857215270e+01
-3.605468787442618464e+02
2.689050690168616597e+02
7.568778346594426409e+01
-3.712665606063654877e+02
-3.092621021457401866e+02
5.659626124870123931e+02
-1.982403987612884180e+02
-3.707167652579012156e+02
1.492002496443549546e+02
3.931150962400776052e+02
-9.932134326267373581e+01
-1.181000359204272883e+02
-2.073201069420419458e+02
-1.848446553987876939e+02
-2.924501546688032505e+01
-2.005942381989604826e+02
2.322505427194123513e+02
-2.447892447647249980e+02
-1.598434623844639724e+01
3.803179999709951176e+02
6.660309281675050386e+01
-3.650783621441331661e+02
-1.640864616145634614e+01
1.866080130195931019e+02
-2.575111470512794654e+02
-1.144851852909064434e+02
-5.200824613148955677e+01
-1.224216136735834795e+02
4.527846642352600384e+02
6.366123625895652793e+01
1.473764771488965266e+02
-3.019873052775518545e+02
5.449146596160099989e+02
1.370935090190271524e+02
2.754822194776535866e+02
-1.665869644482273770e+02
-5.137082109396542364e+02
-2.117458404860786914e+02
-3.760347314346140593e+02
-9.007695942800029343e+01
2.783208466098729446e+02
2.773366074814869648e+02
2.170016789972798961e+02
1.268096691357046382e+02
1.137839915732991436e+01
-3.459841801587143806e+01
2.508613602073290849e+02
-1.371388536212639337e+02
-2.649482605902822456e+02
-1.918111495364011532e+01
1.472255406582115995e+02
2.981890953695960320e+02
5.311164354151243572e+01
3.895447901363370420e+02
-3.088538007122039630e+02
3.377115569167332296e+02
-3.381434323664051789e+01
4.923462822351061874e+01
2.780356670638797141e+02
-1.056047832782966509e+02
-2.808283204754933848e+01
-6.741795838649055383e+01
-5.251776002662817291e+02
-1.051266602486838337e+02
7.113241025486642855e+01
-6.639228797348029332e+01
-2.354649851287266245e+02
3.597762773395686509e+02
