-4.953216085008025402e+03
5.803320566559715843e+01
-2.004753253536329112e+03
-2.065495288948511188e+03
-5.731013301269415479e+02
-1.081623010318162869e+03
1.395648398071472457e+03
5.240569022715659457e+02
6.638482968776778534e+02
-4.374662633692502709e+02
5.875171706291938563e+02
2.249475287805229527e+03
-6.066068621655292645e+02
1.056697617824941346e+02
-1.542567284216944188e+02
2.272581750730018157e+01
1.716722967091555574e+03
3.793091562987971770e+02
1.705068693381366529e+03
8.146050106223181047e+02
-6.872327808805478071e+02
-3.217272093119048350e+03
1.011924689186421233e+03
-2.018389091285642962e+03
-4.133455633151633037e+02
1.417797785601629130e+03
-3.469123063043237494e+02
1.499540576813212056e+03
-7.303841776649487656e+02
4.893745418867196122e+02
1.944613818922329756e+03
-1.208324559542697671e+03
8.226093661902572194e+02
3.084612734947425565e+02
-8.234893298804001915e+01
-1.065051473769068934e+03
-5.686389766900416589e+02
-1.093460215704513132e+02
1.642259656707373551e+03
-1.450195418013935068e+03
4.757184451655653845e+01
1.289650395215272738e+03
-1.444718549102878455e+02
-3.336554765279642538e+02
-1.617285828323686701e+03
-7.888811858216990913e+02
-1.600562917410599937e+02
3.655577555375951988e+02
4.683099652448431698e+02
-1.174001716692921264e+03
-1.150869288313589550e+03
-5.277268662377002784e+02
1.521984555616731711e+02
-1.810363773687786306e+02
6.834579611426099746e+02
-3.859454956273332300e+02
-1.139627590413057305e+03
-5.632257254295071789e+02
-5.215423471758418117e+01
6.358613754997243177e+02
3.150721963865090061e+02
-6.818917085276571015e+02
-2.109029559186445510e+02
-2.442836982157231418e+01
4.266545233107112267e+02
6.911575701274667836e+02
1.057732161588306781e+03
9.935171796196374316e+02
-1.331422813258368976e+01
-1.794267371886401747e+02
-5.583451584562104699e+02
1.129817328858834884e+02
1.728900049469529776e+01
3.820818620032528656e+02
2.200123476566141392e+02
-1.111673854481574608e+01
7.087107576568052991e+01
3.382341612441522329e+02
1.936932536862763925e+02
-3.690825063268854933e+02
9.732412461469697007e+01
-1.767931942806804102e+02
5.462283393160732885e+02
-2.717606283512988057e+02
-3.723931590933279523e+01
-1.800833377074282815e+00
2.785504734523899515e+02
-3.214361707576164804e+02
-1.961682686908055757e+02
-1.759666903481629845e+02
3.777097668534839841e+02
2.584625951483007498e+02
3.249343131776552696e+01
-7.168729520052854909e+00
4.073366162271369006e+01
-9.111057896890970653e+01
3.128871964943263606e+01
2.897898833371563398e+01
-4.482074268545421347e+01
2.739828891164153220e+02
1.808560004555116763e+01
3.056782821904209868e+02
1.302144846574475139e+02
6.234270196072689032e+02
2.307689022080323582e+01
-9.683558853074468686e+01
2.280323632426646441e+02
-2.490140548032213133e+02
2.505958942211512976e+02
-3.380859081424572423e+02
-9.358738589238618033e+01
-4.424077994121453798e+02
2.129514859441253805e+02
-4.408077946263859985e+02
1.697698909060526660e+02
1.613930725722402428e+02
3.802814180179127561e+02
-1.848903085284189842e+02
-6.159168513082995844e+01
2.968152058148679657e+02
2.056292852839556531e+02
4.201121744252136523e+02
-4.312198155002347022e+01
-5.860754504839168249e+02
-1.262821056803223598e+02
5.626045516563904130e+02
-6.041492461453019587e+02
1.471356322300589454e+02
1.037132634720427689e+02
-9.062845976181453977e+01
-1.081542305921646943e+02
7.907523024719772593e+02
7.426773223110578783e+02
-4.700960693888401920e+02
1.050190357588608521e+02
7.283787008723455756e+02
-1.226297393332820462e+02
5.993467050057530443e+00
-1.798978614792007420e+02
1.936805945728557390e+02
1.132048681114520292e+02
-2.717494495229071845e+02
4.834064861672104598e+02
2.304078703870483196e+02
1.844860523588175454e+02
4.498696199800271245e+01
-7.201141749915689161e+02
-2.886570194401260210e+02
7.548811459108384270e+02
9.226109328860158598e+01
3.260388443933478584e+02
1.212846824288750014e+02
2.326665387491052286e+02
1.736630245663574215e+02
-3.247461320971113992e+02
-1.728014921485205662e+02
4.014080111253510950e+02
4.886231989059392617e+02
8.581718688204378509e+01
-5.536442565641956435e+02
3.040195866164515337e+02
2.326998888133755941e+02
2.056750656795300927e+02
-5.415970780577312098e+02
2.536715011572558183e+02
-3.311761941682836436e+02
2.134637478888105306e+02
-1.211261728577419916e+02
3.071397975898648838e+02
2.767393194810640580e+02
-1.295042915509849877e+02
-6.382027732720138147e+02
-6.404420379263007135e+02
-3.118702928799704637e+02
-3.239373442636348273e+02
-1.013287543363974095e+02
5.888906914569341779e+02
8.096584020329947862e+02
1.805990623546021823e+02
-8.477545137522704977e+01
1.645441057992327671e+02
1.305440943661237156e+02
6.253227506908507394e+02
-6.799280154722313618e+00
5.372920243014989410e+02
-1.414163351589843671e+02
-1.073072905018933021e+01
2.351826993742898537e+02
-5.885955923914622190e+01
1.511396518407870992e+01
1.157970319000741739e+02
1.892629841496180063e+02
-1.587190241168114468e+01
-3.043511799552591413e+01
-2.681296206696342210e+01
4.302490158756395999e+02
-3.807191138587644446e+02
-1.828243677833044387e+02
-1.197237612714421431e+02
1.300449847706821060e+02
-2.362508583322259312e+02
-1.565065091300623124e+02
9.269190885009389547e+01
2.123131744519809843e+02
1.936678600810347461e+02
3.702829251249429490e+02
-3.293329763987164682e+01
1.944227449564832000e+02
2.983045594050397753e+01
3.067688910945018392e+02
-1.679605516478205232e+02
1.693369982591972871e+02
-1.419616144515886447e+02
1.197989148565683877e+02
-1.885226749140841491e+02
1.811679227529347358e+01
2.298390562549862182e+02
2.089306885199396788e+02
-8.694377734758722909e+01
1.250189269613510561e+02
-2.750729976720988361e+02
1.738534828110130945e+02
1.500818947356402191e+02
-2.385772155753102481e+02
3.429472909899940802e+00
-7.888177945336454968e+02
-1.137287036555719908e+02
-3.376603758128393906e+02
-1.443418568823513795e+02
-4.361631159100649597e+02
-8.418527103302817238e+01
2.286279718414211004e+02
4.755454425518460226e+01
-1.020668104728408139e+02
-3.223973367967761305e+02
6.308767199516682211e+01
-1.606465547435785624e+01
-3.061858548435060356e+02
-8.807928387428862038e+01
2.557148978216218040e+02
1.420903761322845753e+02
-1.868854004812719154e+02
-2.338421523239128987e+02
-2.550409304356420819e+02
1.137842824816777068e+02
5.434706096187674120e+02
-1.856762399564275512e+01
-2.146985075465194370e+01
-3.061716881550833591e+01
2.379264722657886466e+02
-1.019514375310374454e+01
-1.865378321685935248e+01
4.081630326293879989e+02
-3.202768916845144531e+01
2.922653849509866859e+02
-1.288436546642378175e+02
-2.078654735973312597e+02
-1.034281724089081811e+00
-6.225946484347395682e+01
2.984038806795007304e+02
-1.305505425166042528e+02
-3.239215816415632077e+01
-6.377194408136647041e+01
3.358050725541572206e+02
-2.858770076328860554e+01
-1.815625692649672374e+02
2.263872670971678929e+02
4.517666550415242455e+02
2.285670751131123950e+02
1.294894946190438532e+02
3.316445777474619945e+02
1.364562469259096922e+01
-7.518807966436394707e+00
-2.285778113448248803e+02
5.482297299260952173e+01
2.025871194594500651e+02
2.359709353766265849e+02
1.540055825067539956e+02
-9.358435532107931465e+01
-1.065622564066642894e+02
-3.544188226136120647e+02
2.751919994698068876e+02
2.126390945295039785e+02
-2.219233937822331768e+02
-2.439856713410592306e+02
-2.927567775809661157e+02
1.487463125118043195e+02
-6.760588016743821527e+01
-2.281891650820799384e+02
1.330621570031622412e+02
-4.126982450048589612e+02
1.891649386999051217e+02
-1.050154138013937484e+02
-2.752674198177889480e+02
4.420303914454729579e+02
-1.303015745754647980e+02
-4.897040719990854285e+01
1.206451858636883259e+02
-4.675540628293484247e+02
-1.195161962705328449e+02
