-3.353385811716046192e+03
-3.911508236224871780e+03
3.211471178406402032e+03
1.773078118935993643e+03
1.914685354630918710e+03
-3.159394412456879309e+03
1.432831331700229157e+03
1.267015946328134987e+03
1.242497990751716998e+03
-4.220748325361943216e+02
5.494917049462723071e+02
3.695456461051973065e+02
-8.874768495915241147e+02
3.007636753365908589e+03
8.324680779868423315e+02
-6.462776888590287854e+02
7.983831228304809713e+01
1.145173938180962097e+02
1.173725445536030065e+03
-1.423403202747549130e+03
3.596722668753100720e+02
8.441391837704391037e+02
2.127859718575685690e+02
7.931166925971638193e+02
-1.290764143515296336e+00
-2.435999392204954574e+02
1.650013636697652373e+03
-2.738912272105401939e+02
2.565190693470063934e+02
9.164470630833856148e+02
-3.033436921747003794e+02
-7.665300746548349480e+02
5.330293127090185408e+02
7.362030627685151103e+02
6.850142628143865409e+01
3.742815811401690667e+02
1.031038538150781051e+03
5.672918193456659992e+02
-1.224999635064351509e+02
6.517797471783200081e+02
-6.605501807938929915e+02
3.333835576041780087e+02
-3.650760212644800617e+01
1.873357071272822623e+02
-1.134139066602516266e+02
3.343311237091926387e+02
-3.833524360215379829e+02
6.415527603528348664e+02
-3.420237329942921178e+02
-3.842906227692933498e+02
-3.447478199623148498e+02
-3.014775110262313547e+02
-3.733433469121843018e+02
-1.719016617207611546e+02
-1.437154761227218671e+02
-3.310741701244507453e+02
9.141184098350337308e+02
8.048765552881576468e+01
-5.381599229941532485e+02
5.345501949641204646e+02
2.509786347443316856e+02
-4.888683703051950147e+02
8.495044747518538486e+01
5.180132048961601754e+01
-2.575780823565633568e+02
5.932311942946818135e+02
1.859595697465242665e+02
1.092263531578145603e+03
3.661181188640874780e+02
-1.368515951158433666e+02
1.032265298045790587e+02
2.769139445799182031e+00
-2.238558072398815568e+02
6.114046042310725397e+02
-2.026038250602631479e+02
-5.695790509456552400e+02
4.639043410471198285e+02
-3.538219425244959666e+02
-6.387516200801675836e+01
-1.940391240172400344e+01
-1.228926525326043588e+02
-1.808787898115964765e+02
2.627889589381712554e+01
6.837371908160459952e+02
5.745628841163194238e+02
8.073418675637397257e+01
-3.403832888693133896e+02
-1.172005995736284518e+02
1.824262172698274753e+02
2.014814551873492121e+02
3.010482491270659580e+02
-2.355766545849232614e+02
1.209270547125363038e+02
-3.030431307474792106e+02
4.557055615635835011e+02
-1.881419718052434931e+01
-4.077896861566862299e+02
1.584104044115010197e+02
3.080337567476364029e+02
7.943898717480517746e+01
-1.082089332348922568e+02
-1.068108362843930159e+01
-3.970636703458305306e+01
4.123916993779267841e+02
-1.738003159568413878e+02
1.384714608534658709e+01
-4.903603166263253321e+00
-1.695478419009354525e+02
2.418599468401465344e+02
2.988847367904263308e+01
-1.480131351115518044e+02
1.854700225925361394e+02
4.519235362800399116e+02
-1.468006153817592292e+02
1.316800463107119015e+02
-1.822800677919180146e+02
-7.292841927344190367e+01
-1.951873730429334728e+02
-3.194847658222871587e+02
2.968336006665007289e+02
2.225697467391205180e+02
6.800081501792051597e+01
2.373960862696872312e+02
1.820599543929270681e+02
2.654435672375245758e+02
2.669707383741958893e+02
-9.473703744797794002e+01
-2.755142719045473996e+02
2.775938482905586397e+02
2.850414403836979318e+02
7.230268163057071718e+01
-3.801088116360332378e+02
-5.483028884284409514e+02
3.473836983352384209e+02
7.281987810718781873e+01
1.856434312894058181e+01
-3.227090886698210426e+01
1.758023226181500149e+02
-5.332432622693026758e+01
3.071675330563901980e+02
-9.086629588409790870e+01
-3.485133610102963786e+01
-2.497001464751101594e+02
2.914213128836636884e+02
-1.660857038225374254e+02
1.883651744919018824e+02
1.066664588936373548e+02
-1.330137799380671026e+02
1.018122357403948826e+02
4.200662853045110978e+01
-7.688351398970044670e+01
9.694134383128155674e-01
-6.753599794457171512e+00
4.687672020098672121e+00
-3.130193758024491331e+02
-1.836944428029777612e+02
1.166043229339852161e+01
2.427147615872521271e+02
2.782142846744159215e+02
3.049959720353371395e+01
5.720978118460620010e+01
-1.089233200932929435e+02
-4.250036022855566671e+02
4.174091301773752321e+02
-2.170000585514914917e+02
-6.531003605812611568e+01
-8.661500100234584920e+01
-8.488402954776935738e-01
8.467481392241811022e+01
-2.407477743544568796e+02
8.980749709157073823e+01
3.298205703315000505e+02
2.325939552769067831e+01
-9.496721936008134435e+01
1.483655172274331449e+02
9.749156194801692266e+00
-4.234849106914536065e+01
-3.056548029676481519e+02
1.224966968239815657e+02
2.648196222845839998e+01
1.083734256475048454e+02
2.509059751340811317e+01
7.330435720446659786e+01
-8.302352169751348754e+01
1.392101208461491808e+02
7.526611777967882233e+01
-1.614753238893753178e+02
7.605026575276181688e+01
5.863674382403037555e+01
-7.704716064650865803e+01
-1.084391659040443727e+02
-2.021344098650005492e+02
1.254428812288237651e+02
-1.016694930046556422e+01
-3.242512129219321082e+01
-1.226227980867193708e+02
2.736234874023886765e-01
-1.335768940199699557e+02
-1.763856440300183408e+02
-1.058613395904738574e+01
-1.959423840024549790e+01
9.648878977851822469e+01
1.458201408378846793e+02
-3.822949565750816987e+02
-5.900873737946481867e+01
5.617825427362686241e+01
-1.770131279593985241e+01
1.140278339270416836e+02
-1.572278648871427720e+02
-1.458754699894411999e+02
1.425911569571565565e+02
-9.999436557643839762e+01
1.469982229574190313e+01
6.715758375484401199e+01
-9.036686657295422265e+01
-1.670746678470597431e+02
1.151710672058039364e+01
6.076046402640875499e+01
-9.358166721585149617e+01
-6.245171121069551390e+01
1.848072365927808960e+02
1.695205494038514189e+02
6.776280292967850727e+00
-7.592106306063728027e+01
-9.525466480000869041e+00
1.382958163410671126e+01
1.495696162081972034e+02
4.739709563353403610e+01
-2.583621575565685191e+01
-3.260433189677423371e+01
-1.408529107273924126e+02
-2.539574948591327086e+02
-5.096489934205431638e+01
2.481067547960813044e+02
2.933608734244920768e+01
-6.715597753841073825e+01
6.438594249129278069e+01
2.620781623271832927e+02
1.170225932965168525e+01
-3.355416064473189408e+02
7.672398000747337221e+01
5.369561956293669169e+01
3.683668925179291165e+01
3.743887829366930475e+01
-1.218019915597534748e+02
-1.779709791501738323e+02
1.449745100191529446e+02
1.060916989512933668e+02
4.029854270174969884e+02
-8.739170430412903556e+01
-5.160607546077302032e+01
1.576123837282400473e+02
-5.815902705510800530e+01
-1.841113057383033720e+02
-7.511471115243340080e+01
-1.259818314138865816e+02
-1.672117453855459246e+02
-2.124422227083787718e+01
6.259739120705057047e+01
8.818540497720978522e+01
6.848545117076565703e+01
9.729230110857581337e+01
-1.183239312392412899e+02
-2.294988114986765027e+02
2.344081557065734955e+02
1.047876921011614257e+02
2.025104618524553359e+02
-1.437964522040946918e+02
-5.321149249917153412e+01
-1.364927016721772475e+02
6.558337499816551031e+01
-1.883185893198185283e+02
-2.399318698366655056e+01
1.267435297991860921e+02
-1.326500646602387405e+02
-8.712882816963626453e+01
1.683438603961118361e+02
2.953428635067162134e+01
2.310879514816143114e+02
-9.909107277225464827e+01
1.909650126187070285e+01
-4.946309765860975460e+01
1.542837491985870990e+01
9.169013198944476528e+01
-6.175588225050973712e+00
8.963685433792841195e+01
-1.401829186515872721e+02
1.317798885539141907e+02
-1.456264978687160427e+00
3.860297654524053002e+01
1.795912005115821728e+02
3.179784246865842334e+01
7.082260868056700076e+01
6.672504000824066850e+01
-1.990138550292930688e+02
-7.802498725408712232e+01
6.386567943452089224e+00
-1.167413733508462741e+02
-1.077289151442997763e+02
1.467622954431641062e+02
