-4.935980620025889948e+03
-2.106870298512340923e+03
-6.238146474445782133e+02
2.638684403809607829e+03
1.420796052492012677e+03
-1.714493564530689810e+03
2.887866887636341744e+02
1.753291826976348375e+03
1.681137009392889468e+03
1.002177392105479043e+03
1.880280017233919807e+03
7.208714508877948219e+02
9.593302030517465440e+00
2.123258488869587381e+03
1.184526637540214097e+03
3.843190929267527167e+02
-6.107998627243148348e+02
4.124968884072004585e+02
1.166138368156996194e+03
-5.870692739659507424e+02
2.471422890424106527e+02
6.027998363668905313e+02
1.669614555348721069e+03
-5.030550064725878769e+02
-8.351402428659752104e+02
5.059014610989673884e+02
1.639925379162621994e+03
1.019999682133706983e+03
-1.218737736865568650e+03
4.284468878465809780e+02
-1.194535797870772058e+03
2.624303433733127804e+02
-4.869851593127817750e+02
-1.936824811936793139e+03
1.071046108911618404e+02
-1.369953765238836468e+03
2.207259080594313616e+02
-1.041193973286431856e+03
-7.843873970750159685e+01
7.633061117290206994e+02
-7.332366517332978901e+02
-6.754478682636322162e+01
5.368150901641620294e+02
-4.639178933545685624e+01
-4.779317160716875037e+02
4.067196087730912950e+02
-7.147425565675317785e+02
5.319779721588939765e+02
-7.968397257249325776e+02
-7.270938274395040253e+02
-1.344549922373292475e+03
1.036753958163719034e+02
-9.872441908533845663e+02
9.502208146746563955e+01
6.085349330148630997e+02
8.638127376901301204e+02
9.802705364611649657e+02
6.966282410076595966e+01
-1.827345213370316301e+01
4.474134505602119134e+02
1.603503580194088158e+02
-1.113252649351576792e+03
-7.566486876125945855e+02
-5.901513666153650775e+02
-2.161821886585425716e+02
2.012902028266197192e+02
3.265334970575818829e+02
-2.389851898889385211e+02
-3.150910435535850525e+02
-2.214688831629921140e+02
4.509245006975540377e+02
1.475165674269182148e+02
-4.466603373627942801e+02
-1.020440356731163689e+01
5.472468809681334960e+02
-4.366174120347557732e+02
1.850851512932013350e+02
-3.833787726136114884e+02
-9.327942416418882488e+01
-1.263564648781913746e+02
9.655811230858846272e+01
-7.906172652110722083e+02
1.806485858067069827e+01
7.741209933319569245e+02
7.498479803439729494e+02
3.387216109674582185e+02
2.063246236804351952e+02
8.387853616959725969e+02
1.226562933208419111e+02
8.907283222176521065e+01
4.050699581967325571e+02
-3.152167112549039416e+02
2.953902735794087562e+02
-5.995965124040395011e+01
1.229911189073511650e+03
-3.885855159287137894e+01
-6.284446333128181550e+02
-1.083986411155461411e+02
3.385072398660732773e+01
8.414680775574690585e+01
-1.445868672207147299e+01
2.890838042817973133e+02
9.529044274174597717e+01
3.369432742066338733e+02
-6.493096296693920522e+01
4.019750511227185257e+02
7.851068868899777442e+01
2.088155837057236965e+02
-3.226588077663591321e+02
4.833736481312116950e+01
1.487658919085190803e+02
1.480043823741801532e+02
8.116289466857100479e+02
-1.842261099309057215e+02
-2.695569797740869831e+02
2.454454532895811951e+02
1.752981923957909203e+02
-3.974023336850368651e+02
1.134572133144176860e+02
2.569945465003936533e+02
9.160735438349217929e+01
1.832305430106112567e+02
-9.997243719228293912e+00
2.475352531007745327e+00
2.583011066787811956e+02
-1.880174038011464575e+02
-5.938465492162160686e+00
5.578601104638198471e+00
3.014229266658319943e+02
4.536687224714695503e+02
-7.797262711781026212e+01
-9.033725693142972091e+01
-3.202148277844302129e+02
4.198583091791130073e+02
1.257725419265673494e+01
-5.503895061237567887e+00
1.129440175443003227e+02
2.076801147479361020e+02
3.823808328460879125e+01
4.726328521819403932e+02
-2.090391266686008009e+02
3.273894486585093659e+02
1.740274617375659432e+02
7.904046245972264160e+02
-3.159008715769721221e+02
3.497482676814953493e+02
9.269267685075783447e+01
2.372262175348397406e+01
5.110979771089279922e+01
7.531431708929422086e+01
-3.470123563101730042e+02
-1.063406156878231030e+02
-2.956693015555877082e+02
4.144327516002545053e+01
-4.778340732433222229e+02
-5.877214413576200513e+01
2.543541433843092250e+02
-3.422133240124219355e+01
1.557540380911522107e+02
3.729282350331705516e+02
-8.301992829284755260e+01
7.228700868315972627e+01
-2.575842546074459278e+02
3.874694961551858796e+02
-2.954350546348527473e+01
-1.945777891131329440e+01
-2.396786315041857449e+02
2.949161320941853148e+01
1.920783092787346789e+02
-3.316038337150738471e+02
-7.059404528232799692e+01
2.936463539553573128e+02
-2.910141365011147485e+01
-3.880551569682411355e+02
3.903107427604492585e+01
4.713407280683733802e+01
-2.449847802280251869e+02
-3.734236770348489358e+02
3.060523260112781259e+02
6.621600452035413298e+01
2.331989752241629503e+02
-5.141725969647858818e+01
3.184959264723374304e+02
1.856152210079530107e+01
1.376413179456406226e+02
2.276006854334723073e+02
-4.190536057036618445e+02
1.404708985899162883e+02
6.714324501034354853e+01
1.573901915612617053e+01
-1.516678059230079327e+02
-2.440740931222957215e+02
1.633002286259716982e+02
-1.170132933719678334e+02
8.058207172457166223e+01
-1.996789960100902874e+02
2.066669408935013337e+02
1.714165434432241852e+01
-8.316117561109850342e+00
1.134510587638656745e+02
-2.469693821085172658e+02
2.002614264051705391e+02
1.561586835244560802e+02
-1.229508184905337629e+02
1.237762952971616670e+02
-2.121448490535015452e+01
-1.778252756449679737e+02
1.409736313747192185e+02
-2.448591728255887290e+02
-7.822548531024983376e+00
2.857430625468031167e+02
-2.040205597662791490e+02
-1.976727597921563699e+02
8.152486061419190833e+01
6.410985688201164123e+01
-1.844867698796154514e+02
-7.042861939031449481e+01
9.798511061548701662e+01
-2.356536956013061399e+02
-7.231172282316310884e+01
1.963083802555211435e+02
1.500046113469231273e+02
-2.208386612504652078e+02
-1.116231946485903137e+02
-6.732251461650936619e+01
-1.222872169931080606e+02
1.716226233073157914e+02
1.800112072795851077e+02
3.262745725376765904e+01
2.365455786711229109e+02
-1.347860613768061739e+02
-1.716117050792404655e+02
-2.608258304441253586e+02
1.033808940730098982e+02
-9.481628196119997654e+01
-1.840518829638171781e+02
1.000600046333879902e+02
1.829307106769791744e+02
-4.034370539223988317e+01
-3.802354976045158423e+02
1.910035359927760510e+02
3.051943107390174532e+02
-1.045213394253740660e+02
5.268850457028324286e+01
-2.144448251284031812e+02
1.235506260495875352e+02
-1.856305146473665246e+01
-2.724681857194764412e+00
3.185816402215340304e+02
-1.592016470569070350e+02
-4.332313387260877136e+01
5.490664540062272181e+01
1.456682403362217393e+01
-2.692725482822425533e+02
5.703458747285684893e+01
-3.390227494385322160e+01
-1.922457132719417530e+02
2.553833786075212586e+01
5.437790034961829555e+00
1.057164920994733706e+02
1.070581263703299157e+02
2.754822766592722019e+02
-8.238404230007287765e+01
4.889893554585098201e+01
4.243851969788594261e+02
1.144627029324813776e+02
7.889620671947049857e+01
-1.479968085059607290e+02
-1.002934225856465744e+01
-1.377953281642850811e+02
2.388507581755058879e+02
-2.659715978520743533e+02
5.563587139135564286e+01
1.525025484363625026e+02
-1.466823644282324892e+02
1.526549292649410283e+01
5.013036494850052804e+01
3.231822414975541591e+01
1.683307575370682514e+02
-1.156778343489514072e+02
-6.179705856353033511e+01
7.075424015624503227e+01
8.889742025709902862e+01
3.533800292011433157e+02
-4.523376459354548018e+01
1.141231918275343133e+02
-2.646568796408285493e+02
2.372519051078945154e+02
-3.521746778570137337e+01
1.065399463940509861e+02
3.108453041802742973e+02
8.728608061062097079e+01
-2.706625435698477844e+01
-8.559827206196960958e+01
-2.546384805419508552e+02
-1.393660123889151521e+02
4.654907743053569646e+01
-3.615066997804403570e+01
7.618507010978331273e+00
3.022685456368465680e+02
