1.527855004217641181e+03
-7.138776241559621667e+02
-1.567955736935410869e+02
3.878992839478464703e+03
-3.183903372744359785e+03
2.779645885053441816e+03
-8.802978150448974475e+02
1.999427654081073342e+03
-7.577715993354573811e+02
-1.910810855497341834e+02
7.001975191814216259e+01
1.776081369515786037e+03
-2.556504670184404858e+03
5.661633037195638281e+02
-4.796146628812143717e+02
2.882959273316707254e+02
-1.524461469556092879e+03
-5.611915496595021295e+02
-7.165908438080318774e+02
-3.703454580354278391e+02
-1.636905098411222525e+03
-1.367495559351100454e+01
1.805778528484076517e+01
-1.739387430204004204e+03
-7.262614409748824755e+02
-1.014115757707241642e+03
7.289577320675916781e+02
1.047072414278222368e+03
-7.342939388200185249e+02
3.273117139969888854e+02
-2.246381258689771983e+02
-1.342137954645989794e+03
8.873579612636904130e+02
1.475309591766514359e+02
1.096768958101622729e+03
1.404179373616057092e+03
-2.055094294972801094e+01
-5.042213179585407090e+01
-1.254511234140671689e+02
-1.404552787349673508e+03
5.753454986856635287e+02
7.173229387883566233e+02
-4.286959176857299667e+02
-1.661045636374329320e+02
-9.650160619533413637e+02
-1.970587480573162793e+02
1.451604888723130671e+03
1.061767785800022239e+03
1.734037199436669994e+02
1.541136271269608073e+02
-2.605658641520181007e+01
-1.128368097996076585e+03
3.582677083497820263e+02
4.396154026985843757e+02
5.521427194435051433e+02
-2.779905805003051000e+02
-9.821906384099250431e+01
-8.271978884113864297e+02
3.838706632416163984e+02
2.850785310925530780e+02
5.414248058430857782e+02
-1.910927910854134382e+02
3.908637551345203178e+02
-4.925790278598512373e+01
-1.068998835391617206e+02
1.347260965615131909e+03
4.723286490195612259e+02
-3.506978176669843492e+02
9.233633318508120169e+01
1.527513845763919562e+02
3.742843872150084508e+02
3.680726641040515119e+02
-1.878101214012229718e+02
-5.255690490757287989e+02
-2.480943614226202953e+02
-1.947727672744719882e+02
-8.285390672041195330e+02
2.079693910353332740e+02
4.476330009102113081e+02
-4.989938241192351143e+02
6.523097372096955269e+02
7.527270503965726220e+02
1.723406438173522019e+02
-7.548159858594143543e+02
-1.103134511540962421e+03
7.562411574580938805e+02
-1.580180948055042620e+02
3.558088555421394403e+02
-1.387287428653150698e+02
-1.830742972922423348e+02
-6.400701016066709315e+01
-8.154032725315992991e+00
-9.965241679614555892e+01
-6.603940540949002980e+02
1.809521399914638948e+02
-3.355392849060555704e+01
-3.322701164135071394e+02
-7.450830373371611586e+02
-1.003145744919152662e+02
4.020329225493042600e+02
5.455007377776126987e+02
-2.612750680984328255e+02
1.669776827568076101e+02
-1.579356507137215431e+02
1.626414215069277702e+02
-5.411581286999150961e+02
-2.363054924718183827e+02
-2.878967864227775522e+02
-6.169224745276838462e+01
3.795469504233618068e+02
-1.830902457746607297e+02
-5.743854150397360172e+02
-1.312090410230644920e+03
-3.200216543169286183e+02
4.597172151747581097e+02
-1.491589813691502115e+02
9.057207582116397759e+01
-6.114915683607333676e+02
-2.852884901609116923e+02
1.908250894478237285e+02
2.897377365777403213e+01
4.442453517341055544e+02
-2.241847010344657747e+02
2.831676869813952067e+02
5.373794158863582879e+02
-1.870581003273203464e+02
-2.719106980316715863e+02
5.900419545521367581e+02
2.773366471066761960e+02
-2.752998677091737179e+01
-1.459855766564179476e+02
6.317808101426248868e+02
-3.578394350506132469e+02
4.620061279094163638e+02
2.161538075836557482e+02
1.408524847442205896e+02
2.701543431295982032e+02
-3.141825868432883908e+02
1.079470553474612871e+02
-8.579385166465571899e+01
8.321310076283295132e+01
-1.883553911994814811e+01
2.083450526564911058e+02
3.583597076874796130e+02
9.402216870867896148e+00
-4.989877996402721294e+01
-7.121247389430440933e+01
1.990210881886039829e+02
6.438275210334066969e+02
7.864455645706403857e+02
4.271148253666031280e+01
-1.731289290138448393e+02
3.250817844400230570e+02
3.028934448446241277e+02
-9.713067591550647251e+01
1.966833546415358285e+02
1.598692892478938461e+02
4.003322090687722721e+02
-8.299574667922850324e+01
-3.829563986379301355e+02
2.577242970775808431e+02
1.566548473613573655e+01
2.839492234251505351e+02
-5.032703026283663803e+02
-2.138655729484224253e+02
-2.823499137361644671e+02
-3.574966928611394792e+02
9.253016266384933886e+01
3.903624613583365033e+01
1.553506453292071114e+02
9.991246348452347092e+01
-3.924604439767090867e+02
-1.719334566117272232e+02
-1.821186687749247994e+02
-9.916968302613683761e+01
4.183383883148698246e+00
2.054285455919757339e+02
-4.338426248749580623e+02
-3.401031983419742915e+02
3.158465363399113812e+02
-2.350391561341690760e+01
-4.116164788739936284e+02
7.327042147118869764e+01
7.071123708636700655e+01
1.303984866095992743e+02
-3.585010595872397516e+02
1.227795052727144309e+02
-2.332134716045158598e+02
-3.843901007258028244e+02
2.888264028120973421e+02
2.085594982407949090e+02
-4.273963390424997328e+02
-1.257957705621602003e+02
-3.543963248960316719e+02
1.955061397230989542e+02
-4.096922819382434966e+01
-2.104609625883314266e+02
3.921193123770959801e+02
1.507531749116009507e+02
1.180879661733555110e+02
1.586633818249316619e+02
1.697369882036263959e+02
8.113027140951969614e+02
-8.981160233710740215e+01
-2.440151423125399504e+02
-7.441000920975010047e+01
-1.675433516884428400e+02
1.387943849640791143e+02
4.487538679761522786e+01
2.753862136713855193e+02
-4.339904058550721402e+02
-1.792597650288615228e+02
-1.797611152253842022e+02
-9.488698672135316770e+01
3.835136073064649054e+01
1.311780302237781939e+02
2.643143805148038723e+02
-5.263880032472255266e+01
-1.918279494482956125e+02
7.010563026222459371e+01
-3.558449025129287975e+02
2.026082748064034149e+02
-4.101480605395007615e+02
-4.717697420044145247e+02
2.240830525208315294e+02
-6.849954252411215521e+02
-2.432463146904894700e+02
-1.088673710903844523e+02
1.078138912808485799e+02
-2.239405587101751962e+02
-2.114428211111863618e+02
-2.663485230575365748e+01
-3.687353219965355606e+02
1.559799967787810537e+01
2.636493906551189426e+01
4.215752168829192215e+01
5.166767991315096964e+01
1.185023299699496562e+02
-4.051193589078597768e+01
4.980038905087933898e+01
5.000217823498950764e+01
2.253360127964648996e+01
-5.202513263682868683e+02
-3.062797330821950368e+02
1.330988364383960629e+02
1.323518983140988894e+02
-1.063542599187931756e+02
1.837101105550533120e+01
-1.447412653827515499e+02
-3.653340064642199536e+01
4.780674502867371984e+02
3.593301714109297222e+02
4.947795798434449352e+02
-6.217227260232111519e+01
1.044724594390670234e+02
-1.337326069097442200e+02
1.537634330262614810e+02
6.587096232748005775e+01
-2.093789354607527855e+02
2.339320638722297758e+02
-5.565821987464244280e+00
4.739397725078537178e+02
-2.232540186583333934e+02
2.669486040143538048e+02
-1.680183734032689529e+02
2.100404333250819775e+02
3.091845431612878770e+02
4.259515387715037491e+02
1.610433762911439999e+02
-1.697247172223987093e+02
-6.351662200756614851e+01
2.945586020772767597e+02
-1.021202253830484175e+01
-2.504179628475312143e+02
8.205182293063005261e+01
1.133167973976565719e+02
2.325178953336596877e+01
1.678425401799135557e+02
-1.841806482254891648e+02
-1.162404925022169806e+02
-2.690496831504851798e+02
5.432432095317124094e+02
2.153777812763702926e+01
1.581123987843029397e+02
-5.718421613079691213e+01
-4.962946450363086370e+01
2.708597816203168804e+02
-1.741499639880582606e+02
7.124739261163529136e+01
2.260132254811020971e+02
1.067370845756174305e+02
1.750213645964612397e+02
2.737292288930759128e+02
2.875361655039456110e+01
1.370678157706182390e+02
9.973297110095796825e+01
-1.198686929613827346e+02
1.894984821368786641e+02
-1.407985510520272214e+02
2.606551116781255928e+02
