-1.570355342691227634e+03
-5.645846307225561759e+03
2.155607316876689310e+03
4.259313580441302634e+02
-5.825218792420896534e+02
-1.694842498651481037e+03
1.583177026900307737e+03
1.622418620761776765e+03
-1.622768102437844846e+03
-1.926309143687708456e+03
-1.625640370797894093e+03
9.837338625784148860e+01
1.049038974260681471e+03
9.738627148103760192e+02
1.085271941688586821e+03
1.327111255735305349e+03
4.159747760270108756e+02
9.558393686344170703e+01
-1.175708135934135754e+02
2.290634319579053795e+02
3.742720858784255711e+02
4.245575268085500511e+02
-1.744638219582848023e+03
4.454592550124611421e+02
8.659272009144153799e+02
-9.653964811887194628e+02
-5.077620073719037350e+02
-8.063315811970346658e+02
-6.067554757712532592e+02
5.182062188177767439e+02
6.016203630075997566e+00
1.307606900439220396e+02
7.054977461670632692e+02
-1.275840840644369933e+02
-9.536613560995405123e+02
-7.244912464426664656e+01
-1.110387254354624929e+03
2.078379682497944998e+02
-8.097354296370464226e+02
1.067685113834347021e+03
1.363765172644686174e+02
-1.468168289932512778e+02
1.956637790580379487e+03
1.344000613569674215e+03
-5.445383867702057614e+02
-5.547573575011433604e+02
5.970752180865881655e+02
-2.118911883486297825e+02
2.372227751325676337e+01
7.034106936819442808e+02
1.609867562496910693e+02
4.466841053192067648e+02
4.167671843439272834e+02
6.921086951691434308e+01
-4.117250119578260410e+02
1.236933740742287000e+02
-2.007749720381013105e+02
4.171295860580300428e+02
-3.671017357187054699e+02
-7.509936138292482610e+02
6.173967895251607843e+02
-3.338942659146005667e+02
-1.150692452168054160e+03
3.949576570690667268e+02
-5.782986384918870044e+02
8.990933755357814050e+01
-4.726147805808404883e+02
3.926245312696278802e+02
2.790506980776585237e+02
-8.589611270348858625e+02
3.326765354028892716e+02
4.364457760884362187e+02
-4.515037624286775326e+02
-6.182308183310675531e+02
2.764242596980705002e+02
3.823342781527056218e+02
-5.061510326316187616e+02
4.686419811880655288e+02
7.898039569801727566e+02
-2.601594315084536220e+02
8.700500599745424779e+02
-5.979021883586519834e+02
-9.558729351249036199e+02
-2.772976834828109531e+02
6.787171196681267702e+02
5.868656916254418121e+01
-4.033465047710260478e+02
-2.238665133200537127e+02
3.344940178188252276e+02
-3.123922452155584892e+02
-3.424902792701504382e+02
-2.979636286589618521e+02
-3.641982029516729540e+02
-1.494927761464105629e+02
-1.005465746478578950e+02
2.262600697694215626e+02
-2.631174219143499613e+02
2.285835707123922589e+02
-3.192691997790773257e+02
-2.247629726582613898e+02
-2.408391235580103285e+01
-1.544821134640334037e+02
2.341379157493467460e+02
-1.181530363119456979e+02
-1.845256422402895566e+02
3.575782875439743407e+02
7.261830536737581099e+01
-4.064594416651995061e+02
4.227717544132135004e+02
2.908027705342529998e+02
-3.894960747338859051e+02
6.630483075305261309e+01
2.931687014341429176e+02
1.084909391351954184e+02
-3.969523065665443085e+01
-1.143725804284062519e+02
5.466055406856967238e+02
-1.061733096702263310e+03
-3.619245335604944103e+02
3.040074051250522871e+02
-2.846504493462860523e+02
-2.646393282659099100e+02
-2.955715712685373546e+02
-2.071220774954263106e+02
2.597470575983252843e+02
-1.976175015202861687e+02
5.080324382530680793e+01
-3.701863416986087714e+02
-2.436551096692871567e+02
2.676594491760045003e+02
-3.142516558394240178e+02
-4.623682389990034380e+02
-4.523553365178891568e+02
3.217032537777425318e+02
2.689505707797210903e+02
-1.517634032834985192e+02
1.952827570638514771e+02
1.307841542598546027e+02
6.027260089725184855e+01
3.107569885200248336e+02
2.019260882452276462e+01
1.196123033561362803e+02
4.910562206733706034e+02
1.484790437759740769e+02
6.842480186004188170e+01
1.777224775156453234e+02
-1.026026424332803231e+02
-8.549263018056781505e+01
-1.815299133540248988e+02
-1.735976210197646026e+02
-1.838089831108952694e+02
-2.843393855803722658e+02
-1.131086377998206700e+02
2.961210798320032609e+02
8.618659865483206772e+01
-3.190097875536917513e+02
-2.591074454820849269e+02
-2.529530473515935682e+02
-1.593296441067111004e+02
1.157962669473201487e+02
-1.607914050789854912e+02
-4.284260130035241900e+02
-3.078438829734315618e+02
-1.846843381649020159e+02
2.354963856730075520e+02
1.599404871180208261e+02
-1.120019876027151469e+02
-2.817363385054831610e+02
-1.199567668247852197e+02
-2.156248682879246985e+02
1.088660256023571122e+02
-2.862072419376551480e+01
-1.923175919643799148e+02
2.611241143101671582e+02
1.377491545872439538e+01
7.101435213942910707e+01
1.014830015659142504e+02
-1.549082351144113545e+02
1.011838975936115759e+02
1.945143870275214226e+02
4.676067146725958423e+01
1.704075134641238378e+02
3.645686351243460877e+02
6.777875193623803796e+01
-2.886446428140422995e+02
-1.365194120994475391e+01
5.956818429160194484e+01
-2.682232933114601536e+01
-8.662288902150937275e+00
-1.211436551963411006e+02
-1.514310504392877021e+02
-8.301094648242940366e+01
-4.615662917124844000e+01
3.832662455258108736e+01
1.093610786963352552e+02
1.386625779326281283e+01
4.169182248436314353e+01
1.862527361167861955e+02
-2.416340930409481871e+02
9.750841586656005688e+01
5.805963472267194447e+01
-3.886297198191417834e+01
8.905370016340803829e+01
-2.379616401241441537e+01
-2.951275006691279259e+02
-1.948668940862810643e+02
2.960057844600998465e+02
1.404645243667658292e+02
-1.123394564490048282e+02
-1.286713859795284236e+02
5.304966757349316708e+01
2.285565418979300034e+01
-1.037069033414457238e+02
8.339128760455250244e+01
-4.248722455592050551e+01
-2.327696782090940815e+02
1.022170729985413544e+02
1.280314415680842615e+02
1.083560036571004161e+02
1.495418606666756602e+02
-5.451492377938945699e-01
1.106754529169319738e+02
-2.539778091940798390e+02
-4.013015355450151844e+01
-2.413989986297348977e+01
1.243138667530517125e+02
-8.902801777657839466e+01
1.018145950906291688e+02
-8.198749301006654377e+01
-8.607088674557363106e+01
5.511013913576871204e+00
-1.452338654546071517e+01
7.979699969779630031e-01
9.631745249195928693e+01
2.435362313320856131e+01
-1.014736992527007544e+02
2.153744419032826727e+02
4.310742487323869199e+01
1.944720880761085979e+01
1.499110087142158534e+02
-1.080074108655433633e+02
1.174586536367476555e+02
-6.045141509316687944e+01
-7.459271540612511409e+00
-3.869543452942407669e+01
-1.071599668331819544e+02
-4.645789329587875471e+01
-2.020649219173424171e+02
-2.883014237179776629e+01
-8.102343649428236461e+01
1.014828316920345230e+02
2.155154642864726213e+02
-2.055932736540475858e+01
-1.023201435617645387e+02
-8.843879182856699117e+01
4.839550837039289632e+01
-1.013037937074259531e+02
1.182406141541872984e+02
9.917098650678320837e+01
-5.960610435890653491e+01
1.102627213695719455e+01
-8.664379414780739808e+01
1.209743775281953582e+01
-5.671738259871133181e+01
1.275602642400636171e+02
-2.088682953444093116e+01
-2.356767208970751426e+01
7.831862859867651139e+01
2.600620110220689085e+01
4.755553656149294284e+01
-3.394539362070951682e+01
-8.237490945232286776e+01
-3.574352473241849992e+01
1.264569847569057970e+02
-1.324894566534138107e+02
-9.238867773364027869e+01
5.305872373728632851e-01
1.705900126375161676e+02
-8.825997500463840595e+01
-3.696305967150427030e+00
1.119322138621918405e+01
8.447599905693233779e+01
1.556276828380531363e+01
-6.764992086238549973e+01
6.881076663433127294e+01
-1.537264386818690127e+02
-1.467566232556625749e+01
8.142174502013722304e+01
9.789852894990099230e+01
9.979588243372910839e+00
-3.758841240421628149e-01
-2.058829832084932576e+01
7.392208003881954426e+01
5.926253027268981555e+01
6.956181343100163872e+01
8.231768900137684852e+01
-1.185316576115228173e+02
-8.037068455628305230e+01
4.717900092272632406e+00
1.289026794538172105e+01
