2.451333084163834428e+03
-6.610829380401285107e+02
1.383196025505591933e+03
1.532888048842569901e+02
-3.355699281156058987e+03
1.137105646112111344e+03
8.709586501331745012e+02
1.217733151473213411e+03
-1.458610442527090981e+03
-7.311004418526907784e+02
-1.228176550053516848e+03
9.763557564365502230e+02
-3.029623332099698700e+02
-9.411161803899050255e+02
7.090093527207042143e+02
1.504873462944407038e+03
1.608930415918941890e+02
1.260722391383154815e+02
-1.601100074565273871e+03
2.738863156650258475e+02
-2.049883724083699690e+03
-2.502694443745584067e+03
-3.233015266351056880e+02
-1.952861964692366655e+03
-9.588108631290565143e+01
-1.024832620935328123e+03
1.191003888178720899e+03
-5.119321188679877537e+02
1.465143050041251911e+02
-2.662208841858219444e+02
-5.686773594174275104e+02
-6.852692516510630867e+02
2.021084439492491128e+03
2.747576345946833953e+02
-2.460198188659411471e+02
7.658813822522979535e+02
-3.203433675526428601e+02
6.714412399910462454e+02
-4.095546814145677104e+02
3.139089626545448368e+02
-1.519464023595498077e+02
1.596286252436584903e+02
-1.900544462715466807e+02
-7.084098773319171869e+02
9.596998104208572045e+01
-1.164786018758106593e+03
4.214587048895916155e+02
5.605954704913845035e+02
2.952982529327096586e+02
-6.360050165004539480e+01
1.111516738562319517e+02
-8.358573488297930965e+01
-2.602531094959474558e+02
2.116336472856968243e+01
1.031403806768235114e+02
-1.420562611803805453e+02
1.495838724702281297e+02
4.806237525587251298e+02
-1.849008461546797832e+02
-1.970180324289326848e+02
6.109402532246990631e+02
-8.918607884621131632e+01
-2.473298715188147128e+02
1.045520586098100011e+03
-2.136156870112566963e+01
4.139356384302681704e+02
4.050876513983849918e+02
-4.621606412913595818e+02
-1.067367323351261774e+02
-1.381043550054881166e+02
4.454569244275318738e+02
1.794925908365329121e+02
2.045954356274220913e+02
-7.281796251011479626e+02
-8.265658482039390265e+02
-6.080106947510132613e+02
-3.323532379214620391e+02
4.221138500721136211e+02
4.791164437393370577e+02
-2.554425501913278538e+02
1.109251019093642071e+03
2.839220660599398229e+02
5.456840342032558056e+02
-3.244299987392624871e+02
-1.093107608855595799e+03
1.624176372548169525e+02
-5.723965826364023997e+02
1.006854763020996444e+02
-1.422391305932922592e+02
-1.078852862154489571e+02
-2.413005991990344867e+01
4.118312609387717202e+02
2.975222565268772428e+02
-3.652979576833197370e+02
-1.092131184400424502e+02
4.745520974075800495e+02
1.463579149843831999e+02
-8.296958627082056115e-01
-4.682927369964861697e+01
6.423703624082443753e+01
6.934660058999587591e+02
-6.224674631659512443e+02
-4.280186275734830588e+02
-1.967144733163688670e+02
3.255435668064301922e+02
-6.053315094847293949e+02
2.152676321737501439e+02
-3.269051947840886214e+02
-8.694659422119174508e+01
4.409506342698985577e+02
-1.960348553124419198e+02
-6.709130507187834382e+02
-1.335507317175543903e+03
-5.060100393726920061e+02
2.999885885609701859e+02
6.650535662588385577e+00
-8.873850390814459388e+01
-6.428218774917555720e+02
-4.831839694833755061e+02
1.913803348876225243e+02
3.722873894497279821e+02
3.645756985070245264e+02
-4.048363429636684430e+01
1.968488810636741277e+02
1.063254037739644389e+02
5.341975419268440994e+00
-6.476802452177621490e+02
3.788674441984567807e+02
5.375479460976308701e+02
2.100030143617525766e+02
2.468885575634799352e+02
6.888573278050879480e+02
-6.234651974729918038e+02
4.925364713193851571e+02
-7.230512536443298188e+01
-4.554407410007753398e+00
2.230484418060048313e+02
-2.802593800805502724e+02
3.012761147416401855e+02
3.917416207844983660e+02
1.488536606494649561e+02
3.936225705333572478e+01
1.525565102011991883e+02
5.814935229249086888e+02
-5.238598893747819574e+01
-1.466722804862174634e+01
-1.341740086752718923e+02
-1.096535600059699505e+02
4.406549734209057192e+02
2.950069660531630689e+02
-3.561270879170452019e+01
-4.327692775152746663e+02
1.160740446740809801e+02
2.895333369628908713e+02
-3.603427636480333263e+02
7.956844744470504338e+01
8.763280016208901202e+01
8.137243254926365807e+02
-1.969100833702084117e+02
-1.227708185601224216e+02
-1.013892136736008069e+02
-1.333767319834737464e+02
2.068842438655614728e+02
-2.922042045744877896e+02
-2.741618381428174303e+02
8.882907273226206257e+01
-2.470406895013172175e+02
8.949360452783263042e+01
1.033158134979399136e+02
1.856483531037194439e+02
-8.219269152559577662e+01
-3.487475318457597950e+02
-1.571358204435629489e+02
-3.110777919756148435e+01
2.093504615218202147e+01
4.386033077822388293e+01
1.928553283327740075e+02
-4.913664139215496789e+02
-1.446891651904047080e+02
3.106370661827504023e+02
3.705956391590947305e+02
-4.489001042369488914e+02
3.797686081115242587e+02
1.326103151957466650e+02
3.543361939300296513e+02
-1.844154285317947597e+02
-1.133603792202768368e+01
9.430942770588087853e+01
-1.072410829876352238e+02
3.340926273351388431e+02
1.206002827493902743e+02
-3.218923402025183691e+02
-1.725157956884020791e+02
-2.235614086320690035e+02
-1.222471563445052478e+00
-3.175021859691492523e+02
-3.088874668503285648e+02
6.634066833155640097e+01
2.553774700936442628e+02
2.472940804731341302e+02
5.936401403818393874e+01
3.341193824712700575e+02
7.746177894769816703e+02
-1.099492191658342648e+02
-7.911845199775792992e+01
-1.853575461956605608e+01
-1.236652722328181540e+02
1.788912230604766762e+02
-1.524794244599428055e+02
2.129222885984887625e+02
-3.374103014119222053e+02
-3.169375137968584113e+02
8.235348502395703818e+00
-1.924140015316667700e+02
4.814025463508779978e+01
2.520823759648467899e+02
4.081121386215546067e+02
-2.305686976575578058e+02
-7.600841448004047152e+01
1.836273752155447028e+02
-3.427515549740850247e+02
1.704214675747234082e+02
-2.907761688548662278e+02
-2.705725796115066260e+02
2.279392951857240632e+02
-3.876065064195034893e+02
-1.549049453181921763e+02
6.797443639345895861e+01
1.097559950542301692e+02
-1.455601794421980344e+02
1.690940585928366158e+00
-3.063790294164712122e+02
-3.293068750904064927e+02
6.671073724448245912e+01
2.608891663765761564e+02
-2.404725816120970450e+01
6.517839231882459217e+01
2.418631375613738044e+02
1.979245757152316898e+01
-2.093212738147891727e+01
1.105032428205269213e+02
-1.321530436455122128e+02
-5.093073225034593179e+02
-1.669276348815056679e+02
1.281622653864467338e+02
8.191174712470688846e+00
1.456791478825979880e+02
2.843911638083858975e+02
-5.644586236880371644e+01
6.907102881975326625e+01
3.681288563998570567e+02
3.848818889997682504e+02
4.107344214340220105e+02
1.397641137218128620e+02
6.100811225609536592e+01
5.303020827954314953e+00
2.465097019274465424e+02
7.703543087381689247e+01
-3.009221504231079507e+02
2.684756976523282788e+02
4.635758234125621868e+01
5.629685016970688594e+02
-3.156881018760526558e+02
2.112340639508969673e+02
-3.013311640367721225e+02
1.869937389794514786e+02
4.111985523311906263e+02
3.269296470763400748e+02
2.512549449335986367e+02
-8.805302574589180153e+01
-5.413855698414186435e+01
2.120942325538263447e+02
1.453140285902253197e+02
-8.105945493530695600e+00
9.220988661758487126e+01
1.458831726450349642e+01
1.390352736694950693e+02
5.883540647576521110e+01
-4.605534830986618999e+01
-5.748631734736879650e+01
-2.129781908933537693e+02
3.916737689489012268e+02
-5.668440740904053854e+01
2.023254886594457389e+02
-7.824105103656975757e+01
-1.556969675758516303e+02
2.315367065023466751e+02
-8.915307003438644529e+01
1.914258932153404089e+02
-4.100300980530773387e+01
1.217550478816060888e+02
1.797028482840441370e+02
1.798823915700463090e+02
9.894451417759775325e+01
-2.485351185506149108e+01
1.427148677023715209e+02
5.437440670782967089e+01
1.372235411046460172e+02
-1.827510893322451011e+02
3.488964968895851939e+02
