-4.272734368983214154e+03
-5.869669074566717427e+03
1.841668550378265081e+03
1.268330845201978576e+02
-1.176009348753807444e+03
-9.381631188403837314e+02
1.820879445392939033e+03
1.562419590878654162e+03
2.561729192271134821e+02
-2.246969650480032669e+03
-4.635776979646950053e+02
9.808235318061323369e+02
-4.466559148999095328e+02
1.965619907482045846e+03
1.070591019122022317e+03
1.370483725291118617e+03
-1.366348406870320673e+02
-7.855802693229760507e+02
5.988808775588144044e+02
-4.963332913452771891e+02
4.324573536788491879e+02
-4.347180868364916932e+02
-2.319655668000521018e+03
1.032545832008399429e+03
9.123365372719091511e+02
-1.036429370290441966e+03
-2.043875505460044053e+02
-1.106080264967400581e+03
-1.050242086996639500e+03
-1.798424688549298764e+02
1.394661052883739671e+02
-6.922875040136382268e+02
5.910959893278929940e+02
-2.863479843970289380e+02
-9.970504169835126049e+02
-1.213929723863197978e+02
-2.434334707355041161e+01
-5.169353046386134309e+01
9.340938966600552931e+02
2.781828948141804858e+02
-1.813223377516651169e+02
1.601233839277042080e+03
1.414902630700648388e+03
6.530840985158447438e+02
-5.486854001099438847e+02
-7.010957528333283051e+01
3.697150547478941576e+02
5.621458976423092224e+01
3.187554119244223898e+02
-7.704729375761708070e+02
-3.001985180113561000e+02
4.429175829772769930e+02
3.125370185975752975e+02
-2.829186238696814257e+02
2.912380183765685047e+02
7.787080410824314640e+02
-1.359029204135862756e+03
-7.145858228238297727e+01
9.161661032223823042e+01
3.468220449991214878e+02
-3.057129855664438196e+02
9.031484774859218589e+01
-5.578117704452967018e+02
-1.765064188010108523e+02
-7.171333556425620372e+02
-1.153528365437295946e+02
7.270650482907202559e+02
6.540317541122059311e+02
-5.995948917948803114e+01
-5.076458231725771952e+02
-3.413304018249468186e+02
1.948404735162129384e+02
-9.966518135559990696e+02
3.319741024930132198e+02
-3.003466885891245397e+01
5.011081162526961066e+02
-9.253279226036754608e+02
1.629625382845026138e+02
6.854284219456509391e+02
-4.396600916517689370e+02
1.234212349120314371e+02
2.775127772971633888e+01
-6.875559757051595398e+02
3.069549844044845486e+02
6.702122220910939632e+02
3.339149407064680020e+01
4.974478150203886173e+01
4.827376904215288391e+02
4.568495321716945341e+02
-6.331835437394792052e+02
-3.034133884639209100e+02
6.829687338951528091e+02
3.759199682222948127e+02
-4.939521085032050109e+02
1.222260388893614760e+02
-7.084487218743478252e+02
-3.851135849284116262e+02
-4.827446048802109431e+02
-7.401654601612173110e+02
1.517291455948411567e+02
7.191115408225122110e+02
4.022120613249024927e+02
1.943648677522604657e+02
3.626720764480375010e+02
-1.273964080454357770e+02
2.841122248290993184e+02
5.547992384145824190e+02
2.776836923216805531e+02
-2.058121186898531221e+02
1.154110455238500492e+02
1.571496075887132520e+02
-1.001689029009154410e+02
3.009661406700572570e+02
-5.779438838285666407e+02
1.173929904004584017e+02
-1.646589496549611908e+02
4.253728935236662778e+02
-1.141658625546053258e+02
-8.230247966862579005e+02
-2.226817740378094470e+02
1.953662685229954121e+01
-1.733419175199556435e+02
-6.388437579829785591e+02
6.079347234967958258e+01
-1.109118000424691530e+01
-1.685004175575020042e+02
-3.649908780502246941e+02
4.210327973551665082e+02
-7.562467181825313389e+01
1.097499189073781309e+02
3.955143937725562751e+02
-6.430863807493463469e+01
1.062753711585977072e+02
1.576901230726001018e+02
4.278998677584941674e+02
2.078704136399070990e+02
3.194332305944756740e+02
-1.134686507514127953e+02
-4.176920848690292019e+02
1.349754650218613108e+02
3.879488496044745602e+02
2.839151162900877878e+01
2.070677654818591122e+02
1.769542335888833122e+02
-6.546035567763138374e+01
1.103415532643194830e+01
-5.418803660079192923e+02
3.182498442239096903e+02
-1.426435200398788936e+02
7.997403416002147480e+01
-1.428154912377605967e+02
-6.063274570845868539e+02
3.720755876415942254e+01
-2.512577343074635792e+02
-7.941072890387786742e+01
-1.499585344328463066e+02
-2.579819317785649559e+02
-1.078040919639255577e+02
1.438117956779707285e+01
-7.576521316782842064e+01
2.039074921696545175e+02
-7.192304551125364753e+01
-7.824635818850936175e+00
-3.412930189919430291e+02
3.330707294513334915e+01
-2.494071100584695273e+02
-3.696577637121408202e+02
1.803351266071005625e+02
-3.693321252271209687e+01
1.653667886721901255e+02
1.345122263423174900e+02
-2.773322601058169212e+01
-5.244089240397357798e+02
-2.950707590577646897e+02
-7.468991650342793776e+01
-2.679924790650401860e+02
2.538312363347190228e+02
1.245080977702413492e+02
1.588731685094766988e+02
-9.077291182933403491e+01
2.710742484725217309e+02
-2.847151516855403770e+02
1.898576189144574187e+02
5.981862187055984492e+01
2.111519382266785954e+02
-6.610431459975269775e+01
-5.606042964736524681e+01
2.554056381774696263e+02
2.937595874192330712e+02
-2.883269326086387991e+02
-5.192682774234451699e+02
7.688372337757346031e+01
-1.223584455020501949e+01
-3.741753401518931241e+02
2.749850517021206429e+02
-1.519112165805745747e+02
2.348286324547824577e+01
-1.862561336650051658e+02
-3.755776527544711598e+02
-2.558843472550210834e+02
3.856071503109426146e+01
1.430540565760773575e+02
-3.009493857398978207e+02
2.581502561506581372e+01
-1.222257304620929119e+01
-1.539192642038361214e+01
-5.230359339243415917e+01
1.924638527845955025e+02
4.357197577049921478e+01
-5.254365510427754771e+01
1.106829646109582796e+02
-1.050792783855792294e+02
-2.113956940444243457e+02
-1.603025832862706181e+02
-1.512483437610591430e+01
-7.502904493505313610e+01
1.329364886256701084e+01
2.921860575182183766e+02
1.696160885360834811e+02
1.997664368187305968e+02
2.074183481011196477e+02
-5.251776833911211639e+01
7.068407315977475491e+01
-5.000763245976658311e+01
1.908205525700276439e+02
-8.781713876426312027e+01
7.846513928166902474e+01
5.433328361822068686e+00
-1.073323181186624282e+02
2.881029754548136168e+01
2.322140917906226605e+02
2.793801218072983517e+01
-1.493790666257787620e+02
1.378756062580637263e+02
5.830717402031591234e+01
-9.739188127819605256e+01
1.971131050985970745e+01
-6.437995264162932330e+00
1.298782217223327677e+02
-2.804264749658061007e+01
1.836186373724181635e+02
-5.672302239461719964e+00
-6.973830481572368001e+01
2.593474414038981379e+01
-2.465532584228844541e+02
5.260761682057126620e+01
-5.221048228086920773e+01
1.358668246843126042e+02
8.111517011748497907e+01
1.692661555938544780e+02
-1.123507595051079591e+02
7.736683691979050081e+01
-1.010146502417656222e+02
-6.949009199140263604e+01
5.491281862020369609e+00
1.076711030497586705e+02
1.239375698814022115e+02
1.209761697291306319e+02
1.904173971000222139e+02
1.597561017191092336e+00
-2.544690447647773794e+02
1.720493356249241401e+02
6.493788376945393281e+01
9.080612614328996912e+00
2.202375531083822224e+01
7.998392117034890703e+01
2.047511618072270778e+02
-5.461341221750316066e+01
1.772141553314044700e+02
-1.313793405390792373e+02
-1.043177109903403732e+00
-6.232801928570609107e+01
8.787821272555895291e+00
4.577660418278839671e+01
2.577043725729610379e+00
-1.546983448313187921e+02
5.487653074265438136e+01
-9.792633209550558604e+01
-4.723528849133951724e+01
1.730873919333787967e+02
-9.319873000603625712e+01
1.100253999579944804e+02
-7.189327103099218164e+01
1.126726078674515463e+02
-4.389397128549338589e+01
-1.511395420242088790e+02
2.344705732272856835e+01
-3.207921813691377366e+01
-1.047769194147906013e+01
-5.183869613125988707e+01
3.149971341487185494e+00
1.105536179114224922e+02
2.143447977013838113e+01
1.048144291122880247e+02
6.663515417553281850e+01
-7.974284752623630368e+01
-9.177338265757437341e+01
2.688664621787364339e+01
-6.424736300503872144e+01
1.305810474542608404e+02
