-4.207764694260012220e+03
-4.545446170379222167e+03
1.794344515515814237e+03
1.050028912232882305e+02
-1.763413720171085515e+03
-1.441692698397526556e+03
1.145801607603719276e+03
8.339445342524667240e+02
-1.036584811020702773e+03
-2.298958672085986109e+03
-7.602919401105012867e+02
9.780128435434913854e+02
-6.659614789760416897e+02
1.459168269253345898e+03
6.967923869362990672e+02
2.002912101233209796e+03
2.251383628036411721e+02
-1.902990906382319451e+02
2.355364415823887612e+02
-1.263283078362995013e+02
-2.611065211114172371e+02
-3.783324097381714637e+02
-1.289702658826559627e+03
3.538851801859598254e+02
1.320138730002326611e+03
-1.313988206420869574e+03
-1.458960543704300562e+03
-8.189052811200540418e+02
-8.449841192489964214e+02
-7.309098499271291871e+01
1.103628350861865329e+03
-5.681674066260301288e+02
3.913459703132087952e+02
2.869644708529015134e+02
-6.954756158376658277e+02
-5.083246389248711239e+01
-1.277672237512600077e+03
-6.261486108278104439e+02
2.335700735803248449e+02
1.520055084819359479e+02
-3.793681988980992514e+02
4.536344968512790956e+02
1.339726997762636074e+03
3.993630808878037897e+02
-1.373699990653143004e+03
-1.086152638751807444e+03
9.522715884910022623e+02
-3.106326517814698605e+02
1.175387216949010963e+03
1.601579791946646480e+02
-3.796628826944634056e+02
1.762506472829529400e+02
5.777009751619937106e+02
1.318283446791860136e+01
5.827212104967399142e+01
9.017904457515236345e+02
-1.192939007938439090e+03
9.103544195778647463e+02
-6.442345517388213239e+02
-5.293557498010920881e+02
5.195723052364639898e+02
-8.416079269394980145e+01
-5.342290108566714935e+02
4.794409381707962439e+02
-4.606460437156181911e+02
4.259102062395832604e+02
2.224123716734588925e+02
8.213369685483258991e+02
-5.141926758602520131e+00
-6.014593252694456851e+02
-1.477782289931346043e+02
1.767839291982143379e+02
-4.482889398240235437e+02
2.683162907831752477e+02
-2.771662364040610100e+02
2.142308407374779620e+02
-6.802456639634267503e+02
3.366778808229267383e+02
4.730580536542609025e+02
-8.803128392729021812e+01
3.610377442380383854e+02
3.613481387299790413e+02
-5.681700108495988388e+02
1.932855686594136557e+02
1.108904985627181077e+03
-2.641866258365084263e+02
-8.431670895034358182e+01
9.939465930353494016e+00
-7.692434143938433522e+01
-4.021667323307692072e+02
1.139696684986977147e+02
4.269578633712920919e+02
2.453864656766879904e+01
2.341796019599520662e+01
-5.948260742928054015e+02
1.349400879129555619e+02
2.626110184013678577e+02
1.046058917440375780e+02
-7.001536263853250830e+02
-2.883596889226116744e+01
1.475192384989953780e+02
1.872210407514604356e+02
3.939273926450796921e+02
-1.069340818369323927e+02
-9.684895606973542215e+01
1.998047823908499652e+02
8.916127592852511441e+01
-1.790009391916075288e+02
3.323424328838646034e+02
6.514039207740748338e+01
-3.880546134239082221e+02
-3.974309071484158267e+02
-1.352103195313096080e+02
-2.468841128708424151e+02
1.000006924698760429e+02
-4.543284852443512705e+02
2.368306585847412578e+02
-6.477236081983091935e+02
-4.226300928789144109e+02
3.045485351451450029e+01
-3.325634522530518211e+02
-5.517160474199065412e+00
-3.998340515464520877e+02
-7.723896650725484392e+01
9.113456545178537738e+01
2.018250063143575233e+02
-3.588060631737599593e+00
-1.693453072225214839e+02
-3.203389072076070647e+02
1.166250843685591434e+02
-5.888370376379008349e+02
2.878270346454392552e+02
2.208070613938101090e+01
1.965189524832385644e+02
4.489322021409455488e+02
1.317884232400964777e+02
3.253906532477059272e+02
-4.450472913468047977e+02
-8.950134880706131923e+01
1.819021295871239658e+02
-6.068339524528143869e+01
-3.532196435008024196e+02
5.482851619798917682e+02
6.261083980853271669e+01
1.128244432455658028e+02
4.965136189739520489e+01
-3.876276881983428666e+02
8.714549817109057983e+01
1.133910222343333913e+02
4.005344715396795152e+01
3.129459905518768181e+01
-9.135213584193571990e+01
2.609965967570998373e+02
1.512162722858314510e+02
-7.119950502229511358e+01
-5.161581526657258792e+02
-4.284861529352924094e+02
-2.447821918836326347e+02
-9.208275380325102333e+01
-1.911392876661607545e+02
-1.172030760399911031e+02
-3.820329986283244921e+02
-5.130724080816402477e+01
-3.966177336400130571e+02
5.680985377982138971e+02
4.300649136375340476e+01
-1.578730743625437469e+02
1.495251353995751344e+02
-2.628580514869231024e+02
2.857491653026942231e+02
-5.712375220966885792e+01
-3.361796898767237280e+02
-1.713832923325059596e+02
2.840106752050239720e+02
-2.986461107705852669e+02
-3.634586875493656777e+01
1.294704947203468848e+01
2.601088287345485028e+01
1.472998873349310145e+02
2.066642914188209943e+02
6.180431298041749244e+01
-8.948000464036842061e+01
2.233509483443453405e+02
7.384252554215932207e+01
-2.199848099990172443e+02
-2.293969093476383421e+02
2.847420292624928706e+01
2.304152709745553977e+02
-2.866119829449435770e+02
1.999692205800290026e+02
8.488053380483857779e+01
1.957492453974926150e+02
1.961529371437825375e+02
-1.290000767877518513e+02
-2.989135252312124180e+01
1.571718584353735082e+02
-2.519112357762873842e+02
-7.168931463903146550e+01
-2.294231650551178632e+02
1.141574343542503698e+02
6.106455913038686134e+01
-2.272938347623993991e+02
-2.762254236579352806e+01
-9.544958620355460255e+01
2.866372093588889669e+01
-5.212908190924552798e+01
-3.634203623330773070e+01
6.322176398942272613e+01
1.327325867288795678e+02
-1.094524853196827507e+02
4.412942561973411415e+01
8.231587219861940241e+01
-4.144837157015660978e+01
2.979051853360823543e+02
1.516251838402115659e+01
-3.122040039474041251e+01
2.475055011206235918e+02
1.118741782539349998e+02
2.082860754300905626e+02
9.990110580413795560e+01
-3.885231973907766445e+01
-1.298521520849225475e+01
2.698224884275615665e+01
-2.169224593568514479e+02
5.498907821678638896e+01
-6.287611416092984484e+01
-1.250124907035223458e+02
3.619809810082162471e+01
-5.997882552123987665e+01
-3.838606761430776970e+01
2.497976182044512541e+02
-3.587665332176975141e+01
1.644001732406540839e+02
8.838971127113840964e+01
1.075030770791066459e+02
-8.065135131545430625e+01
1.810470553419823148e+02
-8.728383213258396722e+01
5.897245075424079630e+01
2.420422087708729819e+01
2.868320567715440461e+01
-4.584548311263858267e+01
-1.017370202232993677e+02
-2.462615225045709266e+01
-1.968244648262651708e+02
1.504349291474405561e+02
-1.599232928671017930e+02
-1.352167628177944039e+02
-8.109612897961801536e+01
1.345280590206357090e+02
5.084295600710363061e+01
2.424858878143142960e+01
-1.570779672265308058e+01
-1.386114983882475258e+02
-2.294306349453712812e+01
8.993289602015826745e+01
-7.632796544434422970e+01
8.986788176578936316e+01
1.286098471370724496e+02
-2.330890198964626592e+01
-2.432442351194816297e+02
-1.033739415018183827e+01
5.216194978717002328e+01
-1.538741569382631269e+02
1.777526573122295517e+01
-1.238233453830390296e+01
-7.912704750724626024e+01
7.644557487515434957e+01
-3.743508109634591818e+01
-1.666494569702321726e+01
-8.647343207084468020e+01
2.682445979019670546e+01
7.177028106400371144e+01
-1.036385855906759446e+02
-1.752250779869669373e+02
6.699024695072559155e+01
4.383223604849336930e+00
1.823928393617305801e+02
-1.574069315385344225e+02
2.266823586243025090e+01
6.488304232045079800e+01
4.109348293585395595e+01
-1.660773079373317884e+01
-5.744539918451982885e+01
1.232980426841770623e+02
-1.369831220586288225e+02
1.155400682193115500e+02
-1.454322092397706534e+01
-3.579355892436620223e+01
1.413543810387984756e+01
-1.882684918506160727e+02
8.157068185016706252e+01
7.421002144694602620e+00
4.205662436105383506e+01
7.428470286533492128e+01
2.648550571283653454e+01
6.844967455478972340e+00
-8.291765684555561222e+01
-2.554729121676744441e+01
-3.672347463554508096e+01
