5.079527298133142722e+03
-3.990095526455007075e+03
7.337545362453198550e+02
1.094120792154310720e+03
-2.067128554697801974e+03
-5.767528080900435725e+02
1.239546051189824539e+03
4.918723061739019613e+03
-1.159504122114191432e+03
1.859149985516087099e+03
4.718174350411598539e+02
-8.832578186710468344e+02
2.805975008003781113e+03
1.270570549460091343e+03
6.070470234080313503e+02
-1.029394389318493950e+03
1.490465140545382155e+03
6.031458915985771227e+02
1.139240013032743036e+03
6.418731950810803255e+02
4.867215892722110766e+02
2.769299304484314234e+03
-1.292246496571684247e+03
2.146574047651713215e+02
-1.076443154046624386e+03
1.187256607185309804e+03
-2.174961265434774589e+02
9.111856492947382549e+02
1.369428050481508080e+03
-9.059085120863506972e+02
-5.147125786614332128e+02
1.757004861764450425e+03
-6.350764362594741215e+02
6.456023942646776277e+02
-4.391191427284815632e+02
-1.895835969280105360e+02
1.766965079264394376e+02
3.986723124860882308e+02
5.947904542492224778e+01
-4.007057477763331690e+02
-3.229057023884349746e+02
-4.714627457961095160e+02
-1.168307780462015671e+03
5.617104419616624682e+02
-7.327652745171482138e+02
1.451826596269722813e+03
-1.315465954193275877e+02
2.940386251266759245e+02
-5.426806448866859256e+01
-8.657366198102474755e+02
-7.440782880394116319e+02
-2.538655950742495904e+01
4.241601129758258253e+02
-1.999620789095749842e+02
-3.251485476697600916e+02
4.060993024771826754e+02
3.836935969878720698e+02
6.653037597908780754e+02
3.086354549993358205e+02
3.624386419686004501e+02
-2.035853386760584556e+02
-1.110496965622327707e+03
9.282687109781574009e+02
-9.846433131572526918e+02
1.044291717509698998e+02
6.866437947050694675e+02
4.899095992830179966e+02
4.331724825026037138e+02
7.656937857182707603e+02
2.932070808222634923e+02
1.806304679102240129e+02
3.515798014945953014e+02
-2.535141356668214030e+01
5.673289603188325145e+02
-1.446821782365980766e+02
-5.265036804355428330e+02
1.439839711839570668e+02
-5.577857282886415078e+02
7.633154731280059195e+02
5.062332977208938587e+02
-5.048798923265002259e+02
4.664736093380274156e+02
-2.052751050666996662e+02
-1.702862749678514547e+02
1.162032494633175617e+02
-1.074351426041681492e+02
-6.693566734624607761e+01
-1.995079045624643754e+02
4.980070733978690214e+02
-5.172234323183231481e+02
6.370800494808895564e+02
-5.063970832394925878e+02
-6.079536225126965974e+02
-6.039018814154940173e+02
3.953457704156799650e+02
-1.429655296790247831e+01
2.327664333851055005e+02
1.605595942739174404e+02
3.125595004423869341e+02
2.381607183514113615e+02
-3.968092608776803445e+02
2.835205229181394202e+02
-1.087546385039899377e+02
-1.047671179551158929e+02
-5.381337932423357273e+01
-1.243078804777086646e+02
-2.944703458407904009e+02
-4.851210576486379011e+01
6.889691356511440290e+01
5.738320329479543602e+01
4.899069528917424776e+01
1.534657580891703219e+02
1.703385629297739570e+02
-4.248137080510354053e+02
2.072097870962420245e+02
-2.106469020087577633e+02
-2.887654420424670434e+02
-3.268435493597516484e+01
4.962314982325683843e+01
2.099969594371223707e+02
3.698851218222009720e+02
-2.418765360598504515e+02
1.774150707923646735e+02
2.473997057283641254e+02
1.927955032536605984e+02
-8.497803984973420199e+01
2.106565464250730884e+02
-3.288663409704541323e+02
-6.070140269488584863e+02
1.718339862861406289e+02
-2.600482272094945984e+02
-2.954337187539958904e+02
-1.384570411567869712e+02
-1.707172741051027742e+02
6.521979993025399835e+01
8.529167532930343043e+01
3.644232010257887850e+02
-1.838527868611558631e+02
-4.158145197932832815e+01
-1.000693402729541504e+02
-3.907329340891707261e+02
-1.150250471471429279e+02
6.965530690372811478e+02
-2.318302120047717665e+02
-1.745839580009327392e+02
-5.243008505350273651e+01
-1.282056977781164733e+02
1.703430359863767478e+02
4.357078004544522969e+02
-1.513424975541828701e+02
2.777570759348403726e+02
1.870264877496423992e+02
6.980338086623972593e+00
2.322124758494561902e+01
-3.791754020412736992e+01
-1.309325414334068114e+02
2.878778250511996930e+02
1.149637805135372162e+02
2.286410864707700625e+02
-3.272134951395005942e+02
1.641190371478229224e+02
-2.743330176344713323e+02
-1.355410466351968424e+01
6.412432425515335410e+01
8.814093148891865326e+01
-2.923159245755335292e+02
2.797994118931670471e+01
-2.821680904738141749e+02
6.135279138843042546e+01
-1.423813998182088767e+02
6.241458371615163259e+01
2.987287323374839048e+02
2.841226558247396383e+02
-8.705093613274809172e+01
-3.998538097909331555e+02
-2.435393708876207342e+01
7.100695679450051045e+01
-4.839231641561262620e+01
-1.341676691738712464e+02
-2.787940529327724448e+02
3.264229941590032240e+02
-5.391964444560380798e+01
1.336368932780271450e+02
-2.222119435480368566e+01
-1.978188396176739872e+01
-7.200400149364648428e+01
-2.368438464292519896e+01
-3.238489784672280081e+01
-6.741578145729521054e+01
-3.970136682441204812e+02
-1.963456946407916348e+01
-1.909816335404681240e+02
2.163890779238705875e+01
8.168818056441071462e+01
2.756234507909633180e+01
7.432812460604542082e+01
9.179706760741450466e+01
-1.253672663798529499e+02
1.335154678980978815e+02
1.347335862855241828e+02
-2.530850607174704692e+02
-1.452927839917598760e+02
5.803656783636938599e+02
-1.737712151261920326e+02
-1.025142515341275029e+01
-1.635121125787912604e+02
1.096112943720510025e+01
1.666256137428719342e+02
2.925888137779621729e+02
5.135021974791134980e+00
-1.306152606947993320e+02
4.609905180407477587e+01
-5.468146825043054804e+01
1.638246740634185983e+02
-7.693222406791981882e+01
-1.513866921628993509e+02
-5.948445151052330715e+01
4.376415890282144261e+01
-1.845300081483294150e+02
-3.174047332879105170e+02
1.095613657196841473e+02
3.946168291391929728e+01
-2.592317110348133156e+02
-2.273385845691244924e+02
-9.914915224231418733e+01
-3.414659271305238519e+01
7.890710937691640225e+00
-4.808875650315607686e+01
1.850002000376086357e+02
5.544184257593108356e+01
-6.651917688294318509e+01
1.048972936084346372e+02
-7.308985800715437620e+01
2.852413861152065238e+02
2.097617118613095855e+01
-1.793962629358760807e+02
-4.542441686019634517e+01
2.845981860135883608e+02
-1.679802173554871558e+02
-1.752734762321159963e+02
9.133272140548765350e+00
1.559847937743936654e+02
1.548385441846205879e+02
-1.223561891025098305e+02
-8.996146547239588287e+00
1.314992284420242754e+02
-1.734277157974825556e+01
-2.516428838419560066e+01
1.697301889817840959e+01
-7.381593853645065906e+01
1.525970142792286879e+02
3.933245657290344184e+02
9.037380867007549057e+01
-2.491434457425521032e+02
-6.552617750362300342e+01
-8.948268643644401266e+01
-8.823940875099715697e+01
6.406860631814156193e+01
2.423989608818007468e+02
1.654161302753728080e+02
3.074771843034289418e+02
2.759837042858352874e+01
-5.182801568807416004e+01
-1.058467120653680809e+02
3.522100170841662248e+02
6.901135171162675874e+01
1.007004048202021522e+02
6.262734141190421866e+01
-1.174546626605553143e+02
-1.536502153862745388e+02
-1.130501526185482248e+02
-3.676987893318052869e+01
1.063611187330626677e+02
1.857273287606363965e+02
6.837607279825930107e+01
1.118216480398678101e+02
2.962262457438086116e+01
6.265353115149500951e+01
1.483403903041841545e+02
2.495956930804312037e+02
-9.443999208229415387e+01
9.321523916738199489e+01
9.798961639285217018e+01
1.511757309429591487e+02
6.455612000889647817e-01
1.701803067740517861e+02
-2.104023856341177350e+02
1.474661698611656568e+01
-7.344435425813206564e+01
1.200533005798405100e+02
2.181893575487587498e+02
1.271382616486831836e+02
1.554058841517046403e+02
7.630310560595474101e+01
8.676815413786743036e+00
-1.434381079763844902e+01
9.959855642426826705e+01
-1.667281454466906609e+02
-1.216500485639226241e+02
1.775256030133044192e+02
