1.796329431908370964e+02
2.604000245661689405e+03
-2.547804714943422823e+03
-7.245692766157783353e+02
-2.624169590288215204e+03
-2.271674516451793806e+03
-4.644441932945736085e+02
7.286641268942333909e+02
-2.263392743926948697e+03
-1.705303036580794014e+03
-1.294801988731055189e+03
2.328017844554062322e+03
1.009019980636772857e+03
3.702713786029782455e+02
-7.206526552095003808e+02
8.073161844936906846e+02
2.691645404358250744e+02
7.819541856510778643e+02
-3.446871262945107901e+02
-2.777448976641563831e+02
9.123381146528428189e+02
1.348135158599284580e+02
-1.280148457891620637e+03
8.242534940291205885e+02
2.394854331939644396e+02
-2.552284037552398672e+02
5.292700471786920389e+02
2.057752294275192995e+01
2.733037592213734115e+02
7.400048893177589662e+02
-3.874968739743025026e+02
9.127467953462645482e+02
4.455739678820761469e+02
3.764854413827179087e+02
-1.575240361722730995e+02
-1.322465743795848141e+02
-8.875890260309029145e+01
1.005474742744132612e+02
-5.828924734602706792e+01
6.662348099191497113e+02
2.303225039311173816e+02
3.232346268978442367e+02
-2.005257416679346250e+02
-5.696037119250847809e+02
4.862205081833779445e+02
4.760750269055040462e+02
-5.228331280236216116e+01
-6.244638425398262171e+01
-4.165653222355824710e+02
2.467094670896552202e+02
4.318587128379231217e+02
-2.304187386440595446e+02
5.221334831171798214e+02
-1.253769627582045558e+02
-5.434100675628450290e+02
4.063916992827614081e+02
-2.376673785715268394e+01
2.794861930896468039e+02
-4.502933744387551087e+02
-2.140694618671265630e+02
-1.391664925795702459e+02
-4.111967780899196612e+01
9.761104847085816516e+01
3.485725986020865008e+01
-2.422108460844831654e+02
-2.704939454945729835e+02
-3.115737761765336700e+02
9.510951162162152173e+01
-2.306368678578249956e+02
-1.876096252220368399e+02
-3.277444937976501933e+02
-4.170507515570764099e+02
-1.184575890906303357e+02
-1.484745938816559629e+01
-4.135874890437930276e+02
-5.317004115432671369e+02
3.441596356001372783e+02
-3.442338927523829284e+02
-2.641899550285933742e+02
5.986793125150999231e+02
-1.598394809322200842e+02
1.539565624335552911e+02
-1.773183300743404800e+02
4.977775693769792156e+02
8.304203461001924325e+01
4.247376514850534335e+01
-2.418702231804023128e+01
-1.168876014682691107e+02
3.129683632144262901e+02
3.739572826773168686e+02
-1.666669475575000376e+02
-2.817066061848308891e+02
1.106499173474563413e+01
-1.917159374386587700e+01
-2.260850729066148190e+01
-1.199198546838990040e+02
-8.370842231296947489e+01
2.420503631704884739e+01
6.345651699577434357e+01
2.294618759018707124e+02
-1.407753548469775069e+02
-7.382636036468777263e+01
1.159022020692670480e+02
1.665867168661358022e+01
-2.054385687239463039e+02
2.889750176603474188e+02
1.646667240968870942e+02
9.661334270106941347e+01
2.590065044691912988e+01
-1.230634614696910774e+02
9.305759938979397816e+01
2.401210408155351104e+02
-4.956912049589626434e+01
8.420159595462106950e+01
1.988251362429975586e+02
-5.030947476454626610e+01
2.713484621068839147e+02
1.943506463696726883e+02
1.841139696205731866e+02
-1.111622028332262886e+02
-1.207875244985542018e+01
-2.234927641783096988e+02
-1.345879795655001772e+02
7.153524186281981656e+01
-2.145198806926062502e+02
-3.770325964821172704e+01
1.071464636379700011e+02
7.197248836567023034e+01
-2.673308260186724965e+02
-4.824285878089767010e+01
1.266072498140214861e+02
-2.634899283723862027e+02
2.104704634268332768e+02
-1.203493651837392093e+02
-2.656981367661951765e+01
6.167916249727205980e+00
-5.795027318546014783e+01
1.377811784226109069e+02
-2.328546643212990830e+01
-1.329972420149095171e+02
-4.204443179074158365e+01
4.975458316334882625e+01
-1.855786414505323592e+02
-1.621992870304916892e+02
-1.630873245165021501e+02
-2.503719907296203218e+01
5.690478362545535873e+01
-6.738258467687202824e+01
-5.118886429366545343e+01
5.924594302740878504e+01
-1.387934772175531748e+02
2.037513633055343973e+02
-2.996963120962912797e+01
-7.479946305858604205e+01
-1.994386195946543339e+01
2.124387688337751712e+01
1.007832298238643034e+02
4.498992350921797367e+01
7.706637036257738771e+01
1.710474973534876995e+02
-8.463631571869349557e+01
-1.144891426087290540e+02
-1.824735556416465272e+02
1.688492679946287183e+02
-1.352329498675272816e+02
-9.200166475176405356e+01
-1.258354257625099848e+01
-1.602841576724371748e+02
1.304682818479166144e+02
-4.450909812120933395e+01
-4.763928852782672863e+01
-3.397912412685126782e+01
4.707926957271492086e+01
-1.201025854463937463e+02
-3.092261676868918840e+01
-2.739144011345536569e+02
-6.207569663849110242e+01
-7.639274135082231965e+01
-4.105095430557937242e+00
9.083152885670307342e+01
-3.377427051878894559e+01
9.615071584348139311e+01
-5.086668658637847074e+01
-1.414473450871549289e+02
-1.243291357423598475e-01
-5.019385134516632974e+01
-7.880018871062426911e+01
-1.148435153749947446e+01
1.260036091112084193e+02
-2.560748924414256678e+01
8.758596110234240939e+01
-2.145620553041044332e+02
9.053870571202243411e+01
1.176879551993726380e+02
-5.217145848224778604e+01
4.114402584517607409e+01
5.332969514477766637e+01
-7.938126726049264903e+01
-1.051553750567887136e+02
-6.463495696635885679e+01
1.452322504740018019e+02
2.003295944764263581e+01
-5.780168880130243991e+00
8.870566244103654796e+00
-8.102436549029017954e+01
-5.243287057747218682e+01
6.652795581538865122e+01
-3.402993547056679802e+01
2.398993850402307171e+00
4.058229584280692137e+01
-3.800415473051961612e+01
-1.287702793774517147e+02
-4.758411681255937253e+01
7.699632669922451100e+01
2.505611363335366448e+01
-9.968665803891799726e+01
-8.906685677093836517e+00
-3.059910177915623919e+01
1.555771570586204859e+02
-2.203905086896089216e+01
2.193189234780892320e+02
3.118937439480381713e+01
1.414740142280542443e+02
-9.384923805039990441e+01
6.946622841357419986e+01
1.034665655635074728e+02
1.143077830327803923e+02
-7.434871892745287880e+01
-8.695700064471169810e+01
-8.989896137046983426e+01
-5.514027242797070727e+01
5.211527815209340275e+00
-3.173887547248005703e+01
1.914270538090667344e+02
1.719969517448772578e+01
6.468143008272008387e+01
2.615565635994119020e+01
-6.371448360962102697e+01
-6.136239418611769914e+00
1.524189554431696614e+01
-1.267891541997686389e+01
-6.264808057759225335e+00
4.941912715897876041e+01
2.988385702349206596e+01
4.632436601543966503e+01
4.175922442909615739e+01
4.446262213917246697e+01
9.351648557202123868e+01
-2.831740226098666469e+01
-8.919826851064115658e+00
-4.829368162385031127e+01
8.431533580344068923e+01
-1.488751933489284340e+02
-2.528566770561075572e+01
-2.018993156801069944e+01
-1.635835350171683729e+02
7.074885733199317883e+01
8.445375410345871359e+00
1.003015365784093831e+02
-6.738856655050582845e+00
6.077285598544420964e+01
1.091435774850137186e+01
-2.745587008891517300e+01
-4.579841415267137705e+01
-1.525564727400749732e+01
4.776632283246021160e+01
-5.060576801744671371e+01
-1.185582476772552099e+02
3.390808032028477470e+00
-7.548638631249946229e+01
1.120368222473295532e+02
2.035471492491461021e+01
-2.128339592979217088e+01
8.432118306917575978e+01
1.156762290377140268e+01
1.137448983933364985e+02
-4.461943946096528180e+01
-2.662112016463765940e+01
1.907834589153339522e+01
4.797995778695330671e+01
1.449325000389081275e+01
3.302801061737660859e+01
3.014187276517816017e+01
6.443683068504944345e+01
8.436539583729574687e+00
4.060779115250472415e+01
-6.505096347475040375e+01
-8.766205362623423980e+00
1.707204264675425875e+01
-2.518144509796957209e+01
7.987985869766463054e+01
-5.769432579866772670e+01
-4.651494926174734701e+01
7.006175123730522536e+00
-9.189680778241041126e-02
-1.148623567850588216e+02
-8.389700849790668258e+01
-4.331659317958117583e+01
8.479617177865790723e+01
-1.012107549796347961e+01
