-2.812028092867440137e+03
-5.474214404072893558e+03
1.978893981716116059e+03
1.878562324827931434e+03
-1.598238066209255294e+03
-1.350014424025381231e+03
8.892511597796979004e+02
2.822804107044758894e+03
3.598100393584053336e+02
-9.578231160964146511e+02
-1.181908187343503641e+03
-6.663604317206386440e+01
-1.605701923088675471e+02
2.138913916472046367e+03
-2.999153169225551210e+02
3.155486623808241688e+02
-1.429457997710652535e+02
4.561499457193939975e+02
-2.211745049120101157e+03
-5.371425184961007204e+01
1.991544802522075770e+02
-3.452964834233443980e+02
-7.535088497089124076e+02
8.699065393262061434e+02
8.762411005450021548e+02
-6.120710503776450651e+02
3.714642941601256894e+02
-1.232762597078424051e+03
4.742719252095726006e+02
1.745308128319803416e+02
3.902776791954742066e+02
-3.542277178921046357e+02
-1.154267235535142163e+03
-1.983862060706088187e+03
7.937441556397800468e+02
-7.127592270246537964e+02
5.300997314186872700e+02
9.294231401020505245e+02
4.419159032217343963e+01
5.614889536933829817e+01
4.057008368249422006e+02
-7.431208050718248614e+02
7.705576913206336940e+02
9.970752440734115680e+02
3.030254202978132412e+02
9.790738624074421068e+02
6.329350886777805272e+02
-5.457784312298648643e+01
3.130594830054806721e+02
-7.532661427477900133e+02
-6.304628430890137452e+02
4.473920306252854573e+01
-3.246531809274531497e+02
2.253445291681174467e+02
2.741672615781415701e+01
3.790648106232634404e+02
-1.952720982880924510e+02
4.252654737855940539e+02
-2.921342887489170081e+01
1.162413798880907734e+03
-6.122400822991809832e+01
-1.023268377086611395e+03
2.829386856507448922e+00
-1.090443697037738957e+03
-2.528690522127286897e+02
3.462907986492388659e+02
5.368745667059938569e+02
6.756674098998363434e+02
7.275094981062120496e+02
-3.812901328091844562e+02
3.160348980747155565e+02
6.794060506963647867e+02
-4.513016408590447668e+02
3.253330454747223257e+02
1.104156805366492051e+02
-2.555971078488444164e+02
-2.974695816335621501e+01
-2.836564224494566133e+02
2.380573813950041995e+02
5.584218737578474929e+02
-6.141081741535129312e-01
-8.737745300533325690e+02
2.674598656106953172e+02
8.686522284132335017e+02
1.207097963744452272e+03
2.483626435797409613e+02
8.453068196449603988e+01
5.812575319807222058e+02
-3.494811535406542475e+02
-9.261770016129972083e-01
5.457770060522394715e+02
-6.309066999462215790e+02
4.613553809828545127e+02
2.311929692488733963e+02
5.879075290096446906e+02
6.606089454229989144e+01
-5.647782579801704514e+02
-1.744412040154237502e+02
4.762911916999428286e+02
-2.862151890357160937e+02
-1.523576848568675928e+02
2.610239478745274937e+02
-5.428091664070158373e+01
5.492091449446750175e+02
-1.675583492355061423e+02
-4.738932268571814177e+01
1.716213177556776941e+02
-1.198264385192232595e+02
-3.117383059118840265e+02
-7.408872037139812505e+01
-1.030418359083647601e+02
3.876750430902684741e+01
9.368307963615578728e+02
-2.014539733366669054e+02
-2.497379279908525618e+01
2.496780665089888203e+02
-5.356911247339188975e+01
-2.400490784878448380e+02
-1.809692027125890945e+01
1.513064777181255351e+02
5.268507547964092055e+02
-1.323260237784260767e+02
4.550535570772537142e+01
1.228287499813258563e+02
4.403523560297517179e+02
-8.232257948377481682e+01
-2.902892000254479967e+02
5.101796474729495401e+01
2.747909381461594194e+02
4.849782048234042122e+02
2.151598350238023372e+01
-2.502680731493295525e+02
-4.049228768605838695e+02
7.135493594447498253e+02
2.647261212141962119e+02
9.178345658099566151e+01
-1.462003524915853063e+02
8.588491331883743385e+01
1.139515161917384205e+02
6.634856667717998562e+02
-1.882171160954906952e+02
-1.771548221743422005e+02
1.651555381188271951e+02
4.951802773719876427e+02
-2.033518442379069597e+02
3.948920890882714616e+02
2.539076319655967495e+02
-5.350302861342060368e+01
2.587502371550168334e+01
-1.320638315995065284e+02
-4.186475148914401245e+01
3.934581792044812687e+01
-4.630916387441967572e+02
2.401838187587433637e+01
-6.607178622201896587e+02
-1.695333561257305064e+02
-3.336849119893812343e+01
1.662789991877376963e+02
2.520374595911353310e+02
3.175385139547941993e+00
-2.211840077963258580e+02
-1.868230295221871984e+02
-5.838169063297618777e+02
2.356641850139771748e+02
-3.658920888146662378e+02
1.072295152805012037e+02
-2.199081607847644193e+02
-1.647275784601296422e+01
4.237310991504788262e+02
-4.648990131546470366e+02
7.182581311951547143e+00
2.688511221598769225e+02
1.062568647058628635e+01
-3.021883170038981348e+02
1.059081554605102582e+02
5.757781442162456642e+01
-2.296671809838170191e+02
-3.504205622021308386e+02
1.110170013015497972e+02
2.269277259749635220e+02
1.867727911537636771e+02
1.109938673780023777e+01
1.118421107599156414e+02
-7.420260914868939039e+01
7.322917034934613412e+01
1.642165337606897424e+02
-4.133271212811451392e+02
8.235626190558505755e+01
2.565100306764176139e+02
-9.024041487858168864e+01
-2.571700203199334851e+02
-2.676773891257674336e+02
3.583073685213320232e+02
1.249931705416585288e+02
2.269022712552371104e+02
-1.800190251805717025e+02
7.054650755923748306e+01
-1.370300187737022100e+02
-1.799570152532301393e+02
-3.309939569858654096e+01
2.692604823997788444e+01
1.420810690044087607e+02
-2.221831553486564559e+01
-2.383832623001642617e+02
3.022067437294764858e+01
-3.793991017735322657e+01
-1.959531046882881071e+02
2.070962453697293171e+01
3.392685039938572089e+01
-8.506020668751719427e+01
4.137499939363155477e+02
-3.081915712976721125e+02
-1.226545715936370584e+02
2.705519755169725045e+02
-1.879891976255215980e+02
-1.334692384179011242e+02
-1.161430686903419058e+02
6.584103503025109205e+01
-1.379813607233941752e+02
-3.483586824338827341e+02
2.090690451308884690e+02
1.698947332433484974e+02
-4.790104820771301775e+01
-2.118148017114362744e+02
-4.717746513499580630e+01
-1.101097514105866395e+02
1.586867729288256044e+02
6.713938418048449819e+01
-3.715001138412035431e+01
-3.801363118291748577e+01
-2.442249313390716381e+01
-2.236635663396327232e+02
-2.087715073934596433e+02
1.759442937635394628e+02
-6.624738386477686447e+01
-2.187433348029308604e+02
-2.290238298078853774e+01
4.202667733149792753e+02
-4.499655263698758745e+01
-4.027766974201099401e+02
-4.246333285282417336e+01
2.378732859672605002e+02
-3.658528570190243556e+01
-5.494713466358145126e+01
-4.538467463798339168e+02
-1.189235736127537102e+01
2.413784830486197563e+02
2.902447947091868627e+02
4.264362929041670327e+02
5.208994407967729501e+01
-1.176013266678768048e+02
-5.059987846148636947e+01
-2.099542899056943384e+02
-2.201372386178335034e+02
-4.542597054760913267e+01
-7.599797707571318561e+00
-5.700714136203315974e+01
-5.460750987359621433e+01
-4.359119466832633094e+01
7.989668324627048435e+01
8.411930528877275037e+01
2.587185776807668844e+02
-8.930505670102276383e+01
-1.856683297857524053e+02
3.780260270330600747e+02
7.401536632361407442e+01
3.647938889992248050e+02
-1.897996726776945593e+02
-6.147219811269111034e+01
-2.664512746172435982e+02
7.970212400565887378e+01
-1.862024965074863587e+02
5.078446202031144452e+01
2.412689377240428712e+02
-2.495795069932025001e+02
-8.954453020727659407e+01
1.363436886904338792e+02
-3.054280094769155340e+01
2.325217077045769258e+02
-1.474356115406091590e+02
-7.350058792181867773e+01
-6.228628801281478644e+01
-1.131637961377347352e+02
2.965870363207870923e+02
-6.807126579748188355e+00
1.816279749297517867e+02
-2.270501624464278052e+02
2.979052300821027757e+02
5.997967039500070996e+01
1.460390927554849725e+02
1.404046912011068002e+02
8.979693498347771197e+00
-6.221961510434688591e+01
4.724608580162737326e+01
-3.769985218832578653e+02
-8.268283202896080297e+01
3.978400749901997102e+01
-1.750650221030992952e+02
-1.657693012775704062e+02
1.660136694967032724e+02
