-5.856189336654429098e+03
-1.370967014251203182e+03
-6.873525498531138282e+02
8.376540829274670159e+02
-2.233227445230686953e+03
4.006002272033840228e+01
8.587934470405510012e+01
3.538257446697488376e+03
1.889695022574263419e+02
4.582075046650105605e+02
-4.195662733259490778e+03
-1.580800805789804997e+02
3.962978037070284927e+02
-2.073744929684285125e+03
2.858959970434338516e+02
-5.248869985438351193e+01
5.416324668918114185e+02
7.958417829398946424e+02
-7.213627578372075959e+02
-9.022357455214764741e+02
-4.126958418393440979e+02
-1.479329628457666331e+03
-1.121178249711250828e+03
1.241691765729014833e+03
-7.916593250580378935e+02
-5.206169629187454575e+02
4.497712079708322790e+02
1.194550346329483773e+03
-4.335945840120891717e+02
-1.700159935257235020e+02
6.923591254348369830e+02
-1.361601662687111002e+03
-9.965651356661810496e+02
-4.985468726082766580e+02
-1.254151805217973788e+03
-1.408219158320393944e+03
7.880478787836967740e+02
-5.538716947856308934e+02
5.289400122723503728e+02
6.253985131688654064e+02
1.452378382163057147e+01
6.768277633174254788e+02
3.429856922846613543e+02
-4.076244582055601882e+02
-1.000551872108531484e+02
-5.630575277123080014e+02
-1.122916591827408638e+03
-2.990598398348604405e+02
5.357888524085085464e+02
4.269207304682921631e+02
4.785606624663141133e+02
2.401685108982175905e+02
-8.375235250036000707e+02
-4.173105306884431229e+02
-3.294677871116134611e+02
-1.451311338832394249e+01
-2.930022527184125352e+02
2.159524909623207805e+02
-7.809257307335675478e+02
-3.983732064927458794e+01
-1.286167175122770345e+02
-5.770703609820297970e+02
-1.394228902005643818e+02
1.876508602001449617e+02
6.688800903144814356e+02
-6.282177940025328411e+01
2.188065014558414134e+02
-5.868061968790107130e+02
-9.607949519481053358e+02
5.110959674670938568e+01
7.689056218168887824e+01
-9.028168955137861218e+00
3.500000387216214790e+02
1.430090213655695663e+01
1.922961001882701453e+02
-1.988788990660453919e+02
-3.248774573145931299e+02
-1.437812393556039625e+00
3.895169148638935894e+02
5.813198800963414214e+02
5.128157160828034478e+01
9.582754028748410065e+02
3.510589925742575588e+02
-1.738028603991986643e+02
-4.296851115485055743e+02
-5.845994076444378607e+02
3.450407367905801692e+01
3.533334545824453130e+02
2.233548327101405278e+02
-1.079838859749860980e+01
2.063476522270957787e+02
3.937569473483586648e+02
1.392746202591117992e+02
-3.446617881598310760e+02
-2.396938928475136663e+02
-2.631990576580702736e+02
6.290949132779079491e+02
2.932247256253053251e+02
1.524941728084152146e+02
-6.918799923829591592e+01
-2.529790788000906332e+02
1.614075526578579627e+02
7.909925213608228489e+01
1.760577042017169163e+02
-2.213315434117569112e+02
-8.533349510671978067e+01
-3.345056744544615412e+02
1.789283791474510679e+02
2.011520499779934141e+02
1.556928758870913327e+02
-3.415458806387321999e+01
-1.097761182985909159e+02
3.298992038350851885e+02
1.307202657186900581e+02
-6.400735439640410362e+00
5.991713331056642033e+01
-3.743682324886455035e+02
-9.846333625832428993e+01
-2.153942455572812378e+02
-2.287496134403621966e+02
-4.100960253489031970e+02
3.301390638601079530e+01
-3.208355613290848396e+02
-4.704234364457051925e+02
1.563741683172582997e+00
1.707196044664131875e+02
-4.922887242859600292e+02
-1.342072670572311495e+02
-1.605618700095865563e+02
-4.459396840812790401e+02
-2.251945695730930481e+02
1.917253617596251161e+02
1.382567182711934208e+02
1.402221116472625511e+02
8.182693462405644880e+01
-2.586390558361570129e+02
7.893209464623257077e+01
-5.268458913193277482e+01
2.917412821807797059e+02
2.978811792182015594e+01
8.636528925816932656e+01
-1.112456157751292096e+02
2.731047531228346870e+00
2.479862157377830272e+02
-1.816880486233943941e+02
2.083129667391557405e+02
-2.616342692755771395e+02
2.882198068268811753e+01
3.384064820257189581e+02
1.115461136021464199e+02
1.266388014978588785e+02
3.508008322057190753e+01
6.841261480807830253e+01
-2.701009273978531411e+00
-3.730523469808675827e+02
-1.352109168519812101e+02
4.981108717769019734e+01
2.796416377049824291e+02
6.944761129752238560e+01
-2.728570373658760104e+02
1.322651035480600115e+02
3.103999857757029872e+02
9.123870166977039275e+01
-7.403774841000536355e+01
-1.561899360667861458e+02
1.201521118572392854e+00
-1.715484271849840070e+02
2.735712363741890272e+02
3.452089075473459889e+00
7.140915537665769364e+01
4.139101617304807412e+00
-1.241006565739813494e+00
-4.983433122720666830e+01
-3.354381761436147826e+02
-5.375484873330240276e+01
1.718631373813601426e+00
2.635631821123870822e+01
6.998400387120130972e+01
1.648850159165220646e+02
1.573259674463159001e+02
2.564879752656166261e+02
7.628191491301207350e+01
2.435858131807191569e+02
1.580160687923063563e+02
2.373331659967437872e+02
8.664100879553242862e+01
-2.571651773554225429e+02
1.299090750168284387e+02
-5.798781646990861560e+01
1.402262377701030687e+02
-1.453240539955164934e+02
4.949507363206327426e+01
-1.040643072374719793e+02
-1.143845261430059992e+02
2.962112373665983966e+01
6.228381543156038447e+01
-1.406221345187799727e+02
-1.824042755870985673e+02
-4.077653144854224365e+02
4.877308813744180327e+01
-6.629378697482958493e+00
2.533788767608969295e+02
3.917799235595279015e+02
-5.905950450168136712e+01
2.050370949080998741e+02
7.845049711548148252e+01
8.902332242805832152e+01
1.118855192574977764e+02
-7.945060328937320548e+01
1.725925287313267802e+02
3.889734060319637621e+01
-3.364083263134317603e-01
-2.580344553145246778e+02
5.682147012949445575e+00
-6.651971070655909557e+01
-2.736237772376289854e+02
-6.152261484845721995e+00
1.837413108966684376e+02
-1.471247621700883315e+02
5.625780458153770525e+01
-1.818046944454343645e+02
1.242818572379545117e+02
-1.441821507959718360e+02
9.451384237586282211e+01
1.762108477694264153e+01
-3.796966872048393498e+02
4.431222340479957467e+01
3.778427895519762103e+01
7.843078003718268576e+01
-1.044557434863204719e+02
1.554977674675292043e+01
3.871330685944118333e+00
-7.889207593470435143e+01
3.590221002353157331e+01
-1.976462953642293030e+01
-7.613532049555023207e+01
-7.581691923542216216e+01
3.038076468661708418e+01
-4.282395789781868523e+00
-3.587673721389830206e+01
5.942800157196974631e+00
2.034029145382737909e+02
-1.103495970570439511e+02
-1.019022414972363180e+02
7.003808723452249296e+01
1.646102343521044702e+02
2.080578172882722185e+02
-7.131218156935999275e+01
-2.661701026239363088e+01
5.916178165328584271e+01
1.462528278512012392e+01
7.630656181682982719e+01
2.143843842442817049e+02
-1.582248810166436783e+02
1.326520844458364934e+02
-4.965196388534431549e+01
-2.551087928057583269e+02
1.025144511120587367e+02
-1.196077708398942434e+02
8.185728653043487668e+01
-2.000687191582876778e+00
2.439665861600428798e+02
-1.626446701274334998e+02
6.175492397837310676e+01
3.498466252479926908e+01
-4.058913591183063829e+01
1.187961648176183473e+02
9.859807146886106466e+01
4.599557257764251261e+01
1.102126658565362227e+01
3.883715273859572648e+01
-5.534628016734546208e+01
-1.713663670341790350e+02
2.189807425047539624e+01
-2.350760836952869965e+02
-1.105339952916234552e+02
1.928127442618397254e+02
2.290984602063837769e+02
-1.840664958511723341e+02
-7.153970318611268908e+01
6.350848949555421896e+00
2.147543399924431924e+02
1.194074642453725055e+01
-1.637101734539061937e+01
-6.678523668458859675e+01
-1.624967085900404413e+02
6.020289771861366290e+01
1.439511919998054523e+01
-5.161952533829102663e+01
-1.920913814116804019e+01
-9.262610112818521202e+01
7.163474514841817609e+01
9.295646530792627971e+01
-1.467694280093616896e+02
2.384116378463487962e+01
2.264703852764081944e+02
1.453599707056487844e+01
6.991526071136091502e+01
-9.250803419391276350e+01
9.171393219322393975e+01
