-4.432036823977173299e+03
2.222224404044057167e+02
-1.149804314305444905e+03
-3.394373249446429242e+01
-2.175719505992962240e+03
-1.458192218103225287e+03
6.921233577957512750e+01
1.305879058833329964e+03
-1.317213565795889508e+03
1.604346666857301784e+02
-1.170610670708955013e+03
2.398538053084524108e+03
2.036032050248273251e+01
1.440508035643293397e+03
-4.453922601700198811e+02
2.830156663702217088e+02
-8.529239636089446464e+00
3.216404737784752115e+02
-2.960761676772885380e+02
-1.545831483585898241e+02
-8.818022721646441369e+02
-2.519621705460820522e+03
7.834396124760743874e+01
-1.591531912779052163e+03
9.180011839096593462e+01
1.735359906911696442e+02
-7.820931489453928407e+02
4.561845661106982561e+02
1.366541046559030974e+02
-5.613311017977365509e+02
1.223947156089218652e+03
-1.636852324274442481e+03
-1.146176457226218417e+03
3.746216622232646642e+01
2.750705478212615844e+02
-8.477671478583662292e+02
2.121468355936103478e+02
-3.972421742639863851e+02
1.228157809150687854e+03
-1.096570789377759411e+03
-2.081196775837777011e+02
1.131099584191395934e+03
4.757727987428481242e+02
-2.616535335967424771e+02
-8.098052875630146445e+02
-1.075886974101424812e+03
-6.325420097896405025e+01
3.727418289272141578e+02
3.714958800028684323e+02
-1.019102224418141077e+03
-8.604689108467159713e+02
1.305035941785663169e+02
6.861055149960939161e+02
-3.622728812485985372e+02
2.922930178310610358e+02
5.911383722275330683e+02
-5.284136251886618538e+02
5.622810415069255896e+02
-2.849100884008755941e+00
-3.844099052426885432e+00
3.850843492539690516e+01
-3.397762609331566637e+02
-1.352004987247257795e+01
-1.126641734488420781e+02
7.455323379267489372e+02
2.886768336873284966e+02
1.006166601310418400e+03
3.539875773163976760e+02
5.564492196597838074e+02
-2.042296745790266925e+02
-6.510874310418732875e+02
3.562697399804658289e+02
-2.025329374276541898e+02
7.712755692628662985e+01
-1.350408373205514181e+02
4.380533384372204608e+01
-4.459108249012310807e+02
-2.529353905170123795e+01
1.290853042384252092e+02
2.153234420276600076e+02
-2.504181705094958375e+02
5.160971815791526751e+02
3.783582756556000959e+02
-4.817227557877970980e+02
2.070399393086449891e+01
1.282091355037500193e+02
6.759847913570996525e+02
-4.727117743019966838e+02
-4.507477567660319551e+02
-2.285035919436787424e+02
-2.861578008136467588e+01
3.943106045348266520e+01
3.175215387636638980e+02
-3.573597581951710112e+01
-1.171254239227800724e+02
-3.436743303751692906e+02
-3.629567515750354545e+01
7.401562708841710503e+01
-3.235813804682363184e+02
2.246197562908077145e+02
1.790374384703042949e+02
1.974880133837466758e+02
2.457667634647582986e+02
2.289108167517825621e+02
2.773968595283927385e+01
-1.649175693893238588e+02
-1.523805816704676772e+02
-6.239665621721515265e+01
2.925747973955183170e+02
-2.084160063603816013e+02
-2.679336119271192160e+02
-3.652747221713062800e+02
-6.039102447518020256e+01
-5.556945428100955269e+02
-2.104765622643054428e+02
1.059705682519660002e+02
5.886132006924362940e+02
-6.823550061833452673e+01
-1.483594642048193464e+02
1.212199791313035462e+02
3.335698062848846348e+02
4.510785864451555085e+02
2.930582950334003272e+02
-4.293506716636740066e+02
1.346764379751069498e+02
3.507350148723194252e+02
-4.626227092978505766e+02
1.231826811692363748e+02
1.372869161902614508e+02
4.568540340525657939e+02
-2.466212987676798463e+01
7.986764025711563590e+02
5.101095849552276604e+02
-2.904760536266899180e+02
2.404567994339703034e+02
5.501130015227728336e+02
-1.397767475742730703e+01
-9.928388414417702279e+01
-2.197483747453806018e+02
-4.599706195789464047e+00
2.888690012398787417e+02
-3.019970015763781248e+02
6.253891203005937314e+02
-1.462139091912950661e+01
3.161542983579033148e+02
2.565753437639587560e+02
-7.960794485609394542e+02
-2.102421709269740120e+02
6.738871237484623862e+02
-5.644756051242445949e+01
2.419983645982243274e+02
1.270561991490505349e+01
2.510263860869028107e+01
2.344399181823250160e+02
-2.969101252953669814e+02
-1.382151965206476234e+02
2.811832894059278374e+02
3.983778955474565464e+02
3.738644959361560183e+01
-6.455177023330147676e+02
2.932387330411800122e+02
8.351493374184886420e+01
2.916995727227026123e+02
-3.975889775650562683e+02
8.380177561141780984e+01
-4.175078697404989612e+02
8.585721073978731965e+01
1.326940293327809286e+02
5.229143859555756535e+02
3.952288624923811540e+02
-1.615770564258181707e+01
-7.375501518654670008e+02
-4.929999075445106200e+02
-3.697059936672873164e+02
-2.674263587147110002e+02
-9.091902079961370475e+01
3.184144768025922758e+02
7.047620376612302380e+02
1.867291594244356361e+02
2.763133220590255235e+01
4.396571527038674390e+02
-1.889926539334345179e+01
5.140441355007059201e+02
1.087224553472658641e+02
4.571896001294865073e+02
-2.454273923774073012e+02
-5.562805863949235885e+01
1.357702232851112853e+02
-1.291195229080855995e+02
8.780933489889694954e+01
1.872314563888027408e+02
5.942685199571964461e+01
-1.465849813612300245e+01
-9.016623654312839165e+01
-2.772058871014049330e+01
2.293700505068129871e+02
-2.261391769313632665e+02
-8.656320843971880663e+01
8.781976138643290852e+00
6.206253505323248731e+01
-1.897175279591929495e+02
-9.948061170509296858e+01
1.743131036842224830e+02
2.960088242550810946e+02
1.367307376002066519e+02
3.791940290872228729e+02
-1.459817504969562094e+02
1.330819730803083871e+02
-3.102900860505762637e+01
1.702059442708460324e+02
-3.160247242692500791e+01
1.805318758520199935e+02
-1.551273099957574289e+02
5.846042681115442008e+01
-1.907187473753370170e+02
1.644212297997348315e+01
1.723142357324161082e+02
1.418712130293237124e+02
-1.069697243148975758e+02
2.713576912925497595e+02
-2.459286376561869929e+02
2.021373924887394082e+02
-6.398747846884869972e+01
-4.197089856697258483e+02
-6.704466438979987686e+01
-7.871532557401889107e+02
-2.257589157668530220e+02
-2.062513984925123509e+02
-2.630986920252392451e+02
-4.034079606757730403e+02
-2.006746756775206464e+01
1.188091784686812673e+02
6.548434886154421974e+01
-1.472202046825748027e+02
-1.335628561925062456e+02
1.318767792184378891e+02
-5.190227918486914405e+01
-1.749702047604534698e+02
-4.276828276751987801e+01
3.046991568394832370e+02
4.359727355261945547e+01
-1.176650625255433624e+02
-2.349869216400711025e+02
-5.439041843099138305e+02
1.905193792065192326e+01
5.252488288097858913e+02
-1.622789686011143147e+02
-7.709361479310817167e+00
-2.745820553928287495e+02
1.429053288517169165e+02
2.256371872830360132e+02
1.386431583839132031e+02
3.228175405120996970e+02
4.083933515955616400e+01
3.540450281385239464e+02
-6.000062141361718915e+01
-1.051714070397021601e+02
8.758024669925707428e+01
-1.866582295615061469e+02
3.082519643087217105e+02
-4.907610982436649749e+01
9.341580487333702720e+00
-1.811001593438755322e+02
1.861505322862628304e+02
7.211842251171732698e+01
-7.635211843263518006e+01
3.226855411989631079e+02
3.926438362675824010e+02
1.511034409763755662e+02
1.146943814957732855e+02
3.288003345926549628e+02
-2.446760911149103990e+00
3.616607255404921517e+01
-3.512478237004074231e+02
6.045589678537602651e+01
1.800651866674160715e+02
2.116920047831994509e+02
2.580122049515785534e+02
-2.723272838001508376e+02
-1.256836498248662508e+02
-4.471928221859783434e+02
4.431930089610980872e+02
4.376799952169913155e+01
-3.541405194051149863e+01
-1.397130965749085476e+02
-2.378858675415337132e+02
1.084679866036896385e+02
-3.755886108857094285e+01
-2.752023069245954048e+02
4.245654845869783145e+01
-4.291799275411133294e+02
1.605926750788745494e+02
-2.621452784947296522e+01
-9.467042314068322639e+01
2.856836392369100963e+02
-1.322430823133337867e+02
-9.368295749985855991e+01
1.260103978595798679e+02
-4.091967098376557033e+02
6.167336006133381687e+01
