4.556288786148543295e+03
-3.629010615117876569e+03
6.594608211967832858e+02
1.008162563683740132e+03
3.895462482527316439e+01
-1.650095801442925676e+03
1.002235365213631212e+03
3.089661317799932021e+03
-1.572158098997134402e+03
9.099171863015523058e+02
-1.904808159125479278e+03
-5.271783133247091655e+02
2.159246821458341856e+03
-1.145907155940425923e+02
-3.785973700391928105e+02
-6.552366485997710015e+02
2.679049879442006841e+02
6.426043305171014026e+02
-2.012816489362072844e+03
2.873181766031655684e+02
8.956423634804959022e+01
-5.020237974505359944e+02
-5.827672076899378908e+02
1.050032295481905521e+03
2.165617185547027290e+01
1.039195080283459674e+03
8.750393093246912031e+02
-1.130124122628453023e+02
9.478391686883056764e+02
1.519977193413359657e+02
-2.920691394539784937e+02
1.841734875530513818e+03
7.487604206917640113e+02
-1.345073723641108472e+03
-5.084562838129464808e+02
9.799322041524027327e+01
2.692754671400994653e+02
-3.693815625188576632e+02
-3.840225062872846706e+02
5.907826457502724224e+02
9.040553243757571522e+01
-7.021594627320433801e+02
-5.920716737279946074e+02
-1.777623269876760332e+02
5.051811701378846919e+02
6.300701286522025839e+02
-1.016806433148074547e+02
-4.532634050345021848e+01
7.490712525617378788e+02
-2.747681682158365390e+01
-5.645584243155180957e+02
4.404987896202681554e+02
7.990614930073174946e+02
-5.689426860855320456e+02
-3.924661902813022607e+02
1.070079994892984132e+03
2.433152938187522807e+02
4.367230197974649286e+02
-1.690125951912963558e+02
3.374745693541331093e+02
2.131435722920096225e+02
-7.294386898698797950e+02
-1.080808127303196073e+02
-2.345523251151915929e+02
1.126424350198975333e+01
9.508996545163748806e+02
3.687271502817423539e+02
5.085907036768523426e+02
7.455284703651118434e+02
3.241475005332129626e+02
8.027898020058226791e+01
5.151985252892563949e+02
2.890528144867832907e+02
3.379106086120890495e+02
-2.089850239607450249e+02
-4.271338025837189321e+02
4.970564916787187713e+02
-6.476055446777752422e+02
8.255401198569165899e+01
-8.090175133806080510e+01
6.300956207558834876e+02
6.668413884569621359e+02
-4.060376623771443150e+01
3.502876252977031424e+00
-4.042083173255452948e+02
-7.060500796524478062e+01
-2.146913945075538379e+02
3.014852979528257606e+02
1.901255448458833257e+02
-3.948002366877807958e+02
6.406526344007029365e+02
2.098444316920818054e+01
-4.395824839268364030e+02
-1.381843388824636918e+02
3.922648816161315466e+01
3.103290989923349343e+02
6.054571290930686445e+01
5.726348025606928331e+02
3.658609122309689496e+02
-3.458115027056181816e+02
-4.596816585223874085e+02
1.678658483028817727e+01
2.547126682229847461e+02
-3.937904372658840657e+02
5.898249193586050154e+01
-3.928226597359254697e+02
-1.385621158395418888e+02
-5.223329958533726085e+02
2.918833860840568377e+02
-8.028288793572136228e+01
2.367275408664673364e+02
2.564057846491106716e+02
5.016492435718517839e+01
-4.184373364124365366e+02
1.425635653129713489e+02
-1.060169083140847306e+02
-2.388800934919152610e+02
-3.818659163694458698e+02
-6.621543842588111772e+01
-8.803317997580020204e+00
3.553483493958807458e+02
1.275408025714523035e+02
-3.547438509648196714e+02
3.361187495843709598e+02
1.169111082149451732e+02
-8.994737241142550133e+00
2.199003489687725335e+02
8.163412988470845733e+01
-1.495833359466022330e+02
1.523793851495426566e+02
1.247104284087467505e+02
-1.708179306196023788e+02
1.303875952325677758e+02
1.866456039156832389e+02
1.676906134408758362e+02
5.624599636592588325e+01
-2.911097275146471119e+01
-1.833087353377904094e+02
1.850464074208211400e+02
1.270372466193941534e+02
-1.790968466802777641e+02
2.645984093098452306e+01
7.811554041695085004e+01
9.252934844290712135e+01
-1.901969775282925639e+02
1.797489111810882605e+02
2.697534579234812213e+01
-9.301952651781137149e+01
3.850500245911273396e+02
1.169762548425855186e+01
1.845980419547497604e+02
2.586305461340946295e+02
1.367978119921251903e+02
-1.443241383126034805e+01
2.488824839378572449e+02
5.935380271758285886e+01
2.824035374038666077e+02
-8.452172017057655751e+01
1.011280891410936391e+02
9.275981465381478586e+01
-2.585712937480151297e+01
-1.881612076943800957e+02
-1.279341462318681835e+02
3.143266773934142293e+02
2.620444310817052838e+02
-5.986899610273848538e+01
-1.605527507214427985e+01
-2.411845100913145643e+02
1.927661857998922414e+02
-2.179115331279312215e+02
-2.009579077272589984e+02
3.578164486916288638e+02
1.422396687811302911e+02
-4.469067724920513740e+01
-1.570590246501340062e+02
2.114082198817250102e+01
-3.601223736619461846e+01
3.089081376837367188e+01
-1.475596834528694501e+02
-8.899067777790543232e+01
3.016171637993607533e+02
1.225037038180042401e+02
2.412998053158694489e+01
1.775890292006762294e+01
-2.082198107269150853e+02
-1.619202684080799770e+02
1.175000912640864499e+02
-1.373405845402041621e+02
-5.643189952980012691e+01
-3.844534636808216419e+02
-3.701720404443823753e+01
-2.859444650782946269e+02
3.765458976256094559e+01
-5.587057010782817912e+01
-8.706849550072990951e+01
-1.132113595824570780e+02
-5.566731194260931659e+01
-1.948085614194203856e+02
3.077826096186591940e+02
6.711064125424746862e+01
-1.029409632219715292e+02
-1.405208651697779487e+02
2.441048936159682228e+02
-9.262013582495653452e+01
7.091776837267384792e+01
-1.798272792915286402e+02
9.266362381466569431e+00
2.072637621465142104e+02
2.481209942886601425e+02
3.718080618460874121e+01
-1.216085765882257164e+01
-3.368079320497405860e+01
-2.273366634679539366e+00
3.118402751945031071e+01
-1.118104687370881294e+02
-1.186179502104226202e+02
-1.141871432797281756e+02
1.265443021226221134e+02
-1.880930072462346914e+02
-8.378528469523112676e+01
7.163967226106173314e+01
-1.669042300854033156e+00
-1.061062102761496391e+02
-9.072947584109921593e+01
-3.145857516403183922e+02
-1.339398307113503961e+02
-1.273476899531618756e+02
-1.586166943830167320e+01
2.378688266287937552e+02
5.437465311674773005e+01
2.506458017056495535e+01
1.569627971913843112e+02
3.251586745984143789e+01
1.166973562129374358e+02
8.320717130893302738e+01
-1.131983790480461920e+02
-1.810530998914698557e+02
1.811763194208070331e+02
-1.377903572368510652e+02
-2.840109320329539244e+01
-8.681518807580741282e+01
9.175334534225315508e+01
2.070204378590504461e+02
-1.089644704419692545e+02
-2.437676662642045500e+01
9.999973293079857228e+01
7.748387971274803476e+01
-1.189075548313182367e+02
2.904969206045216268e+01
-7.895318366426901946e+01
1.111024599969993005e+02
2.544030519484350634e+02
1.199036767954200400e+02
-1.720743463543118708e+02
-3.129333341623457443e+01
-1.464192951968093936e+01
-1.130442111174171629e+02
1.991067023322022678e+01
7.895532094439045068e+01
-1.103729281519642740e+02
1.845258855196652803e+02
-2.263730466014967533e+02
5.423942474539009595e+01
-1.737246123677177536e+02
2.600088230723430911e+02
6.717525957616958809e-01
-1.605550904823743679e+02
5.112267635590554704e+01
-2.258327806733254022e+02
-7.356309036736720941e+01
-1.281356456447431640e+02
-4.224594221508950653e+01
1.462445319886938080e+02
7.828594580150513593e+01
1.852415756161499303e+02
5.122336846963527535e+01
-5.991988368575323420e+01
-5.260467251314748438e+01
3.404549448911795650e+01
8.762015000429894940e+01
-1.314277409013364490e+02
-6.218466908252790404e+01
9.948157056965474965e+01
-2.410373711885156212e+01
-1.072838105815493321e+02
1.565498932679696793e+02
-1.322981374393665135e+02
6.283577718629544506e+01
-1.078341801020572035e+02
7.459474536757083740e+01
4.973418897237571912e+01
-4.613860096737283101e+01
-1.099363047466045629e+02
1.660397532642575058e+01
-1.107698026100913147e+01
-6.981802722532377459e+01
-2.612182576445054849e+01
-1.327691244451523005e+02
8.906478239420273724e+00
1.054331260736126126e+02
