-2.423040651532668903e+02
-1.982719414752691591e+03
1.961759390743435915e+03
1.846508735875907234e+02
-5.479558673863846707e+03
6.330492037160390737e+02
3.402298788783783152e+02
3.025030881465308084e+03
-3.207461552473506799e+03
-3.014884364455233481e+02
9.734103507696587485e+02
1.945074034532021415e+03
-2.363572167807491496e+03
-7.777452848243134440e+02
1.392211568524475069e+03
-3.942771458512825689e+02
-2.959722209488503495e+02
6.037899625505627910e+02
1.171401722015358018e+03
-1.326669283213870131e+03
2.225928595035333728e+03
-1.145414330458017503e+03
-7.001024068455161569e+02
-3.019620436686546782e+03
1.396705353853639508e+03
6.005692377320948481e+02
-2.350799246411842205e+02
7.877122348671820191e+02
5.518055935922184290e+02
8.146372838496150734e+02
-7.686738848359616441e+02
-1.506567604561046210e+03
-6.242219259501586066e+02
1.068359831285955352e+03
5.935849714243338440e+02
1.991488026144313608e+03
9.923606810504293207e+02
-9.016418005465865235e+02
8.727025712878851209e+02
-1.388873726294056269e+03
1.461418819342841289e+02
3.234290256879255594e+02
-1.966180962742961640e+02
-1.928717012781431094e+03
7.889088059695981201e+02
-7.188866126000074246e+02
8.484677882200803651e+02
2.373670965255011254e+02
5.322877656290884261e+02
6.825439475891997745e+02
-6.688757057043801524e+01
5.187519676540043747e+02
-1.101153605431886945e+03
-2.581165124045668335e+02
9.083886667823925336e+02
6.309304174635176423e+02
-3.644125585507306653e+01
-1.364633079475820068e+03
-1.337622483890606020e+02
1.919275609962315343e+02
4.596445142134336947e+02
-4.186577336999155818e+01
1.121529696465620418e+03
7.493795980181364769e+01
-4.299505088062423965e+02
8.243351820922620163e+02
9.265321167942666989e+02
-5.900891895909916229e+02
4.666215333354036829e+02
6.103078736210653688e+02
1.191598944796052365e+03
-2.886866284547083410e+02
-8.209131621844231574e+01
-5.685442258214073519e+01
-7.971510513036297425e+02
5.821085820303355831e+02
-8.780742174446887702e+02
-2.031962730523875749e+01
8.907232269247566592e+02
-7.469297260846916515e+02
1.892987421524493072e+02
3.042476912986641082e+02
-4.650418128322727540e+01
-7.772404631665650641e+02
-9.367315672198099037e+02
-1.392965730493773435e+01
7.322314402886172502e+02
-2.066597143675850248e+02
1.805196755929264327e+02
-3.182360699246330569e+02
-5.528428497641759805e+02
-9.131346185007593874e+01
-3.439455742058797227e+02
4.540139094786483156e+02
-5.503735957606622833e+02
-6.869904488450258384e+01
9.502081196747195690e+01
-1.147507158145649782e+03
-2.376759191882691482e+02
2.169251372304686640e+02
5.942815421124246313e+02
-3.286713608966149991e+02
7.826537502086053166e+01
-2.792314924989407814e+02
1.423214004426524184e+02
-7.486401613847652925e+02
-1.928996419187050719e+02
-1.330507287611267486e+02
7.062217185154378285e+02
-9.255793922809122876e+01
-1.297026771878168638e+01
-8.099183867384746236e+02
-1.212478890822582116e+03
4.240887109476532402e+01
-7.006467636891828477e+01
-4.471230189390703913e+02
7.013362148486448859e+02
9.452827695160189592e+01
1.715132479575368905e+02
-5.322092744107838769e+01
-8.495493482546359587e+01
4.050026758409313743e+01
3.644728419255852714e+02
6.621897002722964771e+02
6.177508921821270604e+01
-3.890774970750419470e+02
-2.255849543453556976e+02
2.756685630673759420e+02
-8.325403133595212068e+01
3.316739022321186781e+02
-1.639122655132444777e+02
7.960133653454777232e+02
-1.478437839676140300e+02
1.911809031000510117e+01
9.958275889034852923e+01
1.787175788843518092e+02
6.632668762557283344e+02
-3.765882369857449135e+02
5.748535122463572407e+02
-4.348699725641108103e+02
-1.571531677286415807e+01
-2.698256720608371779e+02
-3.071959140782134341e+02
1.670301666748807747e+02
1.353715272630442996e+02
-3.145768935281403742e+02
2.421634570697927202e+01
1.358529124164739414e+02
8.704408192458319036e+02
5.015638851452629297e+02
6.329412252924839777e+01
1.108333345412669360e+02
2.138665247644890997e+02
-1.383748364317111736e+02
-1.938515170695091854e+02
-2.913947444505517481e+01
4.368232008557326935e+02
6.325759993922844160e+02
8.899261684930678484e+00
-9.639223666499137835e+02
1.961769415602684319e+02
-4.220095429044926618e+02
3.289042373291468948e+02
-7.542521495180158126e+02
-2.453483206602340374e+02
-2.169454999770440224e+02
-7.056264359722504196e+02
-7.105114020806652775e+01
4.728193543102498779e+02
1.279399965351966761e+00
2.503808047838610378e+02
-2.134214011661095469e+02
-7.135645419075469817e+02
-8.912230417675685601e+01
-2.736737496091598132e+02
-3.457014185183717814e+02
2.000186041449058791e+02
-2.374281812536410428e+02
-4.818069264862786554e+02
5.091918800293120029e+01
4.438183093701858297e+02
-1.727020104623155703e+02
2.910649204569141943e+02
2.818679185010277024e+02
-2.016576416615052025e+01
-7.217399656180508600e+02
3.466854518029786618e+02
-3.073010968260718982e+02
-1.718670526600054700e+02
1.472817227393838095e+02
-8.828846266319482083e+01
-7.411503866776806717e+02
1.637442195761809671e+02
-3.912116078919604547e+02
-1.365090030200677802e+02
1.046058317555302750e+02
-5.231169365342257151e+02
3.111072313534371006e+02
2.187646292026697949e+02
4.058677741410950830e+02
7.047185518500209866e+01
1.997180008579715889e+02
6.068466016983297777e+02
-4.101539456685660525e+02
-3.219787968147520019e+02
3.881553572813194251e+02
-3.336918341504545538e+02
1.929318707410884883e+02
-2.222824669226646392e+02
4.047215753177358124e+02
-5.155317071512201892e+02
-1.633062516409989371e+02
4.587286990473649695e+01
-2.353613375480315995e+02
-2.069722318243404970e+02
-2.252721693813874708e+02
3.775989024994993883e+02
-1.853075263683660978e+02
-3.897765939866311555e+02
8.066785824406201755e+01
-3.107211010747971045e+02
3.618522195978671334e+02
-2.206221555068181601e+02
-3.818582726095075941e+02
2.308768784259990809e+02
-9.239139223314036826e+02
-2.261430142635481104e+02
-2.666052707682912342e+02
1.063967412857472112e+02
-8.931825594251081668e+01
-7.094236009150149869e+01
-1.169790428730967875e+02
-3.333478878852270100e+01
-1.913062747233971947e+02
-1.566498235846650857e+02
4.177385221183263297e+02
6.537367874285649805e+01
1.260976491668268373e+01
8.962884141499668544e+01
-5.500547693873506461e+01
-2.752518248815786217e-01
-8.793635769829337789e+01
-5.530332150453804161e+02
-4.877873990627811054e+02
-1.299459058698898417e+01
1.215136131727222448e+02
1.457061918920486576e+01
-1.295899696734938402e+02
-4.914815009803306793e+02
-7.595057992133018843e+01
7.127213612952205040e+02
4.234949909449268830e+02
5.979878617643491907e+02
2.230232692560455021e+01
-3.960343315570403533e+00
-3.379450140370705640e+02
2.137714099611114591e+02
-3.307523640313978319e+01
-2.563904358068458009e+02
-3.484888111385388676e+00
4.061469234122463945e+01
3.672221732370978202e+02
-3.268149742037893475e+02
2.824829904179018740e+02
-6.359615788826739191e+01
1.333853800245616128e+02
1.729850475320145975e+01
5.046842123993005771e+02
1.276421515991175681e+02
-1.581447541360388982e+02
5.783583265364350723e+01
2.757989999944135775e+02
2.337374145105770253e+02
-2.943977028497658353e+02
1.488457491446761765e+02
2.918752112688670763e+02
-2.110873277844558871e+01
3.307616013664527372e+02
-7.538138701641709361e+01
-1.062805368110187487e+02
-5.838114792784657539e+02
8.077297818659262703e+02
6.913526889683841148e+01
1.767641432354392634e+02
-1.812483658040520993e+02
4.780718783856194420e+01
2.446279209108349662e+01
3.352598860406541981e+00
-2.674973219702981737e+02
3.763287397983310711e+02
1.079607447489324556e+02
1.427794548702847521e+02
2.431269939126048314e+02
1.315069059722523832e+02
-1.607559658976286130e+02
-2.517194624458099668e+02
-1.826117983705584322e+02
2.575927190244775034e+02
-2.423314011672063089e+02
3.813544790796321422e+02
