-3.271315549035904496e+03
-1.745452266649078638e+03
-1.024941115485544060e+03
1.547887749728031167e+03
3.158886513500763158e+03
2.169469123914953798e+03
8.232241747734761930e+02
-5.873612310431893775e+02
-1.604729082175090980e+03
-9.500726946741790471e+02
1.407763179394000645e+03
2.493957590424762202e+03
-3.498950916351406704e+03
4.245034276545671901e+02
-4.753756272680111579e+02
8.869842197291218326e+02
1.281346882622597832e+03
2.906313370519156365e+02
1.374576473167458516e+03
1.386712058177005531e+02
-8.748212863627796878e+02
-1.168948861720566811e+03
-1.136394320552460840e+03
6.688893811354899981e+02
-5.207934074821531567e+02
3.772584284566266319e+02
5.034350592760727636e+02
2.353907664687423278e+02
-1.047020197220699174e+03
-9.661695223296646873e+01
-9.648660838369272597e+01
-1.031719850980073261e+03
2.187689793954843651e+02
1.772173990570490503e+02
5.409002045321826699e+02
9.568735250526834761e+02
-2.411797269416364031e+02
-8.799568347087108577e+02
7.191609386566043440e+02
-1.640732674590785336e+03
6.758686223720717408e+02
-2.335956662462852051e+00
-9.517946680185522723e+01
-7.323116053046509251e+02
-2.872758168230769371e+01
-1.566571874048802826e+01
2.282585075156634673e+02
1.478789674956213730e+03
8.465427698638832226e+02
-8.043499663444100634e+01
-4.721945907390852426e+01
-2.313961292435429584e+02
5.272969223565871744e+02
-1.064828224730339343e+03
2.797692469217535063e+02
-1.921207033132845368e+02
-7.033478634698575434e+02
1.899137156685943921e+02
-2.136859453626733441e+01
1.985498885059132306e+02
8.699157111459463749e+02
4.377689756420665503e+02
7.734419115515435124e+02
9.463818776096438796e+02
8.998722562719365214e+02
-4.200981400859233759e+02
1.669583599757408479e+02
-6.383517001467837417e+02
4.013323707252570216e+02
8.824204415510646413e+02
-9.250115851515892018e+01
-1.899488289647139538e+02
7.186281951773949004e+02
-2.918667123174443034e+01
-1.204197991292670849e+03
-1.537218487795682051e+02
-3.747787477094889823e+02
3.855239313578506000e+01
-3.167488291581114481e+02
1.558539397977962153e+02
-2.460786554201934848e+02
8.684198195318729177e+02
5.995165570274616584e+02
1.594033327286947781e+02
-1.237731465952494432e+02
-1.053374463555756364e+02
1.931573875043632782e+01
4.038344808529373040e+02
4.011945645554405928e+02
4.032606063332715962e+02
-3.913193988186343120e+01
-8.543902220416427440e+00
-3.968167601730301612e+02
-2.275284405072973026e+00
-3.751130027330589201e+02
-5.603400078506678028e+01
1.569953986575749809e+02
-9.342967888621454620e+01
-6.541621424241627665e+02
4.271575968493323785e+02
1.297795216146110420e+02
-6.017107613403327377e+02
-2.577331062010143228e+02
-8.031861233427949287e+01
-3.521444764140106827e+02
1.555061532674151863e+02
1.772523074075784280e+02
1.044872976944660303e+00
3.710504169977177185e+02
-4.077250422376648586e+00
-7.036354182878461927e+01
-1.544176439976934319e+02
-3.048833949275853001e+02
7.835185040963804681e+01
1.962241216536488366e+02
-5.586189934894555336e+02
-4.425905702521163931e+01
-5.063306742599792187e+02
-1.581421634123621622e+01
2.796785091275403374e+02
-1.184994115502709349e+02
-2.856640806409575362e+02
3.389364090036024209e+02
1.762567669518036837e+02
-7.807119734416124857e+01
1.294575298069562734e+02
-1.384348886295622663e+02
-7.249394525380633070e+01
-1.733210360202580489e+02
-3.352723045612024180e+02
-2.170232140324267505e+02
2.197514564488329256e+02
-2.411807694956639807e+02
2.863629620332964691e+02
-2.313807563796023317e+02
1.911030441251322998e+02
3.469801275247373837e+02
-2.758947442702916533e+02
-8.717136570667356921e+01
-2.299864974201532561e+02
-3.988493094634974057e+01
2.618872065781004608e+02
-1.159174815291556371e+02
-1.565805231871103445e+02
-2.740577219494007011e+01
-2.215220895848648297e+02
-7.651303762113185769e+01
-1.159682904528317948e+02
4.759724134954142869e+02
2.604955809458400608e+02
3.408621745693784533e+02
2.192575390080792985e+01
2.622424506624353739e+02
2.188021410062656287e+02
1.200249742289096133e+02
-1.753720615953285176e+02
-4.115401309399094316e+02
3.763219966430957015e+02
2.688335571816736547e+02
-4.410879089655686585e+02
-2.977177723115012213e+02
2.269107751119164220e+02
3.166196421523339666e+01
-4.244132818112306609e+02
1.380620537383578039e+01
-1.001598509450246866e+02
-1.628578167279003992e+02
3.752860707768726911e+02
1.599292047369422107e+02
2.427251282649274629e+02
-8.406101950063255401e+01
-4.548475808539600429e+00
-6.498562945067783403e+01
-1.196579211702952072e+01
-2.950906121913785114e+02
-1.047299573604635583e+02
4.317222171016695711e+02
1.343174267679253830e+02
4.069620770394532627e+01
3.816156916510263386e+02
6.258138585489263050e+02
-1.939428789462033933e+02
1.712619945054162827e+02
6.293531233353989052e+01
6.638014038591825283e+01
-1.144580197487985203e+02
-9.046926739307434673e+01
-4.213445766825227565e+02
-1.741973483577244792e+02
1.639754755441434213e+02
2.002696351896344709e+02
-6.709212115465027182e+01
-6.217016148329124547e+01
-1.152086188601206658e+02
-2.009428559149438627e+02
-1.573454364885026848e+02
-4.043199740951054082e+02
-3.495487482676664968e+02
3.436885212464871131e+01
-9.519405580771453401e+01
-2.035341144963279874e+02
5.656751539652477589e+01
2.398550718773335859e+02
-3.085368411533884228e+02
1.810009802053947681e+01
8.285890478463917930e+01
-8.788833581950841278e+01
-1.094628690513103493e+02
-8.155800992543296957e+01
1.822246988680717266e+02
-9.556736789028424539e+01
7.891618725080543584e+01
9.746376226901503514e+01
4.994077349813314193e+00
9.249258249488041983e+00
2.924528676096511504e+01
1.505861984650631058e+01
1.041061239822027886e+02
-1.002187107873891421e+02
-2.360108338407182202e+02
-1.412242254734700850e+02
2.287973863367002991e+02
-9.184809147351644754e+01
-1.516407980003533851e+02
-1.521077420089621910e+02
-2.850389624086772073e+02
-9.007414819558218255e+01
2.092391987383573166e+02
-1.557323734538622944e+02
-9.570640432519238061e+01
2.524542147294168046e+02
-6.624289899618445077e+01
-7.251010689491164385e+01
2.357181189828974510e+01
1.198226243754070310e+02
-1.076930168146390230e+02
8.866565828324162624e+01
1.620636514257909084e+02
-8.530709999509969066e+01
-2.535446941182054381e+00
9.436083328324380659e+01
-1.200338118071025946e+02
-2.671233817198370843e+02
-2.861340090488801025e+02
-2.088987971184840546e+02
3.599603383347372620e+00
-6.218589626924217839e+01
-7.300503637636380461e+01
-5.099593408920570425e+01
-9.958135006794609723e+00
3.211418172209122872e+02
1.381947270433038568e+02
2.571028033611056003e+02
-4.519075626942488100e+01
1.154733209353290277e+02
-5.582936473222719087e+01
-1.749616951732557197e+02
-7.299354519108429429e+01
-1.608591202754804783e+02
1.380499684765218262e+02
-1.025659416882209882e+02
1.191232967444226460e+02
-1.381897943448203137e+02
-1.408812969447850527e+01
4.331185501989655506e+01
-1.399485056577061073e+02
3.208818566531780903e+02
-1.321686078041331136e+01
1.140678536653186512e+02
-1.247926596917456123e+02
-3.181685498115529498e+01
3.528304870615860267e+01
2.738386736438848601e+01
-1.365113824085146348e+02
-1.926371236072449165e+02
-1.182806212959192891e+02
7.037186138233506938e+01
2.598424038135038359e+02
-2.127989550715159339e+01
-5.605653367314189950e+01
-4.603037757331598812e+01
2.801992668849772485e+02
-1.182706727466899537e+02
-3.006689996561850364e+01
6.974159074960857652e+01
-7.834231574978906565e+01
2.081266774501339398e+02
1.031852920922064065e+01
-7.864051153454823861e+00
5.051048889605507242e+01
-1.071119225665525221e+02
1.441265301846600551e+02
1.231917251745830129e+02
8.826180175508210368e+01
5.666916305242653351e+01
3.181442757737983129e+01
-4.890282907119509304e+01
8.081916678504173035e+01
-1.471453267807164877e+02
2.111129824422144363e-01
