-7.075435776894439641e+02
-4.730282234131624136e+03
2.968292826336443795e+03
7.419084549680368355e+02
-2.356325939230519907e+03
2.017357126970910599e+02
6.189520419007021701e+02
1.740537251234088217e+03
-3.180951779174363310e+03
-1.158508449670170393e+02
-5.689782923932676795e+02
-2.645089368579959341e+02
-3.175408363253047810e+02
-1.701984211696346847e+03
1.837621327176997283e+02
2.584945034066421385e+02
2.891097528777606271e+02
6.216366231096760657e+02
4.153828291482319059e+02
-1.603253428472797395e+03
-1.483228013051901371e+03
-2.920394365559536141e+02
-8.344033873713463834e+01
-9.754559417209890171e+02
-7.159507856759107653e+02
6.559920923917238724e+02
2.028188891159652485e+02
-4.318105325616721188e+02
1.657248911182357915e+03
-6.477043469517941503e+02
-4.437512850772412207e+02
6.116996332522426201e+02
4.483856993088463696e+02
-7.956666543760582044e+02
-1.788705736116301068e+03
-8.588214233047465314e+02
-5.369410077418756373e+02
9.611703253262974158e+02
-1.750262537793406636e+03
7.942226527344214446e+02
1.564513138433801771e+02
2.170310743227593377e+02
-8.254290998343072943e+02
9.871581523006419729e+02
7.269473817452654885e+02
3.863084712234351628e+02
-2.355810129593180307e+02
3.584275876667631451e+02
4.651938816536934951e+01
-9.670537233411785110e+02
1.103367296630749053e+02
7.989133716861193761e+02
2.122646131820240498e+03
8.414403930350647443e+01
-2.553774454954816520e+01
4.846024989027368974e+02
1.073469874892628013e+03
-1.395331451980037400e+03
2.971542334414109021e+01
3.201566103690792033e+02
3.333345388414823418e+01
-2.491457756686321190e+01
-1.429862661286720993e+02
-8.902049982958060355e+02
-1.669267148271758003e+02
5.028661477397374711e+02
-1.278141461933189476e+02
1.952981694389885945e+02
-6.460217577329437972e+02
1.170969291153117410e+03
1.799071688435455371e+03
-8.872623757671103704e+02
-3.037139498945213063e+02
7.635017161530730618e+02
-6.950423335548539399e+02
-5.644938003820489314e+01
9.273187525612363515e+02
-8.205758125152794946e+02
8.423257955907650967e+02
-2.627915885054700880e+02
5.754096847580741496e+02
1.539493614627438944e+02
-6.789519895209894962e+00
2.431265168664681084e+02
9.320572824538419354e+02
-8.498838660073467963e+02
6.151644655812091287e+02
-2.506632062733501698e+02
6.585078755741436680e+02
-2.952077414397586494e+02
7.713629534592921289e+01
-2.703937308043119288e+02
-1.197415265408921670e+02
8.887830194561120152e+02
1.864850031260427556e+02
-2.757927773056991327e+01
2.470085981652163696e+02
-7.040121031227614594e+02
-7.969761871033846035e+01
5.406890947458888377e+02
-6.333458552646528688e+02
1.058170964652891968e+02
1.729365088899704119e+02
8.245761677417682449e+02
-3.406107133997659986e+01
-4.630382735927438489e+02
-6.420265935855360340e+02
7.402472347636317807e+01
4.115615295984137560e+02
2.671209789390856031e+02
7.449206209051055794e+02
-5.440059569979437128e+02
2.537869939597206894e+02
-5.715288502413214928e+02
-2.013775480938771523e+02
7.449567822700632291e+01
3.061249936417063395e+02
-6.041927713164258194e+02
-2.225977006394512046e+02
-2.524652002446166819e+02
-7.098937568238701488e+02
2.510147863676231239e+01
7.634404353874488152e+02
-2.957326513258672662e+01
-6.784705091001692381e+02
1.602591817243789194e+02
-7.521807306946648168e+02
5.444803467453861003e+02
-5.071737422455592537e+02
-4.745931005881212172e+01
3.266339773516955916e+02
3.941036908997098749e+02
1.726909946201490298e+00
3.572938071351069880e+02
4.793338991618013551e+02
-1.209041251999115616e+02
5.679740872194170151e+02
1.315239944738008944e+03
-2.761186400481010992e+02
4.293404165203735943e+02
-7.455805636987076923e+02
-3.459463982271359761e+00
8.421320663903442494e+01
-3.847386974857853943e+02
2.345052449640672307e+02
8.403063166379702125e+02
1.418821722757967052e+02
3.895083475674098850e+02
-2.080337875348733689e+02
-9.558828576915431086e+01
-7.503284948651310060e+01
-3.037651961138395791e+02
3.768439775196392247e+02
3.981478497631867413e+02
4.097345745792625848e+01
5.850024026106540731e+01
-7.860884533786017982e+02
1.628294018592609689e+02
-6.463289307072673751e+01
6.225108306362878920e+02
-1.307393495645039252e+02
1.978114367481983891e+02
8.237372320762315070e+00
7.951175079100589755e+02
2.062480333097506389e+02
-4.320086679378721328e+02
4.097154127528226013e+02
2.783335290951465026e+02
-5.028629970910998281e+02
-3.619170211740855052e+02
-3.778689123174321480e+02
-8.849051456810771015e+02
-2.501067092218250139e+02
-4.742820416631005287e+02
6.797589036771556348e-01
2.725492421933683431e+02
6.881974606676104713e+02
-3.332733299399055937e+01
7.705672480034418470e+01
-3.081138018757074519e+02
2.573806117691538589e+02
3.565967722807567384e+02
-2.699319229779745228e+02
-2.550089216690390970e+02
1.572762722803563236e+02
2.981567469606076202e+02
5.147901071555604346e+01
1.715684274663431665e+02
-2.572724393222182471e+02
4.508543205234941809e+01
1.245989706857232875e+02
1.170271160287398544e+02
-1.010456285404685275e+02
2.018224203026902330e+01
1.928717978628745016e+02
2.836740110628673861e+01
1.325090243267232495e+02
-3.020939065845889218e+02
1.092430617131311692e+02
-4.790380007146058574e+02
1.148737811222295306e+02
1.340224289040051247e+02
4.712534437026960177e+02
2.255025713517437396e+02
3.010095983726627651e+02
4.875335584421054591e+01
1.516081272983096540e+02
4.850836609875125873e+02
5.289048666331719915e+02
-2.858831469909991938e+02
4.142594419906721441e+02
4.395347029299615542e+02
1.706202390833080074e+02
5.302803662152915649e+02
-1.483832220756910942e+02
-9.790439080523471205e+01
-1.103976484007853429e+02
-7.759418187276875756e+01
8.485871641652014574e+00
-2.193479439201886976e+02
2.937672071864554937e+02
-1.469513227500236781e+02
5.440179399673911576e+02
6.112441888928099161e+02
1.966566055299793732e+02
-2.598247150281019344e+02
-6.134245086552469957e+02
-3.857974196952196735e+02
3.762272052851958506e+02
-4.522699078225857079e+02
1.697448424299497560e+02
-3.287001115682591603e+02
-4.162238688256468322e+02
-1.953914284384894700e+02
-1.713573603440721627e+02
9.131053113846589042e+01
3.337926384997908826e+02
-2.858586532078623463e+02
2.426999415848017634e+02
-1.468266662069605104e+02
2.028193412443357033e+02
2.699529915142659320e+02
2.981769539516618579e+02
-6.028510874253922935e+01
-5.672775492848338672e+02
-3.544012133565430389e+01
1.448337623425468905e+02
-1.856133183060792646e+02
-3.131796972684210232e+02
-3.873920822477209640e+02
2.028205941389823295e+02
1.024974749452524776e+02
-5.239825789182845028e+01
-5.345238354197176278e+01
-2.438093107860508724e+02
-3.026619233670023164e+02
3.607840890014967385e+02
-4.140171338007691304e+01
-4.532845179968353477e+02
2.222540815618591239e+02
3.052828124035481778e+02
-8.180096747211456432e+01
2.450505101700689181e+02
4.910651985867725244e+01
1.322535960982450547e+02
2.590337251030175025e+02
8.742653507844035943e+00
1.241425274411988084e+02
3.581566083679694312e+00
-1.595896613321477844e+02
2.930490532472601473e+01
-2.516265024836339403e-01
8.295837407415682208e+01
-5.463305250847336083e+02
7.072395856046283313e+01
1.988525118456667129e-01
-4.478110873070300357e+01
-2.700557102448428850e+02
9.391709221137115818e-04
5.261702952867582894e+01
-2.983789944936752292e+01
3.725324330675417173e+02
4.496908785871438852e+01
-2.384525612259939749e+02
2.298545049091375745e+02
-3.602193296819204988e+02
-1.208006047716404794e+02
2.587916777721133030e+02
-1.853619394522403354e+02
1.535674744091976152e+02
2.326227090820214727e+01
1.921772238014781635e+02
1.749853257507787987e+02
-1.741297712220429617e+02
-1.290349534028879930e+02
-3.755948226461153467e+02
2.249097517370417521e+01
2.979089049311731401e+02
-2.289526531543948238e+02
3.854928673116359050e+02
