-3.060320806551707392e+03
-2.810451500137315634e+03
-7.295831434515554292e+02
9.109165326034808459e+02
-1.177483079805102307e+03
-5.035483532988345701e+02
9.389728705982789734e+02
3.768659811375710888e+03
1.153821673861902752e+02
1.580859918772908486e+03
-1.234260210452564252e+03
-2.581543927286037956e+02
2.898493609615788046e+03
2.548387491006785410e+02
-1.144580952525145221e+03
-2.403819624248541231e+02
3.151993231678386564e+02
6.445184021131437930e+02
-3.741462931387071080e+02
-5.302787064736577349e+02
4.020652663290964597e+02
9.473296712605934999e+02
-1.922680159331011282e+03
7.907713875814065432e+02
-9.724748286858164192e+02
1.123995552069266523e+03
1.110236716873149135e+03
-2.700964065822026896e+02
-4.457204188695524181e+02
-1.142327449614257802e+02
1.096546069685501550e+02
4.794250886894500354e+02
-4.923990804397401462e+02
-6.032638965999884704e+02
-1.701234953185150289e+03
-1.337273916190463751e+03
7.150629762405612837e+02
3.180430106995956976e+02
2.487053565355277840e+02
1.109118570599880968e+03
-3.388266835474117897e+02
-6.534231497859092315e+02
8.627496784923547466e+02
1.720841785392568909e+03
5.756170316462828396e+02
9.979563841199374110e+02
-9.612082896495855948e+02
-1.630109467744836422e+02
-8.044765568382414855e+00
-3.819267615225319901e+02
1.806828598367073084e+02
3.904618317829664988e+02
-1.183486286038413255e+03
-1.274785757244823081e+01
-7.574729570648709114e+02
7.207247179233244196e+02
1.371792695742625938e+03
6.442451259801647439e+02
-3.617356359401787813e+02
8.954265434832976780e+02
7.035244135185927234e+02
-1.227022749180096298e+03
-3.849190332203181697e+02
-2.408062961848675059e+02
-1.767565785646728216e+02
2.593005661029831685e+02
6.370945813711711025e+02
-6.464658089243692984e+01
-3.876600316527533892e+02
-4.089973851110182181e+02
2.005342535594432150e+02
4.557363198216358455e+02
1.395237049507239817e+02
4.650641271356197421e+02
2.865072479555552718e+02
-6.980072819134717292e+02
-8.013927946380242417e+01
-8.991336607332600579e+02
-1.718754682880580376e+01
1.395434853626391600e+02
3.138538277228923334e+02
-6.403143577046791961e+02
-3.657928710235866987e+01
1.557931928987747199e+02
6.840320633620210629e+02
-8.863396147131635416e+01
9.430111068673426189e+01
3.403978935768162728e+02
2.663705048114719034e+02
-3.317985818015295685e+00
5.849112997653879802e+02
-5.351889207643343980e+02
-2.465913043091391543e+01
-4.821747305231988321e+02
6.787047884273318914e+02
-6.002524884303127237e+02
-4.197610348502204829e+02
-4.767242652752994445e+02
3.482336457678308648e+02
1.631173220818539278e+02
-1.845952571657410601e+02
3.446871069968672145e+02
2.653525978704688555e+02
1.066946625923218051e+02
6.409548355487012516e-01
-1.221882062304731278e+02
2.772311991221431526e+02
8.888603477392736352e+01
-2.091725684823346398e+02
4.810655824397815650e+02
-3.683937765838724090e+02
-3.101483581596463637e+02
5.944227700126492664e+02
-3.087144025422295499e+02
-2.101292492902026652e+02
3.405958162127212745e+02
-5.023713149989367821e+02
-4.233964898597303090e+02
-3.271972683862683198e+02
1.626925329512835958e+02
4.333044606147055333e+02
-1.039770509489545276e+02
5.759920706602186868e+01
-1.452121249296031351e+02
5.498474238089295341e+02
-6.313441484257201353e+01
-4.348808249036055429e+01
5.163592845245685226e+01
1.195292717459285399e+02
9.095147056581488414e+02
2.203721787120109639e+02
-7.595715006068621733e+02
-8.862210340090995260e+02
5.528151527526526934e+02
2.760646757395775808e+02
-2.492537323283877697e+02
1.670378635722084653e+02
1.437227650648508757e+02
1.747028308946365485e+02
5.128463461018878888e+02
-7.610257081906918586e+01
2.949732144840718888e+02
-2.779184211608680926e+02
8.772868439392520941e+02
-4.994355598057613292e+02
5.202169461554212830e+02
2.447311119106118156e+02
-3.724324127522004346e+02
2.947582342153050661e+01
1.973905530913787345e+02
-1.946255669806946287e+02
-1.064432306242057393e+02
-3.494505795840737505e+02
-4.959505498092306652e+01
-6.280990603379523236e+02
-2.911620034440172162e+02
-1.615932774803134180e+02
2.585044745137822133e+02
-2.581693789346206813e+02
5.531865793636221724e+02
-2.048484397126939882e+02
-2.238156292700398353e+02
-7.769902572719608997e+02
1.931405387436186061e+02
-3.472855559383553441e+02
2.496648163837367349e+02
-4.649093685083000196e+02
-1.777997115531646273e+02
2.038629691869897158e+02
-3.531122350564799035e+02
-1.189947243152704033e+02
4.084016164799684816e+02
1.992436877540910984e+02
-2.105599008139968475e+02
-1.944430174982891302e+01
1.941777856820781949e+02
-1.454132040294300339e+02
-4.089273249703537658e+02
7.437046764534034082e+01
-8.252944033132225243e+00
2.436839292261292655e+02
-1.958494488712728696e+02
4.213561640939686868e+02
7.227129597171770570e+01
2.854054334120622798e+02
4.366097859065981197e+02
-1.249966211168922001e+02
-5.062516981499764768e+01
2.622988627157222652e+01
-2.570182363066741118e+02
-3.286947586691236012e+01
-7.765978770849894772e+02
1.723638467814121711e+01
-9.571732701091902129e+01
1.457629132414686808e+02
-2.924775792515030730e+02
8.747098903704586803e+01
-3.332362623155533470e+02
-1.270940031462008193e+02
2.393453281486933548e+01
-1.318404548208194171e+02
5.748549889590817230e+01
1.913898919401595435e+02
-2.137293281451482585e+02
3.925520258613428837e+01
-1.997613352752357940e+01
-1.023496389591053344e+02
3.270695464670092178e+02
-1.942935616981470446e+02
-1.063717632825809432e+02
2.418746743632689515e+02
-4.111658446518243295e+02
-1.049844254463210689e+02
-1.776016773007195582e+01
-1.031091524023937041e+02
-3.139522704466785399e+02
-9.033233655388787042e+01
6.703585264316770065e+01
-2.314887887124465067e+02
-3.544679578080665578e+02
2.761722259798719037e+01
1.764136563085930902e+02
-3.667485154233987146e+02
-5.097876792044342409e+01
-1.677118974108396401e+02
-1.710183956699967212e+02
-4.081648692050201532e+01
1.630413459738976485e+02
-3.371463048695926723e+00
1.569288327653654278e+02
-2.915627586774791098e+02
-2.212495391429098390e+02
-4.545312722669339678e+02
4.125384407784914060e+02
3.578390464146278305e+01
-1.919431274982494529e+02
-5.195519617025659898e+00
4.770936384700941062e+02
1.345515336326538680e+01
-3.992501928748836804e+02
2.092374686507885428e+02
3.716533184225260129e+02
-1.328541441577971227e+02
3.771069337235647936e+02
-2.710022632562099147e+02
-2.992950156318452741e+02
1.445785868927050899e+02
1.388497496291296045e+02
2.234906567592213378e+02
-2.407065014889502095e+02
-2.726540608382882169e+02
1.017303258031780722e+01
-2.334308145850515928e+02
-1.770867313565506720e+02
-2.914390365598762145e+01
1.394460931358609024e+01
-3.595822643633232474e+02
-8.940272590063968039e+01
3.577936414096541284e+01
3.264494006782316404e+01
8.094865268273028391e+01
2.640116690683676666e+02
-1.961976871195144554e+02
-2.073659535052522642e+02
2.030836641186076861e+02
2.960666207197640531e+01
5.325761162920917968e+02
-1.827376822648359678e+02
-1.421376102146056724e+02
-2.773719370353183535e+02
1.476000680569025292e+02
-2.635452106315083824e+02
2.477691037326983974e+02
2.338237038433977375e+02
-2.464452881729372677e+02
-2.793384717862968500e+02
6.022176191660451394e+01
1.076218998557863245e+02
2.191845036526567299e+02
-9.313911121275764060e+01
-1.638214215790296748e+02
-1.705821231029953466e+01
4.864218886138133513e+01
1.163784248420381431e+02
-2.776572961255879335e+01
6.926897192966951877e+01
-1.917754368943458303e+02
2.941069467721727619e+02
8.274695887878688438e+01
1.019631755784584897e+02
2.274663794051084267e+02
2.275052435396450505e+02
-1.066694191872614113e+02
-7.497942479644841285e+01
-4.976801488104056261e+02
-4.228280458166524625e+01
-1.573838656937496694e+01
-8.335749139664658003e+01
-1.559104239457208791e+02
2.812750462489215124e+02
