-2.989281457698563827e+03
-1.809074422995302712e+03
4.417281329710128830e+02
5.747623087338427013e+02
1.205581282821553032e+03
-1.837463566716207652e+03
3.383238729249724770e+02
1.709148873209439671e+03
5.744661797069463773e+02
1.128662051282240100e+03
1.740046950254996432e+02
1.272778149343057976e+03
1.826029423593024319e+02
2.339286285779212449e+03
-3.030398580002267863e+02
-1.116264446237642460e+03
-6.007875354063615987e+02
3.771056935637139418e+02
5.851922022329775928e+02
-8.834618781976813580e+02
-9.824365929490771805e+02
3.499159459012238216e+01
5.062502824594765798e+02
1.219257614942140208e+03
3.799037592521522697e+02
-7.872836256419311667e+02
-3.530830376992416291e+02
-3.473490962949193772e+02
4.388352174979103779e+02
9.469951934548329291e+02
-3.644356041049236978e+02
4.390756631047177052e+02
-6.687246431968036404e+02
-3.448353545894271406e+02
3.606609759516544500e+02
-4.595166164807121163e+02
4.723220641318487765e+02
5.878128366142833556e+02
-1.233938240394316921e+02
9.420460279317402410e+02
6.642030744210965167e+02
-7.964892359013662144e+02
6.874134998497737570e+02
3.380232214844505734e+02
9.221270372479955313e+02
9.060400681355373536e+02
-2.138483623824136615e+01
-7.716768249928621870e+00
-3.286167619384395948e+02
6.476501420203261716e+01
-4.780034480070857512e+02
5.010208303012901752e+02
-7.031183998550508818e+01
2.945853718807624091e+02
-1.236601825549681735e+02
6.992363874622853928e+02
1.328027256560839078e+03
-1.900810064708512215e+01
5.431613526864130108e+02
-2.952772390324981799e+01
5.467726584142012598e+02
-2.550580457089465085e+02
1.635116367958430601e+02
-1.283434836944674373e+02
1.509570062672569293e+02
-1.052088635201328799e+02
1.469030132764477230e+02
2.249768820207406179e+02
2.813216018928113726e+02
-2.590760606524039531e+02
4.188123639028902403e+02
2.931855738638032562e+02
-4.958714441183120130e+02
-5.227315039969538191e+01
1.114631473445485597e+02
-3.902146885817625730e+02
2.971118418551092191e+02
-2.231439100351051934e+02
-2.017818786017276693e+02
-7.947684700739118568e+01
-1.073906917881126333e+02
-3.254256601337210100e+02
2.723977574137723678e+00
-4.879723207742907931e+01
7.588524759907868429e+02
4.421890272414133278e+02
-3.563807939592195595e+01
-1.533309872443030883e+02
-3.216947377660928282e+02
3.952798741167986805e+02
-5.006268004456284757e+02
-5.840223300254853029e+02
2.156700189180887719e+02
-4.902791034507628609e+01
3.076248093913548587e+02
5.189554473834719772e+01
2.181255067669761871e+01
-1.237190028461038622e+02
-1.154507627872101665e+02
-8.380933369198719163e+01
-1.425030234740744959e+02
4.944340025827286667e+01
3.978925676377424452e+02
2.108642792912726520e+02
-2.221753402082933633e+02
4.163685778459663425e+02
2.135943225485993935e+01
1.081859828112005175e+02
1.469824961884741015e+02
2.328493525523677192e+02
-1.720249192286642881e+01
1.406512028662641853e+02
5.141506748720937594e+02
-1.044472687795517345e+02
6.313320707266541376e+01
3.758927425327323704e+02
-2.304077156969820521e+02
-3.360187121396617727e+02
-9.570307669448088461e+01
4.317063946550902642e+02
-1.670211551262756302e+02
1.604936413092520411e+02
-7.838081230183131254e+01
1.421293543900401346e+02
-7.406381618888269713e+01
-2.786712366735850424e+02
5.411727634108571010e+02
-3.047031075519456635e+02
1.305833235083710520e+02
2.304451844278155761e+02
1.394996168298952455e+02
-1.984794801528141193e+02
-3.722030174386461567e+02
1.709409304860944303e+02
-2.326354088196966785e+01
-1.545428239901067684e+02
-9.862723287199932543e+01
4.774448504305776453e+01
-2.613555174557882879e+02
2.455075340143479821e+02
-3.399084190993404064e+01
2.184485830635038894e+02
-7.860600838165360926e+00
3.371640866117635369e+02
-2.067845533012790327e+02
2.708886070012224536e+02
4.065699806387680582e+01
2.259846862283704070e+02
-3.650547417905082739e+02
-1.229633205707783645e+02
-1.381730237863527009e+02
1.002475783102599394e+01
8.771322234312721378e+01
-7.447522583065726565e+00
-1.471739577469118672e+02
7.815565991752242780e+01
2.421224168855730241e+01
-4.760363039730613366e+01
1.425211966864433748e+02
2.537805222728966896e+02
-2.327111773029899382e+02
2.890575743238091189e+00
-1.798461401575729894e+02
1.787576700449533575e+02
4.048591741519962994e+01
-1.918958317171452777e+01
3.542848742226267689e+01
-1.545650010704655699e+02
2.810266764881706649e+02
-9.402067368276625814e+01
1.621460237217004021e+02
2.215283736440727296e+02
-5.118805211100155361e+01
3.155875678683426244e+01
4.912024612619126884e+01
-1.472927022714022627e+01
-2.182914369819339981e+02
-6.590039929772659377e+01
1.340049532084549924e+02
-6.907653593727823704e+01
1.069771865282693710e+02
1.247655506029404222e+02
1.049423045226216260e+02
-8.723462520060163428e+00
-1.461890004752878269e+02
1.285764195721263832e+02
2.862007056548280914e+01
-2.594926060136822343e+02
-5.941742201316991157e+01
-4.735385234478644634e+01
-4.959285999125412303e+01
-2.268130642773603824e+02
-1.008559006208837587e+02
-1.582800504685949079e+02
8.983785328886872890e+01
-6.127738645104712845e+01
2.072040466040828122e+01
-7.301534676527251122e+01
7.963090618258486586e+01
-1.541829384489926191e+01
-2.148848768500292579e+02
1.834380706586717338e+02
1.120738345721385230e+02
-2.152210309846335008e+02
1.532710994538344380e+02
-1.150964826228427995e+02
1.667063774344023273e+02
1.342441006948780569e+02
-1.144991979738093164e+02
-1.137816130148471530e+02
8.734670863193635171e+01
-1.153084544715933077e+02
-9.355999243460794901e+01
3.975440155671869036e+01
-4.511563907137005458e+01
-1.177239607169436084e+02
-1.189684102530109300e+01
1.243593024793465673e+02
-1.788074992560811154e+02
-8.875258245826547920e+01
4.621042417707013783e+01
3.501079158836778760e+01
-1.861756777179643052e+02
-2.421445700123744160e+01
-7.775392997712314980e+01
-2.002845095460978087e+01
-2.639093549282307549e+02
1.211485141603179017e+02
2.359347843462216332e+01
3.309067492039282854e+01
-9.647909551628425007e+00
-1.060217975393791505e+02
-6.214550519118801475e+01
1.580470719416444751e+02
2.238771771800494648e+01
-9.401485572133613289e+01
-1.167689554984328737e+02
8.996025034204774329e+01
6.703018385505181698e+01
2.222443797004002519e+01
-9.957159542516293982e+00
1.579452049051684526e+02
9.166736050820642134e+00
-1.982974389527397463e+01
-1.156825053099896934e+02
-1.986596755233436795e+02
5.755994094594134225e+01
-1.810254666116797182e+02
-3.341208925849301892e+01
-2.424241240641540429e+01
-1.363535578701742068e+01
6.835075886627552677e+01
-6.403945917911812558e+01
-9.101310161181426395e+01
4.739793184754613975e+01
-9.528721454296547222e+01
-1.709336339125352993e+02
-6.347196864626236845e+01
-2.291402812679222833e+01
7.370144230472315883e+01
1.279182846958835427e+02
-6.173179700838007022e+01
-8.010790702828812471e+01
-7.739153688056012470e+01
9.401085141226019459e+01
4.309161162054645189e+01
1.164133307385256444e+02
2.812138136757129914e+01
-3.087700670665073233e+01
-7.552757567260708527e+01
7.443019246935357103e+01
7.676704811629234904e+00
2.008491489870266662e+02
5.848068840580516081e+01
-7.528087987308007101e+00
-2.596085141021691456e+01
7.894794641880520203e+01
1.025411227130791190e+02
2.596815621687706965e+01
-4.049057459294785133e+01
-8.018009925242974134e+01
-6.332286321907075077e+00
8.539132200705144271e+01
-9.170333410498592741e+01
-1.677222617076064637e+01
-1.899797553162051855e+01
-6.725437886100935714e+01
1.208722945584682975e+02
-6.702741971779451546e+01
-2.735557951601757765e+01
-7.500936252335695542e+01
1.094612308292003604e+02
-5.457457481161690538e+01
1.070599396980321814e+02
-7.647064107392799315e+01
-1.499105045975653461e+01
-1.182301256110679155e+01
-1.383435406527599199e+01
-4.425908085129993452e+01
6.845774570387519020e+01
