-2.709085073348403057e+03
-2.063626944791143615e+03
-2.265754956422043506e+03
-6.088984562837424619e+02
-1.844679565082793260e+03
-3.293288604400455370e+03
-1.154115348333288239e+03
7.247646044297509889e+02
-4.828446172393674374e+01
2.440359164033559694e+02
-8.554179142029877312e+02
8.696497874300633839e+02
7.856653977640808080e+02
6.058479811820776995e+00
-1.166568298522525765e+03
-8.494843881855185828e+02
7.880488083034356350e+02
3.003814484606532460e+02
2.834990982355634515e+02
9.142155607764168508e+02
2.015089065500824063e+03
3.399574863528252990e+02
-1.118285043182945856e+03
8.043822591710598999e+02
-4.838009096119433821e+02
5.825513531241564351e+02
1.115657936784200047e+03
-4.831199268316124176e+02
6.559534904152775425e+02
1.024382785524937390e+03
-1.981284447315917134e+02
1.065513238952814163e+03
-5.517174762230597480e+02
-3.382763607042569447e+02
-1.171705772530788636e+03
-8.995768684298943754e+02
-4.571451083181424337e+02
6.544313487529051372e+02
-6.873213340381911394e+02
1.709666693933458191e+03
-5.033223638339555919e+02
-1.278500505104851982e+03
-5.224043828370947722e+02
1.000301941700055636e+03
2.094686470346780425e+02
7.443947744609146184e+02
-3.094831102335495530e+02
-3.979015628967179623e+02
-3.732834898188687021e+02
3.430730663033629071e+02
7.098822642055345113e+02
6.842257543534141178e+02
1.840753242912598182e+02
9.959806494068411453e+00
-7.700429822056007652e+02
2.247495310001750113e+01
8.818460888742387169e+02
-2.757687586513857241e+02
-1.927417482693852833e+02
1.592636153987997716e+02
2.480379616974490276e+00
-3.717374994754466115e+02
6.935825407394867170e+01
-3.947705832700095243e+02
-3.449901108677495927e+02
-2.549339840067617899e+02
1.634191817220129224e+02
-5.091935125764887289e+02
-1.773961861277711591e+02
-6.002939193162401921e+01
-1.981644040154420168e+02
2.398294968024229377e+02
-6.192009911314688679e+02
-8.304968130834062379e+01
2.462898372663734392e+02
-3.771718741602009572e+02
1.505980378390040357e+02
-3.481380267908084534e+02
-1.892745874734230256e+02
-3.587026345732529080e+02
-1.197224502814478342e+01
-4.320477745572869139e+02
-1.967605085781683840e+02
-2.126544367712953658e+02
3.766780635427475659e+02
2.239752595271110351e+02
-3.412014222742802758e+02
-3.581048809545649902e+01
5.857653795366901477e+02
-5.725589152323548348e+01
-8.009928990581080654e+01
-4.067629219776718514e+02
-6.541479308625075646e+02
-1.892554432271408018e+02
-7.778881149935985206e+01
-1.023899816215891150e+02
-7.081773999537250575e+02
-1.532282237003485363e+02
1.141788795028732579e+02
-2.833520445058600217e+02
-1.625071505725340444e+02
-3.490620557575812910e+01
2.427787826941028868e+02
9.889009562662897324e+00
2.081935407657518624e+02
-2.803909442102390059e+01
-1.096883355823781443e+02
-8.140498018595711471e+01
-2.351420551419909941e+02
4.185375957951350756e+01
-1.475082232031164722e+02
5.460606723228828514e+02
1.367080791286787473e+02
5.227897036860912117e+00
-5.488623588506190742e+01
3.772436653178565962e+02
-2.177930796062909167e+02
-9.026490472129293607e+01
1.975105184153346727e+02
-1.642071433465725363e+02
2.272886924942043834e+02
-1.384375862883806541e+01
-3.643417500288703792e+01
8.588223925368300371e+00
1.648974728031323309e+02
2.897343367252487667e+01
3.343098702344527169e+02
2.671865247111079000e+01
3.822065244350486637e+02
3.972239483066655907e+02
5.019081491937540136e+02
-3.033598340593242142e+02
-3.986866771853079285e+02
2.452298454824842509e+02
9.200121905905756137e+01
1.221399587310915820e+02
-6.207826375999869839e+01
2.958375703141671238e+02
4.225965986646124151e+01
1.455638792284617296e+02
1.465830024654891588e+02
3.382601169138867476e+02
-3.286484724681756688e+02
1.448840569495250463e+02
-1.588456982222914746e+02
5.738734714445476470e+01
6.965984405568357829e+01
-1.768675442142136376e+02
-2.067528938292581699e+02
3.476986276420019522e+02
-2.949279690912346723e+02
-6.097965240218614724e+01
2.053099660924440784e+01
-2.179868006085934553e+02
9.234414878542861516e+01
2.059062013950780283e+02
-1.762789617262079034e+01
2.434264809549458164e+02
-3.278602987906195665e+01
4.730211223065697368e+02
8.049354303346439110e+01
-2.037485590381994029e+02
-2.665499907997194668e+02
5.174200806013401888e+01
-3.323717397758667857e+02
-1.201168437635048036e+02
-2.003194974634264156e+02
-2.702530311278317754e+02
2.075385551323630011e+02
-3.971580013793396233e+02
1.395693619022735845e+02
2.178520167431624373e+02
3.155951195135669423e+02
-1.304593922012985843e+02
-1.722152720168063524e+02
-1.298929637746232117e+02
-2.121045824830076754e+02
-3.717890888394343278e+02
-5.551316587090000532e+00
-3.031996616217876550e+01
2.645680755015754571e+01
-8.110876611098403544e+01
1.157739655621349755e+02
-2.121203126185093595e+02
9.840642941332575333e+01
1.170555521012578453e+02
-1.194755802878297573e+02
1.945071988692233447e+02
-7.600259517670670562e+01
-1.277494372338893669e+02
1.009704844634911325e+02
-6.887795207158227413e+02
1.084608020118325413e+02
1.250972934969951638e+02
-3.160861402145723176e+01
2.349793978278901818e+01
2.738649017479204986e+02
-1.815844783610979789e+02
2.681262447984181563e+02
4.682700151510967856e+01
8.541804640418735062e+01
-8.039939864587465479e+01
6.662135731015847284e+01
2.046553312929072206e+02
1.475975658214693738e+02
-2.338624434193076240e+01
1.113576068535332695e+02
-8.820724454813480975e+01
-7.453457205728340362e+00
-1.113886851140335637e+02
5.184987571890621183e+01
-2.250416248649847546e+02
-6.347112524467888761e+01
5.967038886876870230e+00
-1.389783342182969328e+01
-1.599464417741152715e+02
-7.446388017762835432e+01
7.526117006168682622e+01
-1.089817894091858932e+02
1.240102687808802671e+02
5.734300191656738832e+01
-3.695962031162521866e-01
6.019516612412547829e+01
-1.933319781625403948e+02
-8.379584694119772337e+01
-1.399340786422042697e+02
-8.976032955208174258e+01
-1.069329217454424565e+02
-2.025314122540033424e+01
1.312601395626220722e+02
-3.094059756385519222e+02
3.414087439225968978e+01
-3.902011436049058943e+02
7.918573053791669736e+01
-8.175534643665318413e+01
4.354510942951259267e+01
-1.662332401424305317e+02
1.710920805905536497e+02
6.399312188957951264e+01
-1.980786241758184758e+02
1.319369357573448553e+02
2.277980887664645593e+02
-9.062615026346172442e+01
3.522963800055006800e+02
-7.815225336816025958e+01
-1.328654940998453355e+02
7.580066188348614453e+00
5.862143741733954272e+01
-8.970611565112938024e+01
-8.471170413836514967e+01
-1.644707039296359881e+02
-5.307845910084868990e+01
-8.412446608029011941e+01
5.993807399177786976e+01
6.667895228205986768e+01
-2.561484568498183876e+02
-1.019472684759500822e+02
-7.381245554383708907e+01
8.870358966799382472e+01
1.339119303513974160e+02
-2.789530162670191160e+01
1.704928171613576069e+02
-1.768970245018537071e+02
-4.683470704963063014e+01
1.845063757575235002e+02
3.685056967766393399e+01
2.272780316112200865e+02
-8.213556739004830831e+01
-8.625536067732519996e+01
-2.530278626425122752e+02
2.425353268081213969e+02
5.953123243125158837e+01
-8.444965747581195004e+00
1.731804925055942022e+02
-1.562374472073770733e+02
-3.184786751579526154e+01
-2.072698494773723326e+02
6.580399214164772559e+01
2.627825429469199037e+01
-9.216379432003327210e+00
1.364531833447504816e+01
3.824025611258553567e+02
5.378848662493786748e+01
4.027113068060972978e+01
5.058491055620736887e+01
-3.758862803815080866e+01
-8.892497266724399196e+01
9.121766612082160464e+01
4.981812024390338323e+00
1.352051830853353067e+02
1.795585311105522806e+02
6.133815159989550381e+01
-2.472229850449635791e+01
-8.478441443223955787e+01
-1.563235929796826156e+02
-2.991092218853673756e+01
-9.661286644681302960e+01
-8.170188658040557073e+01
1.718120289888584864e+02
8.873116351059022122e+01
