-4.962713246517027983e+03
-1.031294650648083916e+03
-1.757636413670216598e+03
4.152240120907539449e+02
-2.809335978032029288e+03
-1.052116312249805105e+03
8.334504729580775120e+02
3.099059061935036880e+03
-6.063111217793272090e+02
-3.383187066582713101e+02
8.044298988978284797e+02
-2.424602939437509690e+02
1.395699075268859360e+03
-1.572634414709514886e+03
3.662602222956145965e+02
-9.077969339174777588e+02
-3.889553903502234107e+02
-2.824267387442884001e+02
-1.377376690328578434e+03
-3.944152161324825556e+02
4.523411466993833301e+02
6.879956609280379780e+02
-5.957720137472475699e+02
3.262697757595867074e+02
-6.168615169737460064e+02
1.331436244466724020e+03
1.508936643597183547e+03
-3.344123803008625373e+02
4.896721134310269008e+01
-6.984218231508976942e+02
4.286334367879272236e+02
-2.630660235575371644e+02
7.924701080718227786e+02
-1.280845571966161060e+03
-8.237423956557149722e+02
1.547282919852383429e+02
2.976395876515483252e+01
-3.032939596431632481e+02
4.410452760085605064e+02
9.194378152516642331e+02
6.108417652738157813e+02
4.354753456719448081e+02
8.395644499002166867e+02
6.929735615102249824e+01
5.427274405215148363e+02
-4.796078962602065303e+02
-2.091464621765893810e+02
-4.060303556541989565e+02
-3.607185380329415381e+01
1.275472725486823265e+03
6.739680308624796226e+02
7.917009955750030485e+02
-6.937451379444480608e+02
-3.691672850137480282e+02
1.828471907013744442e+02
-3.157609507706471845e+02
9.952771356944155059e+02
-2.556571721713470424e+02
-2.094119163197633213e+02
-1.426689374313235987e+02
-1.697153215038103724e+02
-3.144441365140434073e+02
-3.883203682998674253e+02
3.131716142419297171e+02
4.412666811862162604e+02
-5.506717922949743524e+02
-4.357874850484009244e+02
-3.563272362877561932e+02
-3.369733610258707017e+02
3.855172708956925476e+02
6.427941557977909497e+02
-1.136506159136395553e+02
8.063444627480052418e+01
2.553337351087012053e+02
2.774591661889622856e+02
-1.690749978480363893e+02
4.333749201878419655e+01
-3.545400377256643765e+02
2.776517518150605213e+01
4.039186525378675583e+02
4.130513029417533062e+02
8.670252770798039421e+01
2.515151229420024492e+02
1.378888164449991507e+02
5.751181176472982770e+00
2.849552608869122423e+02
2.295515415989756889e+02
-1.255593126403303756e+02
-1.989578012462022514e+02
-4.469229881258314663e+01
-1.985976777870956766e+02
-5.707300831268894399e+02
2.922363109816702997e-01
-3.593670584681177615e+02
2.100233494246089947e+02
-1.445993270740660535e+02
-5.806021858600007590e+02
-3.695611459838293911e+01
3.481387723185226264e+02
1.762239840549427186e+02
-4.022913033776411140e+01
-9.559267600982344959e+01
-1.096057919751539771e+02
-3.114942152275135641e+02
-2.199143839327725392e+00
1.341404777971949898e+02
1.680704856170240760e+02
-6.413038206777162031e+01
-2.674302042944993900e+02
-1.504956473363315297e+02
2.330746028283780333e+02
6.240322763146686924e+01
2.613429647998331120e+02
-1.121265287422648811e+02
-5.236421197436449404e+01
3.214139234491953800e+01
5.710021323997845855e+01
1.763224700077073521e+02
1.932656728830052373e+02
-9.576898366119525008e+01
-3.720514324699071285e+00
-1.931511312625613641e+02
-1.603610173185377050e+02
-2.223638358950855718e+02
7.830984684503096105e+01
7.171224900475297659e+01
-1.976699812691771285e+01
-3.819689017490380678e+01
-5.546092384262995267e+01
3.788683823219843561e+01
2.072377262614407698e+02
-2.366450714693374664e+02
1.015171734596603557e+02
-4.355468061807093960e+01
1.846589083170283629e+02
6.790263780996446030e+01
3.783421272565844617e+01
2.352427184531051125e+02
2.097461801874502640e+01
5.038026028588293315e+01
-7.133443130262547527e+01
2.851675250109593662e+02
-2.253150256168815346e+01
9.483270943116757223e+00
-2.291100660178809676e+02
-8.491695472054661309e+01
-1.684495923625100886e+02
-2.123820450148003829e+02
-1.048823908596709842e+01
2.125362449120430881e+02
6.056846613342565888e+01
8.188815336749493667e+01
-1.472432708773572188e+02
-8.202759357065447432e+01
-2.108721727138987490e+02
5.570813004669963675e+01
-5.876705485631593007e+01
2.601874198934266857e+01
2.906861371530893479e+01
1.685953842529420399e+02
1.709654641058169204e+02
1.203245111049424132e+01
-3.768055268825530391e+01
1.181040084194610671e+02
-1.366634269827659125e+02
1.849973691410760637e+02
-1.894629866520660926e+02
5.900171495395595400e+01
-1.118852735045801516e+01
-4.400346326644169892e+01
-1.102618940638086400e+02
1.394357475945859903e+02
7.820243824297307356e+01
3.793747899848672489e+01
1.188935952328915278e+02
-1.068201153515628192e+02
7.036802642190990298e+01
-1.337771224920635404e+02
1.328668107608505977e+02
-3.465831941044667275e+01
7.772990647177546286e+00
5.533915934536310033e+01
7.394909914241164017e+01
-2.306550205419223118e+02
8.406411847287279215e+01
2.530281010284018706e+01
-1.164889726863026027e+02
8.959947541452449116e+01
9.291990124292371434e+01
-1.132081140143036606e+02
6.828405936574576174e+01
-5.572990731149566557e+01
-1.762417761110852155e+02
4.402708195302491845e+01
1.663913073865543595e+02
1.524226033072837652e+02
1.677008119679601634e+02
1.688936552331956307e+02
-9.116795140133221764e+01
-1.153219991529589663e+02
1.762588481282351722e+02
1.265500387943468326e+02
6.227475713807651303e+00
5.014768000275939386e+01
-2.464526009900968262e+01
-7.952986306869988198e+01
6.280313409644484324e+01
-4.858054753876565712e+00
1.596760159818494174e+00
-1.551047886948235366e+01
1.539830384801022944e+02
-1.860407590861793210e+02
-4.710402287906143926e+01
-4.527435462333119887e+01
7.685328705270207195e+01
-1.343286991501192347e+02
1.358578133024606416e+01
-6.343685019365435096e+01
1.198244668729914224e+02
-9.584090813413548915e+01
7.564635867951433568e+01
9.979493839944007050e+01
-9.773148949330347079e+01
-2.991834849118579598e+01
1.401232674760573786e+02
-6.841990162800159681e+01
1.820304674049906453e+02
1.228313492739299875e+02
8.099907557523752644e+01
-4.246163812321903919e+01
-1.205690045633048690e+01
9.413383195684316718e+01
-7.864985494413312495e+01
9.113828772278117185e+01
-5.707604316318476378e+01
2.091770827389090570e+01
1.126969129607542612e+02
-1.238421156521253010e+02
9.064373731268406686e+01
-5.657746100284158075e+01
-5.714333482080949977e+01
1.668373017695279259e+02
1.414532057667596803e+02
2.814330142021890424e+02
1.025376625518286033e+02
1.043974695846594898e+02
1.810185518502049362e+01
-6.174741856462770073e+01
4.956035832564820964e+01
4.540587322677529869e+01
-1.810243343092394142e+01
-7.638549042047155524e+01
-1.947533183107708865e+01
2.514479998047586662e+01
-3.977044456101479142e+01
-2.599418866842842704e+02
7.671284279759662184e+01
2.879216182134252122e+00
1.895495469373927051e+02
-4.478828224455518203e+00
1.437496177005032116e+01
7.244451149441916016e+01
-4.133240001014389264e+00
5.952264273644611414e+00
-1.019734646586181626e+01
-1.277450281339022986e+01
-1.477585750620995384e+02
-1.073431643662466826e+02
-3.977767933155998747e+01
-5.758544401319776540e+01
1.958121471635170678e+02
7.645263989562184292e+01
-1.041179293301123892e+02
4.929975968124359298e+01
-8.738485965853151072e+01
-3.128138647866361666e+01
-5.432150431991315997e+01
-5.988921287441097974e+01
6.455560906774633168e+01
-6.785405971004297498e+01
8.490586424322127357e+01
1.218881920837732622e+02
-1.313408530308320223e+02
-8.004906669805939146e+01
-5.426468963605711338e+01
-6.448109024206988060e+00
-3.655597579013308973e+01
-6.571385433338458881e+01
2.729451656616724975e+01
-8.505610422602126164e+01
8.202947769999605043e+01
2.452054792389796489e+01
9.651153485564412549e+00
2.061871356484806483e+01
-1.471528927561860023e+01
-4.516560339672855662e+01
7.509556082671780430e+00
-1.281015204312211608e+01
1.282922682357141930e+01
7.795154679225709593e+00
