-4.696541112558120403e+03
1.423107578935192237e+02
-2.377004654197910440e+03
-9.008588082230533018e+02
-3.439475344018522264e+03
-2.173555342045915950e+03
-1.562206975568841472e+03
-6.298012224046969720e+01
-6.460304469996999615e+02
-3.331537615763628537e+02
-1.390825421543975835e+03
1.660514552441911746e+03
1.162975251330921935e+02
-2.589938483723015565e+02
-9.795815324116537113e+02
5.085121781466456241e+02
1.306391221425422600e+03
-2.811234270377269127e+02
-4.646669196369583119e+02
1.499634848089646539e+03
1.021958478994189022e+03
-2.107545447636203335e+03
-2.907253362155433933e+02
-1.577730663322603732e+03
-4.962170515676476157e+02
1.175224289061298350e+03
1.352621818859548512e+03
3.733042333510624644e+01
-3.527928764504602555e+02
-5.620909143030559108e+02
1.362475289014106920e+03
-4.719542342064034983e+02
-5.768476275501441251e+02
6.439937805314204979e+02
-4.954544295855107521e+02
-3.559184815641467594e+02
-5.381899778297248815e+01
-1.334265846221755396e+02
8.631289637830003585e+02
-4.462667664869097166e+02
-1.095758678496010589e+03
4.209363188912372493e+02
-8.005816973202466897e+02
-6.606759220822102634e+02
-2.942143688093190690e+02
-1.057317726331808217e+03
-2.496139200936299005e+02
3.705233357992924539e+02
3.052072041526866428e+02
-7.575730576085894086e+01
3.271101128680371630e+02
2.088089193305266349e+02
4.068470417461346642e+02
-7.051617154388186464e+02
1.470908112138384354e+02
1.471955539025924509e+02
9.367746093652992556e+01
1.856011664199942146e+01
1.033260876546166429e+02
-2.515994684755896316e+01
-2.760527360938570851e+01
3.130271940769829442e+01
5.610354646244428523e+02
5.050604335946057688e+01
9.091787120020351267e+02
2.000473465446835348e+02
6.690074926999718627e+02
-1.188786677361749184e+02
2.214436110291323985e+02
-7.623144738629244443e+01
-4.934614009362712181e+02
2.366829199860607957e+02
5.872202859889353022e+01
1.649335576661059690e+02
-1.520340663750455121e+02
-1.822320134375403597e+02
-3.213906571244579027e+02
1.888754735228136497e+02
-1.912197119019769502e+02
3.254761899478491927e+01
-2.275384680476146002e+02
4.356483274382997024e+02
4.415137083408303056e+02
-7.328673010132210948e+02
-2.364064672964134104e+02
7.336817303215831032e+01
2.542448925383112055e+02
-2.740961706807045175e+02
-3.184800579271230845e+02
-4.812165178563321319e+02
1.982325028538493257e+02
2.282145799347812272e+02
1.215334317412930716e+02
9.826170498330549208e+01
-5.458188608197298919e+01
-2.177839012368876013e+02
-6.690816755424864937e+01
-1.512283224107889055e+02
-2.967281334163728275e+02
-8.578164012482422152e+01
1.801836474369779069e+02
3.415799376196042658e+01
-7.009991041407093348e+01
-1.777582669688140626e+01
1.657939431580321639e+02
-3.411164264660498020e+02
2.788921041584601994e+02
1.467410855059090409e+02
7.945354577845712640e+01
-2.080143457050936036e+02
-8.145011351997148097e+01
-9.366614131312401526e+01
-4.754521651338095722e+01
-1.672414285083550283e+02
-1.601437445941528210e+02
2.922824270691438073e+02
3.496535454466001056e+02
3.012004600201636251e+01
-9.042926187256801640e+00
2.951907239643710454e+02
3.482139946072363159e+02
2.847463680360296507e+02
4.961591606905229810e+02
-2.212204163737227987e+02
2.483508448998398705e+02
3.742569270455001629e+02
-3.552598145942028509e+02
1.715376571049610845e+02
2.459115421671901629e+02
1.909336537683661916e+01
-3.208655369483971640e+02
1.000828957213780768e+03
8.785938201895584143e+01
-2.273154421471421358e+02
3.152383987350346928e+01
4.368424366932022167e+02
-1.723785790378288709e+02
3.451229647632391107e+01
3.528113306109955971e+01
3.452095329780605653e+02
1.777580696291560400e+02
-3.418966625757930728e+02
2.527008054823418775e+02
3.195306701782021150e+02
4.190658600570999965e+02
2.975683681258977753e+00
-2.727556854338055814e+02
-6.094918444793563594e+01
5.368263341372529567e+02
1.691837059357608553e+01
9.473466350327734631e+01
-1.537294384851817881e+02
2.070583851184827324e+02
4.826408383871349201e+02
-1.928057449494704656e+02
-1.890650868251831582e+02
2.271011371724683556e+02
3.116982627519546440e+02
2.098473154524476740e+02
-4.126897042367858717e+02
4.146988583918023892e+02
1.432985314643892423e+02
1.310464950965095454e+02
-1.638692701281621282e+02
1.089963795241202860e+02
2.817368485344084661e+01
2.059265706087130638e+02
1.028786952218030564e+02
2.900271101790664829e+02
2.575504971588832746e+02
1.786335297669192244e+02
-4.581298765220308269e+02
-6.454221425064826008e+02
-2.118933825792569507e+02
4.283730372487035254e+01
2.920041247666856066e+02
7.548168171737465570e+01
2.997175599284498162e+02
1.910391679065291726e+02
-9.628941277036028623e+01
3.399611517361848456e+01
2.019785963952944314e+02
2.218825633660184167e+02
9.608119702142250418e+00
2.909180212667807837e+02
-2.152492212140774086e+02
1.949873807788142415e+02
3.328412151081419523e+01
-1.297982510138143937e+02
2.223170488590614582e+02
7.039550092040151696e+01
1.859862281349801378e+02
-1.029445606767287558e+02
-6.923515815318431521e+01
-1.840741126762915485e+02
-1.722228234062382057e+01
-3.641461251400609171e+02
-1.077716351218761304e+02
1.966250390651904922e+01
1.366501518255018652e+02
-3.555841522153253891e+02
-1.269976251809104610e+02
2.253103821380946670e+02
7.289038666807014977e+01
1.758269753886200704e+02
-3.247635646089789052e+00
-5.310245410771698715e+01
2.349352603215091762e+01
-1.420361046336248592e+02
1.295055650397491718e+02
-2.531970690775520723e+02
3.308977002118788846e+02
-1.438531556798148188e+02
-3.801002194482745011e+01
-2.516977707147606225e+02
2.130451773735231882e+02
2.280290109695785716e+01
3.778729632010271189e+01
-3.116472226299117096e+02
2.778024094805253981e+02
-4.272011495348767767e+02
5.993967549740553835e+01
-1.254480385969564367e+02
-2.026714150265156036e+02
-1.970677325265666013e+02
-4.587088121862160506e+02
-3.962395574356423822e+02
-2.318094000977681617e+02
-4.014019106161623540e+02
-1.376044556724648373e+02
-6.953788198450250491e+01
-2.260375875364180942e+01
-1.995275321018582133e+02
-2.661763933336883952e+02
-6.680718686417179697e+01
5.097724101703135346e+01
-3.420207079666243999e+02
-4.045436004946247976e+01
1.189076680946193676e+01
1.314169686642922841e+02
1.735515002278148131e+02
-1.894431905151469948e+02
-2.809494592614935300e+02
-4.973580280915849130e+02
7.276234823497510718e+01
2.532892635365660965e+02
-1.169910192036005583e+02
-1.316610052426494804e+01
-3.051710205015303927e+02
9.625424769848923745e+01
2.160397848087549733e+02
1.498517676338790636e+02
2.604262956650723027e+02
1.202805386666053948e+02
2.992776543806837140e+02
1.698527491283927873e+02
-1.047414246574874710e+02
-3.308195076565076498e+00
-3.726192488901068600e+02
7.527779213144025050e+01
1.362488532425933840e+02
8.836531646098408999e+01
-1.675517601138729447e+02
1.967350082318847342e+02
1.761442697743502208e+02
1.265494444175929090e+02
1.860381911884080353e+02
2.880124987316854686e+02
8.795706490602383099e+01
-1.312542000646592433e+00
2.162510229880876409e+02
-4.139214273542674682e+00
-7.313395363091434831e+01
-3.616140108594077560e+02
-1.556647857931865708e+01
-1.266828537994326487e+00
1.787226720902170740e+01
2.872692367440730550e+02
-2.223789046024371885e+02
-8.306048149467879682e+01
-4.051188547741161301e+02
3.094356504235315697e+02
3.028240730039759754e+01
6.429590074047875703e+01
1.944763106744799330e+01
-1.550687301057228638e+02
1.421571091260400408e+02
5.684582399525735497e+01
-3.439773978291982530e+02
-5.077774002534641085e+01
-2.252050009386915406e+02
1.928382833541002128e+02
1.546236899218049032e+01
-2.287482438062472312e+01
1.197029804815507958e+02
-7.530713664348235525e+00
-2.206194951605901622e+02
-1.063450335902473043e+01
-2.111265513239902987e+02
4.462405149827134210e+01
