4.196670758121113067e+03
5.127158855966724786e+02
-2.061970169756028554e+03
1.311302942684370976e+02
-3.192023052735878082e+03
-1.206864829014212091e+03
8.374345092068278973e+02
3.203421471294754610e+03
-5.526999455086971693e+02
-4.296618911608962321e+02
9.348608730397935460e+02
-5.691554841595272052e+01
-2.298277580251854886e+02
-1.887843919449840087e+03
4.299398069485930591e+02
-8.726262786871183152e+02
-6.955710719639332638e+02
1.730636299263137232e+02
-8.278422781925261233e+02
-1.796541066814642591e+03
-1.153023412274271777e+03
3.264216177062544233e+01
1.395635909870335638e+02
-9.621058497793586639e+02
-1.291968113205856071e+03
9.057490208052346361e+02
1.679568346364739000e+03
-3.825713682305840848e+02
6.425452319979410731e+02
-8.820605218046787286e+02
1.246323935401487830e+02
-4.719914231285380879e+02
7.552582882608729733e+02
-5.343629779018095860e+02
-2.209908872776165367e+02
-3.620896437665182930e+02
-2.819549508073045558e+02
-1.477802962635131507e+02
1.237524172783902117e+02
4.723305013372403778e+02
8.550856183416277645e+02
3.073177168351298292e+02
2.173359713421054096e+02
-6.479846120485458982e+01
8.081285045706345045e+02
2.189618061855273012e+01
-3.070171733414891690e+01
-6.130579001839371358e+02
-5.241461424829641658e+01
7.692357360482931483e+01
5.141799562373111030e+02
7.717716701298317616e+01
-3.665294246272839018e+02
1.534944984846573561e+02
4.811959961100184202e+00
-4.537803230377061254e+02
-7.164078332610598920e+01
9.582113506261477198e+01
9.583833365437523355e+01
-9.104637102879726740e+01
-2.038103570121454311e+02
1.882373087231249542e+02
-2.083124000895136874e+01
-2.989211853691626288e+02
-3.992470579996049764e+02
-1.425600409958771309e+02
-1.672157738045966653e+02
-8.866310101980703351e+00
4.955439227637462523e+02
-2.230120471528358337e+02
-2.372799690227969620e+02
-3.166508498057404495e+02
1.831225157187129753e+02
1.386875343355538064e+02
9.350491779117564306e+01
3.213535455665033851e+02
-3.192699427177930147e+02
1.128211659691563966e+02
-3.382475907657699281e+02
-1.004846297676026978e+02
1.015021062694433738e+02
6.481931617368707599e+00
-3.289539159629028831e+01
-1.541293440846281442e+02
-1.176826381546313485e+02
2.223774739072551654e+02
-2.011453812912827175e+02
-1.037115881270222530e+02
-1.455941114748975451e+02
-5.851156603546833139e+02
-9.521274146256711646e+00
-6.164424183857173745e+01
-1.100753021182367775e+01
-1.408921648904459971e+02
2.330166204633433580e+01
5.203951002427427852e+01
8.266211322407336581e+01
5.286559862085169215e+01
-4.436183808078006336e+02
-3.114691318252260999e+02
-7.426369852501402136e+01
-1.608775192624378576e+02
3.205439416933481880e+02
-8.987304522614687130e+01
2.524758275689453058e+01
1.493992365836765259e+02
1.745820858901301733e+02
1.110851648618458256e+02
-1.478889971884651118e+02
-1.528267609337540307e+02
-1.472982039463267654e+02
-1.052523860521248480e+02
-1.386761792734647543e+02
-1.494783651299175347e+02
3.147342484329259449e+01
-9.518152208331943598e+01
1.946484747377785709e+02
9.535472987272171963e+01
1.150615222281580401e+02
1.569977259936211169e+02
-5.701546126332595321e+01
7.302923936222643420e+01
-1.957006556123107188e+01
-1.303490876178894382e+02
1.332077303346229655e+02
-3.261163741098252444e+01
-2.406853292426219184e+02
-7.780314195593702209e+01
-7.224827415320446278e+01
-4.452445351274433705e+01
-6.624276569175421514e+00
-1.797391919841977312e+02
8.144952169927289276e+01
9.063376048399199858e-01
8.095254064165020225e+01
1.022750663442217274e+02
-2.323386092902635767e+02
1.355557230236494775e+02
5.525563299474818990e+01
1.777862603079412338e+02
-2.672856249537839517e+02
1.704613864304531887e+02
3.336951297051510323e+01
1.413863548861794186e+02
1.126151288027425181e+02
1.310664684415342833e+02
1.599446583212150763e+01
-1.505353018066817299e+02
1.028401681367491989e+02
9.479722987594131212e+01
-5.969693743484565829e+00
-8.953870709948147066e+01
-1.874040948857091848e+02
-6.469550071082461784e+01
-1.381043768684679378e+02
7.492763277939711486e+01
-5.665738780410985242e+01
-9.073154406430238339e+01
1.104446024805043862e+02
6.739468269004154521e+00
5.065900394608966195e+01
-4.283728647395091116e+01
5.143529234499004588e+01
9.242169061348336356e+01
4.341570735164588513e+01
2.413665845908370500e+02
1.220584946998398124e+01
8.320384510711376436e+01
-1.640370366713900907e+01
5.040440752509117317e+01
-1.277813881020534410e+02
1.369592246429588442e+02
-2.197778015214013436e+01
2.028366350930541557e+02
2.618109913795651167e+01
1.904193813803624948e+02
-8.016690212106527724e+01
5.953381797605100445e+01
-7.262148654490857780e+01
-3.798849690829402448e+01
9.257630010506946405e+01
-6.843254790848150471e+00
4.098540758459859035e+01
1.714204029726658751e+00
3.320330840047108723e+01
1.197110383399922462e+01
1.390289514830882354e+02
6.044110678899656364e+01
1.699954997639155607e+01
-3.082727131624108807e+01
6.836168928791194332e+01
-3.653121259702862744e+01
-1.438433790637453846e+01
4.839305967081822502e+01
2.567414425782198961e+01
1.502527747665814495e+01
4.651710977275339332e+01
-1.273594279196125285e+02
-2.180422274804076110e+01
-5.927526870293554140e+01
-3.107940782114439315e+01
3.042784555649538802e+01
-1.129773439327077682e+02
-1.169720556524532213e+02
8.919780476786679912e+01
-2.544964876610611526e+01
-1.974987006510372112e+02
4.992951464636762182e+01
8.133994288861308064e+01
5.463529148309800121e+01
6.710142995771462893e+01
1.996947553162704310e+02
-2.382118427012442652e+01
1.131222514397228984e+01
-2.286105809254675236e+01
-4.072669164568899269e+00
-4.447758811147333802e+01
-4.698740359860903659e+00
-6.143256364495667299e+01
-9.147481399170774807e+01
-4.643738170112698072e+01
1.767266710040037196e+02
-1.297972155288302076e+02
-5.302456921310817251e+01
-1.006709617452965091e+02
4.835099060558710704e+01
4.802994974496504454e+01
1.314943967964490241e+02
3.769069935584343511e+01
-2.614643099334414700e+01
1.701043367639284725e+02
3.891757523527357709e-01
1.207453239416635782e+01
7.977861538539902320e+00
2.105696835127756472e+01
-3.789838052941558999e+01
7.125869239602865557e-01
-5.228546051705857423e+01
-8.125438014161217382e+01
-1.071804250010746102e+02
-2.613015380751410888e+01
-1.934414123605800784e+00
5.109569998441585881e+01
7.912047581183630029e+01
-3.824913360213828639e+01
-1.137291917029870518e+02
-3.345397187041562859e+01
-1.034599643825195869e+02
6.826511339460061834e+01
6.927158059460639095e+01
5.463202156016730981e+01
-4.610637368518406731e+01
-1.364578247343537321e+01
3.704091563125837894e+01
6.261579594777322733e+00
5.527262050310330466e+01
-4.177345327957628029e+01
-1.585551171368301127e+01
6.480126344417760720e+01
1.122426332707180308e+01
1.285370461924327969e+02
-7.829336106999321032e+00
8.315515843602756263e+01
-1.042300756593549771e+01
8.031668900869105698e+01
2.057552063640729401e+01
3.864884651042207508e+01
-5.187080235487364632e+01
5.441134571203425452e+01
-6.610818759745042428e+01
-6.494222861530028013e+01
2.363670335772832942e+01
-6.659972945909068187e+01
-2.182176167984730242e+00
-1.527291636477887060e+01
-9.276283852658129092e+01
-1.190816915650631529e+02
-3.911344466016071664e+00
1.410649705247950578e+02
1.281692013628249427e+01
1.126475854958327858e+02
-4.557609954740972569e+01
-3.866620228787875391e+01
-5.768867923156460620e+01
-2.357738800345826036e+01
9.021780533028058358e+01
-1.837832135698067049e+01
3.518749682251132782e+01
-4.991698173337844224e+01
-5.989983055204195495e+01
8.573398801550423798e+01
3.695828452828725119e+01
2.016564742069088823e+01
-4.948228363153682352e+01
5.508136765417487624e+01
-4.038615941402402143e+01
3.069010982178794578e+01
-6.216058103526909662e+01
3.287347369629353722e+01
9.733659333941136538e+01
