4.470889312152530692e+03
-2.358039375784911044e+03
-2.790582753360038737e+02
-2.055897047049674029e+02
5.422522334724264965e+02
5.684930287653693881e+01
1.650470161849985743e+03
1.705988116099364106e+03
-5.314976578326841263e+02
9.631610203572575983e+02
-1.499059591696269990e+03
5.466020169933336774e+02
1.807287414249646190e+03
-4.705717980493952268e+02
1.506932496094075091e+01
-1.648823373506398639e+03
-7.940697877124891590e+01
1.715906050423953502e+03
-4.697211646962845748e+02
-8.196598831679197872e+01
-1.060365991808004310e+03
-1.922534912001549401e+03
-5.944959880812169786e+02
3.607819055115482456e+02
-1.096564085339231553e+02
4.468182582520780102e+02
5.780544484884997019e+02
-1.587950621677483980e+02
4.179244623994455310e+02
-1.502752914523183279e+02
-8.602211813809333307e+02
1.140236481960377432e+03
1.511773450751722976e+03
-1.088372452251595178e+03
-7.981148002191199566e+02
3.635515108861702060e+02
-2.496062698039073666e+02
-5.611216548690543959e+02
1.060267358167365472e+02
2.821159826014421697e+02
-6.896326250846180983e+02
2.698862249771005963e+02
-3.433808925480216203e+02
-3.290918263297010071e+02
3.553532375831983359e+02
-4.313242409393358798e+02
1.516320799054475685e+02
-5.602782841088691157e+02
2.128448949726005708e+02
4.293398758022717630e+02
1.147740648855882597e+02
-3.840097406036290977e+02
5.088281956934362142e+02
1.381268007908489714e+01
-2.152802526066573705e+02
1.548465373015343403e+02
-1.148108963981731705e+02
1.271606691877214104e+02
-7.681038121733200796e+01
4.293616104078900548e+02
-3.009835598705635675e+02
1.221878075140086963e+02
1.100396890404586259e+02
3.460705829838109935e+02
-3.347731312281674150e+02
3.362688611471070885e+02
-1.196967912652126103e+02
1.915273803644298596e+02
5.885340250557587183e+01
-7.450233825043162028e+01
-4.018097736338137338e+02
-3.822948315526472385e+01
3.310997077879905532e+02
3.066059672158544345e+02
-4.845015348213714219e+02
3.857300849732679353e+02
2.483124781665120224e+02
-1.482197232565973479e+02
-4.427526110771292451e+02
8.266864792793100492e+00
-1.105854572408171634e+02
-6.569081649233412179e+01
-1.367536165720599683e+02
-4.009281071027849208e+01
-7.068310212492629034e+02
4.294658796213193597e+01
-3.007602628351374392e+02
9.210395653021294038e+01
1.955452478268412335e+02
-1.878708356362705842e+02
2.553360224387666904e+02
-1.292450886318762571e+02
-2.281082039931628174e+02
3.953132703031311621e+02
1.174148613785995821e+02
1.504516622474515657e+02
-1.346819791590769739e+02
-8.731645157246497035e+01
6.650605632620518293e+01
-1.692462648574401385e+02
-1.737956777198247380e+02
-1.865627939485094373e+02
1.221147532365737902e+02
1.659754208403103917e+02
-1.476604131132347675e+02
-9.992278990969872154e+00
-8.146096648431328902e+01
-1.043100813269868894e+02
1.237136412261976517e+02
-1.835610738943389890e+02
6.523017469376537747e+01
1.862313524584625668e+02
1.586874412107695491e+02
9.796952358470457511e+01
1.129575983799781227e+02
-4.293790979979081612e+01
-7.803365297685125768e+01
-1.238006029205936329e+02
2.079018980944629504e+02
2.406418040033436512e+01
2.158422520786448473e+01
1.928357134020061494e+02
1.514082338591660459e+02
-5.037398821539702709e+01
-5.920851404867837431e+01
4.621885664989680009e+01
1.661113411164770071e+02
9.800852124946932520e+01
-5.345603774735879199e+01
-1.511576403937071689e+02
2.421391769246547199e+02
2.473775244698870068e+01
-2.026484996314038654e+02
-1.444378260728711325e+02
2.943023909736744059e+01
1.258796530073350937e+02
-6.338342130723575707e+01
-2.790035437366590543e+01
1.543950245491363837e+00
1.031001348615943982e+02
-1.825158013002438295e+01
2.381344147348118057e+01
-2.760781860562725569e+02
1.724319553088726025e+02
-7.520613856268177244e+01
-6.327482036189216785e+01
-1.323094786940444223e+01
3.315532801684109909e+00
6.817388989055801574e+01
1.459356565631124738e+02
1.552893547681076143e+02
-5.472110211370998734e+00
2.474420810998580009e+02
1.363831398979651226e+02
1.365303523546564861e+02
7.183365023492929424e+01
1.552780048181251971e+02
1.534823058057696983e+02
1.258612749267155451e+01
-4.642834039442507787e+01
-1.012047166544721364e+02
5.933852742507509248e+01
1.641099050796931635e+02
-6.823599400230617107e+01
1.924562594116725620e+02
1.562999758754302491e+02
8.841123121811271801e+01
1.444343142070278319e+01
-3.808509927357289371e+01
-1.316476547943575213e+02
-4.381712394917938735e-01
8.764878866189475559e+01
-9.094443169523856341e+01
2.791390577788439487e+01
-9.966369840900587462e+01
-3.756414792000157377e+01
2.959550832588150371e+01
-1.214288543560825318e+01
-3.567829307916853310e+01
-2.095104432115860504e+01
-1.677501539068213674e+02
5.519524785506424536e+01
3.862930839954118767e+01
4.354881914237940777e+01
-1.494386136823748927e+02
-8.444693552941221526e+01
1.212444458047311286e+02
-1.129815699558504463e+02
-1.334211001653147832e+02
9.200663592815455161e+01
-6.072451513919511967e+01
3.644222065240589359e+01
-6.710040891097450810e+01
-9.289660765394832254e+01
1.729211628586355118e+02
-2.884642007583154566e+01
3.985423700907141153e+01
-7.260009351533363997e+01
-6.852331222623321594e+01
-4.937890216029639845e+01
-7.648195979050818494e+01
-9.255795147407539503e+01
-1.140571215974049721e+02
-7.622641845305589925e+01
-9.683955132578314817e+01
-4.917567981825341406e+01
-6.405388291736388240e+00
2.560751176195580570e+02
4.759226900350041234e+01
4.259662561598572950e+01
-1.372938391455039380e+02
-1.082093279418428367e+01
1.276947428270795726e+01
1.047365584654775184e+01
-2.962909704645423759e+01
2.787763944909300307e+01
-1.125711874653810156e+02
-2.211879985306379126e+01
8.153165236631937773e+01
-2.034383923378232595e+01
1.169786368341208203e+02
3.533031405009989356e+01
-5.751055365649744289e+01
-5.118609944537311662e+01
-6.517251958552085966e+01
-4.421954622208954078e+01
9.063656362762552021e+01
-6.598889363748891412e+01
-7.136117748897425894e-01
1.669984405153807927e+01
-3.977911799544020965e+01
-4.947110862009202492e+01
-6.215670214623988699e+01
1.338173679474504922e+02
9.382931675892368162e+01
-1.032433603306641174e+02
5.762922691214360782e+01
-6.234760750565261134e+01
1.026091526802170861e+01
1.163452551074698818e+02
2.216747855767267694e+01
-1.494689478351942036e+01
-6.687900386372817252e+00
-7.280729970539083240e+01
-4.944177079417994491e+01
6.241919345079850245e+01
-5.399750003506555096e+00
2.445004513399022983e+01
3.090073280677021117e+01
1.033387523337118807e+01
-9.388472038800412633e+01
-3.476207684459765801e+01
-2.611400894265529260e+01
1.225885856460975276e+01
7.315093240808145936e+01
-7.672004053649418154e+01
-1.439667339740014462e+01
4.096441467402446790e+01
1.150776265186479890e+02
-5.428565238712494789e+01
-1.459034803817157488e+01
-1.214286371806516911e+02
9.760221456742056034e+01
7.266839356547771445e+01
-2.258220503481419783e+01
5.306575221600969172e+01
2.662351805972136276e+01
-8.029783983767588040e+01
1.343303650627079264e+02
1.465778788802010801e+01
5.252674524596860550e+01
-4.502099544654809904e+01
2.991690591421415135e+01
-2.730808915219135713e+01
2.630872298399570930e+00
-1.955382257342653318e+01
5.670633892111885643e+01
-4.694064356985992781e+00
5.938896249484274392e+01
4.946780005167889271e+01
-1.145783648090284572e+02
1.116674704810508523e+01
8.314512460274021066e+01
-4.917484557149735735e+01
-4.471730251243210219e+00
-2.039894717409161728e+01
-2.727800746789547048e+01
-4.062863802245171296e-01
-4.549525100204753869e+01
-3.219235942120936755e+01
1.172134431594646742e+02
9.405229382109958181e+01
-5.514594119856177912e+01
-2.806279390474793445e+01
8.059899129899767445e+01
-6.782612260323575981e+01
-1.279825561488050880e+02
-3.352554376497711530e+01
1.614068924288707407e+01
6.162294173128960217e+00
