-3.901970864889866334e+03
8.575984957615820576e+02
-2.470209270640889372e+03
-9.139494900424663228e+02
-3.615950111457120329e+03
-1.919679788392387536e+03
-1.286148931367272780e+03
4.289590315895907224e+01
-8.242153952337115470e+02
-4.725523706193337716e+02
-1.263851201828734020e+03
1.829427786532577102e+03
-4.116595371853087215e+01
-4.795026594013184962e+01
-1.119533857762289472e+03
4.898829046996086163e+02
1.164163963057751062e+03
-1.121266478941567186e+02
-5.068476544193991913e+02
1.329952265100677778e+03
8.143940015032986821e+02
-2.275157501621424672e+03
-4.196983989931509029e+01
-1.410444973312303318e+03
-3.313125087763386887e+02
1.103796096638609697e+03
1.299463769117726997e+03
1.381672029547831073e+02
-6.985527815480979825e+02
-4.340321692810845207e+02
1.546518970428487592e+03
-7.018668796823930052e+02
-3.480062316819271473e+02
8.098226098443163892e+02
-5.115643394719020876e+02
-2.399257746082677727e+02
-3.776653976969714677e+01
-2.089528633631541368e+02
9.079686846833516256e+02
-8.131066383288252837e+02
-1.154512657966937468e+03
4.724824515254871358e+02
-8.776469979230322451e+02
-8.158468145270627474e+02
-1.640383242595000866e+02
-1.212950108842589771e+03
-1.736371679191220778e+02
7.045832763020430320e+02
4.773915324320134346e+02
-2.392444223986103111e+02
1.061419012811401075e+02
1.505055238863927514e+02
4.942594513533916825e+02
-5.979554078064298892e+02
1.964616302755265451e+02
4.480578643782473591e+02
3.625135790160381930e+02
-1.030772381711512367e+02
1.538587467081043769e+02
8.306965273604022570e+01
1.958567099667418177e+02
3.525195958948623343e+01
6.966725470407488956e+02
1.516635999626438149e+02
9.122752667067859420e+02
2.985391152445357079e+02
5.125035114136769607e+02
-3.424534456618460609e+01
1.481871483516267176e+02
-5.756608087290720732e+01
-5.839284390847809618e+02
1.689819347458809204e+02
1.648447455986968748e+02
2.449338264645833192e+02
-2.072323727674477709e+02
-3.626693713903177354e+02
-3.858441551032814232e+02
1.962927491981794503e+02
-1.334954001976905431e+02
-3.639264813135449828e+01
-4.893353955744740347e+01
5.501796561079663661e+02
5.321255545551334762e+02
-8.608875983284135600e+02
-4.344289484166737338e+02
1.821131714834894524e+02
3.169212682956573985e+02
-2.478218832823042135e+02
-3.584259238006828241e+02
-4.430700297889495118e+02
1.861348353984909636e+02
2.774781921823491757e+02
1.479003517490000945e+02
-6.195326945343564518e+01
1.079960625227623261e+01
-1.868379949674386182e+02
-2.692672705826955593e+01
-2.632683383125158798e+02
-4.157880732288450645e+02
3.659206674076262544e+00
3.142512047254416530e+02
-5.976309569353048090e+01
-5.422832420017044797e+00
-7.718340676950208490e+01
2.784966948830783053e+02
-3.827598306570095019e+02
2.528109952568802044e+02
1.252989164958934225e+02
6.689474580077414601e+01
-2.659658990094387718e+02
-2.322913709389984263e+02
-2.438788900828939461e+02
-3.079159436673358528e+02
-2.757079417310004601e+02
-1.330603235582853756e+02
3.119199046481421078e+02
4.514730993500444356e+02
-5.886367522652391671e+01
1.303992054808398571e+01
4.361389287484100805e+02
3.964436250039728975e+02
3.434612594406369794e+02
4.457643475245497484e+02
-1.623382109577695473e+02
2.799097849456176164e+02
3.847554678432026094e+02
-4.837179359411056225e+02
3.505205613988144364e+02
2.774219825504814594e+02
6.275361230482003805e+01
-4.132216995848972942e+02
1.212055795123569851e+03
2.042999704593099182e+02
-3.200560237123984848e+02
1.365010604361359015e+02
5.387480800948433171e+02
-7.986835620051442675e+01
-3.541916019985472985e+01
1.169962477653887731e+02
2.792561913599632817e+02
2.233554934868102180e+02
-3.275061731823711852e+02
3.730624331786997345e+02
2.441809768991499823e+02
4.874137767058774102e+02
-4.429681796638195124e+01
-3.226837740236423429e+02
-7.846529853700673129e+01
7.309390877794168091e+02
9.886139679773394562e+01
2.152935203774324293e+02
-1.660376493287195103e+02
2.307088892317172224e+02
4.491735434003005594e+02
-2.133801402651105263e+02
-1.914279502252009024e+02
2.027966654111546632e+02
4.456836228989943720e+02
2.152486015751648267e+02
-6.195778677881988870e+02
4.669970778286258906e+02
7.691704218175652841e+01
1.773979455693821876e+02
-2.755099257361467835e+02
2.410894443675896337e+00
-1.012732793794361612e+02
1.615603823240516306e+02
1.023281376572521282e+02
4.755004851920331816e+02
3.590693927550517515e+02
9.669333007537225910e+01
-4.739553994549075355e+02
-7.021916137992383256e+02
-4.208265112524060783e+02
-5.429216547172431717e+01
3.194231742852579714e+02
1.409327922704308662e+02
4.331442699686811579e+02
1.542070408827291885e+02
-1.529239052789907021e+02
1.023541575726181492e+02
1.574113928453981828e+02
3.225535533165039510e+02
-8.877300280636795549e+00
3.866970766681685632e+02
-2.844929440461084482e+02
2.276654410856417030e+02
-9.842897786011896244e+01
-2.004637596541915059e+02
2.774336637550308069e+02
1.733522536558512570e+02
9.388259713022742403e+01
-1.597353534524612826e+02
-2.119685239006892914e+02
-1.156045183292441578e+02
-8.795447269194374584e+00
-5.286841703357732740e+02
-7.009918797859344863e+01
9.306968495496634830e+01
1.976511622416723810e+02
-3.743481753490377741e+02
-1.374753756108914899e+02
4.559921870156821342e+02
6.521333524338699306e+01
1.690318839619110634e+02
-1.436654397838723263e+01
-1.341458182257879059e+02
3.762183621737027295e+01
-1.065116037658932271e+02
2.019217471343330317e+02
-3.004316950051047570e+02
3.988099470129831161e+02
-2.178956829329807476e+02
-3.988591071335762450e+01
-3.053685528710885819e+02
1.838009683595719821e+02
-2.078255660652751757e+01
1.116033029080148680e+02
-3.728026052104139012e+02
2.566344132176745916e+02
-5.418488096440783011e+02
1.792531546931226956e+02
-3.026924496496641268e+02
-1.320703571493944537e+02
-1.810331284740926208e+02
-6.289298592895269167e+02
-4.863445027648356813e+02
-2.076745032436386396e+02
-3.988067263000978073e+02
-1.458908162801555477e+02
-9.513963649907559272e+01
1.723612652421401492e+01
-2.221527046627069524e+02
-3.003730614793385598e+02
-1.379763491878730122e+02
5.944072554821184440e+01
-3.131136851308732503e+02
-6.760125784429665430e+01
-2.098425333859178110e+01
2.381546475274527381e+02
1.492870435178680282e+02
-1.829008567011973696e+02
-3.472612356969329994e+02
-6.473580849578972902e+02
4.044390566874332649e+01
2.945707541636334668e+02
-2.053927511931441643e+02
-1.140154935344838378e+02
-3.985828302709891773e+02
7.806570085288210237e+01
2.633728743614535119e+02
2.086585902705355693e+02
3.432609766767728274e+02
9.812043418157912811e+01
3.511754059223782747e+02
1.285808168902523221e+02
-1.384108953467977869e+02
2.838298300748889957e+01
-3.555832400981500996e+02
1.584991651145496121e+02
1.358851833644775411e+02
6.619554805929472252e+01
-2.449184750892835609e+02
2.760669491937476323e+02
1.807539127912640993e+02
1.383798537669933069e+02
3.136803247988990506e+02
3.872535391717528910e+02
5.704001613675142579e+01
-1.867679246043164909e+01
2.391948020954855849e+02
1.020436381679884619e+02
-5.246188378672615471e+01
-4.746274880582819264e+02
9.903750866076860504e+00
2.909349856902391807e+01
6.738778411604580754e+01
2.701450825096019912e+02
-2.967772067259144251e+02
-7.152250723063673377e+01
-5.272220349216095201e+02
3.873047297376893994e+02
1.848971377413964490e+01
1.049370984168122334e+02
3.431668188486408866e+01
-1.400250462776766938e+02
1.692932440534334830e+02
5.087203403943717461e+01
-3.950442180040404878e+02
2.770098898335116644e+01
-2.848156559560271717e+02
1.758448687625388516e+02
5.793448596363436565e+01
-9.283515940955419410e+01
2.037994838446776384e+02
3.354169589816586239e+01
-2.507578763389862218e+02
-9.189430369465785731e+00
-2.992259717277025857e+02
9.647076007211174442e+01
