-1.570546640715864669e+03
5.024223148697526995e+03
3.212479658326983099e+03
3.433084794872112298e+02
1.382858254242475823e+03
2.078218856684412458e+03
-3.692236602429847494e+02
-2.843812606417715415e+03
-1.212063168261714054e+03
-1.845925055089034231e+03
-9.619732443788309411e+02
1.351981058539230617e+03
-1.685239028058235817e+03
7.805196673201724877e+01
-2.460251666331175329e+03
-1.385570607112136031e+03
6.194629189973895791e+02
-7.072521447262611218e+02
3.412585756762174469e+02
7.874075392700430029e+02
-9.540305565997050508e+02
-1.631575628153493426e+03
-6.726038178591813903e+02
-1.366223661235685768e+03
4.567917857920786417e+01
1.530880305759874886e+02
-3.752185900598876174e+02
1.667598603925760926e+03
-1.853773776969772371e+03
-3.949292624774860201e+02
-2.762903574764688415e+02
-1.376061755675101494e+02
1.683819746262241779e+02
-4.435780161227460781e+02
-1.028206363123144058e+02
-4.610992533974578578e+02
-9.874559940907305133e+01
-1.915452447017674444e+02
7.741955748582104206e+02
-1.134283847016258278e+03
-1.582891937060880991e+03
-2.015156080983527147e+02
3.984685626022854308e+02
-2.852510218534342812e+02
8.008331694346642049e-01
-6.567574728020948669e+02
6.824543808081463112e+02
1.299025945532343258e+03
1.298716075865087305e+03
-4.300387659141670156e+02
-1.731312377086744334e+02
-4.021327412139490889e+02
5.542665099526659560e+02
-1.518127540376178786e+02
9.772494206080101549e+02
-4.455581957497410599e+02
1.676292479228971217e+02
-2.325157720816984011e+02
3.944911031761989761e+02
1.555784681492229993e+01
4.759847048290499743e+02
-4.594379681329946266e+02
5.200781095077043119e+02
-1.339365349681652901e+02
8.050460438694541381e+02
1.999804085649752210e+02
6.078487996125426207e+02
1.591604269024883820e+02
5.594045340968216351e+02
4.176251806541964129e+02
7.397460022500834498e+01
7.498529754899952593e+01
3.638842250521400956e+02
3.551229444432735249e+02
-4.315048079261920293e+02
-1.998978787931703209e+02
-5.500673680681923088e+02
8.537559525263066007e+01
3.092284102555456684e+02
-9.273598125758813921e+02
4.940528181072181724e+02
2.222458556330974204e+02
-7.661252891238892460e+01
-9.291734980936606689e+02
-6.505030098112715677e+02
2.952868669668013126e+02
7.762495665830354596e+01
-3.819657827787581823e+02
-2.728515553864194203e+02
-2.588099452343341227e+02
-1.373782077349213750e+02
-1.879355380696486222e+01
1.125028308427744683e+01
-2.485158006659258945e+02
1.380461621574538071e+02
-5.410263639958632211e+02
-1.167895573468604198e+02
8.041785025250437258e+00
-2.675417661545282613e+02
-3.153138529368636611e+01
6.222437464783794212e+02
-1.034264405247845531e+02
2.918125731804717020e+02
1.045911485412464401e+02
5.367008892771351611e+02
-5.206609205474173905e+02
-7.803931349542322948e+01
-2.103935787898944909e+02
-1.395132460033572670e+02
2.077391360688473867e+02
-6.559104871689711445e+02
-7.530417140736448118e+02
-6.443349645744825693e+02
-2.885114330725118066e+02
1.184222187646267628e+02
2.706435536530419199e+02
-2.822147056931841576e+02
-5.009145375769821840e+02
-2.450854949732982391e+02
6.213838176021364461e+02
1.308943839558943125e+02
4.938565642721178506e+02
3.111504539409704648e+02
1.701349636679884156e+02
2.885782295664262165e+02
1.833346805836449178e+01
-7.271629883534019427e+02
1.952967634479610979e+02
4.441434554311453553e+02
3.124415184879776461e+02
-4.670878980953025206e+01
1.016206417463905723e+03
-2.907103031199139309e+02
-1.716033326681828441e+01
5.971080300315761633e+02
4.366998724054027434e+02
8.257065454843107943e+01
-3.409495927330955851e+02
-4.367233135891955698e+01
5.984138643409068692e+01
-1.516977621939982726e+02
-7.687259506819530941e+01
6.907157234681394584e+02
4.270903133020339055e+02
2.080923994994155066e+02
-2.628519823739290473e+01
-3.801729445542921439e+02
-1.932268510442533227e+01
6.471976204578869556e+02
1.889739300706511642e+02
3.820327267664143847e+02
-2.632677347302378053e+02
2.000866845536880589e+02
3.166243021863101035e+02
-3.460203555099631672e+02
1.024838990922587385e+02
1.243029427197700727e+02
5.567002341597495843e+02
-5.895752524907669567e+01
-6.524593954230508643e+02
3.368248632067749782e+02
1.921056049330852886e+02
3.075075962187455048e+02
-3.431853739547918281e+02
1.679053580744205476e+01
-2.257879435289210903e+02
-1.470481638243819873e+02
3.888992199278262092e+02
1.993816402621131658e+02
3.328424893862575118e+02
7.728038665392817563e+01
-5.613536928437878260e+02
-3.292653162480901869e+02
1.290544044703648012e+02
-2.734044434703929483e+02
2.967054786523415828e+02
5.039299485253409898e+02
1.847811772142702011e+02
-8.182085206742097228e+01
-1.403396399861808845e+02
2.919357554025516492e+02
-3.138437670123632870e+02
3.013777633596259875e+02
4.577861678704407495e+02
2.430585987908467303e+02
-3.165639611500981800e+02
2.073662931225110029e+01
-2.539150759661783496e+00
-3.900810376057203825e+02
3.753283442404544417e+02
1.586996522954944169e+02
-2.823772680988328716e+02
-2.359557584989832719e+02
-5.069955562815674170e+02
1.310254149116969415e+02
-1.410922642392986290e+02
-6.341927781609941803e+02
6.905759429151663653e+01
1.892161590502698516e+02
8.723342220336033392e+01
-2.349340265930160569e+02
-1.238038534968633968e+02
8.608790002223233842e+02
-7.139600019026791244e+01
1.103699416749549158e+02
-7.382294648001098381e+01
-2.195786561926299498e+02
2.855478491849252620e+01
-2.331381660779497054e+02
2.754709308251478319e+02
-2.094845248434790506e+02
1.274930101994367106e+02
-1.707241833756914104e+02
3.047826395627328111e+01
-2.129876970617707457e+02
1.730402810282702717e+02
-2.857402704373988467e+00
1.609411322420112924e+02
-4.515341036397121570e+02
1.561599337978491633e+02
-6.710477520024916203e+02
1.525669609524408941e+02
-4.530013726319101579e+02
-2.074944651764915591e+02
-1.313751660075547818e+02
-6.503382710771735447e+02
-5.795714395517031789e+02
-6.351770825588843650e+01
-4.298615272947706245e+01
-1.391754475726577311e+02
-1.116304562223798627e+02
-5.764602181987259399e+01
-2.158570945123492208e+02
-1.355346359234344789e+02
2.951550015046420228e+01
-1.430206227427271699e+02
-2.447282042650001017e+02
1.034732483822560880e+02
-5.665503861506146599e+00
-3.115413945458684353e+01
1.300380133673008061e+02
9.941397115101951343e+00
-3.930219156096463848e+02
-4.200931730615851052e+02
1.007054162330611007e+02
1.035494489071204640e+02
-2.123222754685694724e+02
-1.783473268380975583e+02
-1.934412998904581116e+02
2.907163266118072187e+01
4.120759942189482672e+02
4.864416824891697502e+02
5.929859513315203685e+02
-1.348013728899609305e+02
6.847288251859879438e+01
4.799287643176528917e+01
-7.163363951759193071e+01
1.343142316963820093e+01
-1.930240268651062365e+02
3.431548065340929838e+02
1.506523013002436642e+02
5.112320670370833398e+01
-2.160344184397595200e+02
2.348167462471637350e+02
-6.892901843280617413e+01
1.075272868528317360e+02
3.389229050154445986e+02
4.043352774662738511e+02
-1.304506559185152526e+02
-1.943180726814681947e+01
-1.291431427821898978e+02
3.512157230610657876e+01
-2.668723319863782084e+00
-2.252742306265112120e+02
-1.142552884582128137e+01
-1.026475316442733146e+02
8.186390470553834575e+01
1.928498969922827655e+02
-1.388426632802948575e+02
-1.317598738553781956e+01
-4.811003459766475316e+02
4.164947403565512900e+02
3.092203769875046149e+01
1.241713624121359913e+02
-6.921581351045668384e+01
-5.905986836913611171e+01
1.751983354270276720e+02
-5.463567644631274334e+01
-1.206861862476636418e+02
7.660898588347691884e+01
-1.433613129022189696e+02
2.407122034650607247e+02
1.547069753897533246e+02
1.885505932766008641e+01
2.538084527302975175e+02
1.636277383120629167e+02
-1.558507580091781790e+02
1.534929243586366283e+02
-2.722056425206600352e+02
2.291913347418198725e+02
