5.182071419655754880e+02
-1.487953692373017020e+03
2.008674875346354440e+02
4.610140842182300730e+03
4.179797777042908820e+03
-1.787517182715356739e+03
-1.751754493264435951e+03
-2.633556356688854066e+03
-1.910065765162962407e+03
7.265716116859523481e+02
7.689720493032834838e+02
5.426800730059582065e+02
9.226867593785940471e+02
2.421085532545934313e+02
-1.621820096127282795e+03
-4.232508230003054450e+02
2.298709841243100072e+03
1.853501127210343384e+03
1.952588454163596225e+03
1.063507672100927039e+03
1.960762070553736748e+03
-8.038398324429222086e+00
-3.504617479652429211e+02
2.756161292802906246e+03
1.297913598647781441e+02
5.089995378220005477e+02
-4.247983154698889621e+02
-7.269150336178636280e+02
6.570461419145068476e+02
-3.818981766050268902e+02
-7.475730458421080016e+01
1.298168950243750714e+03
-1.700524025778957366e+03
-4.053956123069598902e+02
-7.261012485065235751e+02
-4.763632819229754887e+02
5.693747131549121150e+02
-8.119434806623844452e+02
-1.101158221310954332e+03
2.119184706226585604e+03
-3.420462797697254587e+02
-1.561921679630924928e+03
6.419281076323994739e+02
1.384090486941325253e+03
7.221968266398793048e+02
9.763286964076538652e+02
-3.065954414688046086e+02
-4.680881302962233690e+02
-2.394678006003321684e+02
1.560957039785448330e+02
-5.265181734670701417e+02
5.241906063046280906e+01
-8.611946545385551488e+00
8.440974653287171350e+02
-5.822207402625787154e+02
2.900814494202347760e+02
1.140620006653462951e+03
-9.638581471526207167e+01
-4.326874459898061787e+01
3.055572089014409585e+02
4.339049863857297140e+01
-1.166109404568419222e+03
-3.314606701427881035e+02
-4.823028256340276698e+02
2.842852959389413741e+02
5.299066048671065801e+02
3.270373338688111744e+02
2.459360975976479153e+02
1.899808188178335513e+02
-2.556138952458122304e+01
1.222736184686286407e+02
1.112511099844180535e+03
-3.750748002546013709e+02
5.833352097851159215e+02
6.086769973976291794e+02
-6.689843594257167751e+02
8.426705961369785882e+02
-5.043091278002694935e+02
7.674352110288678830e+01
-4.423009338953401652e+02
3.120230252051903790e+02
-7.875463808058482584e+01
-3.049080305498275223e+01
5.973077609836286994e-01
3.810110759173708175e+02
-3.833265045744196868e+02
-2.667587268940683316e+02
7.092891464269324331e+01
-1.582678025684951990e+02
-3.836015942547138025e+02
1.143604624823664864e+02
-6.525000300815028140e+02
-7.425456854949467242e+02
2.887539341612031762e+01
3.388467864467933168e+02
9.199750786176541340e+01
-1.572741081065641708e+02
-2.414173022441592309e+02
3.427907266059000904e+02
-2.638962863148096858e+02
-1.819212576005512005e+02
5.053849888971434012e+01
6.245870366333585935e+02
-4.558813933489943224e+02
-5.714682322147552185e+01
-6.085057462740012397e+02
-6.371236276276443533e+01
1.902950414718086449e+02
-3.177402980743607230e+01
4.911152661491976801e+02
-4.929709484847377894e+02
-9.465264336286580260e+01
-4.093991392381690986e+01
-1.904084504143009156e+02
6.117418388351472913e+01
-3.195594799979817822e+02
-6.183836016147142800e+02
-3.377894236976047182e+02
5.416134392760744731e+01
-5.768355911627058852e+00
1.794166958952499726e+02
6.177751123478551563e+02
-2.274300474199861242e+02
1.474547211762938446e+02
2.752554551217332346e+02
2.010309886864158386e+02
2.995122082169779674e+02
1.067262534051282685e+01
1.501903757059577345e+02
3.091155348514527077e+02
2.715333081902581398e+02
-2.664027846069732277e+02
-6.596858939198800726e+02
4.292809811532500675e+01
4.201654152276118452e+02
-1.978556457367524786e+02
1.347394722845849060e+02
-1.848902383256626081e+02
1.759204137806763129e+02
3.267494759680025709e+02
-2.453666846648795001e+02
4.399865776589733990e+00
-8.408497603519781194e+01
1.940554042974235642e+02
-1.731092769586921918e+02
2.647496525744570022e+02
1.545331351589245799e+02
9.352625786665667817e+01
3.016720429081465795e+02
1.585024380910453203e+02
-3.360736984685588595e+02
9.627892427532025010e+01
-7.464461670411564853e+01
1.672518406520325129e+02
1.947367075545060970e+02
1.554242176145786516e+02
2.468773966869579795e+02
2.257865444210279193e+01
-5.059556643413218779e+01
2.353749297192621839e+02
-3.547431247239728123e+02
-3.033670114975741399e+02
-1.704341518973974416e+02
1.203527794332094913e+01
-6.507876801643490694e+01
-6.150973222894393899e+01
-2.066659098431410371e+02
-1.054510599395425317e+02
1.587343862934966410e+02
-1.546460204716365752e+02
1.203865068156838589e+02
3.106005082866868179e+02
2.740994574234529750e+02
3.868978666544991540e+01
-2.494748715494587543e+02
2.718392482463700048e+02
-3.484183592673307999e+02
-3.457454958180224480e+01
-1.661527272252642717e+02
-1.162088854916899407e+02
2.573146108035468274e+02
3.811134551779637292e+01
2.331852261562597164e+02
-6.267726487137609936e+00
-1.280694225234051089e+02
2.419371181421949757e+02
1.085836438764883098e+02
-1.087026501566251113e+02
-1.207114846601874945e+02
-2.075519082242881836e+02
-5.133157482635049718e+01
-3.265604852013324830e+02
-5.718164507029275967e+01
-8.935067668196670354e+01
6.559508327989780696e+01
-1.263305770091678397e+02
5.238043112090865350e+01
-1.262412580278165137e+02
5.017202285889990208e+02
8.975373751424518787e+01
-1.826327239249133072e+01
-2.331569852155278113e+02
3.901071898868183325e+02
-1.379474210799425116e+01
8.696683882131763710e+01
-1.597003287934909110e+02
1.029138859845201637e+02
1.248418149915219004e+02
1.586992275532032011e+02
1.120849311935982087e+02
-9.073992867290805009e+01
-7.297511040080030931e+00
-1.978120394030880504e+02
7.611201044456956311e+01
-1.017455699995323783e+02
-1.478976833858574196e+02
7.162092749746646803e+01
1.608156878188605674e+02
-2.642045221572103060e+02
7.515171203602957917e+01
-1.864178448137965916e+02
5.475834626028765939e+01
-1.615633878627003241e+02
1.657023937333293162e+01
-4.284211736816686766e+02
-1.759473261367696182e+02
-1.970264732760277866e+02
-7.686335979133666285e+01
2.969359519238012126e+02
1.201457884050127518e+02
-1.685388355409413350e+02
1.536042064567496936e+02
-2.357674014490279717e+02
4.051193854274443140e+01
-1.282420641736479183e+01
-1.887856446111175046e+02
-2.003260661501042534e+02
3.826910200078357889e+02
-9.046382264165207232e+01
-2.651738358198905416e+02
5.002036563920709966e+01
2.729492941003001647e+02
-4.683611833599485408e+01
2.063760814331332938e+02
-9.788824380686793347e+01
-1.074482150463963848e+02
-1.180005230322323513e+02
-1.001031213155767290e+02
-3.012469467250870636e+01
-1.440148244472801196e+02
1.222990596360226903e+02
2.602144854615453085e+01
6.220798608717719702e+01
-1.895021139836250370e+02
2.842009530200747491e+01
-6.274787426062893303e+01
-2.123002247832505702e+02
-2.196805642514133012e+02
-4.634652225344204624e+01
-1.849465629946772083e+01
2.520779103655161180e+02
2.788270371462668251e+01
4.185674225255837655e+01
-2.027080346018937007e+02
3.533305301137980337e+02
4.424601812057245098e+01
1.298985640373210799e+02
-1.877425308197604537e+01
-3.191160080927323293e+02
-7.748065135704339923e+01
-2.697000936855216935e+01
7.244552607831489865e+01
2.875812786317245013e+02
2.595290282521473273e+02
6.754684220148853058e+01
8.044922204769470397e+01
-1.967086765841544889e+02
-3.942825800017292437e+01
8.021098807494540495e+01
4.595580800268635357e+01
-1.849467802836980823e+01
1.245688912037791880e+02
8.553512560880260196e+01
-6.377096416060486916e+01
4.840620931051299181e+01
3.606350999322997382e+02
-1.496781172232242341e+02
3.310505547065422860e+01
2.961754315980649110e+01
4.206990933002462185e+01
2.728566549025052836e+02
-7.474738292980947563e+01
-1.028138392271255555e+02
-1.133330500235032900e+02
-2.094307232321820038e+02
-1.451515634430477064e+02
-7.056459834190420111e+01
-4.007126081584932820e+01
9.006717071450967893e+00
1.068642807718836707e+02
