-1.734354148299213421e+03
6.802880233489690909e+02
7.607880616446251452e+02
-1.789503603057532644e+02
5.422439418677890899e+02
1.624373263671757059e+03
-1.635124367434503654e+02
-1.221799110267448441e+03
2.037343775816148082e+03
-1.463658529912665472e+03
3.466411469454973030e+03
1.692280450313795654e+03
-2.334734010564144228e+03
-1.850124836257025208e+03
-1.289669592289816137e+03
2.293214981189851756e+02
-1.125176157076842998e+02
6.485884025655888081e+02
-1.703498430261948670e+03
2.297130264910281312e+03
9.186882264547966770e+02
-1.927738704437387014e+03
-1.894676289355614244e+03
-5.258424871481580567e+02
-4.550274044706964673e+02
-8.332697874369517876e+01
4.321556950518343569e+02
-4.739887108898413430e+02
-7.779440684482515280e+02
-1.917047818500301901e+03
-1.187861451616000750e+03
-2.451826140669087636e+03
-4.450180777246223442e+02
-1.879241103919823388e+02
-8.132393385711908422e+02
5.568945232754975905e+02
8.696008456016330683e+02
-1.076236058203661287e+03
5.445843626014285519e+02
4.193312251087497344e+01
-4.010483753312253725e+02
-3.265111890987648735e+02
-5.062437065909099374e+02
-4.283702892624590390e+02
-1.736975786045428322e+03
-6.203578433706143187e+02
7.192317472373720193e+02
4.859097529358954830e+02
5.547116426439727093e+02
2.481410196457619861e+02
-1.071840687869555950e+03
1.073567344344608955e+03
3.715640837884552070e+02
-6.364723286525976391e+02
1.079021702926097760e+03
-2.265612424924264587e+02
-1.192089434016331779e+03
9.705289809374373533e+01
7.120658568878523056e+02
2.413377922909956510e+02
8.259931711638417937e+02
5.324730538992251923e+02
1.009710790824890751e+03
-3.675076896543601492e+02
8.024145889331216495e+02
1.731200236885934828e+03
1.713784798374348611e+03
1.282257734819922234e+03
2.230488336730036849e+02
-5.066790956795798451e+01
2.292671962942202697e+02
1.072596235908469708e+01
5.199607942206123425e+02
4.955939755254403849e+02
-8.897051911605295800e+02
3.541460500655589954e+02
-5.765213246882389058e+02
2.205809667025011436e+02
7.655647781126175460e+02
-5.955723848478248783e+02
3.116228670246219963e+02
5.577470856777533754e+02
2.470915418345431931e+02
-4.513471357669899930e+02
-1.046636073646497152e+03
1.705269180159640428e+02
1.223971692271339151e+02
-2.128532483668844293e+02
-7.373754678699158376e+02
-2.300036612592284087e+02
-1.109647121845801649e+02
-1.346949872351775355e+02
2.951708892521508005e+02
-7.995079428526753418e+02
-6.708478455224700383e+02
-1.503321417655139101e+02
2.759861007645645259e+02
-7.821298483490143383e+01
5.546265477230679863e+00
3.697391480020754102e+02
4.226289041651668867e+02
-1.942448563295749153e+01
4.250168751316238058e+02
-2.731244782121591470e+02
1.767990408259315416e+02
-3.995999664703030589e+02
-2.282169464708047144e+02
-2.632772562043717812e+02
9.602019714823830654e+00
5.347596680302707739e+01
-7.451379324019214891e+02
-3.256096864303084431e+02
-5.562942025911667088e+02
-3.320417560855167380e+02
1.372024009019916377e+02
2.686200952153350840e+02
2.837576799948749908e+02
-8.516166442825121976e+02
6.871163803079666899e+00
2.515086469306130539e+02
-4.659646410350301267e+02
5.203699419628653686e+02
3.615458620832760062e+02
-1.424999899124206308e+02
5.379641562900493454e+02
2.387931091114139406e+02
-4.605824314800445336e+02
4.020600755288464825e+02
2.639830129378848937e+02
2.331858375348501511e+02
-3.113862620997196586e+02
8.920461717069836141e+02
-2.043714414507395460e+01
-6.852303578619772395e+01
5.777053737905729349e+02
4.743394893287841114e+02
3.629671418640480169e+02
-5.312681871699533076e+02
2.524776963903811478e+01
-4.451862951211854238e+02
-8.933264694826566199e+01
2.253761328592656810e+02
9.637595522349083694e+02
-1.044775893256538524e+00
1.631170322901443512e+02
-1.392845940504438431e+02
-4.672686173966382057e+02
-2.574706195708306922e+01
7.514867262474461995e+02
4.406025911688115002e+02
2.429949085873167007e+02
-1.248119862063682604e+02
2.530647670235385078e+02
1.617651496196473886e+02
-3.496125860548722812e+02
-3.155316688939453229e+01
2.190819151659469810e+02
7.684846051204675632e+02
1.214600258696719521e+02
-7.521955271129452285e+02
4.656548745032227998e+02
3.141345260763254714e+02
4.686579847557573544e+02
-5.216290975651406825e+02
3.714924969252340503e+01
-5.114812057216670951e+02
-2.158621448100675480e+02
8.142075673394400326e+01
2.477160257249435347e+02
6.051851854189548021e+02
-1.731106696869881603e+02
-4.944015864865935441e+02
-3.766296100674104537e+02
-3.846294232292701167e+02
-3.067673013250578151e+02
1.791841674544435534e+02
3.744824012656495711e+02
7.775549946641180554e+01
-4.063674803485680109e-01
1.367626733681636253e+01
6.143753772316713366e+02
-2.593521640221341613e+02
5.977557042368765678e+02
5.214494670195308572e+02
6.095832216058665836e+02
-3.760795380384657847e+02
-8.817481900481065793e+01
-1.652379042258623087e+02
-3.484685613878255026e+02
3.042697931680593797e+02
8.254888488319990358e+01
-3.964659603482257921e+02
-1.867739481206124594e+02
-2.511498959292231348e+02
1.236397765217581757e+01
1.110582440517688951e+02
-6.808526777882110537e+02
-1.465599725538970688e+02
6.309214044147417155e+01
2.343221396928190643e+02
-1.866076866402128474e+02
-1.208710244260971365e+02
8.253016628439778515e+02
-1.191035334284994605e+02
-4.561497876161335063e-01
2.092409200711948642e+02
-3.520275826332400015e+02
8.594349068270994962e+01
3.495926216354869354e+01
4.811088931132589437e+02
-2.346322249939487392e+02
7.034291282927365785e+01
-2.914101008086600473e+02
2.859655344357745577e+01
-2.667600982899710971e+02
1.173823185617872724e+02
-5.486989664150201662e+01
1.104173511593511314e+01
-5.270888093720147936e+02
1.879149370449749199e+02
-4.468887385673206722e+02
2.458920822491093077e+02
-3.641799438640939002e+02
-1.722398362278325408e+02
4.929023158379204972e+01
-8.077184550956860676e+02
-6.216871385415898885e+02
-2.220778246560611819e+02
-2.817725239782228641e+02
-3.327986157261633480e+02
-1.616344783508150584e+01
-9.677778527786119867e+01
-2.704970827191445437e+02
2.579771232360108115e+02
4.982056189164656246e+01
-1.158188403378266855e+02
-8.072938140899944415e+01
2.369998145426001201e+01
-1.241698961667048593e+02
-3.925711933192298631e+01
2.998280606544814475e+01
-7.811199872160300117e+01
-5.318911265266388000e+02
-5.948066241689735989e+02
2.339952600493516286e+02
3.626045114940729377e+02
2.507112968423300714e+01
-1.272014082550509357e+02
-3.499496948015873272e+02
1.152926817567344955e+02
4.493844281891628043e+02
4.894687718348597514e+02
5.950153832241791179e+02
-1.653965913664560503e+02
2.201623857548707690e+02
-3.657472737759148629e+01
-1.228148569263274936e+02
5.786378053437097435e+01
-2.067447867512050550e+02
4.204160868079133024e+02
3.250790748800398688e+01
3.385942972473149553e+02
-3.208799016709104421e+02
4.223238416735273404e+02
4.846756351387690387e+01
1.817037336022873717e+02
5.094214310802372552e+02
5.601804448091550057e+02
1.852524129621102134e+02
-5.147270437441294888e+01
-2.945077581436039793e+01
2.307825496994666139e+02
-8.385666693107635794e+00
-2.406233027785418983e+02
-1.380008009275247218e+02
1.198128676946785873e+02
1.979020731427169153e+02
3.087756097875316641e+02
-3.066731600924540544e+02
2.814648582653352804e+01
-4.984023774342498996e+02
5.910749865351075414e+02
2.580447063626857016e+02
1.622772602158675284e+02
2.686434281608152475e+01
-6.381617782771434833e+01
2.674745227060560637e+02
-2.910958015963702294e+01
-4.231098598985517611e+01
4.908972492914057995e+01
-2.147531818696320443e+02
1.646064150514239941e+02
2.682558270469765489e+02
-1.105406214945057854e+02
9.883163842278710831e+01
6.460339609720186616e+01
-9.592727947964472435e+01
1.524446175300495270e+02
-2.761361896167969689e+02
1.638620021441076346e+02
