-3.203460643188156155e+03
-6.838477047053816023e+03
-5.481358060450845642e+02
3.079182017965256364e+03
-1.121474768213717653e+03
-3.323630307734110374e+03
-3.253219936213958590e+03
-5.072656813267900020e+02
-1.269379609112969092e+03
6.377157882251023011e+02
-3.355904252695140144e+02
-2.433611712873042052e+03
8.302321131360382651e+02
-2.671051419825030280e+03
2.626099613137996130e+03
1.663423290359924295e+03
-3.648299068224208895e+03
-2.496747291865925490e+03
1.113971804857774487e+03
-5.854956523461106599e+02
-7.431088518723797733e+02
2.421772521446291194e+03
-2.891230605851296332e+03
-6.692824840290370503e+02
1.603116155664064024e+02
-4.847269981795618037e+02
2.532002681061371447e+02
1.289173675634668825e+03
-1.176525956255574101e+03
9.683800507589515973e+02
1.836340449265216421e+03
-1.495287223257634651e+03
-1.984374494050862836e+02
-4.742988984765318605e+02
9.625570402598077635e+02
-1.114978828624727385e+03
-2.657411193764451127e+02
5.346611759992887301e+02
-9.131919848181556745e+02
3.451167525001416152e+02
-1.031455576087196505e+03
6.122598416249127240e+02
4.645934332415608310e+02
4.500083455110664659e+02
7.020748580957838385e+02
1.089559960273584238e+02
-2.013622685305669847e+03
2.131478752417796386e+03
8.390861910757772435e+00
8.062976603698959366e+01
-1.186081500557507752e+03
1.660154412490817322e+02
-9.992758446582513443e+02
-4.110897335494305480e+02
-8.677613512970578995e+02
7.172539595977991667e+02
-9.176459718773460281e+02
6.394548402926369590e+02
-2.149541892330640849e+02
6.140104461381669125e+02
7.188876037240589767e+02
-6.109980109433843154e+02
7.121972705851403589e+02
-1.775113844720306588e+03
-1.304271699878186155e+02
3.547329479948919015e+02
9.249827497171621360e+01
-2.501350784369662961e+02
1.282516169146702225e+02
4.303130395881889854e+02
-4.258518116549778370e+02
1.706407174881989306e+02
-8.989886161862747258e+02
-4.021349601997901573e+02
9.736964695325087860e+02
-1.280733002968486289e+02
6.043374245771989308e+02
-6.954619740962338028e+02
1.011840931843005933e+03
7.160518219259620309e+02
1.137643770235013108e+02
-9.882556295813094493e+02
-5.541003434791532527e+02
3.304658309228852886e+02
3.796896277029819089e+01
1.083665068856505371e+02
-9.370511516788377548e+02
-2.152858880071715930e+02
7.111091280596276931e+01
2.045098839071309555e+02
3.202023927102341077e+02
-3.807400226439112885e+02
1.137832284274795711e+02
1.444015078942314005e+02
6.793959831429673386e+02
-7.377313855468153747e+01
-5.194868265423767753e+02
1.198292624932992254e+02
-6.020248233854950826e+01
-1.335687187855322833e+01
5.382339886029830041e+02
6.453758075667991534e+02
-2.327119305058490966e+02
5.594497083867958054e+02
-2.024949856831671866e+02
4.157667205990213688e+01
1.152265423272539948e+02
-4.081665151117093160e+02
-3.193363561840648686e+02
2.542524968785090778e+02
-6.961280915991706841e+00
4.498723963772345087e+02
6.448454300854136818e+02
-6.716158028857380202e+01
2.600861099159499190e+02
-1.145766863949811381e+02
1.226791524487586571e+02
-7.049894316802810756e+00
-6.307162379543904080e+02
8.513887726430152725e+02
6.249554009694154644e+01
2.642072892835462881e+02
5.400841638415175794e+02
-4.312667769740931476e+02
5.415838272168035701e+02
1.535834886305860358e+01
-4.931529296445702926e+02
-2.238589843839355922e+02
-9.456698417825180059e+01
8.881585715271180561e+02
-6.535952285651022464e+01
-4.475957013884033699e+02
-2.835896318533111753e+02
6.257664810603147316e+02
-2.203661012318686971e+02
-4.025590547830839583e+00
-1.021914537975262647e+02
4.311158337155550271e+02
2.270643294994627581e+02
4.583105972838751541e+02
-3.914824007167999298e+01
1.959407300256721030e+01
-1.076563459132988498e+02
9.983630902354474301e+01
-2.466041251001564376e+02
2.573106888467580688e+02
4.371640169008210819e+02
-4.382175991620523519e+02
-1.796567787130635168e+02
8.624905135381736443e+01
-4.538230149033974499e+02
-1.270919694019521842e+02
-3.235657843534242488e+02
-4.180072818827273551e+01
-5.469726336880590907e+02
-3.159945722639075143e+02
1.508244665870846291e+02
5.308295865435136562e+01
3.149272886793561952e+02
-9.497616224252142558e+01
6.421926750403129347e+01
1.199238231766784502e+01
-2.209481647425380118e+02
-1.192607638011097180e+02
-3.167984841950803343e+02
-9.443116109554976845e+01
-1.937902472354676036e+02
-8.672741257070629928e+00
1.999905576580011939e+02
-3.489498494998495062e+02
-2.930401575660789035e+02
4.075917418878295280e+02
1.591112491804196054e+02
-3.596157625360564225e+02
-1.003210533488196745e+02
-4.313581591216775024e+01
-2.196023757045906564e+02
-4.316130226384301523e+02
3.996475134362451627e+02
7.580959723307417164e+01
2.337331968004358771e+02
7.277993509659927440e+01
2.598883265514899108e+02
-1.585502491351440142e+02
1.587042400811150458e+02
-1.099035215127295544e+02
-5.522925311178630636e+02
1.903324959613250940e+02
2.568316808784526302e+02
-2.030532485365863522e+02
-2.055040359895113511e+02
-2.715380103459451107e+02
1.613761993414942992e+02
9.699501608734617264e+01
1.927191763033889060e+02
-3.085814237086744924e+02
-9.359071219152471599e+01
-1.919726181062899570e+02
-4.681214159602366180e+02
2.623503022984712274e+01
4.073187067282548313e+00
1.171417351899128079e+02
1.451377771817568032e+02
-6.426461194740375049e+01
5.314657235510870947e+01
1.164979794988150132e+02
-5.677127014434501007e+01
3.574459721152555289e+02
-2.433831327615885129e+02
-6.014625200114215886e+01
1.611358806685326783e+02
-5.517974233520519078e+01
1.399079330216292476e+02
3.589818021445410636e+02
9.050870740902463751e+01
-8.195386526568562147e+00
-8.380476651599101601e+00
6.978647413315003689e+01
-1.120283588808748334e+02
-2.759652357527556319e+02
3.846502161576915455e+02
4.741445823089719624e+02
-2.029060598660248615e+02
-3.247927010076277270e+02
2.225587186723024899e+02
1.809533631612563340e+02
7.243094163617158188e+01
-2.618562718632423980e+01
-4.984390264925508518e+00
1.807580349349574078e+02
8.306401873043527928e+01
-4.867607260652391687e+02
-8.154768159679774442e+01
2.759172814897996773e+02
6.956941727623301119e+01
-1.327976614828720869e+02
-1.018450166817309679e+02
4.531349139819952256e+02
-1.613507060083776139e+02
-4.248938766940722758e+02
2.645267476707398373e+02
1.994034936495127397e+02
-1.689478612388224690e+02
1.491666952837602764e+02
-2.617449751825757289e+02
-1.947995528786181580e+02
7.786100644417236083e+01
2.451718335056641536e+02
2.499658198033002634e+02
-1.515954254491211941e+02
-1.677705450057105168e+02
4.534595016064217532e+01
-1.700394617936311761e+02
-1.717968636663551081e+02
2.364635420028248802e+01
-1.131718812116326660e+02
-6.422951538222815770e+01
-3.356160861005311191e-01
4.127283343813778771e+01
1.557098264974804920e+02
1.145167702263468499e+02
2.270121347407932433e+02
-4.711864838130748723e+01
-2.707323916031015187e+02
2.762521041801305728e+02
3.430813408709949499e+02
3.484894394650377194e+02
-1.533888783347453000e+02
-8.262225988960430811e+01
-8.353663885472469985e+01
-9.899200116289094353e+00
-3.670717641759716798e+02
-3.446029594218982339e+01
9.135918960382488763e+01
-1.444716125209133395e+02
-2.500101688851304260e+01
1.495988726551612160e+02
1.253913505757228108e+02
2.849811002351983689e+02
-1.965618869434155158e+02
1.071392367344123357e+02
-2.420178071476701831e+01
-9.437842138594892560e+01
3.141525381596887883e+02
-1.973308076647693383e+02
1.057392019794842497e+02
4.878371758951255543e+01
7.615880181230562584e+01
1.338523665423568332e+02
-3.030486826982824056e+01
9.363857568657938657e+01
1.820837017647129841e+01
1.514175865291259129e+02
4.607423470783569286e+00
-5.339255945198115114e+02
-1.230971550498096718e+02
1.167764886909125011e+02
-2.057444397135154190e+02
-1.268375961876605373e+02
2.227166310143757642e+02
