-5.303040962113748719e+03
3.105709927789848280e+03
2.989182641246529329e+03
-3.436090922014616808e+03
2.780299551754128061e+03
1.651746748182260944e+03
-8.818799787583341185e+02
-4.602712729651948962e+02
-3.192652647396129396e+03
1.991498585003895698e+02
-1.102113858230736469e+03
-1.325500234897463542e+03
-2.683308476280884065e+02
2.059981460047095879e+03
1.334386477764216579e+03
3.631765757353716140e+02
-4.546964128123760815e+02
6.193210235945122122e+02
3.410292120646264493e+02
-1.016733871655343791e+02
-6.438791443746511050e+02
-5.726046512322376429e+02
-1.829285592460327337e+02
-7.751847874281035047e+02
-3.642217203880686043e+02
1.518565443656128537e+03
-5.228236958858058188e+02
-5.765250958450288721e+01
-8.298877431612528710e+01
-9.442475297859961074e+02
1.678677017409723248e+03
-1.536448970618686644e+03
7.327078130382134624e+00
3.214289041957536028e+02
4.672753419604172223e+02
2.323377275098234520e+02
-1.710705209180888744e+02
-9.016853516627676299e+02
-2.342101702104909577e+02
-8.805023007626307390e+02
2.628965198104389955e+01
6.708513061869871308e+02
-9.326527380485030108e+02
-7.541565201559898242e+02
-5.088339199730602331e+02
-2.713465720219141986e+02
1.378866405604786394e+02
-8.939777468363054425e+01
-7.284732313121005518e+02
-1.191524898607660816e+02
-3.511657425460551281e+02
-6.429891911852262183e+02
4.237542509602476457e+02
-3.201107679045660461e+02
-1.978706635914615504e+02
1.867059777995667673e+02
5.222202558950000366e+02
3.450536428237095947e+02
5.072880796298643418e+02
1.286882482775239680e+02
-1.344265104047264003e+02
2.954451708783380468e+02
2.836832669970553980e+02
2.579839080575551975e+02
4.340023477004241670e+01
3.309319071972363986e+02
6.136217771045977543e+02
-1.240203113452650427e+02
-4.208422744905282684e+02
-4.433897565870525455e+02
-6.230902745854233444e+02
-1.773191516440620319e+02
3.319271535530207871e+02
-2.526204318077696769e+02
-2.570791882452688810e+02
6.681592484303273523e+02
-7.949719414418366341e+02
-6.723994668952333598e+01
3.660536267999788862e+01
-1.922397927739526153e+02
1.226386516872363188e+02
2.775622697908960390e+02
2.603633550818971685e+02
-3.780504509337041554e+02
-3.130976589359845548e+02
4.340408391222890145e+02
1.477473211336607051e+02
-2.944977399220045555e+01
-3.565858713444030172e+02
-1.289053307623166722e+00
3.183724253315888859e+02
3.907095153035414228e+02
9.169346681814519116e+02
-1.266727653671172504e+02
-1.929969768036380273e+01
2.269595958287081316e+02
4.866986809048099616e+01
-4.941287377367039539e+02
-2.121592074447395646e+02
-1.363532205730857925e+02
1.909773050935241656e+02
9.289416721344549543e+00
-1.293632208822807961e+01
-5.855540399187572298e+00
2.388257191826031942e+02
-3.290120667461305857e+02
-9.684056030426411610e+01
-1.734711302408875895e+02
-9.626406928097524940e+01
-4.462340090728740449e+01
-1.343492097409575194e+02
-3.191328843888416031e+02
-2.406976616829468867e+02
2.764769046026285437e+01
4.176892974717331697e+01
3.068186164611088884e+02
1.124929379860621026e+02
-3.139071903117992406e+02
-2.094647224389570397e+02
1.093953285536024254e+02
-1.640796772321294270e+02
3.679813419170891962e+02
3.132155138852773462e+02
-1.615855256186973179e+02
2.138020254779484048e+02
2.262571567665653731e+02
-3.433034899603846384e+02
-1.057852973284749538e+02
2.934864189676811179e+02
-1.413430046636021054e+01
-3.601621558971194190e+02
6.605995464304809275e+02
-6.953572524908608443e+01
-7.727266492918165852e+01
8.632077213425934303e+01
3.499595583943901147e+02
-7.775788980718364485e+01
-1.910159883873814692e+02
1.588658053445941505e+02
5.559782917135601821e+01
-1.348839638902381068e+02
-2.748440340204044219e+02
2.904162115758471714e+02
4.108000528153737037e+02
1.266823540516024735e+02
3.387506844090079738e+00
-3.713830200814613249e+02
1.545793811075589304e+02
1.144274541676966379e+02
9.369354582099227002e+01
2.752587561755177603e+01
8.642177149948561521e+01
7.424011156734574968e+01
3.356187010708288767e+02
-1.858331541999905312e+02
-4.942049602778708106e+01
3.107471249407005942e+01
2.853060137085716406e+02
-1.611176447609591946e+02
-3.380250765641711723e+02
2.148186562065279475e+02
1.308201195597569422e+00
1.428626141359619623e+02
-2.027712757530371235e+01
9.854851237859088542e+01
1.029573623596724303e+02
3.417195154551342995e+01
1.241747468172094244e+02
1.310009025482987681e+02
2.401822326435378727e+02
1.588502274667488052e+02
-3.793777020065360830e+02
-2.000158062781029571e+02
-1.551563238839199244e+02
3.079175101567253492e+01
3.592551645101622739e+02
6.744622205363297951e+01
3.601058189998106229e+01
-1.531204394706978356e+01
-1.396768256091346245e+02
1.094943654425712865e+01
3.509703591457824956e+01
1.375061845621015664e+02
2.582551885662738300e+02
1.187787329921735022e+02
-1.971310109251561187e+02
1.577692145359094411e+02
-1.094931215713611152e+02
-2.177280078452743055e+02
1.788698214936471800e+02
3.702053747482722201e+01
1.180424498288844291e+02
-2.755156348204665164e+02
-1.679382939503750833e+02
-8.559929326380954251e+01
-1.579382488562913522e+02
-4.946638655597615752e+02
1.324124627009954338e+02
7.016532384886208717e+01
-7.296845872221734908e+01
-1.480996282052927029e+02
-9.998574978185951068e+01
1.084657353594570850e+02
2.430801278179651348e+01
7.760433306571154333e+01
-6.571184116005078124e+01
-6.061284547877338724e+01
1.050682232491878523e+02
-7.515689564424975799e+01
1.031032611533581758e+02
-2.022409196354691687e+02
1.764929018017703299e+02
-1.882099363999135733e+02
-7.521359897684106954e+01
-1.555044490722572732e+02
1.659965199894137982e+02
-2.138353980426446910e+01
8.186192389225389832e+01
-2.932970353350086157e+02
2.391959199832008380e+02
-4.280106982082295417e+02
1.754611552678679631e+00
-2.277450401084671512e+02
-1.246307583841399236e+02
-1.557227806179622007e+02
-4.517499771598894540e+02
-2.743674948482949958e+02
-1.490106374421553141e+02
-1.788329018931711119e+02
6.639059001493281187e+01
2.816286218966208210e+01
-2.085279689586848662e+01
-4.877011761450423677e+01
-2.512628738354564746e+02
-1.047975200345515745e+01
-2.525150792872512984e+00
-2.437589120399830449e+02
7.899740148820936270e+01
7.460577865146402132e+01
9.872247005447576385e+01
-3.044714754736856577e+01
-9.040655167138082504e+01
-1.472451877525819555e+02
-3.653253197529962790e+02
-1.169903453043837089e+02
2.352751341337171809e+01
-1.881567485519483114e+02
-1.634279394292557015e+02
-3.007047591862680633e+02
-5.758351226520437649e+01
2.546566622255682546e+02
-9.067209201000830276e+00
2.080068386073192528e+02
5.718023330743461941e+01
2.421751488214757160e+02
1.322028504947232648e+02
-6.176076276462870140e+01
1.651180626945142293e+01
-2.424017529176455525e+02
9.681465192444132128e+01
1.348053813612573890e+02
1.076521259385170168e+02
-1.132627665145886198e+02
-2.157837434621342254e+01
1.678209751486929520e+02
4.536678726947204865e+01
1.472902020544468655e+02
1.407972379426392990e+02
-2.400218737362760990e+01
1.472005764469474975e+01
1.410765591327243840e+02
-5.168770901584758093e+01
3.866785327506118364e+01
-3.066268233521992101e+02
1.203505220743869444e+02
-1.611237899406624052e+01
4.192102418801646024e+01
1.857307287920469321e+02
-1.276200869899326591e+02
-6.840974005465524499e+01
-2.014634385965778733e+02
1.167028907293506137e+02
-4.541090667104854361e+01
1.389814902782550803e+02
1.139720554000144581e+01
-1.151627385223704003e+01
9.417676471930735715e+01
1.808874517311265038e+02
-3.166171759959232190e+02
-6.025851565866103243e+01
-1.708279100237861314e+02
1.202558185348301834e+02
-7.416005350590886280e+01
5.001090972966652259e+01
-2.499430972568700282e-01
7.390043234761837709e+01
-1.214745253095794624e+02
2.817065623186034529e+01
-1.475007224406543855e+02
1.023138340303216012e+02
