-1.834146120380475793e+02
3.426148793416149601e+03
3.020028321697107913e+03
4.036906622415930087e+03
2.934864065741861850e+03
-1.336421110064862205e+03
1.483365150727205901e+03
-2.633579669655303860e+03
-1.861332910233396206e+03
-1.049445668528167062e+02
-1.603858696891763202e+03
-1.139750722035663330e+03
8.412947872418809538e+02
8.122800447432590545e+02
-6.332287553223673058e+02
-1.905246524923989227e+03
1.642969262132263793e+03
3.492594345234593334e+02
1.758270185644587173e+03
-1.151773041589459808e+03
1.303641036828009646e+03
2.275213703698083918e+03
-1.403550376891502538e+03
1.380869617017894825e+03
2.787165162226726807e+02
7.037742707756364098e+02
-1.558754239182362880e+03
-4.728513507588108382e+02
5.820778675658843895e+02
-1.721996964014473690e+02
1.282220262776857680e+03
1.165134612153372018e+03
3.788188210780046461e+02
-1.689876650619748261e+03
-1.831057300761355577e+02
-1.287989318277017901e+03
-1.009743290478497556e+03
-6.539772540769336047e+02
-1.265380312644957712e+03
9.136194893151397309e+02
4.131430460066991941e+02
-1.022658111110204459e+03
-7.891985420433001082e+02
1.928146674416346400e+02
-2.270272203163121958e+02
8.765472126548569349e+02
6.179558364563986288e+02
-1.397330263232492371e+03
-4.915499392719207776e+02
9.359122458912322600e+02
-2.976227644753608388e+02
-2.712632026113374195e+02
1.117226664920584085e+02
-8.771190377267787142e+01
-6.819438594353584904e+02
4.803070495267392630e+02
1.100368830588464562e+03
4.575610428301889101e+02
9.091679149313995367e+01
-2.052052854427347199e+02
-1.965939886025161627e+02
1.959794325899645457e+02
1.184664876262796298e+02
-2.491575657951854055e+02
-4.880137364220383347e+02
8.095270169135874028e+01
5.884631854142892280e+02
-2.333530641056990973e+01
-6.068044845236066749e+02
-2.277749711218507116e+02
4.037115934001927542e+01
-5.681390249130638637e+01
-2.912947028610311762e+01
2.266902326908742396e+02
-7.798442354377255015e+01
2.551487350651021302e+02
3.054716734342465543e+02
-5.481868544492550654e+02
-2.659357286581935682e+02
3.277921271425547616e+02
2.091120721408709642e+02
-4.886624687149312649e+02
-4.317893414884181169e+01
4.019879311186739983e+02
-7.100860549341400940e+01
-1.650208412889657836e+02
-2.381496231337165526e+01
-2.081554911696580632e+02
5.382202189225846496e+02
2.233906222883178714e+02
-2.274317761755569336e+02
-5.700880300662740865e+02
-2.226995549594228692e+02
-4.545943550328632909e+02
-1.241156034884412662e+02
-8.549554292477948536e+01
-2.459801799858500715e+02
-1.731391015353812861e+02
1.232632562863824717e+02
-5.177100389536792591e+02
-1.524262453267746480e+02
-2.796912826689943898e+01
-3.623862035075769938e+01
-3.551750152377049830e+01
-7.743737998309152992e+00
1.926554714371089005e+02
-3.001455240686124171e+02
-8.890493863738934976e+01
-2.621921910247435505e+01
1.025936431156044932e+02
-4.305999937589019169e+02
4.200963389975444784e+02
7.776857602372051304e+01
-1.463611007026749746e+02
-1.830547397648452090e+02
3.890393713777000926e+02
-5.010241147251096550e+01
4.840059677393607984e+01
3.471943639659371570e+02
-3.632773260533443249e+02
-2.010247469322075062e+02
-8.194681960560502887e+01
-8.815240239026891800e+01
1.936396077823748101e+02
5.579551705667087802e+00
-6.522018231371700381e+01
1.688889545071821487e+02
1.452089243323225958e+02
1.041806220239622007e+02
3.354545534132505509e+02
3.259540750184880267e+02
2.378119592516880232e+01
-1.822046006994380321e+02
2.213319504369223694e+02
1.382917895887852069e+02
-1.928064847198967513e+01
6.740202239815373275e+01
-4.052744392852099509e+01
2.813940379334030695e+02
-2.059596310006709245e+02
2.087468788699065101e+02
3.055537657023296561e+02
-1.076184851325470646e+02
5.634760910614031282e+00
-1.150552105125425300e+02
1.246340368431433063e+02
3.895549013808460614e+01
-1.146173133608864987e+02
9.110366566778311892e+01
2.680089086849707201e+02
-1.781244466186634554e+02
1.354623553680908117e+02
2.691944432219584655e+02
-3.651342157605733973e+02
6.906855336023646430e+01
2.747487557442282764e+02
2.241779801367245284e+02
-1.975353241646993183e+02
3.863474468572089648e+01
3.241485898835866806e+02
3.921908733743782705e+01
-4.945727838982772795e+01
1.376225830455457526e+02
2.597901029975142251e+02
5.013815503089711001e+01
-1.516251111903663684e+02
7.855655110560427978e+00
-2.637313918122876544e+02
2.241268916526739758e+02
-1.437027119869911189e+02
-6.696165846754998086e+01
9.417838086139012432e+01
1.725841258610038267e+02
-1.579765475481909789e+02
-1.859833151878093247e+02
-2.430097630948133656e+02
-1.603704012308341760e+02
-4.210461777374569579e+02
-2.134788934724243603e+01
1.940867582336045132e+02
8.396641564298562344e+01
-3.327206552014278884e+01
9.464828788932134529e+00
3.728842474877264834e+00
-1.539556903031698596e+02
1.135556459591159495e+02
-1.529186033878974342e+02
5.434504497972492487e+01
-3.437929481407535377e+02
-2.733854744079758348e+02
1.229201104900243564e+02
-3.520687740318388137e+02
2.084100466459003655e+02
1.624843241841773249e+02
1.267014423289613205e+02
2.430520185959437356e+02
2.216725392027773012e+02
1.166724433799368796e+02
4.350154295565787379e+02
1.461209233649584860e+02
3.607759123849367029e+02
3.885535515394662553e+01
3.393951566415412202e+01
1.269075079476511547e+02
1.383979350963296611e+02
-5.926491547654900671e+01
1.765741275631544056e+02
5.902957152561700127e+01
1.491398527092342192e+02
8.958320916891901575e+00
5.935046199129136824e+01
-1.223727115493746851e+02
-7.066106374966587111e+00
-1.281116768226830800e+02
1.307533951486127251e+02
-3.069866318903510773e+02
3.760316566698838159e+01
8.378246356610891610e+01
-7.530566782798808845e+01
1.424581818155161450e+01
2.592874213869756090e+02
-6.525030815529059680e+01
1.615186509550996732e+02
-1.667638976523281542e+02
-1.644163990307497514e+01
7.776184093390714480e+00
1.111061375412484438e+02
-2.411157837162408271e+02
4.667158710743883177e+01
1.339166110109619012e+01
-2.183321181301559477e+02
2.420793340727946585e+01
-1.463411130572421541e+02
2.310881497680150432e+01
-5.647789938402621601e+01
7.832638317362520297e+01
-1.272372346255663302e+02
7.629675302991329033e+01
6.470504401732969768e+01
-4.904354130589820926e+01
3.068192902940892708e+01
1.624949159162881926e+02
-5.460917819667204753e+01
2.554571115514328028e+02
2.075194914974026261e+01
1.096208197458994427e+01
1.437558149940400085e+02
2.402750031602119662e+01
5.834898133062345060e+00
6.943077391699978307e+01
-6.574801192099241121e+01
-1.092740651665724272e+01
-2.189150331770128943e+01
2.437217737291166841e+01
7.042097837637570024e+01
-2.420484672940257553e+02
1.615532174866573030e+02
7.329372115944534194e+00
1.531398245082295659e+02
-9.379032637070874756e+00
-4.234152793000150439e+01
1.627425057689767129e+02
-8.956420262861537651e+01
-1.636079592221225454e+01
1.745924061717518327e+02
1.948493300701447026e+02
-3.724502989192856717e+01
-8.920032417743105668e+01
6.487977765771080385e+01
-2.778736947200054033e+02
8.736990549585871690e+01
3.197011681003144190e+02
7.480685987486052113e+01
2.235061127870434348e+02
-3.407793155499791737e+01
8.891815418477172273e+01
-1.715344520878132073e+02
3.466724482528050544e+01
-2.215861437886375995e+01
1.259518991732309416e+02
1.934244776277126903e+02
2.717553591281168224e+02
1.678223428504735466e+02
-3.852083775170601143e+01
1.419344210749359831e+02
6.577921973461523919e+01
-2.228210730603230161e+02
-4.071877504533676984e+01
7.948019652603188945e+01
4.712551205430476564e+00
2.867517525747842342e+02
1.978192815020794137e+00
4.472464789617978909e+01
7.516383843866505288e+01
-5.602784997914500309e+01
-1.508026952215066387e+02
-9.703020595057070352e+01
-6.025513619939357568e+01
1.679453465990962400e+02
1.382427051719589350e+01
