-3.085977260523728091e+03
5.766426126640267285e+03
4.195774933985331700e+03
-4.021867896770219431e+03
1.508507245182142242e+03
8.165953381138822351e+02
-1.328810177686800671e+03
-5.974281675392472835e+02
-2.564749055382522329e+03
-1.238884751986814763e+03
-9.474314163488867280e+02
-1.588638083838916373e+03
7.802798287665789303e+02
1.561724525823937483e+03
8.358042505003049882e+02
4.390013487781118329e+02
-1.046427204866109150e+03
9.694008289092744235e+02
2.463026522997835741e+02
-5.478969509762534926e+02
-4.765695186979748428e+02
-4.149683862721769856e+02
3.566374954298403281e+02
-6.118891022218454054e+02
-1.238444010194124303e+03
6.081197350613833805e+02
-4.829413913469876434e+02
-7.569987896564824723e+02
3.925786107672169010e+02
-4.505601637980443996e+01
8.668153142748278697e+02
-1.270576133179634098e+03
9.403408402504105368e+01
-3.267347279835659037e+02
5.051743100799794775e+02
3.096891939999522947e+02
-1.602141219338004987e+02
-9.624780476880902143e+02
6.528910848190118941e+02
-3.289598100581313247e+02
-4.229656694895002147e+02
1.016552129036650626e+03
-1.081277494555025214e+03
-4.455102881448240169e+02
-6.049992186089548341e+02
-5.039812945914688953e+02
7.952133808654355107e+02
3.685370994912413494e+02
-3.595498184507925998e+02
8.246492858625816780e+01
-2.999803708299859295e+02
3.219667080392232492e+02
-6.675664622567900324e+02
-1.673583892811467706e+02
4.909826269187857974e+02
1.818575113786678799e+02
1.654928450474415058e+01
3.151012428465516564e+02
2.566630357481455462e+02
-1.817186155151646290e+02
5.980688498216237576e+02
8.305929637789726883e+01
8.384700315851855521e+02
-1.825731512974306554e+02
7.935306362643725606e+02
5.975815383799612164e+02
5.756345860438261752e+02
-1.635865791367920679e+02
2.757566906837978991e+02
-4.274290781385280980e+02
2.398938537842738867e+02
6.589400936363720120e+02
3.251878233189071352e+02
-4.067317630614363679e+02
-7.996798036384153647e+02
3.928071442049047164e+02
-5.751880352039474928e+02
5.121864210078514361e+02
-1.116537938030983241e+02
-1.652935558931374871e+01
2.063950041318049671e+02
1.343526289963874376e+02
-5.260914785060763421e+01
-4.288070883332735548e+02
-4.714496757905352808e+01
3.256191609594708893e+02
3.750332905814138371e+02
-3.093575409694392988e+02
-1.530329900190624812e+02
-1.220520561133824122e+00
-6.482142052222528150e+01
3.122463865697140406e+01
1.094230507593361494e+02
-1.393436288043371860e+02
6.594475926852652492e+01
-1.927049762035352956e+02
-3.810115792703732751e+01
-6.941652287828271710e+02
-2.655677087845308506e+02
-4.592082336931062514e+01
7.759659095053428928e+02
-5.500620655114919799e+01
-2.984368890919831188e+02
9.868273152586806418e+01
2.131835024215219221e+01
-4.927183228224253639e+02
-1.497892708493440921e+02
-6.591689207389822514e+01
7.343400438435281785e+01
-3.779303764055268289e+01
-4.122260843471901808e+02
-3.836623935048242515e+02
-2.967581470266280803e+02
-2.003298100606971843e+01
7.863900113300323369e+01
-2.688897054272592300e+02
-2.178268127792674989e+02
-3.710748734194820031e+02
-2.822023125360335030e+02
3.141198479777694388e+02
-5.563452544659037713e+00
5.054305764912932659e+02
1.716817959263009641e+02
-1.487461358882091522e+00
1.926377380231253937e+02
-2.113122244335130802e+02
-4.836558761476919130e+02
1.583019190452035332e+02
4.375539276492939393e+02
5.355154611903611084e+00
-1.240457710180435242e+02
9.136036767075033822e+02
-4.492341512352924724e+02
-4.697192901816305444e+00
6.229224599798982354e+01
1.641704871697995145e+02
-1.548325372137276759e+02
5.364218441444602092e+01
2.056101063356699399e+02
2.339436345683129446e+02
-5.020544858143881584e+01
-3.345283947202282775e+02
3.884115799846048844e+02
3.883820864228899268e+02
5.094749317831348634e+01
-1.298129156750124764e+02
-3.366056927764403781e+02
-6.544682115586527571e-01
4.106032948754282188e+02
2.058453285920857923e+02
2.618924568961484738e+02
-5.153158071801173179e+01
1.232824127947894084e+02
3.545550251702321987e+01
-1.419788780825729475e+02
4.978129765949879015e+01
2.602579416620542361e+02
1.446953328586612031e+02
-9.132561521635383883e+01
-4.438976155260190239e+02
2.713859068213204182e+02
1.905970439863689023e+02
3.391755841471500617e+02
-2.183514407253431102e+02
1.443025539385078559e+02
1.040904217589534255e+02
2.060780169812563543e+02
2.358839449938132589e+02
1.085249551508182151e+02
2.503992447274346205e+02
1.418846701604965403e+02
-2.442356378116753604e+02
-3.696860347239211819e+02
-1.075500101032899067e+02
-1.195352484190577336e+01
5.013452348837165005e+02
1.509576351254023336e+02
8.211033494996975435e+01
-8.843380052217820264e+01
-1.013626950069505739e+02
6.990294638772454050e+01
-6.470616272980412020e+01
2.922498888328989608e+01
2.122592937379148736e+02
2.798083158622387145e+02
-1.336408153864487360e+02
1.826908650955692508e+02
-3.917588836345338876e+01
-3.122483122207703445e+02
1.694581333893025885e+02
9.187834021701267773e+01
8.401709554022104953e+01
-1.553373674700767708e+02
-3.357216900272933913e+02
8.923662561981524277e+01
-1.027731069179683345e+02
-3.396410656459119082e+02
1.729361340338269883e+02
-3.430313332149435013e+01
1.339984447283722488e+02
-2.201735366794091249e+02
-3.210550875425137178e+02
3.844861666541522709e+02
-3.334130140327664549e+01
6.725320974439260624e+01
-1.924528762987756352e+02
-9.049902283030701255e+01
9.771941587330151435e+01
-9.155418056747318190e+01
1.309604338756287802e+02
-2.148981405124242485e+02
2.293739255084214221e+02
-7.217431549765780119e+01
-8.705374804864283078e+01
-1.471603952880141719e+02
2.292010515443067220e+02
-5.973696667022403517e+01
7.750971476827861295e+01
-2.963741519690395307e+02
6.627341009834105989e+01
-5.015294644031159805e+02
2.767214373587366438e+01
-4.317866326647779829e+02
-2.260274739263044808e+01
-1.054572930203387529e+02
-2.857466933617624818e+02
-4.419044466017654713e+02
-4.184321313084612370e+01
-1.260375739570373810e+02
-1.822246318619960732e+02
-1.265614893409732105e+02
-8.741710699669377505e+01
-8.539362947458435826e+01
-3.058800524208132288e+02
-4.800841351354240771e+01
-5.405308592316742988e+01
-1.659548677685137648e+02
-2.814194542600726834e+01
-1.441840915000269945e+02
1.190915604588758043e+02
1.540004521981578307e+02
-7.204075133011528465e+01
-1.743098675815754746e+02
-3.450721227839221115e+02
-3.713747772908911315e+01
-3.934799320097752129e-01
-8.828801706183593012e+01
-2.328471412230639146e+02
-1.986314402732302824e+02
-1.132695953101417530e+01
2.552828307066696709e+02
2.065202416352470038e+02
3.442188494403827690e+02
-1.108910825915160530e+02
2.419142516326571126e+02
2.041817528835562996e+02
-1.263238672629165080e+02
2.676535507010327208e+01
-2.451830387550397461e+02
8.242419790578883010e+01
9.943343097794513596e+01
-5.219935624964074350e+01
-6.897271589743891695e+01
1.482773812364781634e+02
9.012670403007535924e+01
1.137660249630856129e+02
1.152020201201904968e+02
2.801324881076468500e+02
-1.116683677579964353e+02
3.161852414484562246e+01
-9.427073802028620264e+01
2.788405330727412945e+01
4.195942033058350518e+01
-3.193113431566862914e+02
1.325767065871205546e+02
-8.385932146013307431e+01
1.353554680676576254e+02
5.704466113328015453e+00
-1.789845445846493135e+02
-1.692485366069610109e+02
-2.979650260004273150e+02
1.344685283538592842e+02
-1.482357359725571477e+01
1.545551044962354581e+02
-5.375736063938099107e+01
-3.715472627863277033e+00
6.377575527736361494e+01
3.991071139845865900e+01
-2.227432749795510176e+02
3.112416695840307312e+01
-6.763550047332975623e+01
4.740770261683411491e+01
4.309409520034540009e+01
-1.316797791298310294e+01
1.909952973878771161e+02
5.076233043818592705e+01
-1.442592253665100941e+02
1.149050272889314925e+02
-1.466076170428774219e+02
1.024509103988075083e+02
