6.932665932432378213e+03
-1.293999930580341697e+03
4.329892844081147814e+03
-1.250702431670686821e+01
-7.194469237339877736e+02
4.148364280962148769e+03
3.095269167977078723e+03
-4.118321480866695765e+02
-1.022254290872355568e+03
-2.047262081268137990e+03
-8.724852863964875951e+02
-5.587896283313841650e+02
-2.440651140064160245e+03
7.662670090279074202e+02
1.828558128188215051e+03
-5.170282541361295898e+02
4.655861089790893743e+02
-7.105521916507672131e+02
-2.283761683421952000e+02
1.462339089216710818e+03
3.629943978903495918e+03
-5.212136589463030987e+02
-1.088236557397692650e+03
-2.819236230097202224e+03
2.035526077317598492e+03
9.336947909525083844e+01
-5.477565746603139729e+01
1.678587077202570299e+03
5.929567568558101129e+02
1.780683922812145738e+03
2.682931421955714200e+02
-2.693470395374773148e+02
-1.203630599599126754e+03
2.598439069864813291e+02
8.478364716216151464e+02
-3.738225709954510876e+02
-2.316365555677165275e+02
-4.483339466557086439e+02
1.226804233340261817e+03
1.893185343631843125e+02
1.576720810967079842e+02
-7.295931879221916461e+02
8.763513597879302779e+02
-8.367297909620720020e+02
1.493125761766952337e+03
-1.147125544601435877e+03
-1.463504564673180539e+02
-7.794076137713134358e+02
-6.406984631308628764e+01
-9.982995675382791205e+02
2.947363435270127496e+01
1.082520721791053120e+03
-2.961797259220419392e+02
-7.838524224709232158e+02
-8.275390979137412160e+02
7.368759079077649687e+01
3.079095857805957053e+02
-7.353840119384673244e+02
2.390831297451200896e+02
-3.221294753695293593e+02
1.266765390101330624e+01
-3.029654496372294261e+02
2.686891940876037665e+02
-2.301756927437109539e+02
-3.436823021510822969e+02
4.458587499828256000e+02
-3.656978984566642339e+02
-8.471304428563756801e+02
-9.874765409808668792e+00
-4.552081943451639745e+02
1.037799314448744099e+03
-1.344268749233738163e+03
-2.765491093513699639e+02
-5.608738622962538329e+02
7.879757485892146462e+01
-9.776830420137007138e+01
-9.864875920644924179e+01
1.488869303067633325e+02
4.184077946146010731e+02
-4.975583781523282028e+02
-8.464758685998670273e+01
-3.149530688709955939e+02
1.147407294304650947e+02
-1.884931273618610703e+02
2.300652234577122215e+02
-1.803489639567052336e+02
6.501172749582940469e+02
-1.514181521528005590e+02
-2.062564953115455779e+01
1.295746780213218585e+02
-2.869723762793024093e+02
3.168671885766087257e+02
1.557244768104135915e+02
2.762462535700514650e+02
6.963045892112145197e+00
-2.514944365727156992e+02
2.905959414766517739e+02
-6.289602792542324323e+02
1.625052709486854212e+02
1.782633852157509864e+02
-1.883206261045574692e+01
2.477571847827517217e+02
-7.827651355622225537e+01
2.162503237768815723e+02
-7.859909408636488592e+01
-3.587245928213341131e+02
-3.989385057981893823e+01
-3.886628893068895962e+01
-1.607195503116843724e+02
-9.391621073426324529e+01
-2.682455765499658895e+01
-1.947651520798632703e+02
2.296848680480371456e+02
-1.396046199801988621e+02
7.900573246280849560e+01
-1.266439419231814441e+02
1.559272329789854750e+00
2.138571569945367230e+02
6.968322516593117300e+00
2.105023399887213884e+02
3.505778496894043883e+02
-3.422570439440147538e+01
-1.211655509060599201e+02
4.033921769214661168e+01
-1.602175772007109344e+02
-1.204786344278819712e+02
-4.797551249136412110e+01
-1.792455169406488267e+02
2.829349519477153763e+02
7.729352045689495299e+02
3.032359698185449304e+01
6.127889926557633649e-01
-3.186814499837700865e+01
1.900325931397529757e+02
-5.878911902096250230e+01
2.363012912913719958e+02
5.544722083561998005e+01
-3.791948798928349902e+02
2.639640016396722899e+02
9.434128196198808780e+01
1.265327473025556593e+01
-1.435201793995191224e+02
-2.762014687748155666e+02
1.298505010667560953e+02
1.313724951014658870e+02
-1.447970553616802647e+02
-2.418542356293438615e+02
8.363546643739998387e+01
1.371960602895272245e+02
3.209638681515190797e+02
-1.452305371183454596e+01
-2.406909253379282063e+02
-1.664228975289219647e+02
1.473319410787665049e+02
-2.812629483719231303e+02
-2.348574078252043478e+02
2.772374278624992598e+02
1.091884876641218654e+02
-1.441026923540814941e+01
5.434239481730043764e+01
1.347821872306971898e+02
1.416818206596738605e+01
3.521135461367519497e+02
-1.042647212801928305e+02
-1.769215751587402963e+02
1.768219106390284026e+02
-1.588665685281156357e+02
7.227375018080743985e+01
-7.216492169929742317e+01
1.667103137309484850e+01
5.048527328908268430e+01
-2.562151962688276896e+01
-2.740079120531910917e+02
1.253500185997575755e+02
5.265983381215946224e+01
5.344386970875351039e+01
3.955629153405458709e+01
-1.797579523731655797e+02
-6.602667006263028604e+00
-3.253792746086731569e+01
4.393887930876353209e+00
2.326101190808487473e+01
-2.747881825969021747e+02
2.028069235468389309e+02
5.691523405926128021e+01
9.380207382698651486e+01
-1.000548874051058448e+02
-1.458481733799032440e+02
-5.321126766504654881e+01
9.280991288580389664e+01
-1.547833580165668366e+02
1.155844657676951392e+01
-7.986282143608200101e+01
-2.018848388644026102e+02
7.678956740683388205e+01
-1.404905625610097673e+02
-2.284168366980642162e+01
1.583213100329728888e+02
-6.228565768136450131e+00
-6.564029164573707931e+01
-2.529137207395943392e+02
7.269016390520431514e+01
1.096272862455283672e+02
7.054044499182633388e+01
-7.352613525152617058e+01
-6.510460597981389697e+01
-4.302931216285639238e+01
1.727898707158543345e+02
-2.323544483721099994e+02
1.714543578774615753e+02
1.402043505932467760e+01
-7.801813646835891802e+01
-2.169513890652875787e+01
-3.481086422357888566e+00
1.012231499633593330e+02
-1.004854155476744637e+01
-3.062989061515546041e+01
-5.980784525261822182e+01
8.396252644083871175e+00
8.721803787741337999e+01
-1.335428502967698989e+02
3.341610162482562174e+01
2.974161142120653523e+01
5.281739026154858152e+01
6.920502087259410295e+00
1.992821890848065536e+01
-1.024853159011595949e+02
-9.647021093152181948e+01
1.004754584117335696e+02
-1.505620514580180895e+02
7.238186145419467721e+01
-8.169751328789909905e+01
-1.349777103040972293e+02
6.790906206523803235e+01
7.302195024825117287e+01
-1.471162334004957906e+01
1.639610713325897393e+02
1.007650721913574330e+02
2.364627133292459575e+02
-1.350274753242639179e+02
3.821198138899864460e+01
-1.873605110748341929e+02
-4.103127633497430082e+01
-1.533915395728913040e+02
3.558511170197133566e+01
-9.445893562517787245e+01
1.086538090170435140e+02
5.865573330740328117e+01
-1.221576390664070431e+02
-8.144166514626915898e+01
4.230028583404818932e+01
-1.068582315933094264e+02
-3.815021886575433996e+01
9.951552505381542346e+01
-8.841934575137625529e+01
1.192546606387833776e+02
5.650941133845172004e+01
5.267713853675688540e+01
-1.287275140232907802e+02
-8.730505044275489013e+01
-7.966023448315735322e+01
5.730701419783264328e+01
6.716759299240588632e+01
4.757214181738947900e+01
-1.185576387300865235e+02
-8.909847424872880595e+01
2.757351039185723707e+01
6.769031545327875676e+01
3.556645711341909077e+01
8.388141837247140131e+01
-1.904210591460971358e+01
1.177517091974231960e+02
7.764184906378893913e+01
-3.106767439797214436e+01
4.172483359141087078e+01
2.209452007161015530e+00
-9.224879774597972926e+00
7.528073396032925757e+01
-1.785627240576704367e+01
-4.865474450487058533e+01
-1.806229709479179064e+02
1.257612623657910405e+02
7.790326222875886231e+01
-9.399433430122392963e+01
-1.606513777643014151e+01
-4.367753577632458217e+01
1.253371847966088204e+01
-1.155483480799521914e+02
-1.676720313572853982e+01
6.559873628410593938e+01
6.188728430949124260e+01
4.782856781777764610e+01
-6.558659866304314967e+00
-3.440306567678357652e+01
-5.503735418449058159e+01
-5.314798688683907102e+01
3.632809842769772501e+01
3.135560120033557663e+00
-2.659064914444298822e+01
-1.050454833261610190e+02
