-5.234493811070405172e+03
-3.912740823940031532e+03
4.220506991427819798e+02
2.021589964521864431e+03
-7.480986703478663458e+02
5.270660788635991594e+02
9.259441735401185269e+02
-1.553682213938062887e+03
7.353574792000392790e+02
-1.070048005947543970e+03
-1.761674366894032573e+03
1.761749559800664429e+03
-7.411395399149111540e+01
3.434098586138448354e+03
-1.350829969741424520e+03
-2.309887445589799881e+03
-2.427306109588755135e+03
3.636687503807830808e+02
1.511481927286665723e+03
5.127274369782808208e+02
-3.213084029832127158e+02
-7.590447686799391249e+02
1.203589332182805720e+03
3.729306477394213744e+02
1.074696333666762484e+03
-7.403335794149348885e+02
-5.931198600728745305e+02
-8.014091403710011718e+02
-1.587290043823078804e+03
-6.408139316083419317e+02
-7.258185966527342998e+02
-1.041417942047166662e+03
-8.946305331321200356e+02
8.367890581938661398e+02
6.231114393826421747e+02
-4.035691045707085891e+02
1.068195616613360698e+03
1.584441203569013851e+03
3.464190099717006319e+02
9.425093200768733936e+01
-4.689131297268129970e+02
4.066863150414196184e+02
1.459246882214455354e+03
9.328303062876223066e+02
1.351512289416366684e+03
8.164914679211308339e+02
-2.032690424396376727e+02
-2.240659423798266516e+02
1.253292583500904414e+02
-9.599245123290926358e+02
-1.707607204445816080e+02
-4.049260963925611350e+02
-2.591135434608061132e+02
2.125207625161024794e+02
2.326308678545141717e+01
-7.429043521789989768e+01
8.956671875466212214e+02
-6.321693864863182455e+01
-4.007243759782525672e+01
9.573331247460591840e+02
-8.558831516227670591e+02
-2.036093903667645293e+02
4.898990699735170438e+02
3.644820020312517954e+02
-2.546682726493353073e+02
-6.899578982206948297e+01
-5.926920167197234832e+02
1.459984173762890691e+02
-5.373746184688204721e+02
3.814928707378338117e+02
5.542433572863639313e+01
-1.301255266364703687e+02
-3.927707909861961184e+02
-4.080829292876550767e+02
-7.066805793251415935e+01
-6.328071157054763489e+02
3.998743150670107411e+02
-8.934225326782783441e+02
-2.182034478946862919e+02
-4.113311924548981438e+02
1.621365047886499822e+00
1.216839289506480526e+02
-1.532024490781330996e+02
1.223952667316782197e+02
-4.682718970479519385e+02
4.469995676430734761e+02
7.218073142740943240e+02
4.332915968120223624e+02
1.071342255201189573e+03
-1.219860239980086725e+01
-1.170983407488991901e+01
1.390942660946383285e+02
-1.641731259421113691e+02
-6.998765739708520073e+01
3.107264339337081651e+02
-2.388585764623910563e+02
-4.778874674174945767e+02
-3.061760825073008050e+02
-4.884987378268842235e+02
1.565873186061894842e+02
4.924090405636378591e+02
2.967045898619846866e+02
-9.228665778720528579e+01
-2.752032671129908294e+02
-8.043113729665601852e+01
1.156278751658208677e+02
6.237479976738147514e+01
1.266204553215614936e+02
-5.776967231960094296e+02
-8.245782922826532513e+01
2.388404310897580842e+02
6.159783935935013233e+02
4.286382262369274940e+02
-5.391514817201866663e+02
1.362528138547476999e+02
-1.830810836399548407e+02
3.776084705544659528e+02
-1.457615698513764642e+02
-5.723764257296077318e+01
-6.516229949082228359e+02
-7.713524625548600966e+01
9.266403055016517953e+01
1.147323629280970607e+02
-3.266452852703103531e+02
-1.799807621662486383e+02
-1.562292385608034806e+02
-2.058252265516364616e+02
1.089101790948986803e+02
1.447525547697543686e+02
2.692636383386566195e+02
2.490715288812210986e+02
-6.666666242514892247e+02
2.039820083311224437e+02
2.065955898791269263e+01
-2.652463739080797609e+02
2.133870854810984383e+02
-1.057074103720699725e+02
1.893903971769757959e+02
-2.923367632566674956e+02
2.027604681044668382e+02
-1.919779261672012893e+01
3.776107141637165228e+02
-9.582039367984215517e+01
3.370525526158510274e+02
-2.265349088707705505e+02
-6.488891270316521798e+01
-2.869659689173204811e+02
-2.169984248556280875e+02
2.701699162767209828e+02
2.727681385428782050e+02
-2.620676848004372914e+02
-2.572170078246398361e+02
-1.836623009922667222e+02
-5.974480869581893785e+02
-6.089328723820259626e+01
-1.683945806513829098e+02
1.937432037561031564e+02
1.698418923898804280e+02
-9.769971507372383712e+01
3.819355754168394697e+02
2.231064329694065123e+02
6.738857145222040046e+00
-2.612171448130262519e+01
-3.512911783168093649e+01
-4.139031943203800097e+02
-3.771572214390038624e+01
8.252295935627287804e+00
8.187784309338094602e+01
2.043656755111240102e+02
2.615748859802182551e+02
2.158406664670478392e+02
-8.640765526399404450e+01
-1.464572783039053263e+02
-1.985918206670300208e+02
-6.706285755202158327e+01
-5.862571754095258214e+00
9.455821388182242515e+01
6.112957613606707952e+01
-1.487983539069930083e+00
-2.178859385470553178e+01
1.938012314470446711e+02
-4.385192068718192360e+01
7.705493739535380371e+01
3.453882657764919095e+00
4.659261115563145950e+01
7.165668278413393466e+01
2.257812417073552425e+01
3.123005722925827286e+02
1.089856837191880459e+02
-3.186808432184901463e+01
-9.371447760878851341e+00
-1.893701316657303551e+02
-7.985074748902918884e+01
6.315600188147233496e+01
1.651051256063141182e+02
9.680578866040425723e+00
1.343848070694176897e+02
9.868009852805329274e+01
1.437959488569431699e+02
-2.195091467037539701e+02
4.428419045556569245e+01
2.395411480653063734e+02
-2.880782207453478350e+02
2.756941776117264453e+01
1.386144726373258891e+02
-7.856833873091272835e+01
1.327954741693569360e+02
5.002034655693124421e+01
-1.964474840727838796e+02
-1.188926399011874082e+02
1.795313066739353189e+02
-3.481485359115266132e+00
-9.307807179765265460e+01
-1.138991730046893451e+02
-1.051817156983707093e+02
-1.550384117119744474e+02
-3.855748686318501939e+01
1.202235774805840691e+02
3.223280973346682998e+01
-9.088364286834695349e+01
1.924515564174241078e+01
1.097725919290253245e+02
-7.843512615365705187e+01
-1.359961031236122722e+02
1.663813770493332242e+02
6.023633128830389438e+01
-7.660533880155772124e+01
1.162198583703899857e+02
4.537492097524280510e+00
2.517198286198640034e+01
-2.339031237127870497e+02
8.756759492302225567e+01
1.429532001408059045e+02
-1.533617192286492923e+02
-6.312701174974401397e+01
-4.850250297399298915e+01
4.976479265751704872e+01
-4.430974671656750985e+01
-2.858652887772327134e+01
-4.641537398014262017e+00
1.700726231519261376e+02
2.270892831541041517e+02
2.722745041812254740e+01
6.537565285572449625e+01
1.446885716715502390e+01
-1.466999522495951851e+02
-6.700034312557896499e+01
9.528918785563404015e+01
1.443165683503289358e+02
-1.122937750303659499e+02
-1.818082347552316094e+02
-7.419136738915885587e+01
-2.205923166269497315e+01
8.326913439665170813e+01
-5.011129461718937961e+01
-1.675210825671485111e+02
-7.049335013872985201e+01
1.097714408733194915e+02
1.689381876805614411e+02
4.288476333727773238e+01
-1.303274694416168700e+02
1.764059527450099836e+02
-6.417016223922065876e+01
1.222625161620319147e+02
-9.961779225716733777e+01
7.812646759741706148e+01
1.003555700101257173e+02
-8.321696679219958526e+01
-3.206520793845232475e+01
-1.398855210931594115e+02
2.096814722718469426e+01
-2.234044631071100468e+02
9.088785207730476490e-01
-5.402639608544031802e+01
6.125789068174796625e+00
-1.911956822328151588e+02
1.459041357478611758e+02
1.279581362998972764e+02
1.090413220406222017e+01
-4.304213322497383309e+00
6.596605327379380412e+01
6.752460413741617629e+01
4.109388500339272099e+01
3.335895513729174144e+00
7.653024545646809429e+01
4.438874276160911592e+01
9.543925759524715602e+01
-3.474585373910059616e+01
-8.518051401323081961e+01
-3.528790665723972353e+01
1.626416339070931087e+02
2.051742712047346799e+02
9.855695214834028661e+01
-8.137169006284453587e+01
-4.694065458758752030e+00
-1.115889798143430056e+02
3.382268054086545561e+01
1.372691138062134257e+02
-2.057855503987219592e+01
6.838655631076872510e+01
