3.403184054786845536e+03
3.023916756393813557e+03
-8.991194204779950496e+02
1.652790884323837417e+03
1.458680894604844525e+03
-1.307720515648890114e+03
-1.393938233673541845e+03
-2.069705577425560477e+03
1.611786734212809733e+03
6.235287272166233379e+02
3.640773188565605778e+03
2.022086779009329348e+03
-5.454486746959128141e+02
-1.904242900883797347e+03
-4.664134426478113369e+02
-7.966251541763033401e+02
-1.051424158451175543e+02
1.161050459046234437e+03
-3.229865654741601020e+02
6.379025315983789142e+02
5.743064109145075236e+02
-2.085188677088825898e+03
-1.251932702651298769e+03
-1.817847794875250145e+02
-3.397602543469202487e+02
-4.618457657527592346e+02
-3.403847423941606394e+02
-4.710732672412864304e+02
4.585804806878167028e+02
-1.730265311839247488e+03
-1.080129128702502328e+02
-1.773883837514897095e+03
-7.846924155081775325e+02
3.639291523639791421e+02
-1.182170088096051586e+03
4.329530310426901565e+02
-6.905461344905468479e+01
-2.610346688037649869e+02
2.096595598167960617e+01
5.957814235449130820e+02
-1.015535099444437037e+02
-2.728586306943132627e+02
2.640261871249805381e+02
-7.335576478761889803e+02
-4.827154658577881037e+02
-2.326063708554178504e+02
8.235786443076671048e+02
-4.744131084815010695e+02
-3.880386724970391015e+02
-4.987123361991319115e+01
-6.559107967841957816e+02
2.848303965578248835e+02
-2.564064089865274099e+01
3.296488021466058171e+02
1.179647811484806113e+02
-6.407624961987337429e+02
-4.178559912420340083e+02
-2.767776167849312401e+02
9.090710222748986098e+02
1.404884958159112784e+02
3.256686824322565030e+02
1.225491136024638621e+02
-4.299299245728097958e+02
6.466842546947117398e+02
-5.570363163984874291e+02
8.671712202120227175e+02
-9.511779664405474932e+01
4.797503054045570821e+02
-9.566921070121801449e+02
-1.975983101307228651e+02
-1.168726056786492506e+01
1.481146509233939526e+02
-1.657512673915916679e+01
-1.517730925755300859e+02
-1.466374027119737207e+02
1.044978044866053324e+02
2.361612861678777975e+01
1.229111043778644330e+02
3.987744529971546115e+01
3.390319340657703719e+02
3.925978539066594522e+02
-4.502579298390470797e+01
2.418304736953676581e+02
2.729140598979604988e+02
-1.958551430958199830e+02
2.299087744412960603e+02
1.543848991699205442e+02
-5.563900301114279046e+02
-5.125567263987445585e+02
-3.672439782728833393e+02
-2.742003931102148613e+02
-1.988971303967777828e+02
5.541783084600321274e+01
-3.077112408596568685e+02
-1.013849986519903581e+02
-5.071147754487496684e+01
3.149837696422823683e+02
-9.312783964023195438e+01
-1.154718008268346949e+02
2.899925966754948092e+01
-1.036407208841169876e+02
-5.831891829376968417e+01
-2.739852310240591464e+02
-1.486824938832704959e+02
-1.125735652402796205e+02
-1.764761503040142543e+02
-1.413853907159195842e+02
6.123467417305030303e+00
-3.612268607269538734e+02
1.715772057470262268e+02
-3.825709439139248502e+02
-3.636306625362975069e+02
-2.398961291377080585e+01
-7.594299895121253030e+01
2.528688026280566135e+02
-1.641627036558325017e+02
-1.860341385301849186e+02
-1.987272426811951505e+02
-7.739833997204574700e+01
2.684262144436534925e+01
-1.913689094104535116e+02
1.772972063424793419e+02
-2.024523755817204673e-01
-1.265104203226457358e+01
1.318641296134706238e+02
-7.381711356301649118e+01
-3.257602900628700695e+02
2.332264748855283472e+02
2.433290302560695864e+02
2.147589767137718013e+02
8.511240676011662742e+01
-7.948221916329265468e+01
-1.487690910734928593e+02
2.037298224707416807e+02
2.915888719074695814e+02
-3.045923339738008053e+02
-6.958771294659054263e+01
-2.108996686647449508e+02
8.219543161743635551e+01
1.689157314180486651e+02
-4.628770242467115281e+01
2.549989597598688249e+02
6.791843679066560924e+01
9.197463228518058997e+01
1.429787918385652574e+02
-1.614826964314632676e+02
2.982006431993208295e+01
5.113366571819008044e+01
-5.384479759540344190e+01
3.034842969801832169e+01
-6.990816413327101131e+00
-3.255624513124760711e+02
-2.340919693037577360e+02
1.060445211848867473e+02
-3.122864933630049791e+02
-1.413594760886770132e+02
1.456740692925806684e+02
1.273900234684301722e+02
-5.627859232456345495e+01
-3.387551696279016511e+01
-4.474124787188192442e+01
-1.550594090592386642e+01
9.205478435081843713e+01
6.470328904483531574e+01
-2.445771714501929353e+02
4.970082768840552490e+01
-5.755669074282459974e+01
3.384639012343218951e+02
1.455913288294655388e+02
-7.641299644357978593e+01
-1.228250030549876755e+02
5.993208362084456731e+00
-2.835220067754879381e+01
-1.139361119604679402e+02
2.056347669141978329e+01
2.376966046129975041e+02
-1.137375292071543811e+02
-8.861421618607124628e+01
1.142282583529525084e+02
4.091886797424120914e+01
-2.474041423368963066e+01
3.966439636209835840e+01
-1.224984991135405465e+01
-1.772882734704424195e+02
2.337842813273166698e+01
-8.787627064970569890e+00
-2.098046448787035274e+02
1.221714017636131331e+02
1.396330459662066232e+02
1.027789654320212804e+02
-2.114505467087535635e+02
-3.519915170400418347e+00
1.887451414773595104e+02
-1.335391713891487768e+02
-1.022390286563385153e+01
-2.716796581882697410e+02
-2.058165049455686813e+02
-2.309030909971065739e+02
-8.100762662847087370e+01
3.979513047164446959e+01
-7.941291424756717277e+01
-1.468167565115858153e+01
5.363105463539543649e+01
4.626372327432145681e+01
4.177109007220947490e+01
-5.772770460108526436e+01
4.288935726265106751e+01
-7.570151480223861995e+01
4.147147979474529933e+01
5.488769006059386868e+01
-4.030140298664569798e+01
8.194739455452474886e+01
-8.302981526315835481e+01
8.909865702989233682e+01
-8.109525145967488413e+01
2.197443137459025593e+02
6.739917445635275328e+01
5.512763264197633362e+01
4.810776939053221213e+01
1.626068448066335748e+01
-1.759826375871843140e+02
2.085697806255184261e+01
-5.214253432651378972e+01
4.532482720457337244e+00
-3.769291958107740470e+01
-6.636436373532797006e+01
-1.165354299908963753e+02
5.586368149257761218e+01
-3.093378424547167072e+01
1.120904198212749066e+02
4.406851572848749043e+01
-1.044862104753791670e+02
6.926324400873389209e+01
5.530024152479400357e+01
-1.463938328559265400e+01
5.471674410179105763e+01
1.058679346215724308e+02
1.012983468968549090e+02
5.370181939759427792e+01
-1.987240240728273122e+01
1.216678890603878784e+02
-5.286704286687436394e+01
-1.204738158741266858e+02
3.900470083948134459e+01
8.746005062076284275e+01
-3.602780423890313699e+01
1.375360101268791198e+02
1.503394858446643809e+02
-6.399756124375782917e+01
-1.235041861103798055e+01
1.197112178952442036e+02
7.539136113860590171e+01
1.336911392797277074e+02
-6.928622188376000679e+01
2.190842298004768907e+01
3.334311853486888566e+01
-9.248279507649456832e+01
-7.418730554258988263e+01
1.164333948299288402e+01
1.923511446261286721e+02
-4.050324772285047459e+01
9.928218124929021826e+01
-1.522398808014547633e+01
7.471250636107727416e+01
-1.950322524989909923e+01
8.379106643983028846e+01
-3.494020919336882525e+00
-6.568902930744810931e+01
5.433414171823449834e+01
1.811741632900095311e+01
3.963164017698282748e+01
1.062622479463000786e+02
9.746639191864045415e+01
-4.008924465741090870e+01
-1.365765226435532220e+01
6.414679682328066690e+01
-3.519037272658803950e+00
4.224516900351919446e+01
-1.016380623633968270e+02
4.969582712032423188e+01
-6.699675632108782963e+01
9.750032514739099554e+01
-3.253549602780333316e+01
-2.947661445453064744e+01
1.543577079586664880e+01
1.542316558592199804e+01
-2.844394686037227871e+01
-7.449272328622814143e+01
8.602543395674112503e+01
-7.743780747330444747e+00
1.344193873160179464e+01
2.976957205254697314e+01
1.154692683533432813e+02
-6.869184873104024369e+00
4.658473123577673292e+00
5.277370377040004001e+01
8.371697324274046537e+01
1.047711463120113393e+02
-4.387064249491697154e+01
-5.006204564438997551e+01
