-2.767045111367100162e+03
5.295349950900724252e+03
2.693078611525997530e+03
-4.980430200235316988e+03
1.059769346321090097e+03
1.218505510789939535e+03
-1.846603051563123472e+03
-2.516494607124321874e+02
-3.580833893965478637e+03
-6.474251695188003168e+02
-9.667964317982196008e+02
-1.430429819665559080e+03
1.657445476820564068e+02
1.814017735185309448e+03
1.416067546644003414e+03
1.216842958662132787e+03
-4.786747839106848801e+02
1.275666173027765581e+03
2.912361452063827869e+02
-2.066273838252607788e+02
-6.644676648399999976e+02
-4.559892862291098936e+02
-1.446510270742507771e+02
-9.655216814623479138e+01
-9.809268572130911252e+02
7.433888259052909007e+02
2.516308023985158968e+02
-1.249867719278875029e+03
2.750785175855486955e+02
2.242399733004679376e+02
1.019098830230407430e+03
-1.514685091906265598e+03
-2.191200554171581416e+02
-5.045278792952954063e+02
1.191258891552150544e+03
-3.001797440279213447e+01
-2.509976188108658732e+02
-9.836759605000086140e+02
4.194768350835400383e+02
-3.821620837819475582e+02
-3.381128876458779473e+02
1.303860153194732902e+03
-8.382961815411584894e+02
-4.783682008626394122e+02
-5.802946742091214674e+02
-2.880632884186348974e+02
1.084368770352293950e+03
-1.286514744206870908e+01
-9.531214198396119741e+01
4.207656434112627863e+01
-8.342484847222635835e+01
1.595872766364849440e+02
-6.464608074407494769e+02
-2.419102989067500573e+02
3.541336350954684917e+02
2.432296729257678294e+02
3.931850419219168771e+02
2.484066807050318459e+02
1.691240094166525409e+02
-6.191744831576577326e+02
5.540827504914732344e+02
3.087738972227112200e+01
8.728979349598864701e+02
1.818257123320727686e+01
5.017695851159406288e+02
5.247599958493893837e+02
6.895211984527651339e+02
-2.916690439179869259e+02
3.698819390937373441e+02
-7.212282777408103129e+01
2.192482630780729949e+02
6.213415029244224570e+02
4.975075126315013563e+02
-2.947634596064688139e+02
-6.580610849031043017e+02
4.346525054920966795e+02
-7.279354147007509255e+02
9.332052294698501100e+02
-9.927664738198767935e+00
2.996040682579204031e+02
4.381385392151660199e+02
3.044404912889142452e+02
-9.208686017675968571e+01
-5.213251853578912005e+02
-2.021300533958140875e+02
4.606955664562009929e+02
4.178619285074618119e+02
-5.255854138382220526e+02
-4.132996670402780524e+02
1.073401716085327848e+02
-1.338190343680408319e+02
1.069175133083603981e+02
-6.354501859440605216e+01
-1.715343479265566202e+02
-6.650112970181142558e+00
-4.184460947895406093e+02
-1.196305244278480645e-01
-4.931828692489115724e+02
-4.058242285181901821e+02
-2.673871858720582395e+02
5.833495382635577471e+02
-1.472992067889756242e+02
-3.320712639623349673e+02
2.975871066125504072e+01
-7.889461679348586642e+01
-3.070631539400975498e+02
-1.008406214309311082e+02
3.152093828992861546e+01
-1.041835155625631586e+02
-6.130295092704230342e+01
-4.066484325270149611e+02
-4.004514360248722937e+02
-4.756053838779295688e+02
-6.108464229038921900e+01
-6.599067325376535109e+01
-2.467862010934698276e+02
-3.121505304175299145e+01
-3.884326501350696503e+02
-4.943945222113351861e+02
4.273894632161397453e+02
-2.369757206167623735e+02
4.572382448374099226e+02
2.252195149340701050e+02
5.724084693508178390e+01
2.438162156990680387e+02
-1.255502718777866420e+02
-6.300777173232922905e+02
3.512820726541478393e+02
4.254012159848927581e+02
1.138481473830606348e+02
-1.151223236071539020e+02
9.696018120337498658e+02
-4.986478595295331502e+02
-3.610396077875154930e+01
-3.885913476111740295e+01
9.815669468447296708e+01
-1.744297865007285111e+02
-1.624249484374282417e+02
3.499722589318308792e+02
1.418790775326205562e+02
4.972105189167010053e+01
-1.808228198048396962e+02
6.035847739466679513e+02
3.041721374156765592e+02
1.312278479994278655e+02
-4.632406651900001293e+01
-2.291366230861622455e+02
1.608469591895308781e+02
3.737001790319221755e+02
9.695171829506024608e+01
4.031039423447939498e+02
1.365979489167957013e+02
1.644239385440368437e+02
1.181477868089162797e+02
-1.056239827790869015e+02
3.436835895792912510e+01
1.499312737029492553e+02
2.988081945350020305e+02
-1.786652448880818156e+02
-4.059685875652014033e+02
3.423967640290197778e+02
2.150123119027280723e+02
4.321900241323455703e+02
-3.820808199903642617e+02
5.105717879091387346e+01
1.278423319303477115e+02
2.799146355378555313e+02
2.193432271639636895e+02
-1.255103884333057884e+01
2.311921195700752492e+02
1.382060528914414022e+02
-3.597021675931828213e+02
-3.598558636338296424e+02
-1.920331814221325715e+02
-6.912653545205795069e+01
3.711844762714314925e+02
1.747871340444721682e+02
1.694339767389649865e+02
-1.422132916725888379e+02
4.523024776575128669e+01
-1.477060549104904474e+01
-1.438314974561706094e+02
1.614838746324446106e+02
3.267242084446577337e+02
3.613769898498764519e+02
-2.608111153701497642e+02
1.355992673757251339e+02
-6.059705417547732509e+01
-3.663126457492341501e+02
1.361262981917015509e+02
1.773936746992899316e+02
-7.440576607536098663e+01
-1.178861358826548980e+02
-2.822512466332941017e+02
3.221113207259573841e+01
-1.166828082725482432e+02
-3.804547285572306237e+02
4.306758432247811896e+01
1.943704316287752931e+02
1.386978230018787883e+02
-2.196634706227976892e+02
-3.145958798459324726e+02
5.188128076101952502e+02
3.564090759566109323e+00
-1.090520320772358076e+02
-2.010090433247264912e+02
-1.105383910536103826e+02
1.394052205492983489e+02
-1.649998806387812067e+02
2.748691373828245901e+02
-2.142321498769560151e+02
2.697806043352283609e+02
-5.014548464144817785e+01
2.964190406473890960e+01
-1.808356395412863833e+02
1.012770461511803006e+02
1.051490596122610697e+02
4.924429428242314088e+01
-3.256300955139058715e+02
6.357716310782900138e+01
-5.543555914148505508e+02
1.062501363199573490e+02
-5.184038593572111040e+02
-8.508434491800186095e+01
-9.667851901073434817e+01
-4.110960996597483472e+02
-5.187130949368450956e+02
-5.873280478589535392e+01
-1.621447697752338684e+02
-1.000454099152765934e+02
-2.375982426743368237e+01
-5.639027415508936514e+01
-1.030956607164319649e+02
-3.586307911229956744e+02
-2.343257628901020340e+01
-4.170208161714765538e+01
-1.744111272982123069e+02
4.801276274506448516e+01
-8.066555059221452950e+01
1.444833346359829704e+02
2.259662577645095638e+01
-4.976987820379874705e+01
-1.805635878922722100e+02
-4.137903148319524576e+02
1.561992781709192002e+01
4.404566097198895847e+01
-7.104859837369700415e+01
-2.738669140431412643e+02
-2.207165534376398455e+02
-2.215255922121703236e+01
3.357905294900197646e+02
2.799660863482965851e+02
3.385598822774753671e+02
-9.267015353851580528e+01
2.292139326462569215e+02
2.010519349351872336e+02
-1.679589243625771076e+02
8.600438244605949478e+01
-2.419151965504512987e+02
1.515432748056495313e+02
1.100217755884221447e+02
-8.732621424070966043e+01
-5.664485241471636812e+01
1.963500393646304758e+02
1.686964049175421678e+02
9.726608523014367336e+01
1.623828513222320851e+02
2.914978467818955323e+02
-1.550983856180343139e+02
7.589293483459987044e+01
-1.580991212878544729e+02
6.777434742936054590e+01
5.368784359855248312e+01
-3.204734075965492366e+02
1.897607755813718313e+02
-9.865986977503855826e+01
9.558708896118916698e+01
5.908512031322208458e+01
-2.027676110057410597e+02
-1.957820476565227636e+02
-2.995193555837564645e+02
1.363558904721798513e+02
-6.298435251921700484e+01
1.165556525236569030e+02
-5.726389708888296326e+01
4.650154800381542941e+01
1.695367510254290266e+02
4.952887150104254488e+01
-2.110051597809859913e+02
1.092330882115177246e+02
-3.862083483042239607e+01
2.259247993788641651e+01
3.670789078421589124e+01
-3.804048943481616618e+01
1.471221693927479919e+02
6.632682896883987667e+01
-1.267227944315464896e+02
1.324172855875998209e+02
-1.460395717050764119e+02
1.225107792773255255e+02
