-5.611529060963991469e+03
-2.838338860058969203e+03
-3.489114655186684786e+02
1.725678926813886392e+03
-4.854572928485425223e+02
-2.185715665172924218e+03
-1.740445036297077195e+03
-1.563221122085345769e+03
2.422089222832772975e+03
1.715151600070096265e+03
2.321174138797871933e+02
-2.876388926000876154e+02
-1.892157929003703430e+03
2.619778934350965301e+03
-8.014696612690938764e+02
-8.677453454695477149e+02
-1.289946198469137471e+03
-7.385305550817356561e+02
3.894964588667908174e+02
-1.201528554882529960e+02
5.747918526717585337e+02
2.807429095457029575e+02
-3.353060878034787038e+02
-9.550657561228227905e+02
-9.192522927523592671e+02
-5.244137732968022192e+01
1.375113610413537344e+03
-1.417292936535222907e+03
8.089348850214961431e+02
-6.954351621883896541e+02
-7.384744779483285129e+02
-1.345718850581152992e+02
-9.784524250254229401e+02
5.285592636752855924e+02
-5.529624568340458381e+02
-8.396846512956559536e+02
6.493268927589039095e+02
-7.768431702505600924e+02
-2.454731825430890808e+02
6.784576274940300209e+02
-5.745897503943965603e+02
-1.432404336683100743e+00
5.364132454373722112e+02
2.429040293368176719e+02
1.230083316082509270e+02
5.618513172790446788e+02
-2.551439131662791056e+02
3.942416494034561651e+02
-1.719203334401505003e+02
-3.348983544812800801e+02
1.775097829829051364e+02
1.515036673193866363e+02
-1.003251012622058852e+03
-6.502758391536234512e+02
9.961854719634847299e+01
-4.665909669294125024e+02
3.934149694074972103e+02
3.668332573418533116e+02
-2.454019871713925056e+02
2.269217618440721935e+02
-8.400620665777960312e+02
4.765504693041738165e+02
2.864379816895487920e+02
-3.386493835646698471e+02
-2.112931144238458501e+02
-2.415359000494264023e+02
-9.950248695451149672e+01
-6.692368926010857422e+02
-2.331633152211139404e+01
1.659349553912514921e+02
2.752873619277365265e+02
-1.275091439136077298e+01
-4.748122138250496960e+02
-3.433548962496748800e+02
1.092730082004368057e+02
3.356255679034980943e+01
-5.944179873891094985e+02
-1.963847770388277354e+02
5.972661337011203386e+02
-6.558619817683945996e+01
-1.846795824288730046e+02
-1.177098728178553984e+02
1.325527481097256839e+02
2.390696967572124620e+01
1.308872746508348541e+02
5.874958162596019662e+01
-9.045422996560024131e+00
5.119561981391171344e+02
4.896334602160771396e+02
2.142291580021676509e+02
-1.008140908933242628e+02
1.281655738276244563e+02
-3.200322630769647390e+02
-8.247784061908201636e+01
4.786845391879530212e+02
-1.861689906712663003e+02
-4.048339650697404295e+02
-2.914730560673080504e+02
-3.565772028348871459e+02
7.412946908988892858e+01
1.782032782221581897e+02
1.913172279421408462e+01
-1.173814447609318563e+02
-3.450078963882799599e+02
1.576701619779051669e+02
-7.702309304836872172e+01
3.434511178379629541e+02
-3.099003029084141048e+01
-2.736819809646906947e+02
-1.164719608171268419e+02
1.991323078755399649e+02
3.343477249549763428e+02
1.942129162001494649e+02
-2.307689132199656399e+02
3.078150112818872230e+02
2.929722553917493855e+01
1.470836059939199458e+02
-2.779874739816816032e+02
-2.311616536575810983e+02
-1.408186790479575450e+02
-1.237788378259857893e+02
8.612242971805373770e+01
4.548042231578389192e+02
-6.417068691600519514e+01
2.471796868774118536e+02
1.360412911553273432e+02
3.675080824214992390e+02
3.760813602652348919e+01
1.910535310022594047e+02
7.982324987854535436e+01
1.780240913869456847e+02
-1.563526445634726940e+02
-3.670220669682197467e+01
1.066591886661321098e+02
-2.946249769635861071e+02
-7.526999786293533390e+00
-9.553061657160930054e+01
2.974705468859032749e+02
-1.313165463595028086e+02
2.633703296100821376e+02
1.934213957593798625e+02
1.075476461142658451e+02
6.707020928397513160e+01
2.809542290992529843e+02
7.479235077168203816e+01
-1.939057339416975765e+02
-2.611246468932021116e+02
-2.045840372448039659e+02
-2.268232661563567376e+02
6.514845484222772143e+01
-2.183606004622812691e+02
1.387380678102915965e+02
-1.880051410560616887e+02
4.058640011132420966e+01
-1.530247494603440259e+02
4.185600735960315433e+01
-2.979384213708097207e+01
-8.364349320915054875e+01
-8.662452114264141301e+01
3.293680530383684300e+02
1.454444341864240187e+02
-1.022725620989892974e+02
5.404417717044802671e-01
9.203839713966719671e+01
-1.540073596725531786e+02
-4.929665893581651659e+01
-1.990000755843700802e+02
-4.892579697833038210e+01
4.913463155850833175e+01
-6.895462287458247630e+00
1.836627391757442069e+02
-3.512414311018505941e+01
-1.651638208431712656e+02
-2.383322619991722036e+01
-1.189237972813606206e+02
-3.944762654765497700e+01
5.278851073363816937e+01
-4.543026282502287216e+01
3.714653297063794923e+01
-1.498209403453948312e+02
6.548250408070114759e+01
5.645251255579596972e+01
-5.579545281059356654e+00
1.336559263500873556e+02
8.961817162787464497e+01
3.550706803150589064e+00
-6.304900819658303845e+01
1.789421159735929905e+02
1.665573055248426826e+01
-4.199744253266101168e+01
-9.853565433382921412e+01
-8.409286521661704228e+01
6.481727313706065274e+01
-4.572955225068646001e+01
-7.145326691846459255e+01
5.750629601710413397e+01
1.240782284273156790e+02
-1.408544006358245042e+02
-1.298507069943584327e+02
-1.942649617748095068e+02
1.454347243709036377e+02
-2.536844650978858695e+01
-7.540258647467707931e+01
-1.186555482846268994e+01
4.402693646525111149e+01
-4.702806939185245483e+01
-1.925365797111376676e+00
7.102306583983896360e+01
4.567424617125708863e+01
1.090305790734057041e+02
2.845564993544418826e+02
-1.786904005274742246e+01
5.997223993025338018e+01
-1.254187485744731703e+02
5.184782300589682258e+00
-8.364577600694408588e+00
1.315123191668466518e+02
-2.324738132516646072e+00
-3.482142921041737083e+01
-6.814097245992232388e+01
-3.953875845719995397e+01
-8.456672037413769161e+00
5.111617062928157651e+00
9.088872197427638966e+00
1.243977934132294223e+02
-1.811003030621947687e+02
1.807469083326424553e+01
1.385015187222902568e+02
1.569197627729231392e+01
3.287453986426464780e+01
-7.543614701336558426e+01
5.399181172811074703e+01
2.508469516554338341e+01
3.366275111976925416e+01
7.425698989193588773e+01
-1.067035018024654107e+02
-2.709837837628982271e+01
-9.028399881986645426e+01
-2.639967822608152304e+01
-5.562782271401223255e+01
5.923127077086221703e+01
8.557528755859327418e+01
-7.250192341514750183e+01
5.165311860345987327e+01
6.278080822227385482e+01
-6.357946118706689909e+00
-8.984626030859367063e+01
2.018025827653462301e+01
1.252570719218517894e+02
-6.307101224872609180e+01
-1.123616551525741443e+02
-3.853046961642504442e+01
1.432263447133746048e+01
-8.446112779222202960e+01
2.259085424944688469e+01
-6.363624743708017917e+01
2.020304170747366257e+01
2.794983654208371249e+01
-7.347567494303942226e+01
1.316180889761250228e+02
-2.254621912595206012e+01
8.421926380590191741e+01
-3.217787048786262716e+01
-9.635005237396758559e+01
2.213164295380460000e+00
-2.940431990247585858e+01
1.569609959868600768e+01
7.628656930239175438e+01
5.372854356009904819e+01
-2.098288886362964334e+01
-2.132788955629776240e+01
-8.700892585054120332e+01
1.579848016312714520e+01
1.092193966398043159e+01
-8.002034659171347641e+01
-3.143564031806466730e+01
1.469002705947665106e+02
5.899066733836283660e+00
1.183141672266594213e+01
-5.652492021431133651e+01
-6.600190838153396555e+01
4.453874008698144138e+01
-6.954787403482082198e+01
-3.686028393906002520e+01
-5.034075405955547211e+01
7.479897483159982130e+01
-4.683716796274101313e+01
1.149030472505084388e+00
6.635239376388450694e+01
-3.892839223790145553e+01
2.841389930772582417e+01
1.011299509121167688e+02
-8.080029738707295905e+01
6.225550651677767888e+01
-6.296556836034774562e+01
-1.143121143785354263e+02
-1.217038133045427095e+01
6.679391358882783436e+01
1.059073377125360622e+02
7.192713383400393923e+01
