-5.956366300721531843e+03
-2.769748046621108642e+03
-1.630110342901153217e+03
-4.102451571574461923e+03
4.233069293050969009e+02
3.746114926748932703e+03
3.971851724513758654e+03
-2.857389015641992955e+03
-2.507768317535118513e+03
9.686121051619965172e+00
-2.431825843962897125e+03
1.683375773400501885e+03
2.028638353861108726e+03
2.377590554758311612e+02
1.882385535040336890e+03
-1.385334755570558798e+02
9.238103037054581819e+02
6.479059904656483013e+02
9.156620020720246202e+02
-5.253702098092418282e+02
-1.538126378067884161e+02
-2.960815258077882390e+03
1.255125960322053515e+03
-2.373581546462223741e+03
-1.344078511573226933e+03
8.663726043586957815e+01
-4.925745042062559946e+02
-1.264602113510353689e+02
1.192226870338693288e+03
-8.554868960536657596e+02
1.568609653231157381e+03
-1.154257610869170549e+03
-1.342151095084895587e+03
-1.084694781577244385e+03
2.082949697940389342e+02
-1.161870133719817886e+03
-1.492442136547283269e+02
-5.126491035035791555e+01
7.519682875677597167e+02
-2.450593303295624708e+02
-1.191639316605761110e+02
9.372591163415262372e+02
-3.850686436162369546e+02
-6.304597760690934365e+02
-5.591404387243157998e+02
-7.205002572949097157e+02
-4.040417202120016782e+02
5.595427503594127074e+02
2.368122332352196509e+02
-6.620963267485130928e+02
-7.842002561525754345e+01
-7.942049490597025851e+02
2.900076524457049345e+02
-5.543247292072315986e+02
-1.205955181368736078e+02
5.557489417303379469e+02
5.588218944398990971e+02
1.130186064471535701e+03
5.993173643925792931e+02
-3.903332171887057029e+02
3.074378597323561735e+02
-4.428776059708268917e+02
-2.267603443819539280e+02
4.932123758597205665e+02
-1.647787832839662201e+02
2.775739986162396349e+02
3.962128164253418845e+02
-4.564358216277684477e+01
-2.753317815540702895e+02
-2.660980943365919416e+02
-8.616624477713523902e+02
2.106676343821418129e+01
6.755403740392077339e+01
3.722356664058261799e+02
-3.414540085802381100e+02
-5.782409128126818842e+01
-7.203282529817540762e+02
4.263287683850968506e+02
1.056759109860623624e+02
-3.087643200777483798e+02
-2.967236258225128722e+02
7.065758658146653488e+02
-4.247046079331897204e+02
-2.686408467846830490e+02
4.969057969634607730e+01
-4.174568991013143915e+01
-1.336771267399182932e+02
-4.164120889119320168e+02
-2.715125058798069517e+02
-6.615295298359285425e+02
1.352389449812108424e+01
4.681682101605655930e+02
3.301202684247380148e+02
2.422651080536689960e+02
5.219465265046366085e+02
1.211918315644253568e+02
5.867983222445468527e+02
3.482994150955805708e+02
-1.424261321338857158e+02
-9.215655301327176119e+01
-2.155543183080750111e+02
1.435748102571726861e+02
1.705423193945294713e+02
7.039955291226738154e+01
-1.155296813517357002e+01
-3.023893363753339258e+02
-1.364641227296170811e+01
3.087612400995126336e+02
-3.215194796700100142e+02
-3.558384704523164999e+01
-1.151260860515125017e+02
-3.942578143136074686e+02
1.854161239800338876e+02
-1.277395308111564134e+02
-1.750428168101078370e+02
3.514522986606011159e+02
-1.371528817588632307e+02
2.822162361633987189e+02
-4.522025161464183043e+02
-3.539782776691799313e+02
6.901454324253045058e+01
3.187739058624079576e+02
6.574988414202553599e+01
-6.909244214813072631e+02
1.003438849496163812e+02
5.193735681129836621e+02
-3.065141640481152194e+02
-1.427523048243581059e+02
6.221873858143029565e+02
9.687018760859699285e+01
-3.658314554115179931e+02
6.991259510314816907e+02
6.766541114076449048e+02
-6.020959631940622785e+02
-6.480564216415687895e+01
2.727561602444118094e+01
-2.252267401381360514e+02
2.187152792321045922e+02
1.814450251985246894e+02
3.098859696800942061e+02
8.995037798081766311e+01
5.653482726482834408e+01
3.162608639312168535e+01
3.273638197178212863e+02
1.852108123502665649e+02
1.162365043072313995e+02
-6.224336000626999521e+02
-3.010188502238148089e+02
7.873542116350978404e+02
-4.910232657660571931e+02
2.051094944946831617e+02
-5.690453352056455287e+02
1.890321660208869332e+02
4.969351848093742774e+02
-5.542247115730343694e+02
-1.811565337323000335e+02
2.179802869678281070e+02
1.072319436080856434e+02
-2.774742613284284971e+02
-2.173959960828865974e+02
-2.573472085895109558e+02
-1.561511496057543411e+02
2.060196714441206325e+02
7.884939390075183852e+00
2.873857183047426247e+02
-6.695937025051725300e+01
2.153358122053581383e+02
1.578307869456199697e+01
7.234831822980872573e+01
3.219234983233533853e+02
2.608986162791035213e+02
-5.859321093181753213e+02
-1.313072352042643445e+02
-3.194067051004707878e+02
7.335758729372581399e+01
-1.695532711666376144e+02
-3.101934820821302452e+00
3.413211811024928011e+02
-5.029767424152852051e+00
4.189074139356063142e+02
2.243660374420436767e+02
3.825182593002904952e+01
2.209737927400702802e+02
1.477535278709044348e+02
3.451923945832393770e+02
5.095430323963804398e+01
-1.678958678123270829e+02
-1.310951337828809642e+02
-9.800976940167726070e+01
6.232324770151008408e+01
3.995353901721689027e+01
1.195156289981015902e+02
-6.414910428099788930e+01
-4.345613688671507902e+01
-4.765491370701030860e+01
3.029251661794954771e+02
-8.597022326486975885e+01
-7.754491454918124305e+01
-3.141143773428393047e+02
-1.412059071665873766e+01
-2.050761717543173006e+02
1.995417230920502050e+02
1.085710913129581812e+01
2.044543531576750581e+02
2.176266951244502650e+02
2.204933883663078689e+02
-3.389595382819442282e+00
-1.134636323739796282e+01
5.793389251546221175e+01
2.570578917486650994e+02
1.522089887562011938e+02
1.041831712293085985e+02
-6.556942449063134859e+01
-4.060965171663078621e+01
-1.970563297024000065e+02
-2.127691276039088280e+02
1.653465004908914864e+02
2.557610242102899178e+02
3.461267621311963012e+02
-4.191555933958329661e+01
-2.651291649359592384e+02
1.600220708044132039e+02
2.274037018143378930e+02
-1.642669569825839062e+02
-2.110975818763924963e+02
-2.656137857005412570e+02
-2.607611558094351381e+02
5.876592332672296948e+01
-2.575149586408023765e+02
-3.156564427394939116e+02
1.260505672987182635e+02
1.615097418123844193e+02
-8.496620567391013878e+01
-1.096912331983567697e+02
-4.210800659403940358e+02
7.246137213155212464e+01
5.879703560846871113e+01
-6.668466021279671807e+00
-1.815628320008778758e+02
2.540436978918030206e+02
1.365011234639135012e+02
-9.307923792374093352e+01
-8.304925699493271907e+01
-2.287808357242070372e+02
2.421710497888487912e-01
2.203988883008053961e+02
6.232315955335788260e+01
2.439788601499993490e+02
-1.107939526740973868e+01
2.008209793043089064e+02
-2.349282859864610487e+02
-9.719795548411886443e+01
1.482321702941902402e+02
-6.033000981119914741e+01
1.573893744165942508e+02
-9.099075713861871861e+01
2.538826717224749885e+01
1.725107644968074112e+02
-1.201507052789247894e+02
-2.411170961679420799e+01
9.268502045300779812e+00
5.487203825029368431e+01
2.769504995880062737e+01
2.150691557434918764e+02
7.899377112080016694e+00
-3.017066233777601383e+02
2.340845758546042816e+02
1.985672172713028658e+02
2.572247053798096204e+02
9.995619968565384283e+01
1.377759368404298925e+02
-4.560853388219959470e+01
-1.973840388606421072e+02
9.250102974017724478e+01
-4.031993470700950866e+01
-3.929569983744183048e+01
1.865957730460196160e+02
6.500809559971268925e+01
-1.401557884498324711e+02
1.106267182792455017e+01
-2.839431702734284002e+01
1.045896738252444536e+01
1.371646032315516095e+02
-2.976071697618500593e+02
-1.812245687271876591e+02
-2.384945833828877255e+02
2.833182812692671746e+02
1.777640738215567637e+02
-5.955286441195357838e+01
-9.109991190011953677e+01
-2.401105916345749449e+02
1.540891219664220557e+02
-8.587122261051418093e+01
-2.742962672750984439e+02
2.470007696336757306e+02
1.599205168674971844e+02
-9.588206462832413024e+01
1.646454852247758822e+02
-4.043459540645018819e+02
-6.905910119372211398e+01
