-2.613344587538736960e+03
-1.222725753014338352e+03
4.573969503754777179e+03
-1.655830091455537740e+03
4.233994792398947538e+03
2.331569711022306365e+03
3.595884160261157831e+03
-3.488530071650500304e+02
-1.698331789464054964e+02
-2.376231150560692640e+03
-1.997337319983547275e+02
-6.166883097181245148e+02
-1.024880979118539699e+03
-2.456029252610589140e+02
-2.550579215228808323e+02
-2.049441803494562919e+03
3.137337877106193105e+02
8.631388532999151266e+02
-2.141541317426740250e+02
-1.516391800470478756e+03
1.487510152803006349e+02
1.763530521929494853e+03
-1.466249495610183203e+03
9.365640742088788784e+02
-4.438107591173738342e+02
9.357910304222996274e+02
-1.447002468162000355e+02
7.204649410278900632e+02
9.971614450421782294e+02
7.901251409131288206e+00
-3.405612969693047489e+02
-4.360908456879237747e+02
1.643716296551139749e+03
-8.310043476141383962e+02
-8.628166479906773247e+02
7.429361362773645396e+02
3.732352096036948979e+02
-2.096770965428911211e+02
-1.289188621575834532e+03
9.072376268800718435e+02
-5.332253778460169542e+02
-1.391636161466032718e+03
-8.582880638079780056e+01
1.261181678976780859e+03
2.355503535657824727e+02
9.073047574982495007e+02
4.668564482488271210e+02
4.436902594029909892e+02
-1.434744291260728346e+02
-1.073792645091941438e+02
1.369577187399378602e+02
4.110201524725788431e+02
2.097377285099972966e+01
-1.355758689834538018e+02
-2.793656862077672827e+02
-2.149756534680599884e+01
-1.730033316844233298e+02
5.903267084215096929e+02
-2.069047771063404468e+02
8.846266569451826456e+01
3.104300456948608300e+01
-3.870280159456012257e+02
-7.406537719242611502e+02
-8.849715485830125772e+02
-4.142531769865902902e+02
-1.690577226466098466e+02
2.159272232808674516e+02
-1.198263249191967361e+03
-3.396238216359931243e+02
-2.616381931608538025e+02
-2.338521082613094393e+02
-3.740885776010153450e+02
-2.402657441681345176e+02
-2.823334574271286712e+01
1.339279383662334908e+02
-6.122686473825026354e+01
3.791345034328576276e+02
-3.583800613788105238e+01
-3.871405224011259634e+02
-5.081447404200306437e+02
-2.872466582032432143e+02
-4.516552764089331617e+01
7.551465816537258036e+01
3.844323067489011123e+02
6.591022052106404772e+01
-3.991662151222424200e+02
-3.747785093693196359e+02
1.946474023725911877e+02
6.195859398769952122e+02
-3.789696212835848996e+02
-3.999495940803269036e+02
-4.874507845274504803e+02
-4.992395464415557171e+02
-7.623030980745163276e+01
3.736238615311326043e+02
2.026083369374441361e+02
4.933010781577004167e+01
3.870794541724707187e+02
-6.948481988386537012e+01
8.723924773416833034e+01
-3.101332859274667726e+02
2.339522460095348322e+02
2.474371163923486847e+02
-1.726255180092287844e+02
-3.313060920160035039e+02
3.744920768940029916e+02
-2.466234740900966926e+01
2.360537227598449306e+01
3.276837170006284055e+02
-3.433133114087682713e+01
-1.753666481486675366e+02
2.140217447435024667e+02
7.421052916634088206e+02
-1.323775562038210296e+02
-4.023720250240384075e+02
-1.637513088910594661e+01
1.926339667074644808e+02
-1.092081763845169284e+01
5.039883715634168482e+01
3.060649355251259180e+02
1.208110929083886589e+02
-1.213131223705743054e+02
-1.334317839030879895e+02
8.271715863757712839e+01
-2.407147787397351379e+01
1.953375839377117416e+02
1.611899719324349292e+02
-3.285017807964769077e+01
-2.273853327575639867e+02
3.055316697156055170e+02
2.652317542272153901e+02
-5.163269888478921530e+02
-6.790078475732667584e+01
1.960352365108751371e+02
6.520933750209879065e+01
8.902849300479437034e+01
7.842388466082947218e+01
1.468752023718950284e+02
-3.593312601590677957e+01
9.300885155881665867e+01
2.927737882483182830e+02
3.957609150600946464e+02
-2.021035797148228497e+01
2.761873014241724036e+02
-7.625202651227668582e+01
1.332846288639581189e+02
1.586674804078147929e+02
-1.948506912736869765e+02
-3.850854021951074060e+02
-1.644722042273458271e+02
-2.213272132260447052e+02
-2.823662886001693906e+01
6.584621524102347223e+01
1.305087578942109587e+02
2.338287439262068119e+02
1.390822587760513898e+02
1.949945586072922055e+01
6.406287066597001756e-01
3.653400584713727284e+01
6.053121339581696247e+02
-2.530138125655105057e+02
6.381165458964854054e+01
-2.661769342620358714e+01
4.826733348996813078e+01
-5.615331727660871630e-01
1.356368040186601753e+01
-2.410341454486409134e+02
-1.510983265882703677e+02
1.405324301067433339e+02
-1.321514016725358545e+02
5.159311909812393537e+01
1.637106631646395272e+02
-4.834325460142157738e+01
-3.160624368707696590e+02
-1.218950340642161478e+02
-1.308539758641070989e+02
-1.628208879976449737e+02
-2.745802230310131336e+02
1.875000428010859252e+02
1.863164661209216177e+01
1.657644281031134881e+02
3.657172261973611427e+01
1.696691326089729159e+02
1.338354933912411227e+01
2.598977400012843759e+02
2.272534451794967651e+02
3.699768525593179191e+01
-1.582848295714327946e+02
-1.367567869178657816e+02
1.704253927809514124e+01
4.999414684584348123e+01
-2.681201779691119214e+02
-6.063065094941346445e+01
9.264828740954466468e+01
1.787805010720352641e+02
2.721558429311599525e+02
-3.452396993990150520e+01
-3.945201720464917372e+01
1.243154966454149957e+02
3.032374311962803048e+01
3.550720228160489000e+01
2.083661589037334636e+02
5.895656888853327615e+01
1.794834286132981163e+02
1.418691270289722297e+02
4.330301283963214587e+01
-1.135073367827539492e+01
-1.813131078202151514e+02
-2.792510714894234169e+01
2.141244281859862397e+01
1.371616738746104431e+02
-7.992535594835095480e+01
-1.309128816855486264e+02
1.406208307825071415e+02
-3.655026688625802933e+01
3.893880477809871454e+00
-1.119131697564179859e+02
2.245173231699782832e+02
-9.178983009554028172e+01
1.343396382371103357e+02
-9.426009666239829698e+01
9.441452537492911290e+01
1.260267370448727320e+02
-4.745510226096611461e+01
2.042059560925806068e+02
-2.165619742445453966e+01
6.027345815449688615e+01
-1.174645158702733028e+02
-1.812940935743465900e+02
1.706356624554788084e+02
-8.743197858593360650e+01
1.502490673467019917e+02
-3.940482727804663909e+02
1.284910644029472166e+02
-9.282906384117207921e+00
1.289965789190488010e+02
-1.247237695069033663e+02
-9.677959283336127783e+01
1.532057930184329564e+02
-3.241302742705048701e+01
-5.206180842024026312e+00
1.889305142071874855e+02
-2.105191875301709956e+02
2.748124794030571820e+02
-6.100774212860809342e+01
-9.838585987322717585e+01
2.008437873653863193e+01
-1.014792363789974061e+01
1.365044389392074891e+02
-2.709248735031435729e+01
-5.130769212425726522e+01
-2.035967042621000758e+02
-3.055783105201428818e+00
3.004196655682239125e+01
-5.966277736966988954e+01
-1.171422061237368979e+02
-5.653260320330867117e+00
6.239600307189894579e+01
1.146304624747293985e+02
2.523682921154140502e+01
3.425656755897770722e+01
-1.676433684545804326e+01
-2.067746437792002325e+02
4.039264076364292322e+01
1.998186501642818413e+01
1.546192778289415592e+01
1.070201619279285410e+02
-4.717987061340082988e+01
6.677843910313906406e+01
-1.239446128860645615e+02
1.108805785216374034e+02
1.173085057159391731e+01
5.002713873121405896e+01
1.647352738818750595e+02
-1.378846419739874705e+02
-5.719667070105671769e+01
6.439422951703281228e+01
-3.818214370975416472e+01
9.802370896724185911e+01
1.298746581207601309e+02
1.467058996406047413e+02
1.414408566002958025e+02
2.058194310073537281e+01
-3.077921282435877259e+01
3.846522255601678353e+01
5.867661780279230044e+01
-3.466382275743718822e+01
2.624358733544197548e+02
6.828567745517167964e+01
1.271291183448234250e+02
-3.060423889363010019e+01
1.419844079034299966e+02
4.055366636262498048e+01
2.198523112867429319e+01
-6.144643382300152723e+01
2.541285137421920837e+01
3.791726719342333407e+00
-3.523756150443470858e+01
2.232051115507558947e+01
6.891058308131928811e+01
