-1.162311971890675295e+03
-3.449717506413214778e+03
-2.116873663729607870e+03
1.634999282973137497e+03
-1.077934266481232584e+02
-2.778002277253971897e+03
-1.048737674274658275e+03
3.391658841405174485e+02
1.018908719945419080e+03
1.182579258240283707e+03
-5.923104759756993190e+02
-3.279099221627041516e+03
-1.481458287772043150e+02
2.625551164850461419e+02
4.520139987183140420e+02
-3.694370758504169316e+03
-1.001629051828345382e+03
-8.446111705864611849e+02
-3.207597316163182199e+02
3.276885018859561001e+02
5.584427132306485646e+02
8.174755735297982255e+02
-9.019280897210599335e+01
9.592817181737602823e+02
-3.488335522450393569e+02
-1.155604307344351867e+01
4.162901571280456778e+02
-6.374933517310374782e+02
5.696067290019750544e+02
-4.008260392431593822e+00
-5.639738112066208942e+02
9.869314724469905968e+02
-6.829125801567230383e+02
-6.871690896831401005e+02
-4.280260311517977811e+02
-3.893365837323135565e+02
7.639774273099676520e+02
-1.282443526305956993e+02
-6.552554623204212021e+02
7.046932632783563122e+02
7.704642096655553587e+02
-1.145358332385586436e+03
5.418584895121118734e+02
1.986707037142155514e+03
9.207903439711552664e+02
1.528709773013971471e+03
4.052474223910577393e+02
4.406220619028636634e+02
-5.388919436918995416e+02
-2.030451040338292330e+02
-6.736222646288691749e+02
-4.745126970710861514e+01
-2.438470633412286190e+02
-2.144794450904346377e+02
-1.047344384604572269e+03
8.372779850469530629e+02
1.156723452945881036e+03
8.638611442519760431e+02
-7.141873675327104820e+02
7.310540530602462468e+02
3.916311770651516326e+02
-1.690952482641968572e+03
4.349792107845800615e+02
-1.260458169271829320e+03
1.948623342817854791e+02
1.400983278585004825e+02
8.992081528983985663e+02
8.149931572757809590e+02
5.971332697927175559e+02
-7.810386883951937875e+01
2.698072860135259887e+01
7.441202150718918347e+02
2.751678992434837596e+02
3.349413483165596404e+02
4.828148936097985597e+02
-1.171838135342473379e+03
2.186077300625819078e+02
-6.985409757024192459e+02
1.076398631105005052e+03
-3.019856878576808299e+02
3.800681124836499976e+02
-1.045686432126999534e+02
-3.789865201304402831e+02
5.810558547568261929e+02
9.229814228712871227e+02
-3.487472605806604520e+02
-5.631459666724737190e+02
3.470224156572430019e+01
-3.958673226046219042e+02
-4.377416652277825051e+02
4.867574359872123182e+02
-4.048787375573467102e+02
1.834241561529461251e+02
-9.292293665264215008e+01
1.203418051695738313e+03
-1.629877845474295555e+02
-1.935793289565197028e+01
4.256771297898297348e+02
2.567368037014774131e+02
1.404364718302643382e+02
-2.122639717840407343e+02
2.442132303380163023e+02
-1.858199666304022060e+02
-1.359855852139701824e+02
-2.331301367747225868e+02
-3.647059909326093248e+02
1.406747396354433022e+02
-1.184402898350231226e+02
1.924319068998875935e+02
1.898720787616974235e+02
3.205005039670259492e+01
-4.941399259383217668e+02
3.622208532105568679e+02
-4.876444489862870455e+02
5.349645476169226868e+02
9.118275868045840407e-03
-4.135647172016461468e+02
-8.657381951408426630e+02
-8.262407708713193415e+02
2.514269659527232648e+02
3.841319627124380531e+02
7.646251595534963030e+01
1.263033780935369421e+01
1.574871893888441150e+02
6.591752872735023630e+02
-3.085213111363083840e+02
6.804023037720754985e+01
-6.868248795206511659e+02
5.746584361330435513e+02
5.766236559232792160e+02
-2.230304358820429798e+02
-5.299884294428196654e+02
-1.201794798759986179e+03
7.870390985888109299e+02
4.509059019318254400e+02
-2.473833798846774528e+02
1.549858877017644154e+01
-2.702905996348583813e+02
1.472465449452806467e+02
9.303226851479712423e+02
-4.578817434079511486e+02
6.387862089848985647e+01
5.343208189782545787e+02
2.696336115681930892e+02
-4.656630973409621106e+02
8.917800990070591638e+01
1.260546364777480335e+02
3.513326453207710642e+02
3.307517588046599855e+01
-3.934891789441977039e+02
-1.203062521691916942e+02
-2.691154382468158701e+02
-3.260194355099103518e+02
9.399294120350167248e+01
-6.074625241646430140e+02
-2.444980828513031952e+02
1.545567307559949732e+01
3.836330155290513062e+02
1.038176392309633655e+02
-1.215530223623766233e+02
-2.250106294295946441e+02
-1.846714739547552426e+02
-3.300630671831573295e+02
2.779022895630972698e+02
-5.114787498363218674e+02
5.661580420888474663e+01
-1.848915707614260100e+02
-5.130181447630893672e+02
1.679876848733507586e+02
-5.663271374303664061e+02
1.060747224490058613e+02
5.131340374001596274e+02
3.243112201124093872e+02
-3.455477410389187298e+02
-1.393379314624292533e+02
2.957795240493387041e+02
6.421534983027068222e+01
-1.959326533947421467e+02
-2.472752603481459062e+02
-3.545902187469711748e+02
3.979317526148071806e+02
7.389576762284112021e+01
4.680153982745043209e+02
2.518658286586976303e+01
3.430836714117889414e+02
1.874435345752629445e+01
2.027092591424901968e+02
-2.169751379272591691e+02
1.597698908554517629e+02
-1.670045904162337251e+02
-1.882410766369510497e+02
-3.402218379833641393e+02
-3.500362984966255908e+01
3.846674103093757680e+01
7.203037755511465434e+01
-1.933839826059396216e+02
-1.106304192534671529e+02
-2.148352301542782072e+02
-1.674260986687939408e+02
2.630595875296067447e+02
-2.272909044292057104e+02
1.624064985384313786e+02
9.473572100797749727e+02
-3.659306726869563136e+02
-1.469419966857794861e+02
-2.602361010426583903e+02
-1.180308555063652847e+02
1.603623636825381311e+02
-1.082808901620718132e+02
-1.947950024073568542e+01
1.617652232075425616e+02
-1.505253568146757814e+01
-9.035495830077444168e+01
1.389723965302533202e+02
-2.070902936885893553e+02
-2.208060791077993201e+02
4.472648552470728234e+00
2.924185962276408191e+02
-4.407649718564311456e+02
-4.548410283518763890e+02
-5.313785227366681596e+01
1.215027488534820463e+02
-2.168163666367603639e+02
-1.441523291484070910e+02
-3.339600561612440970e+02
1.842317886359546719e+02
-2.203394760912206038e+02
2.503303197944785836e+02
9.517792768125470104e+01
-1.153879873504628364e+02
-8.244992994655162022e+01
-2.231164762548699088e+01
-2.917620492048426968e+02
3.363980215146636397e+02
2.308089730843556993e+02
-4.149937244720906619e+02
-2.765645001786122634e+02
5.777836214202685596e+02
-2.330900517664563836e+02
-3.701225389610510206e+02
1.076681695734578881e+02
3.978083716230852929e+02
-1.023137644082607522e+01
3.770408386585884841e+01
-3.329473323163558689e+02
-2.788898818508087629e+02
1.595248375039293762e+02
-5.555792397868251697e+01
3.389906752249447663e+02
-1.729929205558690057e+02
-7.229502143425042959e+01
3.452325688973969591e+02
1.430018171912436209e+01
-3.999219865114056915e+02
-6.579695874463186556e+01
3.079812041068764188e+02
-3.038622859383306718e+02
-1.231072686561289942e+02
-1.344788716912094344e+02
-2.375780943884333851e+02
3.869498249790826208e+02
9.432091488242153332e+01
1.248379200845834305e+02
-3.094337783607741699e+02
5.911639073836777243e+02
1.314976727308855402e+02
4.986812835215735618e+02
-2.118096680124479860e+02
-3.409654018208103139e+02
-2.524111190657361021e+02
-5.613886970700667689e+02
-8.151426672556068809e+01
2.968024369774552156e+02
3.770884315570141325e+02
3.559132944922964725e+01
-8.439682219170302346e+01
1.391128634964877335e+02
-1.436645849093008280e+02
4.660754870301796586e+02
-7.361994123155325553e+01
-8.809037067042153524e+01
-1.076702309419264196e+02
1.697449527021971392e+02
2.405112152613436933e+02
4.304648155858500758e+01
3.416051975600311721e+02
-2.460481147674916258e+02
3.777990777041581509e+02
6.529444328116379381e+01
8.937240153480978222e+01
2.686835042157021576e+02
-7.648824994567259239e+01
-2.407047481197535532e+01
-7.381429209438131522e+01
-4.958584082387090461e+02
-1.421105452462706182e+02
1.342130360920381982e+01
-7.831531361447268580e+01
-2.971804357083149739e+02
3.499223901229220246e+02
