-3.940478474623575039e+03
3.020484903666637706e+02
-6.298537212229003899e+02
1.285206597959939245e+03
5.830464982617709211e+02
-1.295652163503249312e+03
-1.526766158114289738e+03
-2.123666072256985899e+03
1.843867351304795648e+03
1.456801940013643161e+03
2.546645124763017066e+03
1.356073697144320931e+03
-7.300331105346085678e+02
-9.492797981234388089e+02
1.628533795382774315e+03
-2.403160606531700125e+02
-7.355387967026601928e+02
8.117202253885762957e+02
-1.235077963663539549e+03
1.595587923090590152e+02
-9.809264421164841679e+02
-1.182989566046731397e+03
4.524463065888297564e+01
-1.336995932785478544e+03
-4.586897783246216136e+02
1.101837373739443592e+03
1.211138748166639061e+03
1.194273815746527589e+03
-2.729992559596756223e+02
4.170076905014051931e+02
-8.082995464046346612e+00
-1.037509015457734307e+02
2.923482737265194373e+02
7.728643991317468931e+01
5.807319843684226726e+02
8.921969402240928275e+02
-1.036579620412026088e+02
-6.141706133710746371e+02
1.023667957384531746e+03
-5.275238674793827158e+02
3.000930710085366400e+02
6.142497448142016765e+02
1.431938783948052389e+02
-3.994558907550334652e+02
-1.104855434528480373e+03
-2.459125526983230827e+02
1.045415074024314436e+03
2.393492569250304882e+02
4.850858615437657022e+02
-3.182966610927493321e+02
-6.145443806350231171e+02
1.165291297548089773e+02
-2.263653470171352637e+02
1.380707539814058009e+02
7.488701037892639079e+02
-1.160834638933092720e+02
-5.542135549620365964e+02
-2.334977463037275811e+02
1.044576849911916042e+03
1.380334001336792085e+02
2.879999111723136593e+02
6.710149776831310646e+02
6.351774589412725618e+02
1.559646884263116249e+02
-1.361964682332586847e+02
3.120416232368131091e+02
-2.668407877577384966e+02
1.031501841439064947e+03
-5.198681859880156253e+02
1.332785416232511366e+01
-1.911958269833224904e+02
-2.171758641838712265e+02
3.184593865623594979e+02
2.093611017389085021e+02
-8.700172126934461403e+02
-1.856987360912072802e+02
-2.083647411949379205e+02
4.492271086130160143e+02
4.760739022842085433e+02
6.543680984587254557e+01
3.750954700904601395e+02
6.187311746217566224e+02
1.298890259216047127e+02
-1.178652914723722915e+02
-5.962077418788662726e+02
3.207310611378760541e+02
2.794357021521908564e+02
-2.640104033196400337e+02
-1.639955850269299447e+02
-2.770911988761777422e+01
-3.702238418420077437e+02
2.640399391271132572e+02
2.820138294263974785e+02
-3.715663296111363820e+02
-2.384579184318599800e+02
-1.461567480422557139e+02
5.146053155238715817e+02
-3.701050421781825861e+01
-3.664068271845225127e+02
4.202613793639505388e+02
5.445311018426945537e+01
5.978667957773964758e+01
6.542850766313312860e+00
2.521237261791590925e+02
-1.635305942134383201e+02
-2.390182352973870934e+02
-1.565822833446229367e+02
-1.861463808240107483e+02
-5.055684350903894142e+01
-3.202146851128102156e+01
-3.714422158614896716e+02
-5.388480246210752966e+02
-3.108250820884055088e+02
1.716474922933945990e+01
2.268808715463178771e+02
-1.134206454284496601e+02
-2.282892058183121549e+02
-1.691450347291394110e+02
-2.053740469393742387e+02
8.428424970149572459e+01
1.110327921343393065e+01
-2.036612645011206268e+02
-1.593992968556986227e+02
7.433850290899414404e+01
-1.309856551418641990e+00
-1.871301313091416887e+02
-4.242799983258756242e+02
5.829885834332536376e+01
2.811681792316872830e+01
1.613399182397980667e+02
-1.824712576395418751e+02
4.315586755953181068e+02
-3.456879786246306594e+02
9.700563895338633813e+01
1.678739037711842741e+02
8.736866390235871904e+01
2.130423101373428665e+02
-4.620633784713520242e+01
9.049714346140855525e+01
-6.839053479341687591e+01
9.436630032478517194e+01
-1.048193841811356464e+02
1.242902687919849143e+02
-3.980677835819857080e+01
-7.256544245125442671e+01
-2.937736162445413584e+02
-1.702639526172335422e+02
8.813004102520011429e+01
1.108402493554170576e+02
-1.824239563994788398e+02
2.267008935037420159e+01
-9.094620471639508708e+01
3.539870535478346625e+01
1.634906665638651475e+02
-1.708773687472123299e+02
-4.333145382001296042e+01
-1.385612027859942863e+01
4.370795894049903723e+02
-1.401295744011914906e+02
-3.977879094314152439e+02
1.086897338308551468e+02
1.112542865477195733e+02
-7.162823947221596654e+01
-3.773388020228485971e+02
-5.851595203957884195e+01
-6.306211624413336381e+01
-1.459446728636464456e+02
1.914240585089724789e+02
1.507480842859567076e+02
7.406919517710905154e+01
-1.894376926134491157e+02
-2.479677439579162623e+01
-5.668015901685309643e+01
-2.161943779918175892e+02
-2.365619297512522508e+02
1.751081883208382806e+02
3.876833232796925586e+02
3.085152358454870978e+02
-1.899539800872821900e+02
1.866396186963354751e+02
2.911338834181994457e+02
-1.786453173730079982e+02
3.883229898986428452e+02
1.164533345762068706e+01
-1.464358943858425910e+01
-2.272884414750928528e+01
3.684950723253700033e+01
5.969679146429160532e+00
-9.215233253884565556e+01
8.273369964365174667e+01
1.553080198607038653e+02
-1.299085852000708741e+01
-8.095200547652127909e+01
-1.256656692437774296e+02
-6.641387104814161546e+01
5.094733820783853417e+01
-3.330423745277993817e+02
-1.677034213178961295e+02
-5.002549919693316838e+01
1.107118138799508245e+02
-1.353834628776430975e+02
3.135781709828323827e+01
4.193311095774449768e+02
-1.739771130036590421e+02
1.513944664695866322e+02
1.568340650924180011e+02
-2.894526247031045045e+02
9.464430276737809322e+01
3.812378115137442336e+01
1.148427758275309998e+02
-4.253537577065783637e+01
-1.109540953545825062e+02
-1.709980995532613122e+02
3.637459711351499259e+00
-9.814017953055740406e+01
-3.002044219188510965e+01
4.314325124961359847e+01
5.026798096064450760e+01
-1.922150836909638372e+02
3.307076032090699869e+01
-2.493282602783735058e+02
2.351880105072949902e+02
-2.518203955506433545e+02
-1.045936156185396300e+02
-1.368561816844502061e+02
-5.407354510379069552e+02
-2.732768194219205498e+02
1.280615881785578267e+02
-7.924230968149018395e+01
-4.784408174140057923e+01
1.202039237431607575e+02
-1.245934809342059424e+02
-1.753167677323475289e+02
1.463846732759008091e+02
1.210278009667164412e+02
-9.795321473661502409e+01
2.428727922697807173e+01
1.494544435143703822e+02
-1.161622355553327424e+01
-4.738625404168756994e+00
8.346085981662034214e+01
6.842961961208123967e+01
-3.274300267328146106e+02
-2.762893012942851101e+02
-8.919482563427598620e+01
-4.623374704227835963e+01
3.374487584022025999e+01
-2.336603660038493615e+02
-1.086551080167382679e+02
-6.541567196020324104e+01
1.184144743833592770e+02
1.175939991367539648e+02
2.744356187452967220e+02
1.179414645127073413e+01
1.950761553018792824e+02
8.992892623359732340e+01
-1.897986732109890511e+02
-2.957441949766460354e+01
-1.503574549289918707e+02
1.258709607618570345e+02
-6.743951983405628425e+01
2.799965016746210722e+02
-1.835623495304666051e+02
4.971758661718012462e+01
6.443553356042980340e+01
-4.472497009298461279e+01
3.764152819180572465e+02
1.423661396867404960e+02
5.011405187392978888e+01
-2.501510351876602272e+02
6.685292482812958781e+01
-1.187717162670772275e+01
1.748948233679177733e+01
-5.935114523287906962e+01
-3.941321267050119559e+01
-6.383912570707023804e+01
8.264790747827125017e+01
2.588752015981813770e+02
-1.366810146641230972e+02
-1.531087228725709224e+02
-1.555361855635564439e+02
2.204207797168773482e+02
2.533170194519064466e+01
3.946251718823120314e+01
1.078394506749232420e+02
4.033219608510962217e+01
2.011546693531725509e+02
1.874394931342054065e+02
-3.159797336111553001e+00
1.216049292677129898e+02
-1.557961045358556191e+02
1.022398210942486543e+02
8.513510361368355461e+01
-1.281261519345091848e+01
-1.486293919106653618e+02
1.125719466224674790e+02
7.765529104812534555e+00
1.498768346955856998e+02
-1.703942265367712423e+02
1.341116886582157974e+02
