2.365856157046792760e+03
-1.679333443528871157e+03
-1.256595556627391488e+03
1.706977553872842464e+02
-2.113000419866801622e+03
-9.568121880551118466e+02
-1.123063021087878269e+03
-2.250663399689941343e+03
-2.085078961662972233e+03
2.498280502834521940e+03
1.096340540712635175e+03
-3.062212010967530205e+03
3.915172980584914512e+03
2.042338393031164742e+03
-1.887955969297790261e+03
-3.219016006055533580e+03
6.060875603747324476e+02
3.982658867371588371e+02
-8.591171490220889382e+02
1.773350335528479491e+03
-9.067344258079401698e+02
1.272793892235812564e+03
-1.843363036825529662e+03
2.650734598710510454e+03
3.841142385942371220e+02
1.146077972669612990e+02
-1.225493265993903378e+03
2.220275261174968477e+02
-2.405356599690081509e+01
1.224504399639333997e+03
6.379076083639897661e+02
2.183638282148269354e+03
-9.362574239400867100e+02
-6.902060832594604278e+01
-1.075797922858198262e+03
-1.219950539954798387e+03
1.269068470275511572e+03
-8.824104504003144029e+02
-1.785935076108226212e+03
1.147925063759133309e+03
1.741730089415014504e+02
-1.530801680640649920e+03
-1.056581318710910182e+03
1.720084513893244093e+03
1.293578778384638326e+03
1.592886986397633791e+03
-1.494201110930245591e+02
-5.892386441615803960e+02
5.667675291348471092e+02
-2.663003258822724320e+02
1.048420090080402815e+03
2.231643198517455744e+02
-5.831951128070767254e+02
-2.209463462692098119e+02
-4.858387753765575781e+02
6.139236675738296753e+02
5.697976823837608862e+01
-8.797854581772895699e+01
7.131611267399670169e+02
-2.729658532210797830e+02
1.721615520420295553e+01
-4.152318171087082987e+02
-1.113242305659128704e+02
-1.948617874988001404e+02
-9.263737990837080361e+02
7.768436041536466519e+02
5.196421761209957140e+02
8.164948697672652997e+02
1.743771054782804129e+02
-8.823884281823083029e+02
5.713034586298136901e+02
5.385412173123870616e+02
3.762147562949318740e+02
6.486326375613676873e+02
1.380523224418185180e+02
-6.897667340529416151e+02
5.336329751393642482e+02
-1.452163894691887208e+03
-3.346820273480793873e+01
-5.584353722491871395e+02
-2.685249890170370435e+01
-3.656030669379931055e+02
-1.179610987862342419e+00
-5.392282490924303602e+02
5.318957627417687490e+02
-6.876724877119638677e+02
-4.305079478566011630e+02
8.421546504901439789e+01
1.029475497368157221e+03
2.705811367944232870e+02
-2.066787709764861631e+02
-5.616280434780472888e+02
-5.735617777664100458e+02
-3.768536762252163612e+02
-4.621193794776256141e+02
4.605228123079337479e+02
-5.656629583755963040e+02
-2.421418081590773284e+02
6.129078504272755481e+02
-1.830565126279961774e+01
-9.879872818656751576e+01
4.311941736853668772e+02
6.987706501257833906e+02
-1.837843000170381913e+02
-3.282180969686969547e+02
-7.873078173630842613e+00
-9.374174604141283851e+01
1.478587979630486302e+02
-2.367642059385713083e+02
2.753505592648820084e+02
-1.692129705559297577e+02
7.985687129091193981e+01
3.666400682221402008e+02
-3.358475399666933754e+02
-2.710380517915527889e+02
4.036525673259224618e+02
-6.885994853037731218e+02
4.735373140620166623e+02
1.836355266099615164e+02
2.075557856116379298e+02
5.981283656160654800e+02
4.604515715692406985e+01
5.324954015090030879e+01
4.367377175141968451e+02
-1.435067514800770283e+01
1.309970722273304204e+02
5.580702904221333256e+02
-2.262448245090708667e+02
-2.137918187401332375e+02
-9.793493713316500759e+01
3.567042111614224495e+02
-5.948901782521883206e+02
-2.912340632624866998e+02
2.969326691847671214e+02
1.703023519923789877e+02
7.782415187046605354e+01
3.218802238189558693e+02
1.083026104154058515e+02
-2.346780760673331745e+00
-2.115157101993546576e+02
-4.218932159745788368e+01
4.308954702864181741e+02
-2.775561472119839550e+02
1.247169114240241754e+02
-5.061021832307255863e+02
3.810752143106615222e+02
5.246520748145877633e+02
-3.205633846655310890e+02
-4.625260459884849240e+01
4.653028692337008465e+02
-4.168835995410913711e+02
6.740086393252114760e+01
1.090876849458086610e+02
7.709279650960782249e+01
1.021608384047735143e+02
-1.271529611927414862e+02
3.797890784192745741e+02
1.073890922662878182e+02
-1.292580161828527707e+02
4.537692119970935778e+02
-2.032687086248454307e+02
-4.645064959594606080e+02
-3.944500869829971634e+02
2.492224334168151643e+02
-5.838762412197478824e+01
-1.755001587320932686e+02
1.738933707324215447e+02
-1.824475485032025119e+02
1.604435332084700292e+02
-1.900240773780106167e+02
2.172667147909988117e+01
3.584783939932351018e+02
3.531107638155008317e+02
-1.664538094615579951e+02
-2.697180297288319366e+02
-1.081873037372442923e+02
-1.507450279109108919e+02
-1.359953787219092192e+02
-2.218921625703659402e+02
9.952188160053322008e+01
1.905505207555416121e+02
7.877663991652049447e+01
2.639662851277745972e+02
4.919946020667855890e+01
-9.202388255136716566e+01
1.846313938144820099e+02
-1.010657986499972054e+02
2.986324647492364548e+01
-4.440747440042917447e+02
-3.348584518582528631e+02
1.085316529533924381e+02
-8.265135017899498280e+02
1.829598735277454296e+02
-4.536161878101929545e+01
-2.366353488971091679e+01
1.338708160797929203e+01
2.620766790463426901e+02
-9.339806068739383704e+01
4.122311300191576038e+02
3.401386158473465571e+02
2.056714950834407034e+02
-6.380776573150533437e+01
1.642477472784144368e+02
4.018070726174718743e+01
3.348037545539937696e+02
-1.120962828694679558e+02
2.294466620862854711e+02
2.686690037880086948e+02
1.281625020754379136e+02
1.405537482171649799e+02
-5.689251071556315509e+01
-3.210593001196249361e+02
-8.101974894036848696e+01
-1.486507903111377118e+02
2.857611989517130837e+02
-2.987685875099503505e+02
-7.686012685764848129e+01
9.989373946097261125e+01
-2.004985067390437337e+02
3.816509407920597141e+01
1.914939708563641432e+02
1.764067754537654631e+00
1.295832251589342263e+02
-3.488429256574838178e+02
-2.793047812080772587e+02
-1.933369739526120838e+02
-3.740232222615886570e+01
-1.686483529071830958e+02
1.681951948272714787e+02
1.575647691444327450e+02
-7.456192058063804495e+01
2.464654338725817126e+02
-3.821430016951160269e+02
2.013422785681373739e+02
1.674883168988802709e+02
-8.469586839734036232e+01
-2.193154903024934015e+02
2.803046779844544290e+02
-8.908183779547916004e+01
-1.956330612585261690e+02
-1.226250156353739982e+02
2.214389357368833089e+02
-8.940131987287885806e+01
2.758909839908786239e+02
-2.099464518856201494e+02
-2.011169298980864539e+01
2.233185145700467000e+00
4.279474969820840613e+01
4.423003886269392382e+01
-1.300094102685528696e+02
1.010513471775065995e+02
1.774996459704834422e+02
-4.378492327197565004e+01
-1.009445759428242155e+02
5.673092420075918518e+00
-3.646102861209108710e+02
5.613073155053424301e+01
4.549749507014046124e+00
1.175783357590174205e+02
1.313073271670709516e+02
2.712017923339067238e+01
1.998773800742960418e+02
-2.104372529768132836e+02
-1.893110431574402810e+02
3.588076066449409041e+02
3.249398038420483026e+00
1.151974250947263556e+02
-1.260100068896364292e+02
-1.312537743166164717e+02
-3.403244808470533371e+02
3.247317623615777649e+01
8.473643793276447411e+01
2.246238661600029900e+02
1.917911566819211941e+02
1.661263926813300174e+01
1.461003760738806250e+02
-4.101750254332467307e+02
-1.727631694504270499e+01
-6.491008411503591446e+01
2.554452411937308511e+02
1.002634045462983607e+02
2.092794458322795492e+02
2.249378307051159140e+02
-1.293527769130670890e+02
9.477396957499121299e+01
1.275361228426435503e+02
-2.757043992615527372e+02
1.032977762375896731e+02
-9.910519674825536640e+01
5.074375448832435076e+00
2.545168838396440663e+02
7.177438098854085524e+01
1.139200285864334035e+02
-1.059555513068422705e+01
-2.862358580630190659e+02
-4.808511373695183266e+01
-3.650273418489731370e+01
4.503559505326598655e-01
3.628430828596835340e+02
7.630057814591053500e+01
