1.934274816822423020e+02
-2.552841434429670244e+03
3.184428013338166693e+03
6.061337536913835038e+02
-4.959103319718807938e+02
3.348732760394423622e+03
1.337681036039449054e+03
-1.117283077162785276e+03
-7.998072676605681863e+02
-1.935169874639044110e+03
-9.646908706745969084e+02
1.108529105072088441e+03
-2.063400665282013051e+03
3.638237023704936064e+02
3.058292447363622273e+02
1.689061748684078566e+03
-2.959258515929657278e+02
-6.573432869756640002e+02
-1.976971507962419764e+03
3.805300383417371108e+02
-1.401366022584991470e+03
-2.353977981881286723e+03
1.041129703149641955e+03
-6.688199678504823851e+02
6.383193823094068193e+02
1.336603090589010208e+02
1.339426932044651721e+03
-1.905407817709837559e+02
-3.341992784442212269e+03
-7.424086543111793617e+02
6.072046248150938936e+02
1.133246698050712666e+03
1.014665981154824067e+03
1.960732238353154798e+03
-3.985271920133383219e+02
-1.230857642324942987e+02
2.818925061627417108e+02
2.626030406290404926e+02
4.517315295026121476e+02
-1.361928902547989082e+03
1.023968229910895388e+03
-1.691643065055076534e+02
5.902503709209476028e+02
-1.845159839838144308e+03
9.249881759777531443e+02
4.045966521620906633e+02
3.983634730997985685e+02
7.748993806925402623e+02
6.762428555456751837e+02
-1.039537263822050136e+03
-2.456707746811578943e+02
7.477750798750092187e+00
1.381916114854821899e+03
-3.048118537206891077e+01
8.774741612417944907e+02
-5.715999845934886707e+02
-1.161200044323338716e+03
-1.126947968494462202e+03
3.773697032623400673e+02
-1.066600535198182200e+02
2.230056110631595061e+02
-1.109783244497031518e+02
-1.016879492944479182e+02
2.899812339642587631e+02
1.080561047486935422e+03
4.641310778118793792e+02
-3.322324983300470080e+02
-4.989830548607201877e+02
8.436664034334787630e+02
4.006328112110919051e+02
6.468572645757501682e+00
3.769333471240900053e+02
1.749295163184665398e+02
-7.875004428366377169e+02
7.836056577917410095e+02
1.858309546979821789e+02
-1.324824087913075346e+03
-2.936789964639643244e+02
8.960654845675477418e+02
-7.830918019233491805e+02
1.256519959157961239e+03
-7.839117094197857796e+02
5.166497484531772670e+02
-6.015940182109964098e+02
-9.306021115364906109e+02
-2.699836016823326759e+02
3.479614034356180241e+02
1.281325368553671922e+02
4.096033197212189236e+01
6.739094119744338514e+02
-4.150283659078089613e+02
-2.112301892251277025e+02
-2.296420965272476451e+02
-5.999427581271636427e+02
3.566913492156085681e+02
2.916014528544309314e+02
-1.051530158902435517e+02
-4.712270767553983433e+02
1.133718666012071594e+02
4.771414859522862457e+02
3.588087671510456858e+02
-4.820683471296480320e+02
-2.716728690704428573e+02
-5.954248438250161826e+02
6.470361462272471726e+02
-2.724390269524247969e+02
1.070036876683336544e+02
-5.322859403130649980e+02
9.972704982659525541e+00
1.383155980393728157e+02
-1.684715291218459754e+02
-7.282892780167194360e+02
-1.281032664729256567e+03
-3.668663545503364958e+02
2.705878394216603056e+02
1.317805464155496793e+02
4.530788772766782131e+02
-6.391519279027179437e+02
4.283115088313262220e+01
1.881617848302310847e+02
-3.350075324019334175e+02
4.821644840346796173e+02
-3.523730089280469429e+02
2.915681356506990483e+02
1.184614130571519865e+02
7.982469914172761527e+00
-3.891325113007756613e+02
4.453154781658646471e+02
5.243282054524726163e+02
1.703190171587783084e+02
-1.001209169036476396e+02
1.299942639633215094e+03
-3.644939184866933601e+02
-7.392977805181385520e+01
1.165980708241787767e+02
1.332443338092498664e+02
2.561365169684108309e+02
-4.347932309922248351e+02
-7.498441436271322402e+01
4.760859615003518996e+01
5.955903010481308968e+01
-4.962853368161135847e+01
4.700728661652431697e+02
1.872580933399622438e+02
1.688778116662433604e+01
-4.674527051876748942e+02
-1.456248897575384262e+02
-7.712080013209229534e+00
8.704782506536665778e+02
4.890815043625991621e+02
-6.587271988079363894e+01
-9.713911984778913222e+01
2.720017414635517525e+02
-1.826414637273348092e+02
-4.548624150208491415e+02
1.155449202189418401e+02
3.668423724682266851e+01
3.238022859003851863e+02
-1.775433040652718830e+02
-5.562462958736169867e+02
2.176510218708449429e+02
-2.131804559518624842e+01
1.859722824965807320e+01
-4.090026034597754006e+02
-2.114318749385985541e+02
-1.803147438963701461e+02
-1.993062658333389834e+02
2.170683676807840357e+02
2.048842124845957358e+02
4.934771463125762807e+02
-5.707521709796321829e+01
-5.178477864643206203e+02
-2.245020379993427184e+02
2.025238959425392409e+02
-2.699546899377511409e+02
1.193967808858508164e+02
3.282093014686630568e+02
-2.561976188960966283e+02
-2.226524953674382914e+02
-1.349058074253198924e+01
3.156055761406194051e+02
-3.769147854637322439e+02
5.279472868175595295e+02
-5.673230572963074536e+01
8.086488164568922343e+01
-5.148076600366748607e+02
1.390249193684623776e+02
-1.532954115984950016e+00
-5.148387402675925983e+01
5.894302559245814876e+01
4.607821771523219354e+02
-6.672113014204910542e+02
-2.261336109421402796e+02
-5.379823175952406018e+02
2.174694565104879729e+01
-2.455343507133937919e+02
-7.879674618474323324e+02
2.094041934276957022e+02
3.156841089472227395e+02
8.171700981535821029e+01
1.829614625481737278e+02
1.150746474354283606e+02
1.116632316675895026e+03
-1.127278815042203490e+02
-5.654635714811955438e+01
5.133197072542449585e-02
1.971245639575430175e+01
-4.749241959918573741e+01
6.224668443612323898e+01
2.707391875153649039e+02
-4.458049806228978014e+02
-1.483190089273804801e+02
-2.653094193151671334e+02
1.538572743464222583e+02
3.660178412868035025e+01
4.131308693617847894e+01
1.458533909728788558e+02
-1.286557377604414683e+02
-2.876141132140863874e+02
1.703946972756527600e+02
-2.040375507609938381e+02
2.674784305926401089e+02
-2.636153048485685417e+02
-4.218846145580726557e+02
-9.697570307776187803e+01
-8.673990732709140730e+02
-4.794921585240876993e+02
-1.024568097729207317e+00
7.038849474266761774e+01
-3.381867089321732323e+01
-4.280529246586394976e+01
-2.538693017783594144e+02
-3.182274841282402917e+02
-1.825316874804946394e+02
-7.611636568737401376e+01
4.133102854917039792e+01
1.219906611455655252e+02
2.048317774318098259e+02
-1.564226705795016947e+01
5.679783047091468262e+01
-1.514864451865805961e+02
-7.952720736773843058e+00
-5.548224838692487992e+02
-4.158041610164663666e+02
7.417442330175848042e+01
-3.474666185698830390e+01
3.574728341647340102e+01
5.479369130260257492e+01
-2.907007200196911754e+02
-8.419166795881903909e+01
6.183992462244005992e+02
5.080498356918357103e+02
6.733409268205803073e+02
-9.533293676310367459e+01
2.431968366370795991e+02
-1.918629449499359509e+02
1.886947254713327595e+02
-8.038301024921206306e+01
-1.495933105031414243e+02
2.797551185464673154e+02
-9.554526965754774892e+01
4.965887059077391541e+02
-3.244481134151503170e+02
3.036474722928919618e+02
-1.974362555950739306e+02
1.844209151289843760e+02
3.044042771545470032e+02
5.052154130202993656e+02
-7.347438120262917494e+01
-1.284388299427959339e+02
-5.457752219668197569e+01
4.170953288814728239e+02
-2.610488923630650149e+01
-1.912320331095104109e+02
-2.320504254365625485e+01
1.615690519772344089e+02
-1.242930573323809185e+01
3.024534585300966114e+02
-3.589920490032016005e+02
-1.983418441130538952e+02
-4.426971535931384096e+02
7.386874820393347818e+02
1.246624670290246542e+02
2.939263208013799726e+02
-1.636671333600189087e+02
5.300355740268545901e+01
1.798773317893432875e+02
-1.301203661372761644e+02
-1.599744006022461917e+02
2.178735471931512677e+02
7.007755690044184860e+01
7.807940684374024443e+01
1.597065863267648922e+02
5.569290528744538449e+01
2.017110250631032216e+02
4.055734610581328781e+01
-1.534258339287781041e+02
1.218680469783180484e+02
-9.123045141017594517e+01
1.827882598233460669e+02
