-5.296278125416335570e+03
1.995526121065563302e+03
3.670306918297671018e+03
-1.195705341478811761e+03
-9.919270413858068878e+02
2.017112104821509547e+03
-4.986627192476508981e+02
3.676166044231845262e+03
-1.023533857026135934e+03
2.275304134987879934e+03
8.294325444002832910e+02
2.554769919217126812e+02
9.089514160999580099e+02
1.758962915628874043e+03
6.032046535238703200e+02
-8.210519014871497347e+02
-1.323466704882212525e+03
6.057685369218486358e+02
-2.042984937370794569e+03
1.341687310957553791e+03
3.471855542823522569e+02
-3.000810918216208734e+02
-4.734693810041769098e+02
1.168773949851441330e+03
3.893051605368747232e+02
1.108097370352201771e+01
-1.039800435309126954e+02
1.107319637869690951e+03
1.342801389234417684e+02
-1.388121374793635596e+03
1.181751185399774158e+03
-1.065748282140708625e+03
-1.141787338471264775e+03
1.463088077367559208e+03
8.973857917062468914e+02
9.823026092369500475e+02
6.381865160179027043e+02
-4.551240012623217126e+02
8.024043713571862213e+01
8.599157395409514493e+02
6.893031856503221206e+02
-1.449926499091305459e+03
6.616041878163506453e+02
3.040590041913840196e+02
-8.201482762168890304e+02
-3.906404484476795460e+02
-1.911822609112218061e+03
-1.223511949878831047e+02
1.135510438897577615e+03
8.343539263673185360e+02
-2.348644763767858024e+02
-1.545193692836311925e+02
1.674631148361218038e+02
-1.843842152193492723e+02
-2.384414799781487204e+01
2.406501093518130006e+02
4.338510246012437506e+02
-8.199117257331350572e+01
4.976908452654587336e+02
-2.705765921531627782e+02
-4.547248307304882928e+02
-2.668677613390702277e+02
7.407707570549382581e+01
5.191788685456114081e+02
4.164897892290865684e+02
-9.396389795102231801e+02
1.931698083459296811e+02
-2.944815194227716120e+02
-1.362600059062051798e+02
6.580786281891079170e+01
1.664729775036412889e+02
3.861421300354764981e+02
-3.059959261495178566e+02
4.720978623159225549e+02
-1.941458858577440481e+02
4.202157839244359252e+02
2.301190397850477325e+02
2.039468334600342132e+02
-3.421944427892714771e+02
6.431515386494086215e+02
-3.562425671273792318e+02
3.775814936771536168e+02
1.618709038036306822e+02
-4.935595176672526350e+02
-4.957194105718716060e+02
3.689080484994178164e+02
2.070384134264231761e+02
6.754798107101102289e+01
3.262660920301419765e+02
-1.011439847453949739e+02
-2.842283286226402197e+02
4.937037876575654138e+01
4.004105964761145628e+02
1.459689661769021107e+01
3.457415439750578230e+02
2.786682236735539391e+02
9.607454184608373282e+01
-1.755947740250485367e+01
-3.748237113040997315e+02
-1.372750640091616106e+02
2.865208322348096885e+02
7.364536339282936694e+01
-8.192006121457308154e+02
3.793026362802457356e+02
2.398583004502319511e+02
3.116424561300751748e+02
2.857065728988230262e+02
-4.333967118557173990e+02
2.167957443017803243e+01
6.943316260291676656e+01
6.184070826652030064e+02
-3.292368281345464709e+01
3.252390175197196527e+02
-1.659656765217131351e+02
-2.260374506823530396e+02
1.925661379222175924e+02
3.015589270917324782e+01
-5.227253485614070172e+01
-2.976202098805038645e+02
-6.308506389715153517e+01
2.206970948945399158e+01
1.974603147601880551e+02
2.122594179469085134e+02
-9.709844348055345620e+01
-1.838630433422681847e+02
-3.263763859102073752e+02
-2.834421532087266655e+02
-1.632146907641323423e+02
1.065953570502694880e+01
-1.257153182126724005e+02
-1.139906695323760211e+01
-2.083995330309911154e+01
-4.177246792942830922e+01
1.308991013144544127e+02
2.464919603568501998e+02
-2.335892976556758640e+02
-2.433603693012913141e+02
-3.029050242604991467e+02
2.092303420723630722e+02
-3.885970000929835066e+01
-6.927640857906152405e+01
-1.944753215153997132e+02
1.392424419843214309e+02
1.455202413538773953e+02
-4.173571258642597286e+02
3.120710814494875649e+02
1.147803981913821048e+02
3.266499572370334477e+02
-2.477239180168157873e+01
-4.996012627574126697e+01
5.550332029549918644e+01
5.169539191183422844e+01
-2.283357013714722825e+02
2.303222708885930725e+00
5.381284650785070234e+00
4.698486735313625928e+01
2.528993376294764062e+02
1.077724449645953513e+02
4.511677965826060444e+01
-1.542774792895513114e+00
-1.967823627822880042e+02
-2.594821584793514830e+02
-1.393988128827380990e+01
6.792690344062231134e+01
6.818945353096863471e+01
-3.789137725373021226e+01
1.100578579247063686e+02
-1.199647568142781229e-01
3.176339297275250146e+02
9.972747730159076696e+01
3.949817524345034858e+00
1.103991920259632842e+01
-3.770467191152971509e+01
-6.062149889801447955e+01
-3.129385798692814546e+02
1.639192205556196598e+02
-1.944249886477758764e+02
5.957015148369216462e+01
1.126002545890687685e+02
7.420361004012407591e+01
2.785717253270813103e+02
-2.694205994029714901e+01
-1.026684096036469214e+02
1.153267134377407359e+02
-5.855456927505890974e+01
2.325141227081008211e+01
6.427992843098911635e+01
2.914192720403644543e+01
-1.023501037538060245e+02
1.118623380990379843e+02
-1.417858505007510139e+01
1.449680563592785347e+02
4.870509073000754086e+01
8.598991945081256461e+01
4.436214157427257732e+01
-1.160335934228628076e+02
-2.059868196274367449e+02
1.142159488049556302e+02
-1.355888786761570657e+02
2.109046394304789658e+02
-1.925660187325983088e+02
-1.287732678063162695e+01
1.590801137183289882e+02
1.877022805097039964e+02
2.005751812695287413e+02
-2.113957489885524694e+02
-2.726111248355001635e+02
-1.084114862901825802e+02
-9.478113380244838027e+01
-1.496597364762938867e+02
5.903099560177389549e+01
-5.100347360367433680e+01
-1.312640701314996150e+01
4.799216996359706400e+01
-6.530160611553624816e-01
7.541093824673696133e+01
-2.214141486341839880e+02
1.162357661743096315e+02
-2.633357825026208161e+02
5.623987878977799681e+01
-2.502847884986571216e+02
-1.022142703005159063e+02
-1.171324905499575948e+02
8.040339781486954962e+01
1.147247106834645791e+02
-1.179219235845420428e+02
1.879096172965523976e+02
2.623980714155943161e+01
-1.138057762154267039e+02
5.056922313848558304e+01
3.030295395012023008e+01
-3.050407851392108682e+01
-1.734731895763091529e+02
-3.101954683040634109e+02
-1.191362602628743019e+02
-8.163818707106977968e+01
1.152603776113567164e+02
8.371880745342677699e+01
4.864366251248789297e+01
-1.045762713503011696e+02
-3.288854761695696283e+01
-1.318224157247498169e+02
-1.799891836741285189e+01
6.081911784196151416e+01
-1.037856135753718121e+02
-1.539293384524197279e+02
1.239380365329699885e+01
5.919498063728098458e+01
-1.763831682176091817e+02
-8.766503453633984577e+01
-4.332582572768388474e+01
2.606803461758917706e+02
2.415370510864731841e+02
3.249773852276148034e+01
5.696553582952726202e+01
1.270414628780867901e+02
-2.689815415319326348e+02
-6.677012284427408417e+01
-1.490170569539154428e+02
1.165625667533505947e+02
8.270989015521448096e+01
1.215023791601519463e+02
-8.059503949994102356e+01
1.786378678639809436e+01
6.205350829913184896e+01
-6.028942423526800809e+01
1.411043791029544536e+02
-4.237384401369482845e+01
-1.988888670426825200e+01
1.416449637448626220e+02
5.388973719498897452e+01
3.896264703947777974e+01
-1.091434584847981171e+02
-4.476879279798877320e+01
1.075861856797543226e+02
-3.757444280086026822e+01
-6.399627939590482839e+01
-4.491190836851544077e+01
4.719655133195034580e+01
-5.663836037287117620e+01
4.644138582945316784e+00
-5.737261377451094546e+01
9.860449830212785116e+01
-5.412730909960333037e+01
6.957399204180200059e+01
-1.135651534230443360e+02
-2.848069376551012155e+01
1.977454827869139820e+02
7.469489461729453694e+01
-6.593091548968997984e+01
5.201946718889038834e+01
-6.553854779945578457e+01
7.594836098214025810e+01
-5.279989072753994606e+01
-6.209396048673427515e+01
4.688346435359808595e+01
-8.398690802558249402e+01
-8.058399629339724868e+00
-1.012413749059836618e+02
4.044229395837610497e+01
