-3.347242076890317094e+03
-1.076726303877757346e+03
3.507248245900114853e+03
5.545238115774963262e+03
-2.248426551884325363e+03
2.038502935395035593e+03
1.948465283322829464e+03
1.499678207589108297e+03
-7.957469803419735399e+02
1.658784984236181799e+03
-2.676776051322250964e+02
5.231914267027522101e+02
-4.693393019213214643e+02
3.428822786288543512e+02
7.777841249556898617e+01
-3.057359499587340451e+03
-7.439279936932033479e+02
-2.183214366369385573e+02
-2.185447464641830209e+02
-3.071253115185039064e+02
2.751046876298656571e+03
9.095977347059738349e+02
-1.462758167264902113e+03
1.185671328452297530e+03
1.016366914063307718e+03
5.498498238918948573e+02
2.969919053132151703e+02
1.489764807225825280e+03
-3.072071301173694451e+02
6.564143587084093951e+02
-1.959769494299846144e+02
7.371785252070850447e+01
5.423108306854468310e+02
6.759973617782188740e+02
-1.021204154036284990e+03
-2.283291147062463722e+02
6.409622405489592438e+02
5.672971245520176353e+02
5.397512493226602146e+02
1.118611153592128630e+03
-1.272015538644332224e+02
-6.919353312327674530e+02
4.836030350697852782e+02
2.585164732213349453e+03
7.653861996317895944e+01
4.531973256190476604e+02
-7.436251997138803063e+02
-6.518610058643470211e+02
-1.662901605391904809e+02
-1.310423947980894752e+02
-2.769025495207017684e+02
-2.965195126255414380e+02
-8.311870436713302297e+02
1.769833352157005493e+02
-8.015826614030073642e+02
-1.436436107396158661e+02
4.231587599516847149e+02
8.601195095284588206e+02
1.209123751987590822e+03
1.679943766599339483e+02
7.055301124345936614e+02
-6.943959290668764197e+02
-1.343657179933000862e+03
-9.343149186073110002e+01
7.667378515250421742e+02
-5.321642654654467606e+02
1.562682935663775368e+02
-7.013035099621304198e+02
-2.436089494209014106e+02
1.952224529157145412e+02
-1.668854664391991207e+02
6.588298075543763161e+02
-4.252121596455506847e+02
4.262523364234245946e+02
2.565641469713611968e+02
-7.790822523077462165e+02
7.080114823395000485e+02
-3.585591411639350667e+01
-5.155171501918953254e+02
4.879049725630757735e+02
-1.953507959768926483e+01
-3.711515716432114687e+02
4.530159001673264356e+02
1.595693006623718873e+02
1.132308510089181368e+02
1.099014521335660390e+02
6.208202960079077002e+02
7.802513302430186286e+02
2.789985032428817249e+02
7.884503533701045797e+01
1.642811186549800198e+02
-5.705294920236371858e+00
6.770856010154156479e+01
7.136813248133532852e+02
6.063172449146381950e+02
-2.425515436152018012e+01
-3.799908880529218322e+02
-2.075313172344882560e+02
1.389996237301776603e+02
-4.189439694558771521e+02
-2.293889766136390165e+02
2.245448650523125309e+02
1.740853928285906989e+02
3.925107234117586472e+02
2.506450450128903640e+02
7.848372225738246470e+02
1.729707747081389471e+02
-1.694881092129218132e+02
-6.990091809853358029e+01
1.141040387098077105e+02
-5.015806962378151468e+01
5.729320180895850854e+02
1.368778616062336596e+03
-6.142426361451535399e+01
-6.757333378357300262e+02
8.430798191774039196e+02
1.897513113979742343e+02
5.441289609146908646e+01
-7.600087911569725918e+01
1.946613463792751304e+02
-9.397174646040511448e+00
-5.879307968428459219e+01
2.283155945879243518e+02
-1.352925197818109382e+02
1.733706173312639862e+02
-3.543827816308821639e+02
-1.946092923007247748e+02
-6.920671150010501371e+00
-4.451920561604650572e+01
7.585784771006110532e+02
4.039723905942710189e+02
-2.198318688764172801e+00
-3.936288969259923078e+02
2.535013773147928191e+02
3.974939055585456060e+01
-4.460385565642690153e+01
1.082021459226649966e+02
3.994465606550853636e+02
7.284812460359088959e+01
4.578253932237269623e+02
2.553831962185111024e+02
2.243347243903219237e+02
-2.469241502669576107e+02
5.489453179869640280e+02
-2.229201863190654080e+02
2.997266683064970039e+01
-3.832610955341930890e+02
-2.555404148399965152e+02
-8.448202169534880568e+01
1.774739340136545422e+02
-2.687054758787753030e+02
-1.512053284329967369e+02
-1.095798161042936272e+02
-2.802805292149240017e+02
-4.421168657622544060e+02
-7.552714518976264912e+01
2.456703100350151203e+01
9.363849414699215856e+01
-3.017935472156827927e+02
3.246542165679280743e+02
9.052155392089090924e+01
-3.410645121007144098e+02
-5.995397841772480660e+02
2.989150783100036506e+02
-1.408844932243291055e+02
-2.893848907903055192e+02
-6.437552120840211956e+02
3.840138692558310751e+00
1.102351007929041486e+02
1.692937166149253514e+01
-4.636969224581145568e+02
-3.036566816336132391e+01
-1.142544951343333395e+02
-5.193841092245687605e+02
1.940947902517409034e+02
7.411971052572953056e+01
-1.729621580520378643e+02
-2.536756558386472875e+02
-9.783147314396616423e+01
-9.033312124650189290e+00
2.486740978964379849e+02
2.129761497055583774e+01
1.280375360844288082e+02
1.219117813514879458e+02
2.153286940878015230e+02
1.446578249608562885e+02
-2.413209946894151017e+02
1.339477950394011714e+02
1.126792886347969187e+02
-2.574152804497442162e+02
3.063482204741653803e+01
-6.007081910932671462e+02
-5.495242641514772686e+01
6.889629897316426366e+01
1.062997219424027264e+02
-8.239223710977744020e+01
-1.017932886962584575e+02
-9.049593854375570956e+00
1.830507880454691261e+01
9.781350188798688805e+01
9.681660473262337518e+01
-1.896606326017726758e+02
5.679989153124574841e+01
5.747501091996100797e+01
5.860189439010327561e+01
1.541313668055217434e+01
-2.487709997834126909e+02
2.406421449777524799e+02
-1.810625646766982584e+02
-3.050266397159596181e+02
4.123490937540001369e+02
-2.069609817013587190e+02
-1.614956210764195532e+02
-1.232894394284099633e+02
1.368821956258397563e+02
-1.667634996394286873e+01
-3.286332032217671326e+02
1.429962466374699375e+02
-9.767459787021073225e+01
1.224676448060380629e+01
-7.735291199649019234e+01
2.092049824404245442e+02
-1.448368943222017435e+02
2.821838598505456375e+00
-9.331167844363082509e+01
-1.309022662148481686e+02
1.668067118532003690e+02
-4.614298019529458372e+01
4.013174246234642339e+01
8.242712230596265499e+01
-2.544467978416847416e+02
-3.266812739003189137e+01
-4.117543671516360178e+02
-2.283061216122984760e+01
4.439087583318715957e+01
-1.043422720503485408e+02
2.869432461749300245e+01
1.632488456822585192e+02
-4.414412752685817054e+01
-3.979102494847177809e+02
8.609250325707886020e+01
3.500477830491005307e+02
-3.464959932399997911e+01
2.879140440089762478e+02
-1.313452454757498167e+01
-8.523585131401693715e+00
2.316492843033651283e+01
1.135031124168354921e+02
1.889103568816753693e+02
-2.983266361495317369e+02
-9.276826633236792929e+01
-6.251801573717914806e+01
-2.802321329363800828e+01
-2.812498069804244096e+02
-1.687393724657994198e+02
-9.927776444797777344e+01
-2.039760412361263775e+02
-5.576500962569751607e+01
1.314756636845569631e+02
1.925038044888487434e+02
-9.425500691540001696e+01
2.889762939686556251e+02
-3.057362629059904293e+02
-9.029282493661828823e+01
1.337852022354028065e+02
9.666381176369444006e+01
3.840684565734904936e+02
1.769928139928791833e+00
6.974815646973041794e+01
-1.459894996320385303e+02
3.410443075934405215e+02
3.817154611359199379e+01
-1.128020853529715879e+02
2.567463970135631257e+01
-1.662276291027141042e+02
-3.244986801470753335e+02
2.015264806399281952e+02
-4.476009019351440088e+01
1.519931019149959184e+01
-1.354552353002938219e+02
9.052393839063695680e+01
7.000167714707812650e+01
7.171561499410810825e+01
1.514709417376106728e+02
1.468803123622686826e+02
-8.889416454104591025e+01
-3.887843598770589892e+01
1.284391442496145430e+02
4.737771222502313861e+01
7.708138546977828298e+01
2.363586297196079045e+02
3.678048293814960630e+02
8.931642645642273237e+01
-3.064028541939079986e+01
-1.652100816777060288e+02
4.851476527955036033e+01
-1.149241340167530439e+02
-8.644764876329514180e+00
-4.269652432408515352e+01
1.575774426660896950e+02
