-2.304344304122712686e+02
5.640301535984302973e+03
-1.629436504941957310e+03
-4.715272614770415203e+03
-2.431597917435978616e+03
4.113570329020570284e+02
-1.451055544222889239e+03
1.008503916908474139e+03
5.846548043496952687e+02
5.184032428324363764e+02
1.613801831533787208e+03
-1.970279586877820066e+03
-1.848936664399303424e+02
4.742725071471369347e+02
-1.979160733508120984e+02
1.727491483940977332e+03
7.448019804036642881e+02
-4.932216936521889465e+02
9.595339135881329184e+02
1.309203050734893395e+03
6.540135541857247858e+01
3.972931035980483330e+02
8.972397618862897843e+02
1.843665590068644349e+02
-4.680534402856449816e+01
2.489257372429647432e+02
4.841451983059894246e+02
-7.137935481447094617e+02
-1.081818045620197836e+03
1.129961755173904265e+02
-5.785025069920767464e+02
-2.621381682786406486e+02
8.391029161139147163e+01
5.220781085651260582e+02
6.656153270158358737e+02
4.660607554650330826e+02
2.931828791874410740e+02
-3.905574735519595464e+01
2.155905593734011632e+02
-7.449246447987426336e+02
-4.523444769600410353e+01
2.679835323917729966e+02
2.577917617329625841e+02
2.686463915740370112e+02
1.358033389604419199e+02
3.646763966965148711e+02
5.588573157395306801e+00
-1.914055859575218577e+01
8.286472392489283720e+02
1.392281484043142257e+02
-2.089995819682489469e+02
-6.479128501912326783e+02
1.943064704111755248e+02
4.212076011519638428e+02
-1.982554915016320933e+02
3.595637574251755950e+02
-3.520617825181665239e+01
2.021907013559677182e+02
7.329646603077770806e+02
-8.542441969055749951e+01
-1.604502000740608025e+02
-4.958492976296224697e+02
-3.857056244816300250e+01
-1.124014584992774779e+01
-4.103933595952465794e+02
9.696187047589978647e+02
5.760195466455480755e+02
3.923210799601589827e+01
-2.014799682162181327e+01
-4.672608172194470626e+02
5.488451674722296048e+02
-1.835711306569051828e+02
6.308984046706625577e+02
-1.126784217487785185e+02
-8.807762629046095526e+01
4.092122052421777312e+01
6.810889051661347082e+01
-2.644371855640047997e+01
-9.645099637314500285e+01
1.277014968857725563e+01
9.316756203494615818e+01
-2.953000150222190427e+02
1.208744109049209072e+02
1.398101589147326784e+01
-1.343821812273417926e+01
5.223522341297077531e+01
9.113015524757287267e+01
1.797468403376548736e+02
-3.616117158586110349e+02
1.759638879060929355e+02
3.851449302596092195e-01
-1.434211021027159632e+02
1.260890811113458909e+02
-1.716299703924373716e+02
2.775548947781135212e+02
-5.915698497912117659e+01
-7.143370398294350387e+00
-3.101989077301954012e+02
2.590549389411116863e+02
-1.786619112727891263e+02
1.650846840244458633e+02
2.039188319608375366e+01
1.980408697868359980e+02
1.598322467189510405e+02
2.358118009284607197e+01
2.847861709704926980e+01
-4.034669339555217960e+01
-1.555725323852023791e+02
-1.699185237245056896e+02
7.487306133953602227e+01
-2.512973128118958073e+02
-3.993245091213866544e+02
1.091996511801770140e+02
-1.627282690147273740e+02
1.185896813317148428e+02
4.188000746191113990e+02
1.309849555405504020e+02
-4.836912660297546154e+02
-3.187044086099178912e+02
3.752529407478351118e+02
-6.140075840341237523e+01
3.416804311740205549e+02
-4.562448840353714274e+01
-1.029746626064468558e+02
5.899693453522603903e+01
1.539281185270005494e+02
-1.888218398623394307e+02
1.254128722437580308e+02
2.754239779748018009e+02
6.265856515222893819e+01
9.957034288079320561e+01
1.616845874195850286e+02
-1.938998896473550531e+02
2.173386638305342728e+02
-1.216654848013804724e+02
1.050064822109923597e+02
5.565434469998086797e+01
-2.124793834022873398e+02
9.173895084913174003e+01
1.144035290650555510e+02
4.115772647676072893e+01
-1.391593876170901467e+02
-1.575627886338890526e+01
4.957935106358299748e+01
8.920428798810219462e+01
8.544514688158736604e+00
-1.570894756738573221e+02
6.522047729502826030e+01
1.715636311252640951e+02
1.096369526123877876e+02
-8.252943259605497417e+01
1.258028723886979350e+02
7.644853700378143913e+01
1.357762898188409793e+02
-5.325399910816653204e+01
1.491611679801581261e+02
-1.075436622242044535e+02
6.897180867463259801e+01
-1.604654324286567260e+02
3.200642831064234173e+01
-7.073740593049720360e+01
5.141056600120437992e+01
9.159166095823680109e+01
-2.456411899549525515e+02
4.343999820983203364e+01
1.127883712707329096e+02
1.072636247383063051e+02
3.093057007445696627e+01
-1.552129834950194542e+01
4.406427257436175893e+01
9.111380074111719907e+00
5.000642162911996280e+01
-9.209487132783405627e+01
6.774625579692258270e+01
-2.221447725804236839e+01
2.003715740464668329e+02
1.600747957961949197e+01
-2.133241216831515352e+00
-3.086433994783688206e+01
-9.353593701086126089e+01
-2.409387050979805878e+01
-7.336609295819052079e+01
-1.196579142080376990e+01
-3.107908584834598642e+01
1.146942019290704309e+02
1.617518209355230852e+01
1.957346325329926628e+01
-4.586901991785004640e+01
-6.172645995025468579e+01
8.962417785248486268e+01
2.228640099414485292e+02
9.387833807033044309e+01
-2.100166010851035594e+02
-2.083790174229453953e+02
1.918287427161694580e+01
7.400146409619513577e+01
-1.667704969622467388e+02
3.199044601060204229e+01
7.230562077826492384e+01
-8.661456067746398091e+00
-1.347251364464193273e+02
5.832672944680960114e+01
2.769254255791266814e+02
1.720910207270618457e+02
1.662482528395218040e+01
5.982645454901859239e+01
-3.657299153966692362e+00
-9.066958144194481761e+00
-6.832265362466265479e+00
6.907076545551859681e+01
-1.670257737043004909e+01
5.779743442138597942e+01
4.669549545497238796e+01
-9.172058490714476875e+01
-1.215437188633570713e+02
4.568215796269316087e+01
1.293903660276097014e+02
8.384626225570086433e+01
-1.191653958940536597e+02
9.315894392803765811e+01
-1.513770875772045201e+02
1.989730215606162460e+02
-1.671826151625272701e+02
-7.522237493758022708e+01
1.627843540971585128e+02
-1.157293700948595472e+02
-1.755571498506046169e+02
7.350056021817550800e+01
-9.689353770121715570e+01
-6.465359270956497539e+01
1.034463486130852772e+02
-2.002324893056733046e+01
-4.389905932874244598e+01
-4.802104155861675139e+01
-3.133249956593859853e+00
9.560345899474397413e+01
-9.911512614396976062e+01
8.194002579149568533e+01
1.743189707735277594e+01
2.307106821180957823e+01
1.228355035784102682e+02
2.302916843988653639e+01
-2.547676854726733708e+01
-1.900285798875068508e+02
3.802339778708068252e+01
-8.424877335463323291e+00
-5.019588623846159692e+01
-6.622835962412645472e+01
-4.841472557953024847e+01
5.154138784294402598e+01
-1.098674386958221838e+01
1.921417210616938007e+02
1.348824584384629190e+02
7.371704711587950953e+01
-1.901229511227015934e+01
1.272705870037928690e+02
-9.299980219154964800e+01
-7.820397754068562790e+01
-3.173958367194668995e+01
5.624865817099124143e+01
-2.406880472781057279e+01
-5.184577362231885900e+01
-5.334618996933945567e+01
2.654157559763664409e+01
-5.683048610321397121e+01
4.747545773705036964e+01
-3.147355876997708535e+01
1.060656534602132552e+02
-2.323488523741631013e+02
1.736423916615436625e+01
-1.888832315393740373e+02
1.980247149712341059e+00
7.265428099703850506e+00
-3.504139775412210867e+01
1.531837409739349027e+02
-4.818473503560473858e+01
3.601930424290928556e+01
6.299884674208719559e+01
-6.807909082306936455e+01
-9.035357401395818044e+01
-2.125630884352994201e+02
9.737037332440621640e+00
-2.762307069221115441e+01
-3.361369768841686323e+01
1.792489833668127419e+00
-8.141436999517447148e+00
7.781347521909138720e+01
4.542993928956867933e+01
-1.396237988867716107e+00
2.493596990841522398e+01
-2.706502789634520312e+01
-4.641458083010907565e+00
-1.229606132458297481e+02
-4.671929655463635811e+01
5.738729528356944343e+01
8.071403198925358069e+00
9.938373314272850223e+01
3.888556171033693687e+01
2.311073357869971545e+01
4.873759164602284955e+01
