-2.703563834682854576e+03
3.133501811675382214e+03
-2.367770988134594063e+03
-3.755404878985967571e+03
-3.303633576529282891e+03
1.956257948073271336e+03
-1.215375578621281193e+03
1.918362393674304940e+02
8.432452035387913725e+01
2.284193324635430599e+03
6.227654648306684066e+02
-2.044881612465327180e+03
-1.183073384309195944e+03
1.075864657395425411e+03
8.934524997875687404e+02
8.814664950090556204e+02
2.196486010041180634e+03
-9.795988890358424896e+02
1.667477362920313226e+03
1.180547818463354815e+03
1.360920189239089723e+03
-5.458439970385842344e+02
-5.352815832214488090e+00
-8.200640389898584317e+02
6.257190451504786779e+02
5.603767899146380387e+02
1.221971355280534368e+02
1.832655238252585548e+02
-1.071074691091983141e+03
-7.022357126087017605e+02
1.429359039447141413e+03
-1.466415138228621572e+03
-9.599687066774738469e+02
9.439191542646894959e+02
1.671978295755149588e+02
3.983181766011158516e+02
4.325239254759796950e+02
2.994835531730959488e+01
4.453147197136701720e+02
-2.551498700499253573e+03
-3.262840580180685492e+02
1.626652512776597064e+02
5.610263581517356215e+02
-4.523792266263723860e+01
-4.927887710933890162e+02
-7.096569522304871498e+02
-3.531265333580891763e+01
1.071364458293467806e+03
1.122146857883087705e+03
4.723128972340678189e+01
-3.803932666750629323e+02
-3.835527321258187499e+02
1.621553080814828036e+03
-1.473384270807607095e+02
8.597355220130865519e+02
1.792595742438862487e+02
-5.113015951153064265e+01
-1.189704361124162943e+02
8.392663002702396398e+02
1.943611120571390813e+02
3.870754665483462986e+02
5.859174145436277792e-01
3.205501887909986181e+02
2.338436125247361304e+02
8.061562115269701962e+02
1.160003727722546728e+03
7.270994857720767186e+02
2.328606245074718117e+01
2.951545244909576695e+02
4.149140143492773269e+00
4.623464170783603890e+02
-7.008004257729022868e+01
1.407872441280526346e+02
3.176812456428104952e+02
-5.135394599251997079e+02
-1.556323338082116834e+02
-6.249956385407432435e+02
5.186254956586473099e+02
-4.685987436202859868e+01
2.181531701290721230e+02
-3.568006083724724817e+02
1.126221556691983096e+03
6.621346412661134764e+02
-1.174682255527256530e+03
-7.786302722610430465e+02
4.581670627584011868e+02
6.190388654263736044e+02
-3.240683962051546700e+02
-2.262285280406403558e+02
-2.679316273813533371e+02
-2.266500587388003964e+02
3.602527697288929858e+02
2.547471625117015321e+02
-4.042790958922153095e+02
-5.119620548374117561e+02
3.392732302352371789e+02
1.589368964829086224e+02
-6.486921079014680345e+02
2.855984027010327964e+02
-3.162917688191487287e+02
5.408260755075419866e+02
2.607288794988751768e+00
-1.476430727539475285e+01
-6.948426620700976741e+01
7.240404248819592112e+02
-2.733476882650191442e+02
-2.431029296190481830e+02
-3.125399093115356095e+02
-1.839851948993256414e+01
-3.127140020801193714e+02
-1.460540655060095503e+02
-2.675789958285433272e+02
-4.062377176209656682e+02
-7.237997721055936040e+01
-1.031160955808867499e+02
2.385757999417597119e+01
2.800326150642185326e+02
-2.671858860419990833e+02
-4.365325151467980191e+01
7.634494460842689705e+02
1.881654545764076829e+02
5.175988736097857554e+02
-5.717779555531320668e+00
9.205730173473655498e+01
2.186656733386342921e+02
1.750999861084303859e+02
-3.364968009013725805e+02
6.136877544051516224e+02
5.207636177485250073e+02
2.284853573524224259e+02
-5.472673530123112187e+02
1.234942801956280618e+03
-1.319549526862479922e+02
-4.623518373188144892e+02
2.151657333364475733e+02
4.241923843169314523e+02
1.075251903430682461e+02
-1.873656103932854933e+02
1.941743794938455778e+02
3.661916992148477323e-01
-1.029370415073614176e+01
-2.298271637003768149e+02
5.137153287361219327e+02
-9.351883429874842335e+00
5.599792082453861894e+02
3.332716668910394731e+01
-3.804132269049049455e+02
1.308509250731281099e+02
8.029940461160127825e+02
3.651778276149537419e+02
1.350700583420206158e+02
-1.778324996820319370e+02
1.336880986104536930e+02
2.732222834867932306e+02
-2.792817928505795635e+02
-9.590317640255017295e+01
5.186582566775195602e+01
3.586078996843295954e+02
1.589501459785859083e+02
-7.498878621934046578e+02
4.247240778599866644e+02
1.012131523416560270e+02
3.634763622736388697e+02
-3.326931434472992919e+02
1.043641535350965484e+02
-2.289786823289386177e+02
-1.688319422052730445e+01
2.355100897204754347e+02
3.285904358803648506e+02
4.446701266754341759e+02
2.176307918776139445e+02
-5.525186650347334307e+02
-5.876694962002370630e+02
-2.940384426236739159e+02
-1.680329809491850312e+02
1.902629221279697447e+02
3.006434383865216091e+02
1.411788869223751703e+02
1.504317596907967527e+02
-4.837217509864850058e+02
-1.668370124568851338e+02
7.532468875808818076e+00
4.628303593028909404e+02
1.298936810927241936e+02
2.816792880536637540e+02
-4.025605941312151117e+02
3.222071213893345316e+02
-1.807801189008475546e+02
-4.486874189647477920e+02
2.368479357373843754e+02
2.147044746199252359e+02
-3.700211313036511740e+01
-2.689200815262003061e+02
-4.655187281137260698e+02
-1.868445093994212129e+02
-7.640379232187108016e+01
-7.150364381804806726e+02
1.738421509538104317e+02
-1.957422923818240434e+01
1.670680344127742671e+02
-2.758168843534368762e+02
-1.829028548326444366e+02
7.357231192981906815e+02
4.044967344933233022e+01
4.616678098030668309e+01
9.788654745870461582e+00
-3.025614063024714255e+02
9.266683388888131390e+01
-4.789138652202994706e+01
2.179571101912960671e+02
-4.605519752014227493e+02
2.855660140007921655e+02
-2.372920447107491384e+02
-1.260305834381975076e+00
-3.515812269004966311e+02
3.391346452590116769e+02
1.295760699870196504e+02
-2.261034413716330249e+01
-5.630078503333594426e+02
1.851734430143629595e+02
-5.743300906600568396e+02
1.757428199512517963e+01
-5.840463520527581522e+02
-4.462245555425984662e+02
-3.446864680514231338e+01
-7.325700516822341797e+02
-7.639383983180612177e+02
-1.828389962724974680e+02
-1.620174626133158142e+02
-8.172655167157364531e+01
-2.047984986588131164e+02
-6.334943658193606097e+01
-2.297501829128670465e+02
-3.090021236848060084e+02
-8.891100093688442030e+01
1.126903351146839860e+01
-3.164689691532653910e+02
-1.096909999790409245e+02
-1.713101765522415008e+02
3.001656854013866109e+02
1.547610182192833861e+02
-3.219117269642042345e+01
-4.532105077929557524e+02
-6.632797510688898228e+02
1.612164542524546391e+02
4.608301951299251300e+02
-3.131226359239738599e+02
-3.295132345745641942e+02
-5.067575202129260674e+02
1.473210711530503829e+02
5.942076471909140309e+02
2.525129021825380278e+02
6.399321947731114051e+02
-4.860283056319840256e+01
1.148733714835539530e+02
3.330040815436990442e+02
7.126206994411415963e+01
1.231820484813649870e+02
-5.221168657589630584e+02
2.669158415117033201e+02
1.263279262021490013e+02
1.758553105282225317e+02
-3.360332120929870143e+02
4.077281289750386577e+02
-8.323916867618050830e+00
3.237049936442223839e+02
3.683964579334103746e+02
6.361306776224802206e+02
-9.560406758149800055e+01
-6.813331820572452102e+01
1.466584519987447166e+01
2.660010320460105859e+01
-4.810458836033479457e+01
-4.317972471260374618e+02
1.727043017986516134e+02
-1.497700516424920814e+01
1.690714139964348988e+02
2.869586942681696087e+02
-3.793274602923788166e+02
-1.250449744287179641e+02
-6.449353764253182817e+02
4.622033693192409487e+02
3.206102345292116951e+01
1.934394544104119689e+02
-2.977075238309720984e+00
2.840242266663079462e+01
1.983034012362794556e+02
-2.540571426698596369e+00
-2.159530177394697432e+02
1.549490116046472110e+02
-2.479316362692297560e+02
1.744141489841767907e+02
2.367544601692993922e+02
-3.887637854935911008e+01
1.165351997543698843e+02
1.227263879306644014e+02
-2.262409029474690385e+02
9.657429841082590372e+01
-3.131923508901716673e+02
1.190264287211524561e+02
