5.852723768346513680e+03
-4.599384578622905792e+03
-1.098294511803571396e+02
3.412102491133026888e+03
2.658034217713928683e+03
-6.409161821462090529e+02
6.033717071998371466e+02
2.154174029650736429e+03
1.566352387804889190e+02
1.106061387030361630e+03
-1.005310223709007118e+03
5.494225567395680088e+01
5.182106879969466036e+02
2.874893777521624997e+03
4.432035556547243687e+02
1.366448392296507608e+00
-2.021821133093478409e+02
-1.345886080444103072e+03
3.937685756507241308e+02
2.806775099750163918e+03
6.016720864543862035e+02
2.133200497298058451e+02
-7.699434921728639836e+01
-5.874758751671811297e+01
5.166053708886885261e+02
-9.862509547296997425e+02
1.270703978964985659e+01
-2.418831761049056865e+02
-2.528354575065066456e+03
1.902039790084564004e+02
-1.478938657539587666e+03
1.863554401858749316e+03
7.990364558793604601e+02
3.714404568560936326e+01
4.741911251003413099e+02
7.035855623976759716e+02
9.698576543829548200e+02
-3.530847904152274737e+02
7.851532277132616855e+02
-8.222971048546872908e+02
5.280837875344578833e+02
-3.327607491181033339e+01
-7.327964018945998532e+02
1.230980914066900368e+03
-5.940686207762178128e+02
3.786696575746835833e+02
5.773177299040933121e+02
5.072385410357354090e+02
3.097591211800790916e+02
-3.728877409299453234e+02
-2.545467260174081048e+02
3.722800603331584739e+02
2.259070701154600158e+02
-4.187592028171310972e+02
-7.384438163450387265e+02
1.095114308172131814e+03
3.964599259891945735e+02
1.274007359493491776e+03
1.779579616033371110e+02
1.125449270895328766e+02
-2.239872266198076147e+02
-7.149336996908396031e+02
5.452151674488123945e+02
-7.141037910613181339e+02
2.633325254711578367e+01
4.088608132023717303e+02
6.686711484703960195e+02
7.812383680679531608e+02
1.044544152581805463e+02
4.978020615282999870e+02
4.006312504039506734e+02
2.909800565269430876e+02
2.776454251936515902e+02
2.034679400288625288e+02
-5.881590605844831288e+01
-1.897695759131595707e+02
5.686243645368416537e+02
-4.713335974633256455e+02
5.270931510168913974e+02
6.518006451603116602e+02
-4.471877718442424339e+02
1.470050123500116797e+03
-3.187783173369099927e+02
2.388584286315264364e+02
3.466674098322656619e+02
1.454374629115081916e+02
-1.944252483403075260e+01
-6.145219416903159093e+00
-4.185469547520647779e+02
-3.502289668107612215e+02
6.008317503325976077e+02
-1.348760488272617124e+02
-2.646196630922588611e+02
-4.403660746401443049e+01
-2.626610499274329982e+02
-1.880711244042579438e+02
2.376893026638709046e+02
6.387866792226354846e+02
1.398853717271017274e+02
2.307661421780825037e+02
-2.873903369182000915e+02
2.697830008380685740e+02
-1.793314253859445841e+02
-2.626269850370481507e+01
-3.487851881820308222e+02
-5.252845205285736938e+02
-6.285070499335888599e+02
-6.075739125970424759e+00
2.299686861746639011e+02
-2.231796885004739011e+02
-2.298573426396928312e+02
-1.535528164276776408e+02
2.853183164876375599e+02
-4.538032927797559637e+02
2.938463301922345750e+02
-1.452930223919694015e+02
-3.062839630911291806e+02
3.610022428293061836e+01
-1.128429635134977360e+02
7.648461642430051199e+01
3.541559116674577581e+02
3.141897946030380808e+02
2.080232943557987468e+01
1.482495577368945590e+02
6.148240095007024593e+02
-2.079646012977220551e+02
1.575678489537027360e+01
4.068490500573756208e+01
-1.822868965212111618e+02
1.708694248306069952e+01
1.924906982858853439e+02
-5.895340691487776894e+02
5.284819306786869930e+01
4.431716058048431961e+01
4.185164041599511506e+02
3.156925070693383972e+01
-7.168473643376616167e+01
-2.287322536139066642e+02
1.376589810313840587e+02
2.049358226520793664e+02
-3.065685189874382104e+02
-2.302695614148241532e+02
2.987208100793577046e+02
-2.602625283803044454e+02
-2.672892865887943117e+02
-3.778210266848046217e+01
-7.890291701801611168e+01
8.495412366358843315e+01
1.286383839029310820e+02
-1.982081993968156297e+01
3.566956681535350526e+01
1.322702158878703074e+02
-1.572387426114122491e+02
-2.668061672129179556e+02
-6.855247385297410290e+01
-2.998688823213742580e+02
1.113055895469273082e+02
1.340587637184613072e+02
3.210696316274167543e+02
-4.202656787697312666e+02
-1.331205219487031286e+02
-7.764774423613141607e+01
-1.330144162619139934e+02
3.043643409302596865e+02
-1.179515131198860871e+02
-2.029701506106434579e+02
3.072531681083171406e+02
-3.472048125111634818e+02
3.513723275092645792e+01
-3.377741652688526983e+02
-1.113013857816226420e+02
4.187504946701583322e+02
2.806444870424980422e+02
-1.305732580897761181e+02
-1.509540116096269458e+02
-5.562844138258685689e+01
1.144216784954521131e+02
1.283243552941279120e+02
-3.954654711034120282e+02
-3.910155125026038263e+02
2.544505089394386630e+02
1.729383278967918329e+02
7.324342433827602861e+01
-1.085550738758490326e+02
-5.498770246028313835e+01
-3.091268289606020971e+02
-3.675156878735557342e+01
-1.407592547655977739e+02
4.085826845847399369e+01
-1.912349679652101031e+02
-2.168244370103077756e+02
1.692352157660526757e+01
1.231688667599440379e+02
1.032645041075243597e+02
-9.827546249676861123e+01
-1.511317233664602497e+02
2.645012380328253343e+01
-1.749686368220477277e+02
-1.012300820420759777e+02
-5.775155315757891117e+01
-8.835919819831940458e+01
6.041417429676412354e+01
2.672298826477399416e+02
-9.901386381653354363e+01
5.230463386300703377e+01
1.468396588038208250e+01
-7.048273672228839359e+01
2.185684659615660763e+01
6.042711827766368771e+01
2.003497324989417550e+01
-2.250583341312647292e+02
-5.619279923423047762e+01
-1.929833209041066056e+01
1.986413732070972173e+02
-5.871640834360171368e+01
-5.211337565581715126e+00
-1.127311570857921055e+02
-4.980150844554893297e+01
-2.532214403777047664e+02
-2.115614293677658111e+02
-1.177707842566815515e+02
4.620522894463139352e+00
-9.280203193187773536e+01
-1.695656342807630210e+02
5.405699272472143946e+01
-4.003855335670432680e+01
8.731101314368208932e+01
4.189347245515538987e+01
1.030866873509560406e+02
-1.265418639988890277e+02
-9.862314834171030498e+01
1.507574281996203069e+02
5.905137214075373464e+01
1.870568709551116626e+02
-1.063008688360799283e+02
-7.787828951793714793e+01
1.512494721539870746e+01
-5.577886943513628459e+00
-1.668884329050596591e+02
-4.807278897802752482e+01
3.433571879754629919e+01
1.240666764075672113e+01
1.817349534672160587e+02
-1.288638962795942859e+02
-7.509655193494280923e+01
1.293140311239517075e+02
8.836397398872634312e+01
-1.888170586301111697e+01
2.253737114814290265e+01
-1.339429848847323683e+02
9.232234395699353513e+01
1.190076605251517634e+02
-4.816589789776768527e+01
-1.011132041285951004e+02
2.011691872739585563e+01
1.679768896725039724e+02
-1.361151957109320279e+02
-5.973078246190571861e+01
6.957083769803915629e+01
2.668692479430443854e+01
1.890369955490239136e+02
-1.079144719284937395e+02
-1.516877751791033369e+01
-1.607642027105026727e+02
1.664154084055035412e+02
1.282155350648460228e+02
-8.649736214986043947e+00
-4.060930981014794838e+01
-1.799925154226268944e+02
-2.529937769491215533e+02
-1.459314433193056857e+02
-1.005470927505880407e+00
1.758779549146390480e+02
-3.492872128148143673e+01
1.740570039569736309e+02
1.741727324735554703e+02
1.003020411450330052e+01
-2.654244310818317842e+01
2.142080838528047479e+02
-1.352150450533190806e+01
-8.497604955072769428e+01
2.456597909430709592e+01
1.365222736826849825e+02
1.068414160883067439e+02
-9.806821582860548858e+01
1.569304591571853678e+02
-1.731635978941601763e+02
1.574086589709718709e+01
-1.842516861481840635e+02
6.312536052994379077e+01
1.779886648754461120e+01
-6.488399199802351802e+01
-1.687075067945286833e+01
-3.064275872579882787e+01
-1.011158539500007265e+02
-1.812883827996423634e+02
4.770557039656956277e+01
-2.047976135406498486e+02
-1.640152567970769439e+02
2.645120001103986738e+02
