3.431699126391305526e+03
1.347561030777284486e+03
3.180630481022301410e+03
3.543981074138067015e+03
-2.943611569154982590e+03
2.503259745449930051e+03
1.484468319301478459e+03
1.353784799754450432e+03
1.094970809652003254e+03
4.617215638515923501e+02
-7.530501404357389106e+01
7.396389006992429813e+02
-1.933931864832215751e+03
1.123034198983667238e+03
-1.023476203498875776e+02
-8.229554525403192429e+02
-7.523076149009201572e+02
-1.380599881264738542e+03
8.400237006679906244e+02
-8.103496292794242208e+02
-1.971047530620038231e+02
9.254164036119117327e+02
-1.340780739190316808e+03
-2.350600426922963834e+03
-1.850169762993207598e+02
-2.069899637281240757e+03
-6.971591231549423355e+02
7.019984445453542321e+02
9.835182770334939732e+02
1.225176829819097065e+03
-6.511438923083593409e+02
-1.403098272503764747e+03
1.464371465534164599e+03
8.069378446933612850e+02
-2.338956318300805037e+01
8.933036916688876090e+02
7.463132971575269039e+02
-4.874410251031471262e+02
-2.204866380652844526e+01
-1.759840322099754758e+03
1.844706972245544705e+02
1.039069133033170829e+03
4.981080817734389257e+02
6.856731864764926740e+02
3.274450898480870364e+01
-1.273045852357282911e+03
1.246396518182627915e+03
8.404746147192204262e+02
-8.823476679823326663e+01
1.046579135742590836e+02
-5.046034229684655088e+02
-6.533512672311048846e+02
8.854782998209079778e+02
1.204273629028556797e+03
1.057814611280449981e+03
-1.411528996093515616e+03
1.908873216202393053e+02
2.652220889029702562e+02
-4.668674213982109933e+01
2.040822711031875372e+02
-3.409977481564583854e+02
-6.786368878623460432e+02
1.534586792949101266e+02
-2.385685635805601805e+02
4.170249167810827657e+02
5.440198934658762937e+02
-3.398170622297247405e+02
-5.024771430506929164e+02
6.220805700105251645e+01
2.095464192284048295e+02
3.053122573495938354e+02
1.506124640954306528e+02
-3.407399144851812594e+02
-2.771378397535774951e+01
-1.114487882879758160e+02
-2.531043494863117473e+02
-1.822666882482501194e+02
9.227372075144538712e+02
5.772248418623202042e+02
8.210217712738467810e+01
6.068793428227542108e+02
4.867728915611832576e+02
2.625507493709303048e+02
-7.246838964739063158e+02
-1.033166406684045342e+03
3.762269130037552145e+02
3.954381433161869950e+02
5.559878664770160412e+02
-6.618841070337897463e+02
-2.110225673118290217e+02
1.372559275490573327e+02
2.209840337910077039e+02
-2.938669606960476131e+02
-2.733155956741130694e+02
-3.464098389606224941e+02
4.183472443522954336e+02
-1.770518137573713346e+01
-5.948107881932355667e+02
4.138610210069994650e+02
5.407087840312579630e+01
-1.773295237580113337e+02
-3.517546567414751166e+02
5.874416422261895576e+01
-4.756949823908951203e+02
3.540605592705985600e+02
1.445402135152173351e+01
5.943031242928207121e+02
-1.749147353444411408e+02
-1.325394695797437805e+02
-1.288093189908449006e+02
-1.254911109270049820e+02
-3.062044580728364167e+02
-6.565693216953286537e+02
-1.851806252178041916e+02
3.840183292374238704e+02
-1.153714651593661813e+02
3.654193194609676709e+01
-1.361584648404714812e+02
-5.290232197893548118e+02
2.469681746804611180e+02
-1.733930663264480927e+02
2.926274620691114023e+02
-2.723941927043745750e+02
8.055038794985136974e+00
1.137242936712574704e+02
1.215157277095414230e+02
-5.283643572607148826e+02
4.714104592286151387e+02
4.105460857116135003e+02
1.031225749556226816e+02
-2.406791504039723861e+02
3.942807035495371224e+02
-3.752061762816529153e+02
3.726235203641457474e+02
-4.540594222441953889e+02
1.526703749225941920e+02
4.959806556765169603e+02
-1.765196660080370918e+02
2.794010063955118639e+01
5.737346247370875290e+02
1.294969495970087507e+02
-1.170288506729701652e+02
-1.612727295251069037e+01
3.945937504084126317e+02
1.902483580282813023e+02
9.992024744683365611e+01
1.569690200788062384e+02
1.038884259051341985e+02
1.157552479277461828e+02
4.618931912121227583e+02
3.204443779762809754e+02
-3.583476170504690117e+02
1.142448244407356839e+02
2.663414060031576014e+02
-3.651422624281552203e+02
-3.966631349200568479e+01
2.107048763082869129e+02
2.851517127469494994e+02
-3.193574095672847761e+02
-2.355772140206228755e+02
6.000465264223984008e+01
-1.640886872635557836e+02
8.306924312733252691e+01
-2.751544750220573405e+02
-2.750345922622425405e+02
-8.371055909759311930e+01
-2.368527884266312640e+02
4.220881681343242917e+02
-3.383920741672849886e+01
2.998298623827262759e+02
-9.987557730545442780e+01
-2.647819743515334494e+02
-2.165410747922602752e+02
2.527160367387233748e+02
-2.687328521668794679e+01
1.224759221727747587e+02
1.910459418468871320e+02
-3.663633897737893221e+02
-7.960332629975968466e+00
1.405641969612828746e+02
-2.848761915102120952e+02
-2.801194899624369441e+02
1.581780853278224015e+02
2.738822832688492781e+02
6.635692348583157241e+01
-1.952003086032620160e+02
1.603430479796492421e+02
1.356764219604493746e+02
-5.430686119195414108e+01
1.760676780096983975e+02
6.102714183890456923e+01
-2.164507784693925316e+02
-2.168898618697156166e+02
-2.442447634397136085e+02
1.418777071421699816e+02
-1.580193754043066861e+02
-1.846066261702302995e+02
2.787640521316119475e+02
2.839832292565034209e+02
1.005432718483708676e+01
6.523892341156707175e+01
1.771670266944959451e+02
5.987367669696051280e+02
4.112680890671808953e+01
-1.088177749887242385e+02
-2.615030669565105086e+02
-1.218180486764620127e+02
6.664909663896989400e+01
-1.136067536629249730e+02
1.568572333848919413e+02
-2.415978321892149268e+02
2.624722264218760870e+01
-2.096391397919905586e+01
-1.577146149311680574e+02
5.349087548718376439e+01
1.648970210104500325e+02
1.869535836328337552e+02
4.711268494295181597e+01
-3.851242888451106960e+00
2.418374529602563996e+02
-1.445522284861580431e+02
-1.163771070113158324e+01
-1.739098885734131557e+02
-2.177321154173704087e+02
5.012576224989030749e+01
-3.121846887147873986e+02
-2.448775128687910865e+02
-4.654529667052121056e+01
1.717513965642630183e+02
-4.791551071523801397e+01
-2.255513245976703729e+02
-8.622119711336122805e+01
-1.029680843092987743e+02
-1.374935722178895503e+02
2.653145425129001111e+01
-9.195066282193121765e+01
-1.263331036133036100e+01
8.595982009457031836e+01
-5.613812229968560530e+01
7.580867624492822188e+01
-9.128677172360794145e+01
-4.949629906065828777e+01
-4.242243672930530352e+02
-1.128638225993916393e+02
1.347248391618948631e+02
-5.749810071003778233e+01
3.857008636215554986e+01
2.012629567510253423e+02
-1.837544968204117595e+02
7.862122904430401604e+01
1.510855975193064467e+02
3.193949581900449175e+02
9.455283000312658714e+01
6.491333222528868419e+01
1.936482288567668419e+01
3.621792324110391093e+01
2.209520913706070644e+02
-4.740206738133949926e+01
-2.175619418366200364e+02
8.797267150938962743e+01
-6.081258221289885313e+01
2.767623689440338808e+02
-2.980364322169957703e+01
1.673033623378278207e+02
-8.717671956860579030e+01
1.121727007049738774e+02
9.934887231422784737e+01
3.173636922033217047e+02
7.895639816853315551e+01
3.218104684743838817e+01
-6.850920063419694372e+01
1.949620489862327020e+02
-7.585890456662087900e+01
-1.174598727777041063e+02
1.568520399929732321e+02
-1.330215105417702546e+02
1.343291587566928911e+02
9.609656033636170491e+01
-1.503587913957079536e+02
-3.502977124136937448e+01
-7.915456319563698173e+01
3.008352980541137640e+02
4.113298686666056625e+01
6.759114393723905323e+01
-1.012227930086442171e+02
-7.185574591175578973e+01
1.691311475359555345e+02
-1.242893220524804860e+02
1.765790893068423486e+02
5.977344975114626813e+00
6.020387768134270345e+01
6.093043933392082323e+01
1.743735356609983853e+02
-4.751671876210380674e+01
5.314581251860204247e+00
1.036084319849223760e+02
1.068792523277454976e+01
1.816145097823268486e+02
-6.786457157130671192e+01
1.430233836459253780e+02
