-4.943217150166666215e+03
3.574560917390854229e+02
-2.500668618667312330e+03
3.551431323737260755e+03
-6.738496276400084071e+02
1.591700586788884266e+03
-2.758632204398573322e+03
1.401480073861052915e+03
-4.639110387277530094e+02
-1.687441431248857384e+02
-2.047925577974398266e+03
1.272620432459073982e+03
1.980171079400627605e+03
9.513734910410705652e+02
-3.338550424730112240e+02
1.716298002995107254e+03
-1.746213405576289233e+03
-6.301519459493066506e+02
-1.865144887921260306e+03
-3.902475663460635360e+02
7.555518130086749125e+02
1.071526720456930889e+03
-9.818775523055398935e+02
-1.374907604945111871e+03
5.128064948095261570e+02
1.641855546200180811e+02
-3.218340068659998110e+02
7.649946336081545724e+02
-8.321795822263642322e+02
-6.356905899643787734e+02
4.981090268511861723e+02
-2.991662826426937727e+02
4.037026799337534726e+02
-1.058585235251463928e+03
1.070354474877838769e+01
7.465048001671358406e+02
1.372836082853694677e+02
-2.919419583161362084e+02
-9.933175154654992411e+02
-7.547089735468272238e+02
5.924298073074023705e+02
1.177813114883645795e+02
5.365435631124597649e+02
7.987134502790146939e+01
-6.094636458982326985e+02
4.288587730069584154e+02
-8.734498666084284650e+02
-7.578340534390115124e+01
1.121409842919702555e+02
-1.489437863718318766e+00
6.081074790519420503e+02
9.048791518713014739e+02
-2.231524555328226000e+01
6.703191019119723251e+02
-2.258228362813177057e+02
2.202009591192884841e+01
4.974609961519400372e+02
-1.169531683406148886e+03
2.578241834849866336e+02
-1.739042278443437510e+02
4.443893253447604366e+02
5.403464336881312420e+02
3.222297184052421812e+02
-5.791095385055403995e+02
4.060500582678767501e+02
3.599322819333855819e+02
-6.291504747268944584e+02
9.294198187665372757e+01
-9.906828550908880970e+01
8.947380621644455232e+02
7.986060728050739499e+01
-1.139677716520680661e+02
9.310095365227327591e+01
-1.033080232942413232e+02
1.069232247434492535e+02
-1.665824429502891917e+02
-1.187679720654605546e+02
6.336974242586284163e+02
-5.934273281983831055e-02
1.759443436550993738e+02
-1.627493611278825369e+02
-1.262895751027414377e+02
-1.908889211358778368e+02
1.338325960708499736e+02
-2.804078905349670663e+02
3.117668343700506171e+02
-2.802976643101723084e+02
2.733036592941223262e+02
8.476713255357234402e+02
-7.321163465885061328e+01
-4.186239550913508651e+02
-3.020691933821754560e+01
-2.206319318913921563e+02
-2.744198829218968854e+02
1.799125182624276533e+02
-3.905857537841016551e+02
-2.424678657559121291e+02
-4.377980829500332050e+01
2.708476091851364913e+02
1.558695487261283290e+02
2.997911684418131273e+01
3.670009867803538555e+02
3.733516109542235881e+02
7.123754568696111278e+01
2.101443142583281372e+02
1.104220943634001770e+02
-4.758905345530270097e+02
-1.622148071598847423e+02
-2.503197040985944568e+02
-4.429566325118089232e+00
-1.490497666298535364e+02
-5.491025651548584818e+01
2.192604555644099946e+02
2.829430317731310751e+01
-1.394691177479513478e+01
2.276341575334528500e+02
-3.305556748816949408e+01
1.958290258930499022e+02
1.453670466169691053e+02
-1.114514481924353930e+02
3.344004271910500847e+02
-3.765974787487895128e+02
-1.189816513793874293e+02
-1.474157792650751730e+01
2.086398343105875597e+02
7.871159195337695280e+01
-1.723148170601415643e+02
1.404457861345651395e+02
-1.722698280506946560e+02
2.293799090751003860e+02
4.493576648908486249e+01
-2.532350097950866541e+02
-3.756912585978344055e+02
2.451528094700439340e+02
1.498631755014050952e+02
9.106491896933439989e+01
-3.020893096381120131e+02
-3.988405655441785314e+01
-2.776567990115083262e+02
1.094286998964714712e+02
1.886519575938723108e+02
-1.149273118378977010e+01
1.849731127488202631e+01
-5.062947963651917860e+01
-9.936165906268816173e+01
5.149524770123183259e+01
7.383261349552678610e+01
-2.813742993858499730e+01
-3.455146051137493401e+01
-2.249238062701858496e+02
-3.073731725829471770e+02
-3.566426494585356721e+01
-1.125650737831286676e+02
-2.084366045384538495e+02
1.638084728697580772e+02
1.421046785754240034e+02
-1.729619744737380813e+02
4.600814844372435175e+01
3.874613968107738060e+00
3.093779660963658174e+01
-5.928586153524761926e+01
1.233674451548251341e+02
2.577233988584302438e+01
1.233693463581234084e+01
-1.345692505059097641e+02
5.324255666591439962e+01
1.042645268201075623e+02
2.572870643810162505e+00
-4.615379635106631184e+01
-1.060013515969528086e+01
-3.010803315606683555e+02
2.529231210049154583e+02
-2.794232817815337455e+01
1.458077029015383275e+00
-4.515612334716271192e+01
-1.882439868475402704e+02
-2.563848137670379401e+01
-7.030094989704988961e+01
-2.409693476097027798e+01
-1.212360149688306166e+01
-8.684502166163856884e+01
-2.287845405912636636e+02
-3.603649750498515658e+01
-1.656839918440388999e+02
-7.791758920323931648e+01
1.614311500534812467e+02
1.025417890193702704e+02
-2.033892952654012447e+02
2.244536304562309681e+01
-2.018774034382547597e+02
-2.303767234383377627e+01
-3.049212622246814774e+01
-3.437041224331370870e+01
7.943133893371931720e+01
1.082168673148216413e+02
8.117015763310566001e+01
1.840703508727489748e+02
-1.202479684340777197e+02
-4.306365391302095702e+01
3.437364418941566413e+01
5.435253530854445359e+01
-2.008344320161056089e+02
-2.526513814338334782e+02
1.288495423227935710e+01
4.354951837840039985e+01
-4.332010821548075796e+01
5.473354866751639491e+01
2.058364585894551979e+01
-1.567198378422935967e+01
1.877071315459162193e+01
1.654501931067626685e+02
8.787121052447936620e+00
-1.676152291775568699e+02
-5.922069244330199211e+01
1.510923853230980569e+02
-5.612021245964186278e+01
2.004486118083448787e+02
-1.178871505184723834e+00
1.182097042022909648e+02
-1.394836064084945519e+02
7.212486757341167731e+01
8.012924988023971196e+01
1.787530639329825419e+02
-9.122109384040845725e+01
2.416883943046667227e+01
-3.364130613301494765e+00
-1.748892003844636633e+01
3.990613809147319557e+01
1.648009842567451528e+02
1.431226293008844053e+01
-1.197459601194261722e+02
-9.559444600377217682e+01
-8.277090286668631336e+01
-1.189903797443567335e+01
-5.171253926310099303e+01
-6.909104872382229701e+00
1.413704790092958241e+01
-8.690425569833726627e+01
6.029359300913074371e+00
3.126304046045086338e+01
-7.517940166145550052e+01
-9.137988790000954964e+01
1.926752615807918545e+01
5.195512068697421171e+01
-1.214891938280674140e+02
3.996566753113030046e+01
6.021828305294385331e+01
-7.343048339578123773e+01
6.393056611283724600e+00
-1.728716273712540499e+02
4.197268979225251684e+01
-1.084724449946570815e+02
5.203777144077316308e+01
1.018640688241713832e+01
2.501113634112037687e+01
-9.692251577633189186e+01
-6.427584602525021396e+00
-7.129393923981557180e+01
1.474376000877936974e+02
7.908551425162251292e+01
-2.592468721308285851e+01
-2.568836779498242251e+01
-1.317686611847397238e+01
4.978521350768063058e+01
-1.628853146121868534e+01
2.318177130967008281e+01
-7.272564675740811424e+01
4.520654573106823904e+01
-3.926837741916681335e+00
4.658057070256017340e+00
-1.200459910993775026e+02
8.831389679180466601e+01
7.273985884904886845e+00
-5.488958074741184845e+01
6.783103425321631574e-01
-1.134129227236364414e+02
4.454879796292854621e+01
-7.426204146372081993e+01
1.658546001853835890e+02
3.404718281784597878e+01
1.970872965876335456e+02
2.650677983604385801e+01
3.103289907592095553e-01
-1.975310427265372226e+01
-2.411899443102137752e+01
1.439521875277426375e+02
-6.215370296253985316e+01
-6.757054430533548839e+01
6.991391356529372558e+01
-3.441660398491654860e+01
9.602104176815107905e+01
-1.188911642792692192e+01
7.887220590955273281e+01
6.898417271754726521e+00
-5.361240767245760708e+01
2.794894257088937195e+01
-7.770202785877437179e+01
-3.536325071221342853e+01
8.944096538886178394e+01
-2.952678990009588134e+01
