-5.797693903502881767e+03
-1.690629033376779262e+03
-2.286842614287432752e+03
1.520470927594043360e+03
-1.577145387297704019e+03
-2.137415179288593663e+03
-1.305687492663127159e+03
-8.027406293780820761e+02
1.313385252379463054e+03
4.109691241838851852e+02
-3.140905797085488302e+02
-3.367289381546868299e+02
-1.790518891555087521e+03
2.021384594287373830e+03
-8.231463692472376579e+02
-1.448944604254143314e+03
-6.146659752164752035e+02
-1.817253495863542867e+03
1.671322814311168656e+02
1.258166427264677395e+03
-1.150245221576839612e+02
-8.239456053858756377e+02
1.717564660254616001e+03
-1.701547791756388506e+03
1.380065750450646362e+02
7.857257249336843188e+02
-6.376861080868093268e+02
-4.064274148683862791e+02
5.233417575394627193e+02
-1.570191255856002272e+03
5.852285158280694759e+02
-6.684499398399584607e+02
-4.366656714971770725e+02
-2.392945520881229626e+01
-4.563439771164227068e+02
-5.856197968701986838e+02
-1.320884707728315846e+02
5.607544056358514126e+02
1.518294611573308543e+02
-3.418768319494644743e+02
-2.308319788954965190e+02
1.601080960148217969e+02
-1.265519319493518395e+02
-7.198812015926296226e+01
3.061536694188716297e+02
-4.277135763336756895e+02
-6.358375235937165826e+02
1.207903060898849645e+01
6.118204705896589530e+02
-2.953707547500580404e+02
-5.783699976817207471e+02
1.183826692160296972e+02
3.714808240251066991e+02
-2.452762978083561052e+02
-2.710903262201491088e+02
1.399423454037993793e+02
-3.395830098374437398e+02
6.918578007725743646e+02
8.132617920103314191e+01
3.948163494814024261e+02
-5.776089629008681641e+02
-5.264885024071527369e+02
2.798371392051371345e+02
-2.378631426514319571e+02
3.243060002437241565e+02
4.303672238657368325e+02
3.965520347612143155e+02
-6.977464751874586568e+01
5.634170615060185128e+02
-5.635069953119580077e+01
-2.685290989394940766e+02
-7.069022980535330625e+00
1.831034486948265680e+02
-1.164578865753549337e+02
-1.892702476138408372e+02
-3.435174783073413352e+01
-2.057481076402565066e+02
7.713923234361956247e+02
-6.765506085240622269e+01
-2.368161877890030098e+02
2.432717768998954568e+02
-1.280105800033779815e+02
2.645385961788620399e+00
-4.283943589634306477e+02
-1.964456634390851377e+02
1.302443485450511105e+02
2.239044517782154742e+02
2.207715461846969447e+02
-1.224923044160786532e+02
-4.757283677628562941e+02
-6.422847312438797474e+01
2.963619742526730647e+02
-4.678088059488539585e+01
-5.072000389206400683e+01
-2.467445180749924987e+02
1.862879915186718733e+02
3.833378293894288049e+02
6.440594025300783869e+02
-2.917522332079553280e+02
-4.917279822059694538e+01
-4.213221951358955835e+02
-1.760082620867298431e+02
-1.211479011623123192e+01
4.705879170751996980e+02
-1.527177098280169218e+02
-3.506064152985979945e+02
9.194635042269813141e+01
-1.230182586545792702e+02
1.622484485838146995e+01
2.146417263327961962e+02
1.226005826362754192e+01
-1.862000768881299280e+02
-3.290819556325278228e+01
-5.916333404503310334e+01
-1.688250365253493612e+02
2.234617320525418904e+02
-1.795284670072685458e+02
-9.259031274985130722e+01
-4.575841034044389062e+02
-6.287042694166368761e+01
2.194678957093950800e+01
4.027616328311562484e+02
1.091271150072751084e+01
-3.204154739366148874e+02
5.664333310431712931e+01
1.326214830144230916e+02
-5.816697854805242969e+02
1.143079328151884368e+02
-1.601094453516209342e+02
-1.405595698928569561e+02
-3.147722912286175188e+02
1.987308274070699667e+02
2.949474952845421853e+02
1.731826847935069225e+01
1.705132965059308390e+02
1.119780853352098262e+02
1.019908500269690421e+02
-2.140782546317240929e+02
-1.426762027453153614e+01
-4.854622890527569012e+01
-7.771970389358408227e+01
-8.663297226908200344e+01
2.485629232841864109e+02
-7.699328626021966215e+01
1.652698885965006070e+01
8.494104452262905625e+01
-2.741856137400596367e+02
-9.810323620527072741e-01
1.304456449049399964e+02
-1.701098931365820306e+02
3.448680849916530065e+02
-1.546524409383222007e+02
7.261369999532350050e+01
-7.408639257421791058e+01
-3.655839864274028059e+02
-2.951991154284997947e+02
1.651129702031878708e+02
9.636712358893316832e+01
-8.301829412846568346e+01
-3.788621689068090745e+02
1.045821440953608885e+02
2.063991497272053834e+02
-1.950840925359756284e+01
-2.911307909488192536e+02
1.018760167420844738e+02
-7.952951233058811908e+01
-5.495235848721467420e+01
1.471315852512365439e+02
-2.497712860539311919e+01
6.118885918496651755e+01
9.644878552857196041e+01
-2.971106697132549357e+02
-8.372179811483486844e+01
-1.754191691712410091e+02
-5.249778703750321540e+01
6.124604508072928155e+01
2.863826155565960789e+02
3.403578408687810679e+02
-9.066603176900146366e+01
-1.277556844835623195e+02
3.278214287172739319e+02
-1.693855824319667818e+02
2.642248377494681222e+02
2.122717695169654064e+02
2.223393409951770820e+02
-1.090813120907223919e+02
-3.161213760993937285e+02
7.733061788362023492e+01
-1.677497344360087368e+02
9.110029106517289677e+01
2.883586920615706717e+01
5.130521257504079102e+01
-1.542048830017344017e+02
3.364461541441034598e+01
9.093652007751927613e+01
2.390007826107976143e+02
-8.633146283874299343e+01
-1.524273472870397406e+01
-1.613128259686700119e+02
1.218973603097436751e+02
-2.048060990748521348e+01
1.357572545580447070e+02
2.600113991552279913e+02
-4.206771194489620314e+01
-4.301166345322999973e+01
1.435944746521867899e+02
-7.605816391341950577e+01
1.617468178860099783e+02
-5.838363887284086928e+01
1.118473375194202788e+02
7.939352035398626128e+01
9.454751593109426722e+01
-1.788958018773585934e+02
-1.612093738604716009e+01
1.985513027783186502e+01
6.061625575239495411e+00
1.589168590376018528e+02
2.159115706237871279e+02
6.151866142075695265e+00
-1.101845346942579518e+01
-2.145804435610608607e+02
1.114968809988557685e-01
-1.592955161794657784e+02
-3.655500233377350128e+01
-7.234286248300414002e+01
-3.022023665659150993e+02
-1.096926971765622909e+02
5.560851750821298367e+01
-3.137615794579557615e+01
-9.695827667662504723e+01
1.335045499035320233e+02
4.838523233624383124e+01
2.983927534313620455e+01
3.242454368736880355e+01
-5.250231214303732941e+01
-1.893987204091425625e+01
6.444809229044408028e+01
-1.655904507748628021e+02
2.830079736212444352e+00
-1.692510681893334734e+01
1.966216636738825230e+02
6.574283274209459194e+01
-6.077642384915969842e+01
-5.914513559654135122e+01
-9.625471814524863134e+01
9.370356045247956445e+01
-2.840655671322820908e+01
1.106313422143274394e+01
2.496307797325552613e+01
8.335803977345796056e+01
-7.190409958006586066e+01
-1.591859164928854042e+01
1.943095385400464750e+02
-5.630552362517089193e+01
1.558509748561525612e+02
-2.786941088576643821e+01
-9.236356872547514740e+01
7.129343435182194355e+01
-1.500529385204574453e+02
-5.252040115895837857e+01
-5.679927115337268617e+01
8.048702940619884316e+01
-2.552759830376215078e+01
3.699312339874288824e+01
2.755079262530466977e+01
-1.541775028581043898e+02
1.783790244892493604e+02
4.742092474744395503e+01
5.293445370648436921e+01
7.538203854563434447e+00
1.135722050840498554e+02
-1.812018074533250740e+02
-2.344262655735250434e+01
1.140482311933974984e+02
-1.375293356403013263e+02
-3.920251851425736334e+01
2.627054241893853259e+02
1.657542893731584002e+02
-1.384853386852709036e+02
5.912192273434044409e+01
-1.066218354040878040e+02
6.919034695093303355e+01
3.318069225450702042e+00
8.587815084070724936e+01
-1.009667354651758160e+02
-1.305005425699380908e+02
7.971518447685416220e+01
6.652142908476154304e+00
-1.488478270726370738e+02
4.392938415923684836e+00
-2.177017288703823112e+02
2.398904536910010066e+01
2.416576313465942860e+01
-1.054008059057451021e+02
8.370917771606137592e+01
1.105145774503135243e+02
1.176578173338586986e+01
1.496448504945195452e+02
-1.246397914389644370e+02
6.853814103042481065e+01
