-5.470123296353299338e+03
-3.932206390158408340e+03
-1.175691172264225060e+01
7.337001874371641179e+02
-1.368223470640971273e+00
-2.627808042176095114e+03
-3.643826202372528655e+02
-4.985220777819028513e+02
1.539951582425620018e+03
1.186130638347413395e+02
1.197637190578686841e+03
-1.855988211364795006e+03
-2.404772583949502859e+03
1.690215368822895016e+03
8.131420153409968634e+02
-1.374982652501699476e+03
-5.035830374982658668e+02
-6.727311032229583816e+02
1.408484316662594210e+03
-1.244000363037710713e+03
7.030350823996076315e+02
2.913226062125800127e+02
-5.967324656262500184e+02
-6.999200910546506975e+02
-1.065521393597257202e+03
2.968079479072484332e+02
1.729646838166084535e+03
-1.682291923233703528e+03
5.779757791167432970e+02
-1.234139824050387688e+03
-9.572551617710565779e+02
-8.545278420179137129e+02
2.353562684159789740e+02
2.194506227251068537e+02
-7.856772944144692019e+02
-6.500188316066014522e+02
2.904806341817386510e+02
-5.007191397581702859e+02
6.194239266235110790e+02
-5.622720589288878728e+02
-2.998383954541210628e+01
1.123262665225018736e+03
1.197711531206113250e+03
-1.297951476805583297e+02
2.314271814350038312e+02
1.210049700266210415e+01
-7.028298088558181007e+02
6.965766117275704801e+02
5.977914825757596873e+02
-6.409476951105626767e+02
-8.320923391575576034e+01
-4.064411265392707264e+02
-1.460109222757811551e+02
-4.109060295509785306e+02
-1.037999798544212808e+02
-1.989144244257378205e+02
1.063770127684697115e+02
7.333637523030049579e+02
5.933291396216740168e+02
1.304706360370973925e+02
-9.213356267790710490e+02
2.580124349144586660e+01
3.530198160925493767e+02
-7.434325043139422551e-01
-4.159109344046024148e+02
1.574682757884219342e+01
-7.045760548999440687e+01
-5.609380628482417706e+02
1.023313037658582942e+02
4.880122228596509331e+02
-2.410469089031396095e+02
-5.425143514314312370e+02
-3.046077451713875348e+02
-2.093238929909799140e+02
-9.242762651396247975e+01
-5.564633107348871590e+02
-2.435053926788033039e+02
-1.251793495782887646e+02
2.243483293141901527e+02
-3.718688609932038958e+02
-3.169026962444684070e+00
-1.217930028802944662e+02
5.933030733515025759e+02
3.052458988291496667e+02
2.308099264918657525e+02
1.861315833478315653e+02
-8.207046407575928981e+01
1.540251488356764469e+02
4.423045799498535189e+02
-2.091756957933798589e+01
-4.473370493005954245e+02
3.292873069434800186e+02
5.996677468544764906e+02
-5.487875233311734746e+02
4.968117165841819087e+02
-5.434159872690506745e+02
2.299098452282877236e+00
2.426021556914353425e+02
-2.527657768121306674e+02
6.994025432496948724e+02
4.973212080491023812e+02
-1.715526713416279279e+02
-1.049873474810923994e+02
3.677212903547016367e+02
-6.386461699756704746e+01
1.186382549490712535e+02
1.766005418618764509e+02
1.279933743559600572e+02
-6.385844998112003168e+02
2.213890970791513837e+02
3.237150464675885075e+01
-6.664041538643817830e+01
2.214678234050255696e+02
-5.398888855705204151e+02
-6.185554447351607976e+00
1.078492180732681334e+02
2.921552449791302024e+02
7.387394626152159915e+00
-3.650470665252483400e+02
-3.355957852708515929e+02
-1.053301395882244549e+02
-1.225381460969999381e+02
-1.318979118339236436e+02
-9.713796042426585231e+00
4.479222316344307728e+02
-1.571679383134670900e+02
-2.989411193929684600e+02
-6.607680322493729363e+01
-3.970869831299085604e+02
1.501204427977681632e+02
4.130841980737295103e+02
-1.435913084555688783e+02
-1.154009963147528905e+00
4.873654544245408715e+01
1.952642257807673900e+02
-1.433468451702731556e+02
2.713282308424421103e+02
8.688587156783947307e+01
-9.719758247144447694e+01
1.849082397267231315e+01
5.410802123260376675e+02
3.008009867776852957e+02
3.051178425994442591e+02
1.647417908152532675e+02
4.665077498648096110e+01
-1.373146070304874513e+02
-2.315684024633856950e+02
-1.221165113543661249e+02
-2.089460580066823070e+02
6.321013236593690721e+01
-1.591165341607967036e+02
-3.418549259782109289e+02
-9.236084442460717980e+01
-4.460861116445487937e+02
-2.035678546425124580e+02
-5.105149734907133308e+01
-5.710604197237409352e+01
4.613794146551164488e+01
-1.406819681717736792e+01
6.017821692640828779e+00
2.602950792026987870e+02
1.024883228791320455e+01
1.244312944023856602e+02
-5.755308885031912780e+01
6.269622905015528325e+00
-3.119740081285229962e+02
-2.602203045400750625e+02
3.322571803582987400e+02
-1.394596292200822631e+02
-1.486429527543739084e+02
2.776375928116904390e+01
4.170208138509468654e+01
-3.058371346882167927e+02
-1.976707571456352071e+02
-8.173820861014654326e+01
-3.254101604561656700e+02
3.142961326940577464e+02
1.000304497781834101e+02
1.809669450107428759e+02
-4.424374708417740010e+01
4.648486680839239398e+02
-2.793234755844865731e+02
1.173113951522636000e+02
1.337773541157563670e+02
4.001125005920865192e+02
8.359418320292458304e+01
1.291380652727615939e+02
3.996021564674779256e+02
2.319630634141262249e+02
-1.922182301744562665e+02
-1.964039243408427069e+02
-3.659357243103377755e+01
5.903545465070256881e+01
-2.868635254945069732e+02
2.152350139689436617e+02
-1.528861595591137359e+02
1.116753688900016641e+02
-2.123326817910990485e+02
-3.400597664154412882e+02
-1.293842031177485694e+02
-5.517387565802107474e+01
1.853107893270808120e+02
-3.213158633071881241e+02
-1.082859143500799775e+02
6.743658095513133333e+01
2.192359910683616704e+02
-6.312384033969210861e+01
2.545556427463690738e+02
-3.333458326881835188e+00
3.323720397725803632e+00
1.418933845733211285e+02
1.671168252540007870e+01
-2.290946884938274195e+02
-1.860866460240518450e+02
-1.024918621259346594e+02
-5.657577723172003914e+01
2.632346505224236566e+01
1.592327431862624962e+02
7.471820531207265503e+01
2.690763691599154868e+02
2.273390713745760934e+02
1.433275160419140661e+02
-2.756752028284156353e+01
9.902515420005242675e+01
1.476770361681224983e+02
-2.371873340234981953e+01
-7.688322242493426018e+01
1.693881328256395875e+02
1.132060222073928379e+01
3.344214072935881887e+01
1.664966924271768391e+02
-5.632974311309981630e+01
1.523593899420458797e+01
1.106566271115651148e+02
-2.324282800789383785e+01
2.097170739226429959e+01
-1.446891746997726180e+01
-3.696470576964994592e+01
2.098253699376228631e+00
-5.854392231179817685e+01
4.214054131742084763e+01
-4.324989389228708347e+01
-1.513976094455564976e+02
2.382644761919175025e+01
-2.002522181425563730e+01
1.047455360043285388e+01
5.997085720241467044e+01
5.328513408980387567e+01
2.071813069752493774e+01
-9.479293435983008465e+01
-1.996941361585764128e+02
-2.768408199468394315e+01
-5.177806950974439104e+01
7.818598789602232557e+01
-7.217883140115718277e+01
1.081182280471546875e+02
9.077072788439316753e+01
-2.362428820971603116e+01
9.623072655024900257e+01
1.508279962008802499e+01
-2.721237938251820196e+02
2.139454241489995354e+02
-7.722354320189829480e+00
5.504717137615384814e+01
2.186721601415997540e+01
2.395890540211480513e+01
2.055228906171766710e+02
-1.254393192300187110e+02
2.807852330493828958e+02
-1.615637927014533375e+02
-3.062860897136651062e+01
8.416397282713282380e+01
-4.803034422896148925e+01
4.831422246827441569e+01
-5.343542966901829061e+01
-1.273716305060368228e+02
1.598311854426252978e+02
-2.024655118210138198e+02
-2.077005889899946567e+01
1.633008189495438103e+02
5.892571694225043188e+01
4.283952151293982524e+01
-6.131706086912699760e+01
8.332980380978774804e+01
-3.954242145305149592e+01
-1.083286451928296401e+02
1.118410409198322668e+02
-5.714635775944724116e+01
4.593119612105339655e+01
6.717248291076779765e+01
3.133603758888176927e+01
4.319053114420685624e+00
1.094433891345416043e+02
1.312817615695009579e+02
4.929505119352497644e+01
-4.977213564442698868e+01
-8.259595398788617615e+01
1.024692434398471264e+01
-4.681522622473465134e+01
1.377887987509811865e+02
