3.712680240002075305e+00
-4.295759637091916375e+03
-3.096432668643014381e+02
4.365725863638957094e+02
2.344615327541800525e+03
-2.987719679442702272e+03
-6.311364810929534315e+02
-6.613505492455802823e+02
2.131258295779196317e+02
6.440835647062110638e+02
1.120212240035216951e+02
-3.356585057318490044e+02
-8.287441567792888009e+02
1.481975922153729925e+03
1.725485508984025529e+01
-1.838347019934815535e+03
-2.322128192297732596e+02
-3.546051656195766668e+02
1.325730582276788255e+03
-4.800833225449235897e+02
8.891488100637027401e+02
1.500698046385904490e+03
-9.391603381939712847e+01
5.492556251359218322e+02
-1.314106386752262779e+03
5.718505769703926944e+02
1.540168534858500607e+03
-8.732517023332658255e+02
2.555210261182480451e+02
-6.172692256709617595e+02
-9.266737923919307605e+02
1.545180788162252384e+03
-1.040440709675594775e+02
3.837655379507369844e+02
-8.239031535700496534e+02
1.375378895180424195e+02
-2.562646867771732673e+02
-5.431046052254934011e+02
-1.606021919464528764e+02
-5.549209145252499411e+02
9.279360048194169508e+01
-6.028045580149375837e+02
-5.056353313286783191e+02
-1.779405253062648171e+02
1.180111570325246703e+03
4.647130118395576233e+02
-5.184562817069853224e+01
-4.614546184068928483e+02
-3.617130111518678177e+02
8.254562708016552506e+02
6.222967452555710679e+02
1.393355591478024280e+02
5.662316029486730713e+02
4.842746439250820600e+01
-1.632327452580100555e+02
-6.827076519911329342e+02
3.389327700233489082e+01
-6.242093234107217370e+01
4.841422461768486869e+02
-2.166271073020914173e+02
-3.144062664193038472e+02
-6.707868250525891654e+02
6.615643228258373938e+02
3.461193126898774608e+01
4.748709674035474677e+02
1.580554010588500660e+02
3.584518767983319094e+02
-7.533060759950971033e+02
4.995101577126584402e+01
3.584162678318899680e+02
-3.055149846888958223e+02
2.195332026982639206e+02
-1.025593988544902118e+02
-6.523180726861841094e+02
-3.030521511906065939e+02
1.181010409969811690e+02
4.585133529225437599e+01
-3.530659411500034253e+02
2.044448868234840404e+02
-2.003446959398144713e+02
-2.290083974488602792e+02
-3.043830865832462678e+02
-1.278714376795333720e+02
-3.297227599440039398e+02
-3.045221550259353194e+02
-5.434059322971767614e+01
-9.408994794167443843e+01
-4.071199224193147614e+01
1.678591060522590084e+01
-5.369036722294390529e+02
9.198313649656822122e+01
4.137420498367860233e+01
1.498150383962844785e+02
-3.757562241591571706e+01
2.345068272187684144e+01
-1.667274984826935054e+02
-1.364306634457619509e+02
7.256560052444346809e+01
2.765496764884734944e+02
9.873660909666538998e+01
8.767828041848811438e+01
-2.226077008047136303e+02
9.564586267158711053e+01
2.005258896388231449e+02
1.289847335981605738e+02
-2.715723266213137208e+02
-2.111226992505471003e+02
9.611022634538362297e+01
-1.931139606310278225e+02
8.233148834916664782e+01
9.149340970242199944e+01
9.857537993032579493e+01
-2.806053620403101263e+02
7.234087508907080633e+01
-5.288189097149961526e+01
6.267016511971277737e+01
-8.909117772603897834e+01
-2.120756629960873170e+02
-7.278128642810258064e+00
-1.102238253757705166e+02
-4.959507234403725207e+00
-2.840738076366249487e+01
-6.885062219294285057e+01
6.060411645487061350e+01
6.753065110836402596e+01
7.954638846563683785e+01
2.135221410815729826e+02
-3.843656303250627815e+01
1.800711413667842464e+02
-1.885433508412786807e+02
2.456433045486730293e+01
1.909662668594994557e+02
-2.727315081208482184e+02
6.186670929276540676e+01
1.946940410581899243e+02
3.150338212654282088e+01
4.397452793648880487e+01
-1.119473953804974542e+02
4.867100985811963909e+01
-8.720400414361651542e+01
2.476774145894217725e+02
-1.723765507863023743e+02
2.186574105070062046e+02
-2.344929717652043735e+02
1.070353500026264726e+01
-3.213907058356512039e+02
1.568504253293109763e+01
3.373859455481342451e+01
-1.447364125322505117e+02
-6.222172292934831717e+01
-9.431168967850612717e+01
4.488109960141702715e+01
2.560976749851867496e+01
-3.267375158337967633e+01
-1.604370418223196850e+02
-8.733544088713303211e+01
-1.371795449029257270e+02
-3.957158304860160847e+00
-1.177080440115680489e+02
-1.221009169172644988e+02
-1.040954815099108401e+02
1.424274794463739795e+02
3.371570625005530530e+01
-7.334510650526013364e+01
-5.191103975213289345e+01
2.827974493728120109e+01
-1.440666316159000644e+02
7.447264119754659362e+01
-7.636640623017213159e+01
3.728887521326630861e+01
1.490663016650934125e+01
-8.710289734347101387e+01
3.255278514414186475e+01
-7.405406779417441498e+01
-9.174360847949172637e+01
4.327522832494846483e+01
2.435980347944799007e+01
1.326886235660043667e+02
8.129167488609000713e+01
-5.516478165188747340e+00
3.138934579022887661e+01
-8.211097029127542157e+01
-1.461725729865742096e+02
-1.559218936270425786e+02
1.057363575320295723e+02
-7.267751264021508462e+01
-1.098108493990081813e+00
7.734978014635935928e+00
1.682989430739822296e+02
5.448850604042862145e+00
-2.102346488684696268e+01
1.000465249509270507e+02
1.480055638653205961e+02
-5.822146811969366098e+01
3.413067666526072941e+01
1.805619311191368013e+02
2.182820413002788129e+01
3.377642800748950691e+01
-2.519340056055527555e+01
1.991300741767676996e+01
-9.625200569787514482e+00
2.802999437152896078e+01
1.165886356983996919e+01
-4.063865007424740661e+00
-8.757709277477665921e+01
-3.877861282174693258e+01
-3.294987393297308387e+01
1.531689434965951335e+01
4.522899974585570959e+01
-1.718430970558154414e+01
1.949599914314359808e+02
6.254257978049064803e+01
1.133268451522552667e+01
2.499192955847760356e+00
1.777308376741904183e+01
8.300739300573060575e+01
3.055583123892747111e+01
-2.913649711735542880e+01
1.951287645856309760e+00
1.294296147840381082e+02
-9.634905964641527021e+01
-8.026616232125179806e+01
-2.020779541435886983e+01
2.355581204857107025e+01
-1.740254091519268442e+01
7.545837027789248452e+01
-1.558322707513774787e+02
-7.606643562670537051e+01
-9.966512768398813193e+01
-1.680260629011147699e+00
-2.728865889926968791e+01
-1.412026783667217167e+01
2.687050351004504734e+01
7.144484174956807010e+01
-9.988614349182613239e+01
-5.547029274103323360e+01
2.304028199998260362e+01
-6.475219688356730785e+01
-3.976830554788942607e+01
-1.376547046609101415e+02
-5.315439063124702557e+01
-7.163183925471543034e+01
-4.233534288477938645e+01
-2.586461569067094857e+01
3.254269344876239245e+01
2.061518711788819402e+01
2.726634481239805652e+01
-3.544948818514519218e+01
-1.192309945968530940e+02
-7.217159345469252685e+01
-9.751677618622062482e+01
5.055274766639506367e+01
-1.874038163251885081e+01
-1.470608841665263000e+01
-7.168506589448846889e+00
-2.992884623148008316e+01
1.710848036420805940e+01
4.544537222042025348e+01
-3.924853833373854428e+01
4.204069848520722275e+01
-3.012852500674465617e+01
1.598372580113603947e+00
-1.692525351121034660e+01
7.931758636395439055e+01
-5.800882317687586109e+00
-2.746197296502902319e+01
-4.520976712972660039e+01
1.605776269185061622e+01
-3.293229521403504378e+01
4.401454536805045947e+00
2.198390185697049759e+01
3.705616339395272973e+01
-4.582683848895977263e+01
-3.714721673064688190e+01
4.261224537702881676e+00
5.891713247380297247e+01
3.776886811165638846e+01
-1.756232773642241796e+01
3.394086720437960025e+01
-2.595123398063579889e-02
-1.781248219240526609e+01
5.909108658681729764e+01
-4.916884599391466537e+01
-1.266105114142328247e+01
2.880971367898976609e+01
1.034790147377328573e+01
-1.885705053780843343e+01
-8.708332380328188682e-01
5.925297459447330084e+01
1.289255867723346771e+00
8.167554815949047509e+01
-4.509230573845218260e+01
-4.950074659066924454e+00
-3.405975659418083978e+01
6.616545843234300150e+01
4.797052514644578025e+01
-1.177159426581885810e+02
-2.862912612467566120e+01
-9.580174814627697710e-01
4.379543140455043471e+01
