-3.524366694027165522e+03
-1.469388783068181056e+03
-2.993960414423987913e+03
5.542178275347430905e+00
-3.035633907078389257e+03
-2.558622837468774833e+03
-5.543671987519745699e+02
1.913809721371919068e+03
9.788455757487913615e+02
6.822003638710664575e+01
-1.554757780321158123e+01
-1.259943140300254299e+03
7.356756246007631717e+01
-3.191142595449779051e+01
-9.278268838079164880e+02
-1.340216950399706320e+03
4.912344421657498401e+02
-9.232536011379581851e+02
7.697327963918892237e+02
4.521061402230462249e+02
2.078312813329070650e+03
8.589097561248643160e+02
5.064846276575921138e+02
1.148610606114689745e+03
1.962772959297410580e+02
6.547103901435283433e+02
6.310816672711724777e+02
-2.238002521750447613e+02
-1.049387579568713818e+03
1.038226013169995895e+03
6.249636514618616729e+02
-5.084649571306731559e+02
6.630064765207074515e+02
-1.225627832267597796e+03
-5.401208060835309652e+02
-7.680992082933875054e+02
7.354573161254191405e+01
1.355243651298228770e+03
-2.284711962975627841e+01
2.044502013175217371e+03
-2.134902869399103409e+01
-1.029936867374522080e+03
8.505488531949895332e+02
1.025052854473181469e+03
-2.825948668757206406e+02
1.184014801508613573e+03
-6.769735358787177120e+02
-6.970375363506897202e+02
-1.455531204109223609e+02
1.166780025731372383e+01
3.010979730281333104e+02
5.699795201665665445e+02
1.127805181504292591e+02
7.864036358352622074e+02
-7.144554934973649551e+02
3.161336889482483770e+01
9.110403105658098184e+02
-3.581484429419008393e+02
7.903701724194796725e+02
3.693063424864407693e+02
3.991762458273319112e+02
-1.011568962163084819e+02
-5.386582769516109011e+02
-3.211807965720866775e+01
-5.304169518834113433e+02
-1.795960032782680003e+02
-1.201856683228701606e+01
-5.740431458443493966e+02
-5.163101923442823704e+01
4.674942275869954642e+02
6.101462481907817619e+02
2.423466568155271545e+02
-2.747574948654711307e+02
4.615312796601253353e+02
6.960413698418786907e+02
-3.463032980675891537e+01
5.179452736237798263e+02
-2.677041011051832129e+02
-4.660391788641330777e+02
-2.234260441745122989e+02
9.741778194698107995e+01
-3.919455650254440684e+02
2.214648792717244419e+02
4.348561713555960750e+01
2.468940859649060826e+02
2.189155011779908762e+02
1.517885516268808885e+02
5.257480218214286651e+02
6.604803346105265973e+02
1.034002951673551746e-01
-3.251525014373877553e+01
-3.017609280074177036e+02
-1.997676835403406130e+02
-2.755383879675786716e+02
1.065931573769713303e+01
-3.655598828610063151e+02
-2.239537545709441133e+02
-1.083956499755800422e+02
1.925228170223509494e+02
-2.679656879734474160e+02
-8.718707858415451994e+01
2.150069538520216668e+02
1.594919844666125073e+02
4.509456707890671368e+01
1.584105293993737291e+02
5.616910084526732589e+02
-1.123932290631440267e+01
1.218135065102905372e+02
-2.024620944364163790e+02
2.108984757128354772e+02
-3.872128104928641505e+02
1.589395412016383204e+02
4.841813343287524845e+02
-3.074144852674675743e+00
-2.499651110673758865e+02
-8.133030693665452304e+01
-1.125671854290952894e+02
-1.367741533702042602e+02
2.485799055724923221e+02
-1.093457249172771384e+02
1.318583021535339128e+02
-1.280591387472863119e+02
6.185168160166028883e+01
1.044149239525280990e+02
1.810406028127086699e+02
-1.067153159864711540e+02
4.265343385121579445e+01
-1.041067061816134043e+02
1.746373084360623125e+02
4.999185468714627518e+02
5.387208006173131025e+02
-7.632344693595954368e+02
-5.174639816777591932e+02
3.355797361681147208e+02
1.540124775735237392e+02
3.482055564588133478e+01
2.819009953010276348e-01
2.210234125656574520e+02
5.384723272387901716e+01
2.167983987234417214e+02
1.622081806982370722e+01
3.122630897519525206e+02
-2.356061448589592828e+02
3.891631041737227861e+02
-3.076662027552728773e+02
3.270062275640464691e+02
3.999982638484321029e+01
-5.134694341151732715e+02
-2.697072189061465792e+02
3.670488528142519158e+01
-7.036867994131571322e+02
-2.236428333849424064e+02
1.334292723095614086e+00
-1.310383734815997627e+02
1.905867792148962625e+00
-1.081549363171531297e+02
1.575109083013915878e+01
1.398019243879759621e+00
-8.028432523115729680e+01
6.272870280035851920e+02
-1.685032914664420503e+02
-2.463191772783823410e+02
-2.179303529920024687e+02
2.482492217203204916e+02
5.847847641406649899e+01
2.085911925097624930e+01
-8.787337314163334412e+00
-1.986710035080015189e+02
2.942028701053654913e+02
-1.378028730952804040e+02
1.331388997077326337e+02
1.586208840344941962e+02
1.179144900903415873e+02
-2.103629993427358613e+02
-4.246319352245975551e+02
-1.702598856555455313e+02
-2.069779987247549116e+02
-4.438099566412363970e+02
1.252790655500394195e+02
7.302399156481388331e+01
1.777138128208989656e+02
3.414443214778050617e+01
1.875247243245608502e+02
-4.659661788550652517e+01
-8.914363135915237990e+00
3.599248030385430752e+02
9.651657218705291541e+01
-1.017327430674910715e+01
-1.592708023746298522e+02
-1.622906429550829444e+02
-1.312305375211224998e+02
-5.699386051040429493e+02
-4.691614573017288592e+01
-2.138242215441598315e+00
9.258051781027215554e+01
-9.870774471652570980e+01
2.274063946216439547e+02
-9.557218651642602936e+01
6.530980959140852349e+01
8.981156031102445070e+01
4.996566503791971314e+01
5.667722520269719411e+01
1.098757142261294604e+02
7.043225699657932104e+00
2.159257208900079945e+02
-8.776353024626790500e+01
1.062460560281521396e+02
1.578508768059781175e+02
-1.487974964366697179e+02
-3.179607948436110121e+01
1.629810976577435895e+02
-1.716654436419044316e+02
-3.564950763940570937e+02
-2.861546669613736071e+01
8.952947825313439978e+01
-2.733510614691076768e+01
-4.896539864114271445e+00
2.147001522689590729e+02
-2.241693648021536376e+02
2.771984994319952733e+01
-1.834023836726351320e+01
8.789030391607562720e+00
2.734136290405001191e+01
-3.251253068646958155e+01
4.666373538649389019e+01
-9.859941005528042979e+01
-1.961967114200809590e+02
-1.313475921789546241e+01
1.307564900127724172e+02
1.353099714964979512e+02
-1.868501018262720095e+02
-2.894017513474303982e+01
-2.395571744266222254e+02
2.758087223691742338e+02
-1.032991910601685532e+02
-1.337126623320390024e+02
-3.298705033511782148e+01
-1.484330159020670337e+01
5.418156025052742564e+01
-1.844373227190575335e+02
9.538457071541881760e+01
3.277443096974219543e+02
-2.382180004266651849e+02
2.701633569464564744e+02
3.436676908473027225e+01
-3.028885723727447044e+02
-2.789051153637955860e+00
-3.209123193766352955e+01
6.159798409178711687e+00
-1.470374436625792782e+02
-1.566289949500549881e+02
-1.860163406993506214e+02
-9.355191846837759329e+01
-4.450336813387077228e+01
-4.236693047048803784e+00
-1.160710266279811407e+02
-1.621617963574843486e+02
4.277989677650163003e+01
5.330026087467342677e+01
-2.789882782636339442e+01
9.652911867957988079e+01
8.654127071993704590e+01
-1.661591165098660667e+02
-9.632623439692019929e+01
6.221991259151512521e-01
2.498824106646862901e+02
2.039927436340984457e+02
2.905351616559122974e+01
-2.974666834015600259e+01
-2.614071019994834160e+02
3.327975312636681338e+02
5.225748853787072079e+01
6.582386495918420621e+01
2.427267813374443790e+02
-8.318867289515092978e+01
-1.669926400248634764e+02
3.981227569466997807e+01
-7.496455348546547270e+01
3.072919960289394936e+01
-3.354418397367426508e+01
8.896865620634808636e+01
1.468902934497564274e+02
9.054725066253526222e+01
9.975740731289828034e+01
-1.798694689807253866e+01
1.307853496846915107e+02
-1.076711377217665841e+02
1.574532427599010020e+02
-1.214918794031223399e+02
1.827843150383799582e+02
6.470762206370763181e+01
2.757698977500732553e+02
5.517253876337218799e+01
7.807531532545098685e+01
-1.829303124510815621e+02
1.125495707450568830e+02
-2.924687165686099988e+01
-5.986809480045425147e+01
-3.858203482618554858e+01
2.437016715721401852e+02
