5.760459224092986688e+02
-6.234714436839388327e+03
2.885267540224514505e+03
-1.037856103452945007e+02
2.736404120519093794e+03
-2.121110877301303844e+03
1.032457321013024739e+03
-1.781732987938520864e+03
-1.772722623832137515e+03
-1.286444864602661028e+03
-1.548376534603857408e+03
-1.791895469934828498e+03
1.045757587697998360e+03
3.644666706684085511e+03
6.291942466285620412e+02
6.971055001981492296e+02
1.904882089333243812e+03
-4.466285280891541447e+02
1.439102954784509166e+03
7.432402554684143752e+02
2.198749411396125197e+03
1.845634002539214862e+03
-2.680909133966072204e+02
1.397198412681218997e+03
-1.773430231418557241e+02
6.126971816779575697e+00
5.180879186213418279e+02
-8.122583439894002595e+02
-2.039417044983788628e+03
1.106801804492401065e-01
-3.454093382344026395e+02
2.028849058808663358e+03
1.749210582517171588e+03
1.079642463059359443e+03
-9.523720450619085796e+02
-7.695063411873586574e+02
1.093122803805549665e+03
-5.468325295370518688e+02
3.636525680798838778e+01
3.145137751203976677e+02
1.142104556924931558e+03
-8.728931545679537294e+02
-7.972790517099300587e+02
2.251345086237654982e+02
1.149804829117740383e+03
1.809389250309284080e+03
-6.167666581620181177e+01
4.743553629985646580e+02
2.694071036692511143e+02
7.101031020196234067e+01
-8.409121731715856640e+02
3.785530073446110464e+02
7.171298840268017329e+02
-1.208206647056049263e+02
-6.070547019678675724e+02
7.824090799420880558e+02
1.123452534251673285e+02
2.159240322051264798e+02
-1.594127069874220410e+02
-2.240915042513283595e+02
3.027529606281178758e+02
-4.854346300669112679e+02
3.063300739787974862e+02
-9.025574944132887367e+02
4.097270693298854098e+02
6.140857283844161429e+02
5.101812239248845344e+02
2.188281870999698526e+02
-1.356821272684510973e+02
3.659230906711163698e+02
7.308933974589328919e+00
2.331543169957336943e+02
4.554545038990751209e+02
-6.275107696949042975e+02
8.675680103495408275e+02
-3.603921384511776296e+02
5.524167986544101723e+02
-3.985882983510872464e+02
1.039020302412088085e+03
-6.016538897676431361e+02
4.520179967937452830e+02
2.051863949951985830e+02
-3.910776919419616320e+02
4.426868862531692912e+02
-2.772830180043655446e+01
-3.550423511668669789e+02
-1.596223121888948810e+02
4.781354515236855605e+02
-1.333706798974795902e+02
-6.663929360912311495e+02
6.360301347645283840e+02
-2.543861243708977327e+02
2.299720443995652204e+02
-3.932743472236158482e+02
1.679777088605330846e+02
2.948587001323792833e+02
-2.719998050776738729e+00
3.313780658530652090e+02
4.040083667481138150e+02
5.601613010439139089e+02
8.270615028436573368e+01
3.185341073754690200e+01
-1.367959053228601931e+02
-5.170870439680743402e+02
-1.467163216317165109e+02
-2.627108676755561874e+02
-1.908273794422341325e+02
-7.100132449204064642e+02
6.760416164270381501e+00
-2.323758700965864177e-01
-1.818846573594817073e+02
-1.274307218838274594e+02
-3.750595214384787823e+02
-6.644935880567250024e+02
3.223206519546882305e+02
-1.691849930065625642e+02
-6.321707302042517540e+02
-4.797143716308268040e+02
-4.169819175586505366e+02
-2.147166598104082027e+02
3.240571250794887987e+02
8.508887302391850938e+01
-4.199772531455033686e+02
1.273565817895321146e+02
6.538346805088092424e+02
-2.429371643337637465e+02
-4.337536232926609614e+02
-1.153368215175314191e+02
2.653785828195116778e+02
1.658549539022078534e+02
-3.923402179472213902e+02
-4.714482997034533582e+02
-7.098326011563067368e+02
6.109610952881103003e+02
5.929555831664310972e+02
-1.827151964557215820e+02
-1.465951694877379623e+02
-3.639753152911099505e+02
1.848586684020628468e+02
4.176066653041978611e+02
-4.856767429624806027e+02
2.825890070135711198e+02
7.020805761650948398e+02
-1.104027998026947586e+02
5.705145071426941428e+01
2.522621762176165419e+02
7.248274739599335703e+01
3.428731516568647635e+02
1.470134392708145299e+02
2.956720146673264935e+02
-6.052536754549467446e+01
-4.878401660895357139e+01
-4.247571091062937398e+02
-2.392195031545382378e+01
-4.373015845728480713e+02
-4.969373775282007273e+02
-2.810971938097773659e+01
4.302660572143993534e+01
1.064549783353191970e+02
-5.883200415162786356e+01
-1.360781986244865038e+02
-3.120972820967231200e+02
-1.393200550295467366e+01
2.300107912163975072e+02
-5.972525118210249957e+02
-1.133539544174648199e+02
-1.785324999127665819e+02
-3.040917296820715023e+02
-4.711770178777955209e+01
-1.654688410951836488e+02
3.821469248611535363e+01
6.330807622170399327e+02
1.388070896190927783e+02
-1.798149723542073843e+02
-2.479805790853318470e+01
1.318710055260775391e+02
1.179716637060350450e+02
-3.934942290232680193e+02
-2.146354638722723962e+02
-2.685225125881399890e+02
2.297222999296039347e+02
-9.637025684990760510e+00
2.688116915869291912e-01
-1.310414374639752566e+02
3.412645335430943305e+02
-2.818648517920195218e+02
8.657932902548974141e+01
1.422930659741978161e+02
2.182513632110207595e+02
-1.133234790473700393e+01
-2.909549045284898625e+02
-3.864824485992903078e+02
8.375363184089216873e+01
-5.510542955605775006e+01
6.732058588483600658e+01
-1.056787003891465133e+02
-4.056121021519646774e+02
-3.816978118778467177e+01
-3.733370794826539907e+01
3.069922319490987093e+02
-6.515700277292962994e+01
1.431458594565805527e+02
7.299937647639657143e+02
-6.970616812644296090e+01
5.853564538249879945e+01
-2.976002532435726380e+02
-7.092242494787699414e+00
-1.523033686815508503e+01
5.466013201953892775e+01
1.454333540621923362e+02
5.718759858265164553e+01
-9.388732694034078463e+01
-1.296936062079185206e+02
1.072152000739059474e+02
-1.428487918065590634e+02
-5.137712074072145185e+01
1.175258088307598001e+02
1.354419017892100499e+02
-3.755116043955719078e+02
-1.912240576815896134e+02
6.499247723501598273e+01
3.889491175100500442e+01
-6.469764799314643255e+01
-8.575640395764720836e+01
6.462410775133416507e+01
1.789475332244698507e+02
-5.159693525686233073e+01
9.277032927090080250e+01
7.492246379812462465e+01
3.175260013811965010e+01
2.901690528566656369e+01
1.693767029206458687e+02
-2.229965053981849508e+02
2.051484708522318385e+02
5.358332345116545525e+01
-3.188254443483888849e+02
3.694674086149807835e+01
3.459701416511202297e+02
-2.988884014134296194e+02
-2.786993570517028047e+02
-7.492523295917830062e+00
2.714798983496266374e+02
-5.219325767638783020e+01
-5.599212975642535639e+01
-1.586871128783934921e+02
-8.826193885670252826e+01
2.856034328718340731e+01
9.507612988893427541e+00
1.533755509673616473e+02
-1.121952201218455514e+01
9.745865822690686286e+01
3.554923256478051030e+02
3.012740510093666657e+01
-3.126513472305921368e+02
5.063482574288801885e+01
1.709394727288683100e+02
-8.790546392545725496e+01
6.666177492918930625e+01
1.354969803688186580e+01
9.043431138565888716e+01
4.180789723591030338e+02
2.904647717010233805e+02
-6.973500530424986721e+01
-3.525021720736124848e+02
3.126714804138143791e+02
2.281886401792873187e+02
1.826878676041727090e+02
-5.060143608229287082e+01
-3.147477681970864865e+02
-7.993466976971446059e+01
-2.858542790078101916e+02
6.905658095680750819e+01
1.449355247436988350e+02
2.498248564356700570e+02
1.544707505093161330e+02
-4.398482393414438008e+01
1.078257308949844457e+02
-1.783137220831572449e+02
2.009957284526768717e+02
-2.505669772167454710e+02
-1.606831631057455070e+02
5.428234583826625226e+01
-8.634976349985187483e+01
3.045390214154451201e+02
2.062120342383626337e+01
1.712248210777752320e+02
-2.632970406063466839e+02
2.552702004565319953e+02
7.652040406174452869e+01
1.359988501249972046e+02
1.964574120763698772e+02
-5.343999796530899005e+01
1.333618778293319735e+02
-1.684818461466295503e+01
-2.944380953100555303e+02
-1.019573984428436262e+02
1.314252103109676284e+02
-2.424530818386474209e+02
-2.405138968950459741e+02
4.422057153361121777e+02
