-3.228286988660635870e+03
9.771906940468373932e+02
-2.731367339847221956e+03
7.960607364142865663e+02
-2.992889965464478792e+03
-1.541763857874792620e+03
-1.832697171367604597e+03
-2.593076137853153341e+03
-5.808822026278763815e+02
-2.218057426501687814e+02
-2.456682316427726391e+02
-5.459367885751843232e+02
-1.581714057566437077e+03
8.658893507150464757e+02
-5.743307884000831791e+02
-1.140122901274581636e+03
-9.756819897902166758e+02
-8.845205089230000794e+02
-1.245242836818292290e+03
8.130836163137662425e+02
-2.509120961907953529e+02
-1.708059431717027564e+03
6.295372592199777273e+02
-2.092619140358359346e+03
-3.054434419190586070e+01
1.067239218518623602e+03
2.932083737932920258e+02
-4.342384575560775488e+02
-1.840760654377779204e+01
-1.691382391427320727e+03
9.965762159273791667e+02
-7.837738439241491051e+02
-2.521669830308981091e+02
8.718195964964753557e+02
-4.625715559423862828e+02
6.191922504540125374e+02
-3.017714488715870402e+01
-7.065874699876475233e+02
2.063357520998601444e+02
-1.767760366853779260e+03
-2.428079313510220061e+02
-1.253864715347482672e+01
1.672566823519310333e+02
5.231173540766361185e+01
-5.888410508755424644e+02
-7.415373466018944555e+02
3.003876035508098425e+02
6.825532026343760208e+02
1.051927053821152185e+03
-8.250007558845576341e+02
4.341637214478855356e+01
-3.142259963592071159e+01
3.137230499957458392e+02
-5.866893877199933272e+00
5.507787124949142026e+02
-7.027009730710046824e+02
-5.634557660415238445e+01
1.800049285838092885e+02
2.206291905428903704e+02
9.993419391762482462e+01
3.640333419058077880e+01
-2.392272059068615704e+02
8.724484312910659582e+02
-2.257229943677574795e+02
7.743598758760895180e+02
4.963325588859987079e+02
7.022363838482528990e+02
-5.065687024281132977e+01
7.332577022725654388e+02
3.091297073964285573e+02
-6.723456495358279881e+02
9.481502115662472363e+01
5.079343657179590821e+01
-2.956526493300991660e+02
-6.026452032064539708e+02
-1.258227711336443662e+02
-9.481352700355504339e+02
3.771707583491704554e+02
5.410303544151771575e+02
-5.674032794885991962e+02
1.787900974639714775e+02
4.014454327882820621e+02
1.448055740745406013e+02
-6.743342922865348328e+02
-6.300647563194636547e+01
2.032932085508698776e+02
6.100142390019527738e+01
-5.176644865315479365e+02
-5.272404702309606819e+02
-3.351969560059759488e+02
-2.113819010392636812e+02
2.165556573814101284e+02
3.156894587733183926e+02
-3.819935773484386345e+02
1.591619166164204273e+02
-4.186099098245107086e+01
-1.606023163041811870e+02
-1.568117670172644580e+02
-4.176744005400370838e+02
3.219426597271263972e+02
2.406755281260080608e+02
-6.382837884750524893e+01
3.471268307173646690e+02
4.286060295136630316e+01
2.258991820550050420e+02
-6.347191153831961401e+02
3.078459241941182967e+01
-2.975017761406578529e+02
-5.894326937386281884e+01
2.291357047547553805e+01
-4.948980188848074704e+02
-6.388039323575623030e+02
-7.033577416926694923e+02
-1.325565526867665938e+02
1.060344564266518148e+02
1.689649567600640978e+02
2.752075952024975436e+02
-4.496996399292416413e+02
-2.603730339382967607e+00
3.603378661235033746e+02
2.695491562101367435e+02
5.912384925470971666e+02
3.144062197920261497e+02
5.258813016257003170e+01
3.552779221242937524e+02
3.309817538665298571e+02
-6.018959026453261458e+02
3.030987125211361786e+02
4.956774078395892502e+02
2.636201836934233711e+02
-1.744292767207861061e+02
1.254244946314453728e+03
-8.324501992217518875e+01
-1.149187093662563939e+02
5.028377866891059398e+02
5.405072929381126414e+02
2.180031067744495203e+02
-1.500298129108420540e+02
7.627775672117853389e+01
8.988092231405843791e+01
2.404444978763129086e+02
-2.483730071474271313e+02
5.817625831997903560e+02
1.421346320865536086e+02
2.351043863043649935e+02
-3.540083021127286429e+02
-4.732303897797540344e+02
-4.579404739120754186e+01
5.788209102798940648e+02
1.187558145238708391e+02
1.748546119227983127e+02
8.530511533447683803e+01
2.448704993241928207e+02
3.212528971912687439e+02
-4.066006605538163967e+02
-6.366242483533280705e+01
2.230938833579077141e+02
3.511586163124264317e+02
-1.117410747673256282e+02
-8.173381414572079393e+02
4.362963557528404976e+02
-1.090663202205460713e+01
3.249098442921060155e+02
-3.421406083861443221e+02
4.542586753807304234e+01
-1.330354806706203306e+02
8.730688912675319102e+01
2.707498467219994609e+02
2.743133400340288972e+02
2.810464900665169239e+02
1.378756782299522499e+01
-5.203234904376960230e+02
-4.339215189404020521e+02
-3.327882916220582388e+02
-1.633725246120485508e+02
3.141508153132835446e+02
5.390305959844870358e+02
3.515670822754569258e+02
9.787353618687822276e+00
-2.368530033377655570e+02
3.081705573996495673e+02
-2.814208536424231397e+02
3.968579347194133788e+02
3.265336584562606390e+02
4.666863389629197059e+02
-3.469720309867053061e+02
2.822758391111969445e+02
-1.258962915034210823e+02
-3.750802360940688231e+02
1.482298536624772964e+02
2.584518037794367729e+02
-9.870252377124748477e+01
-2.597984868175487350e+02
-4.054039424564120395e+02
-5.604293396295515706e+00
2.806982461481059232e+01
-4.845906100476891538e+02
7.589060152497715706e+01
6.270993214695634776e+01
1.674487931662279436e+02
-3.118765118859233780e+02
-2.349490602679074129e+02
6.905733796675087888e+02
7.221219584162329674e+00
1.006476449303345788e+02
-1.788514460246314997e+01
-3.621159948510751292e+02
1.433510848083558074e+02
-2.962402120812139472e+01
3.147066119653651981e+02
-2.061449730382546477e+02
2.842616882018447768e+02
-2.142333519694675772e+02
-1.775703539140290843e+01
-3.120615029285933133e+02
2.287602591938874639e+02
5.312606022338021461e+01
-1.965154463244455130e+01
-5.017785340188714827e+02
2.651682910115106324e+02
-6.667278685318003681e+02
1.139016660832828762e+02
-5.235043059236593308e+02
-2.654334851564452151e+02
-1.618817373361765419e+02
-7.902351772543083825e+02
-5.227223977251538827e+02
-2.579743946808981150e+02
-9.137473416067250298e+01
-2.264154046258579172e+02
-1.051772440550031860e+02
-2.513166715293270315e+01
-1.872667022117871625e+02
-2.450067846526388280e+02
-1.577309600895686401e+02
-1.387794186879554381e+01
-3.408862487471933491e+02
-8.393848261876919992e+01
-1.934723901309226690e+01
2.231427246339654289e+02
1.230857858670359519e+02
-4.804944023314301660e+01
-3.612289513333063269e+02
-5.323250598240239242e+02
9.794589150179990611e+01
3.514356128602133253e+02
-1.546870108096869671e+02
-2.208621406613980866e+02
-4.287434180991958215e+02
4.742524106456870925e+01
4.252258817255831218e+02
3.265791460172198981e+02
5.996884902555714234e+02
-2.380868045399156685e+01
2.858773046897326253e+02
7.492726230760149519e+01
-6.825848604662412811e+01
5.306821034105942658e+01
-3.053520260786150970e+02
1.998704475772752005e+02
9.806845580204804946e+01
1.726244697731249573e+02
-3.244150669690496898e+02
3.090094048571802432e+02
1.279179564328225069e+02
1.213902008820063543e+02
3.121317712384947072e+02
4.398609943875498516e+02
-1.334529894679122819e+01
1.899329599817599146e+01
1.246626341647693010e+02
9.163186082260472176e+01
-2.814215511950047954e+01
-4.223470181868498230e+02
4.294083134768015952e+01
5.501546869395919082e+00
1.820625818420692497e+02
2.866537752822263769e+02
-2.791041016673241870e+02
-1.334989890133542474e+02
-5.320640427683588314e+02
4.800687231506756802e+02
1.157101927631859866e+02
1.501424796130105506e+02
-3.639875470067643448e+01
-1.115252578619968347e+02
2.027470600656621968e+02
3.851668433390498336e+01
-2.877682202683598689e+02
3.698176002385384464e+01
-2.259516008319534990e+02
1.590783779598748424e+02
1.364409650240855854e+02
-5.659822184095322939e+01
1.715255064293658904e+02
4.877863212048993802e+01
-2.294537187807945315e+02
1.142216894852027593e+02
-2.739450892948334513e+02
1.298400262499906432e+02
