-1.959649917478930774e+03
2.046518382448378134e+03
-3.207290149337593448e+03
4.022014704935779719e+02
-3.376680248862634926e+03
-1.421483205743768622e+03
-2.104219742694609522e+03
-2.777141354153636712e+03
-7.665854510553874661e+02
-8.465195241081734139e+02
-2.773193142942383247e+02
-6.164994344010739269e+02
-1.557571677217241358e+03
4.543091699527311107e+02
-5.372973137068047436e+02
-9.633747244861488070e+02
-7.860427870255923608e+02
-9.217892512546918624e+02
-1.301063814520445703e+03
6.637387850215371827e+02
-3.767637896946571345e+02
-1.284185080934269308e+03
4.326607692571241159e+02
-1.741420375559882132e+03
-1.020910545478638198e+02
7.159295310577814462e+02
5.303078904462025776e+02
-7.423327810999845724e+02
1.294990574809194754e+02
-1.294112481735460051e+03
8.289044767879477149e+02
-4.688970991733334017e+02
2.349576740833042265e+02
8.861784770093621546e+02
-2.188821773389348664e+02
1.022820781971081828e+03
1.682199637474434439e+01
-5.681180645364319162e+02
9.107978206181057601e+01
-1.785916084890130833e+03
1.262736772462575061e+02
-1.060433214708516125e+01
3.970301156726175691e+02
1.495238347125367397e+02
-2.348429940700231668e+02
-6.163669991055700166e+02
4.683988781748343513e+02
8.269121539972741175e+02
8.993716750455701003e+02
-6.448302620091184281e+02
1.005588786667982646e+02
-6.739853484154897956e+01
6.656109150183974066e+01
1.334834236229804389e+02
6.774417532386673884e+02
-7.774559890189178759e+02
1.903004006034637428e+02
1.156720638173916882e+02
1.029517365099609520e+02
7.798302674610539498e+01
1.450732611503267151e+02
-4.767350776748770613e+02
8.132451194823825062e+02
-2.556827389582798844e+02
7.238045820135606618e+02
3.912983076436086094e+02
5.381590551577596671e+02
-1.262260771712576570e+02
6.917276588732955815e+02
2.437034075084200992e+02
-5.771750059057427507e+02
2.041375754866198804e+02
-5.313193734563628823e+01
-2.915921480499634981e+02
-5.625545813080606194e+02
-1.817382316409132557e+02
-9.254575905099734427e+02
4.066181017053267510e+02
4.852923412066163564e+02
-6.846157371046253957e+02
3.760316627808841758e+02
2.928140667018722070e+02
-4.686555299186949952e+01
-6.913702649325834955e+02
-9.220157092666593712e+01
2.637839407095250976e+02
2.445068665641500516e+01
-4.779152661473089552e+02
-5.283817042424157080e+02
-3.191980700111043348e+02
-2.345162489531677750e+02
1.589855764193962386e+02
3.616945966824986840e+02
-4.113723617464279414e+02
2.072352579318420283e+02
-1.756502759757830390e+01
-1.528376810078510744e+02
-1.782008702267557680e+02
-3.826258994785977166e+02
2.647517926878843468e+02
1.918269762696370151e+02
-1.277908374935277749e+02
3.835766449614235967e+02
6.672135407609050617e+01
2.366991319727119674e+02
-6.750399651391787756e+02
6.927820348164551945e+01
-3.038758815311037438e+02
-1.224261853640502409e+02
1.875202983219110706e+02
-5.538808064509056521e+02
-8.076788277867143506e+02
-7.974677584136666155e+02
-1.439249735253659139e+02
2.204899544074062021e+02
5.503250157200686488e+01
1.620282495043566584e+01
-5.633728511585245542e+02
-1.866659385204319506e+02
2.947106677464499853e+02
3.019404127447706969e+02
5.875152890608432017e+02
2.881699941084576722e+02
5.978735988427325054e+01
3.408555499244225189e+02
2.355959035319356758e+02
-6.206154803572137553e+02
2.623573686940003995e+02
6.026416776106275393e+02
2.320954809429009345e+02
-1.462657505099962805e+02
1.117757259047312573e+03
-3.254310803495808955e+02
7.622742562572780400e+01
3.761995719778695388e+02
3.808130587734398773e+02
1.786806344215800948e+02
-1.831482636942793647e+02
7.646265450270928454e+01
1.674869280524934823e+02
1.389655794072860147e+02
-2.228319534224852134e+02
4.791077616961552508e+02
2.167922442407935648e+02
1.649280932888622146e+02
-2.774098247938854342e+02
-2.872650893512357015e+02
7.057022780035480025e+01
4.254376718777237443e+02
2.193835954966148449e+01
1.547810287816713810e+02
-1.425750090181642449e+01
2.414052956688092593e+02
3.181618830500876811e+02
-2.553571256629574862e+02
-2.549109274551643711e+00
2.565467856978568761e+02
3.294458501236258599e+02
-1.236755730759413439e+02
-6.675004573868891384e+02
3.051477794529639596e+02
3.396706086642321765e+01
2.854630610192457993e+02
-3.059729773933532329e+02
4.426025839866174749e+01
3.868378237811757714e+00
1.223904673896558393e+02
3.148110573073186629e+02
4.303303883980628086e+01
1.483820592181812685e+02
1.299842562989482815e+02
-3.731440433863936619e+02
-3.071254528985544425e+02
-1.531773340191952002e+02
-1.278943925029572597e+02
3.526706564541454441e+02
4.098224267535858303e+02
1.728067741789091372e+02
-8.448473724396001217e+01
-2.158141838478887280e+02
2.191600795045402208e+02
-3.780373049181852139e+02
2.400618670627944198e+02
3.765449096461234149e+02
4.058181949186271140e+02
-2.519349154887014208e+02
2.262502978679746661e+02
-1.419243483357287801e+02
-4.307987573729823794e+02
1.898712657182424550e+02
1.083850628809795325e+02
-1.305653959002098077e+02
-3.132915455347769580e+02
-4.395574334516136332e+02
3.750480031999329356e+01
-6.909766777023601492e+01
-4.228378963560816146e+02
1.245557497732873031e+02
8.009140909791611307e+01
1.654016645370037111e+02
-2.819507492874038235e+02
-2.109102901191313038e+02
7.496790775480026241e+02
-5.437928677452356396e+01
9.186876989775530689e+00
-1.449948809616245455e+02
-2.553264482618874922e+02
5.898475283090758126e+01
-6.127757642425941498e+01
2.512301485911772829e+02
-2.179896443245985438e+02
2.401125648231108585e+02
-1.088809588076999546e+02
-1.957109355618726454e+01
-2.399183554725732677e+02
2.441704790716413527e+02
3.729499687246671158e+01
-2.131130216676478639e+01
-4.099983994530117570e+02
2.361615830647721452e+02
-6.484707128056721785e+02
5.582680085248291135e+01
-5.865185928683005159e+02
-1.800776654614050472e+02
-1.252413051678469884e+02
-5.680403635394740149e+02
-4.868197143294875673e+02
-8.858220366775930188e+01
3.368109537252669838e+01
-2.031961629414776667e+02
-8.060428985681413394e+01
-1.540072170268835521e+02
-1.904511035016204801e+02
-2.244521705205272610e+02
-2.989559052487370039e+01
-5.356532310794518281e+01
-3.042530906856475781e+02
2.586499308982482859e+01
-1.013298599616483742e+01
1.693071575472986865e+02
1.266725509741792308e+02
-4.333352123029963820e+01
-3.124826735011369010e+02
-4.020635382235545876e+02
1.196254485926582873e+02
1.458547019958480462e+02
-8.311691581801353834e+01
-2.129434173542807116e+02
-2.986397699699793975e+02
3.221755886668198343e+01
3.895771013866183239e+02
3.481616358726620319e+02
5.080248242338222440e+02
-4.376949378411739389e+01
1.836484557013620531e+02
1.861303933468447838e+02
-5.529875970709746724e+01
2.471634468800101914e+01
-2.827155819520603472e+02
1.371184553600814695e+02
1.186001981238364635e+02
1.368115681643732557e+02
-2.068600854556452759e+02
2.765100493616548079e+02
7.416991505244141081e+01
1.044580391288631773e+02
2.611423958037024704e+02
3.640364962296355316e+02
-4.417105981066047349e+01
1.000467024574196984e+02
-9.389797622705057734e+01
1.071471211073915271e+02
-6.510731040623882393e+01
-3.063127324701860061e+02
6.801846835166377048e+01
-9.181287644041866258e+01
1.439932507823451715e+02
1.763738235953651667e+02
-2.107444530828763902e+02
-9.200484510804007243e+01
-4.405026365656999019e+02
2.855337495025021326e+02
1.221756982063088088e+02
1.399128891191618891e+02
-5.931954735809941326e+01
-5.914836522464288038e+01
2.393842180334393390e+02
3.197917715115161741e+01
-1.351797072301170033e+02
4.325404732952994880e-01
-1.415228953192697929e+02
1.168151321617999514e+02
1.292258666283719037e+02
-5.025571062596660710e+01
1.258277501151211482e+02
1.066646279023805590e+02
-1.756878642161561856e+02
1.309451921738780982e+02
-2.280559407040091742e+02
1.511008126966952148e+02
