4.247538886770985300e+03
-9.338604272404911626e+02
-1.794758952175425748e+03
7.589044681130361596e+02
1.295234741864631360e+03
-2.401474314686693560e+03
-3.262320397581561906e+02
9.585119514976526034e+02
1.408216965768541968e+03
1.487919784026275238e+03
-8.978977215554168367e+01
-1.303478200680790451e+03
-5.846646152372354663e+02
1.321118650920496066e+03
1.626754818135306380e+02
-2.356266129274519244e+03
-7.930533956120784751e+02
-5.010346631513149163e+01
6.534100469544234784e+02
-4.025405125421903563e+02
2.157913592138833678e+02
2.200752157232145407e+02
1.431344544367820617e+03
2.223043836930551151e+02
-2.245375317759140898e+02
7.855372763445368491e+02
1.090016164374348591e+03
-1.117621738367475473e+03
-4.812313443546063354e+02
-9.242435093956298715e+02
3.018887518674316652e+02
6.512212819077801669e+02
-2.899396673917777889e+02
-1.627903139338874610e+02
-2.436520042378451762e+02
1.011476314765521209e+02
-2.751471632949735522e+02
-7.006055972536311174e+02
1.895743303291660311e+02
-6.293214973938285084e+02
-4.519018095559235348e+02
1.985947282583274784e+02
-1.252369404633664516e+02
-4.516248716567990300e+02
5.878528368599929763e+02
-3.020504449139876328e+02
-2.933177459193264554e+02
-5.224535078693705969e+01
4.477758433213663238e+02
2.069494745225954659e+02
-1.312607713955726183e+02
-2.047744667722018903e+02
2.556532654230700530e+02
-3.561606020700118052e+02
-1.419792277531285833e+02
4.710485126935865878e+02
2.740681708232169722e+00
3.753217928009897264e+02
2.318766130456886003e+02
1.539995146063596998e+01
-3.457974724086039942e+02
5.356285527828136992e+02
3.802390370771199173e+02
2.189668976159998408e+02
5.732356395577877350e+00
1.404789163463371438e+02
-6.397662559887440921e+02
-4.021596483269233318e+02
2.701382581467119621e+02
2.848299767482478160e+02
1.961233843816030742e+02
-1.995068038724030259e+02
3.827525330261444765e+02
3.898097668350425806e+02
-1.180866151154943680e+02
-3.823680369524925027e+01
-2.174873664741465689e+02
-2.230946155792167076e+02
-3.102952005469084042e+02
-9.370573671348437017e+01
1.212248084530905885e+02
6.211237624611098340e+01
1.324203628163851931e+02
-8.591421338098329841e+01
-1.520287973363812455e+02
-1.226640027507357900e+01
5.466778573949723352e+01
1.093929892842457434e+02
1.925545984951004357e+02
-2.586271710217354780e+02
-3.818626027709498771e+01
-1.083243128367624166e+02
7.582731593411416782e+01
-3.005734678509161739e+01
-2.639947560727257425e+01
5.769125501791661748e+01
1.269845230203574573e+02
3.449611161488933249e+02
2.417484390290884733e+02
-2.537059643834730309e+02
-2.229335881689541736e+02
-1.619880422386990233e+02
1.024752073600221713e+01
-1.322384409188721577e+02
-1.004749557725103841e+02
-9.943939245722280873e+01
-2.382828312150105035e+02
3.608713391434069706e+01
-4.105376828957795254e+01
5.194904288167896311e+01
2.803549665580916894e+02
1.031810229651151758e+02
1.048763888577594017e+01
4.591835962589725995e+01
-2.249835756654034356e+02
7.748502384599260218e+00
-8.370895451300737022e+01
2.223906668867891057e+01
1.848734599098739011e+02
1.795600246685552577e+02
-1.858362611084950089e+01
7.785116041376937801e+01
7.786746316661066203e+01
1.260219206068623663e+02
5.421074892830278102e+00
-2.312323339089549847e+02
1.679611898837657407e+02
-2.390841089025980182e+02
-2.656667045818205679e+02
-7.475009187034194724e+01
1.393241605630901745e+02
-2.786824709533060940e+01
-4.097871727871298475e+01
-1.077090594050322920e+02
-6.176756756064545328e+01
-1.589790581791546344e+02
-5.774066938817774997e+01
2.734630575847477729e+01
-6.922790739206817534e+01
-9.833409844474373074e+01
1.146598009740967399e+02
3.464966492625480754e+01
-1.186323010553356738e+02
-4.412615939513338503e+01
-5.861531987510443997e+01
9.409645356173494690e+01
-6.677487668804695886e+01
-7.759782173951450090e+01
2.141843748104108869e+01
3.931243168058079362e+01
1.261671760250143706e+02
-1.284717400544529937e+02
1.673213445707598623e+02
-8.439806230356055039e+01
3.527872051711518253e+01
-3.487448623128737069e+01
-2.812782585732959006e+01
-9.582470611511837433e+01
-3.108835678612112829e+01
-6.238015275988534825e+01
7.479658240980315398e+00
1.622238074211213288e+01
1.199108387516264429e+01
3.841969264648609439e+00
2.080568675599697315e+02
-6.597260145399161502e+01
5.656439376742434177e+01
1.992518677367704427e+01
1.595511528454219388e+02
7.435644643789966324e+01
2.662930828820130102e+01
-4.240082046009121086e+01
-9.274211636499023470e-01
8.503093350517032434e+01
6.538356518099536174e+01
9.344985896567477823e+01
9.091406808456338240e+01
1.281477204484835681e+02
-1.241778930786676893e+00
2.964775329843476470e+01
-7.188113266278895708e+01
-5.037677979568220366e+01
-8.596846978210552948e+01
6.707044799130910917e+01
-3.000219647359161712e+01
1.422868947639147734e+02
-2.217504523823873441e+01
-6.268319975634563690e+01
-1.465652684493416018e+02
9.771652815162068961e+00
-4.391631322730675357e+00
-9.759826186668470882e+01
-8.444434572177350162e+01
-4.918526268582824201e+01
-4.109806065374202433e+01
6.202706236302829801e+00
-2.697349708151562098e+01
2.749922759653340876e+01
-2.846925237853326252e+01
2.173085139163942188e+02
-2.641936407380415375e+01
-1.656245923473395365e+01
-1.282954138105143116e+01
-2.362858279530500027e+01
3.304146414176867097e+01
7.130136826707756370e+01
-1.016170799868337440e+02
9.105819851411125043e+00
-1.622608149070672212e+01
-4.648687862022711670e+00
9.711780440168553241e+01
-2.649306353151938520e+00
3.147647192241452530e+01
1.688325900947696141e+02
-8.552447323490142139e+01
-1.078087549022946057e+01
9.346566800517565810e+01
-1.992249425305084642e+01
-2.095409144127338763e+01
-1.269091984754715554e+02
-1.606657472163536582e+01
-9.268300882277550556e+01
-7.351237101642223593e+01
-8.429296152398994479e+01
-3.394914122886330432e+01
1.065630406215227026e+02
-1.280222729249991573e+02
8.866900275910008133e+01
-7.281819526701509915e+01
-1.464205591834468407e+02
1.349957214191494472e+02
1.465313416075129105e+01
2.907079834590977896e+01
-7.077121247269951709e+01
1.322811986888759463e+02
-8.278897373503875201e+01
-1.941946318808962246e+01
5.317931366104619428e+01
6.670547188339934053e+01
8.460763011712870707e+01
-4.196094728136755947e+01
-2.530540136873003831e+01
2.203579669891697108e+02
-6.724277037818531255e+01
2.482426810419411112e+01
-1.180816976188070271e+02
1.889113854761326650e+01
1.648572307386574209e+02
1.050075862016569950e+01
-1.795527940078673623e+01
-7.843935814220267844e+01
-6.815639049077907075e+00
2.806525234977011607e+01
1.256141152626681645e+02
-6.530599552977226097e+01
-3.260924103188485645e+01
-5.961719517117149536e+01
-1.185992957162621337e+02
1.145180659374155852e+02
-9.528127625113343768e+00
1.885057152353716603e+01
3.256176382432696670e+01
7.041255037800202388e+01
-2.646081259812930142e+01
-7.265850122826319080e+01
-2.699676861921658499e+01
-1.194019747703546663e+01
1.649335200079495323e+01
7.640549427222096313e+01
-7.697157677971108569e+01
-1.877795873114969372e-01
-2.015536889789903086e+01
-2.060882945340391359e+01
-5.779938416910299992e+01
1.944245890304340207e+01
6.012844663317241434e+00
-7.453340104494670015e+01
9.139008574185179867e+00
2.836798335421359951e+01
9.357047118545507658e+01
2.179664120853122000e+00
-1.552801995267200823e+02
7.961958975540447625e+01
-5.877413452319576948e+01
-2.030756383783016616e+01
1.437162729257452476e+01
4.675839419785749129e+01
4.479668685875788015e+01
-5.890197366081495289e+01
3.590682402310439869e+01
-2.152897578039311455e+01
-6.107161351284299400e+01
5.524553301083741275e+01
1.533898164051692170e+01
5.093943601574066804e+01
-6.522305983412165276e+00
-1.128254181754011043e+00
-9.100205703818836867e+01
5.859561488641324445e+01
-7.221973269306042198e+01
