6.322290153251811944e+02
2.869627916206151895e+03
-2.644926492186364158e+03
1.049478700643606317e+03
-1.437292883947440714e+03
-1.099000892141771601e+03
-1.594622695864065236e+03
-2.117286618934779654e+03
1.120831614983515237e+03
3.839229919381011769e+02
-3.876093725256390599e+02
-1.366693889226907231e+03
-1.785041189241342636e+03
-3.819261543756509241e+02
1.938919733506411376e+03
-1.263519716436432645e+03
-1.429124698326073258e+03
-2.385646597431875762e+02
-1.128221718441949633e+03
-4.033221121643738911e+02
-1.693538056211252297e+03
-1.495686071900645857e+03
2.609310676768971007e+02
-9.195762053519891879e+02
-9.759408974166699124e+01
-8.091579626940311982e+02
6.580048338391233074e+02
-1.303553115353972558e+00
1.432944056831832711e+02
-6.301194403680701726e+02
-9.271886313522907130e+02
5.170886102930603556e+02
-9.543027851240245809e+02
8.853584259341123470e+02
1.111422208286962032e+01
1.752995100004974915e+01
2.113946068715308684e+02
-1.096266378278356797e+03
1.331911275023275607e+02
-4.490693166099997313e+01
3.322190237545025866e+02
3.166074250892493680e+01
3.969664187181200532e+02
-7.099645772722050197e+02
-1.173892245775311380e+02
-6.815909178354331743e+01
1.031985595378470180e+03
3.015651747746679803e+02
-8.278464175517953549e+01
-1.147360904548051934e+02
7.667944752107810302e+01
-2.065011800846030212e+02
6.345561531290572930e+02
7.043686032997612756e+01
4.161435070620711940e+00
-1.624508356021507325e+02
2.224104273581008329e+02
2.540712075579948817e+02
-4.685329152076351988e+02
-1.619431902445312232e+02
-1.461687654350809566e+02
4.264985789034504933e+02
3.084141225636016088e+02
1.642106410687634366e+02
2.349548672905171145e+02
-2.800937179223139992e+02
1.753521337273140190e+01
-1.717839017658077978e+02
2.906898638606520979e+00
1.402429890116465003e+02
-5.448704822499664715e+02
-1.880758896166310592e+02
-1.990806904564945512e+02
-3.462730087321660335e+02
-4.373767610750350627e+02
1.458147519544071145e+02
-4.566538764022401438e+02
-1.510623493072735073e+02
3.551328513693514992e+02
-4.249037806450693893e+02
-2.544384687203864814e+02
2.151789412873906713e+02
1.772135552093651540e+02
2.116171086632286347e+02
7.008017376689649325e+01
2.036964622995339980e+01
-1.297165288780711023e+02
-1.748999308445817178e+02
-6.649280799694380448e+02
-1.802522193855140245e+02
9.262378064249767817e+01
1.697614781205580243e+02
-9.727970889917315844e+01
5.194965054377124858e+01
8.573778195082006448e+01
-5.210656062679158396e+01
3.611886249313041048e+02
5.938436508479421150e+01
8.175136378112262125e-01
-3.214591588995723725e+01
2.301631014613532784e+02
-8.882420267097566580e+01
-1.510606286659434829e+02
2.388296480621489479e+02
1.624697822878659395e+02
1.334999604448956063e+02
4.319771885351742924e+01
-8.061841786521475228e+01
2.797929184838490073e+02
9.617189084511724673e+01
1.459737971555852596e+02
-1.963953393354984485e+02
-5.442226548335254392e+02
-3.181959032850657536e+02
1.875947644196027113e+02
-1.872049592270444975e+02
-1.575053683653020471e+02
-3.559275014194776645e+02
-6.273344347095678586e+02
3.388333805272474137e+02
8.691730784116272446e+01
4.009582309961268152e+02
1.715679022580710864e+02
-1.289253141862519669e+01
1.277188464895317850e+02
-1.288501029065356249e+02
-1.900010328890901690e+02
-2.220130857382508225e+02
2.489769370867002181e+02
2.682356207772909897e+02
-3.640364619276147096e+01
3.946429346151357436e+02
-2.171017097713566955e+02
2.778926339726509696e+02
3.088081471065139993e+01
-8.272189958143702881e+01
7.825581765532955103e+01
-3.771281450581504942e+02
5.494834002657088945e+01
7.810458063775864446e+01
-1.991747727062865749e+02
-5.845547220059138738e+01
3.491797145603819672e+02
1.876971596175085040e+02
7.640361414059567835e+01
-1.022547451659179387e+02
-1.429283911875533306e+02
-1.106369932152712749e+02
1.334846196220510990e+02
2.415162534821592999e+01
3.150694020552447938e+01
-3.530854104517981682e+02
3.463353166259872040e+01
-4.025213454541644253e+00
-9.137002668963171459e+01
-7.135509990337391173e+01
-1.765614407850331986e+02
1.081261732376119937e+02
-1.963403227613486877e+02
-1.371427785713286482e+02
-1.049143811192075617e+02
1.613042047326247825e+02
-4.361471118347230203e+01
-6.731169130265172384e+01
-1.722009589534214342e+02
-1.470499400775303833e+01
-7.242653646698195757e+01
1.253218563019885181e+02
-1.091427717787654785e+02
6.164814704721260341e+01
-1.762200456162144349e+02
-1.174794469612977537e+02
1.084762814676227194e+01
1.537429848896634610e+02
-1.175748716488910617e+02
7.077368570476927800e+01
2.073361113285057513e+02
-1.033003767157530177e+02
2.350725408784223802e+01
4.601817518477249536e+01
5.138095475280901780e+01
-6.262576294035913094e+01
1.598807785152860106e+02
1.128676211521176072e+02
3.376536489036121935e+01
1.041488918158787271e+02
-9.269781722386261436e+01
-4.170973797767565117e+01
6.455805064308418650e+01
-2.981530011600975882e+01
-4.433755438485707856e+01
-8.598723006753395737e+00
-3.712767002962002749e+01
-1.691325948935669885e+02
1.348837308063699147e+01
-8.794833222749403490e+01
-2.292327343035324532e+02
1.069787280117398041e+02
5.573538893554749762e+01
7.941904784974219922e+01
-1.019929265318987177e+02
-2.592701822704270498e+01
2.354553726348376586e+02
3.148191369949030260e+01
-4.829664368126042717e+01
-1.993117512814048666e+02
-9.632812834944688518e+01
-4.443028243882950257e+00
-6.432254671412263747e+01
1.310831736301019248e+02
-1.953016789712604506e+01
-1.133478013959831010e+01
-8.936456327311444170e+01
-2.300319779531635334e+02
-5.811836099927987220e+01
1.513017124378870335e+02
1.315113422956619900e+02
7.462732761620002875e-02
-6.672102069929960066e+01
1.807359050825046438e+02
-8.010411398135099148e+01
4.212118802504033255e+01
-7.236277353068925322e+01
6.184441813554111178e+01
7.711935158236009613e+01
-2.186755799894375514e+02
-1.178941336419165253e+02
8.576740556535646931e+01
4.380188436272668895e+01
-2.574355981954853689e+01
-1.592817741396892295e+01
3.121609923355056893e+01
-9.329357982320833287e+01
5.661574615963867352e+00
1.482128471334775810e+01
-1.479508650867603308e+02
4.130889820157001679e+01
9.518781795320990113e+01
4.019973421302212557e+01
-5.963254358269910682e+01
-4.572625881422795402e+01
2.464556717662594565e+01
-2.704529453200548232e+02
-1.013321181484528779e+02
7.858907430428348562e+01
-8.534193804420479523e+01
5.715940203260107211e+01
8.813224045058882439e+01
-9.864427904622989729e+01
-3.022082711071927719e+01
4.190025444920468800e+01
2.760963927703682685e+01
1.368739328392051675e+02
5.918999277449854901e+01
-2.701878353417848899e+01
1.144633839956947696e+02
1.753015362062840055e+01
-1.330054230684869410e+01
-6.468353633699250338e+01
8.008713085118527886e+01
1.133327285806394435e+01
1.064986107562175448e+02
-1.298329572704340649e+02
4.912763268225709368e+01
-1.543399857450129673e+02
5.262233652588865596e+01
1.823556318985206417e+02
1.907288559452451580e+02
-5.356502150591155242e+01
7.393212938170835002e+01
-6.866156842939794558e+01
6.827544483220964366e+01
-1.574612582986448395e+01
-3.855350425500324008e+01
9.255331651617414446e-01
-1.719965171708676621e+02
-2.244444611558382618e+01
4.574159765362020380e+01
-7.329575308638929698e+01
-6.993692056201930995e+01
-1.719485894436795093e+02
8.626505212352415697e+01
2.637503644574100647e+01
2.421677488044342397e+01
-4.694260457830924338e+01
-1.862703486141024101e+01
6.068469388412249543e+01
7.171098197973464039e+01
5.037632130138437248e+01
6.278693985921427867e+01
2.365336681912019756e+01
5.085104670644813751e+01
5.992051423664018017e+01
-9.710992743021529705e+00
3.792681074894646542e+01
1.033697386848801187e+02
7.347739333635711034e+01
3.794917463665553470e+01
-4.530253303822492228e+01
8.079871566325027743e+01
