-3.685890878367530377e+02
-6.327995026532197699e+03
5.187511065124930383e+02
1.017096845967163176e+03
-1.576201009081855489e+02
-2.645161019206656420e+03
1.343662983889880707e+03
1.215678354019072913e+03
2.192502748854722995e+03
7.587006152695463470e+02
7.878740948061135896e+02
-1.312791286001477602e+03
-6.855972207005684140e+02
3.046534221587346565e+03
-1.830524670818423374e+02
7.403226303018414001e+01
-3.467940522353084134e+02
-2.466765728779157598e+03
5.316163712794923413e+02
2.002409186726637699e+03
8.562609390712179902e+02
3.558920520190302454e+02
1.276108196689109036e+03
-1.792834447139875067e+02
5.869898465960825433e+02
-1.420171856652739962e+03
-3.076048269543990159e+02
-1.313984239243468664e+03
-1.216936598500499485e+03
6.938234551831988028e+01
-1.251768296354381391e+03
8.926436653999799375e+01
2.272849764540037540e+03
-2.877076777098230309e+02
-1.530129277981871496e+02
9.333296552399976065e+01
7.801618839094599025e+02
-7.876738067991804648e+00
-6.024281494603502551e+02
-1.507406026258291547e+02
4.189049271452400944e+02
-2.406436301826664135e+02
-4.265495579844258032e+02
8.486250507626456283e+02
-1.969840566239183204e+02
1.174563290445050079e+01
9.022113644576735680e+01
1.690727356509125201e+01
-7.612674388557485372e+02
-7.051139304243089327e+02
-8.906018929105698589e+02
9.755477000404787304e+02
-4.871604781875383310e+02
2.703313705134357292e+02
-7.007476933403859221e+02
5.074848199937789559e+02
4.274057149256245793e+02
1.907983367018841136e+03
-5.429797790350457944e+02
7.162356903784914266e+02
-2.546822322572988071e+02
-1.566400736310238472e+03
-1.744200093672506000e+02
-6.523305255241940586e+02
-2.084622745900704501e+02
1.161891025075463176e+03
1.045239843245060456e+03
1.125823019458875933e+03
2.190414523542939946e+02
1.911529364163800722e+02
9.457893060683577460e+02
3.133873548804702978e+02
5.446767975739917347e+02
3.014478419773790847e+02
-4.080259100083688963e+02
-7.034209274690126676e+02
3.487248468782904069e+02
-1.565859473332883454e+02
1.007972493491802197e+03
-8.279102547244670518e+01
2.614936258448461786e+02
2.419195709186849683e+02
-7.493966435219739708e+01
4.324168116734675777e+02
6.146364973109514267e+02
1.852425539803319623e+02
-1.095697255882598938e+03
-1.357742334358938194e+02
-5.143916516361656477e+02
-3.849556254487395108e+02
5.342872751194073544e+02
-1.684486302228284273e+02
-1.419563298894052972e+00
-5.218252424555861353e+02
6.839566795729225532e+02
2.762185474506973151e+02
-2.466561212732158879e+02
-4.589856815876550655e+01
2.823019985579539366e+02
2.086865991432673297e+02
-1.737439512526049441e+02
-3.810526053278965541e+00
1.056245142718747729e+02
5.807079377059441327e+01
-3.636652383241650455e+02
-6.470259532905135984e+02
-2.938976889589336565e+02
-1.784897443710989933e+02
-1.098594253935812759e+01
3.540294913799511960e+02
-3.097801615049521615e+02
-1.765653040653874939e+02
6.813960066926260879e+02
-6.686585513500392608e+02
2.333241234743170764e+02
4.652026330906689822e+00
-8.833822572436791916e+02
-6.208756620450702712e+02
-7.886077160795366581e+02
2.377975893555462221e+02
3.461506372711455697e+02
6.916313701994511121e+01
1.720626990040693727e+02
3.237025764819746314e+02
9.918000163827391589e+02
-7.806742127081655269e+01
-1.033122285166446943e+02
-1.952968663557028606e+02
8.709638888327563109e+02
3.038766005830952963e+02
-2.034723628277576211e+02
-5.588737843762010016e+02
-4.982665320962890974e+02
5.207628045514850328e+02
4.213066200201399738e+02
-1.416115796383575116e+02
-2.222115467324376539e+02
-2.335604023233558735e+02
5.157882943212895555e+01
5.273194520555013014e+02
-4.013134509621611414e+02
1.498628388818972113e+01
4.486824071515648882e+01
5.233943729363500097e+02
-4.910295133920980675e+02
5.157411964244917044e+02
-1.618258099725312036e+02
3.789560657404977633e+02
2.089250111277206940e+02
4.147421286072685120e+01
-1.529368954086522479e+02
-1.753948510513071994e+02
-2.963373271591510729e+02
-7.575046114393902030e+01
-5.609654689137411196e+02
-1.154984583468480537e+02
-1.131212678534339773e+02
6.258531952745325952e+02
1.692227955016861074e+02
-9.198302363621949951e+01
-5.481380585888414458e+01
1.359940924634531711e+02
-3.322980253398812351e+02
1.152300272368906064e+02
-4.107835497787751819e+02
1.057684542454377095e+02
-3.001253062455131158e+02
-2.352772933477026811e+02
8.003509493983165157e+01
-1.991611030001512290e+02
9.892237609782633001e+01
2.151363167890947921e+02
3.084235813789163103e+02
-2.631086810914356988e+02
-1.158999348385979005e+02
2.934747637009893992e+02
-7.260291282424175563e+01
-4.068395803334391871e+02
-2.757725383879915739e+02
-3.994610095078436984e+02
2.847255663423104011e+02
8.447014123528278162e+01
6.005349193492921813e+02
-1.431481428988116456e+01
1.579540071678927404e+02
-1.176214207927713602e+02
1.641274722143626263e+02
-1.030010552939433808e+02
8.795392562918269164e+01
-1.571743670742422978e+02
-2.035026731236961837e+02
-3.826295299017029379e+02
1.477163470211913818e+02
8.876573556406911791e+01
9.636885403314232690e+01
-4.785208957193852370e+02
-1.108084310756573814e+02
-4.147195226099843239e+02
-1.671398820749314496e+02
1.381393151090080949e+02
-1.183521551463653942e+01
2.747441029619500341e+02
8.022202304577272116e+02
-2.346370373049690272e+02
1.249050979312447538e+02
-1.231509248663711134e+02
-2.389842521435244009e+02
5.297182521901011398e+01
-4.421810763193007432e+01
-1.202603046285923938e+01
-4.552085087021913523e+01
-2.568749185005572144e+01
-7.290886917018391955e+01
3.069018377505512944e+02
-7.574303960211665299e+01
-1.790874725386665034e+02
-1.148290841011336028e+02
2.207572029298036682e+02
-2.501370179217084910e+02
-5.057156501674370475e+02
-6.839174413856343904e+01
1.274066909282507680e+02
-1.598466338742780977e+02
-2.231440823561723619e+02
-9.636900974966248157e+01
7.938925514090134072e+01
-1.814545760610231753e+02
2.659150887355916097e+02
1.201704431066698220e+02
1.383004237851347398e+02
-6.484186895176870635e+00
-1.530726934145438634e+02
-2.383491915690259475e+02
1.405775516491709141e+02
-8.588159007189723582e+01
-2.235834626946660535e+02
-9.143196323808165005e+01
5.628502812776739574e+02
-1.745299600728540383e+02
-4.368151668611288301e+02
2.811192900031148838e+02
3.365959282823536114e+02
-1.579275233983972448e+01
2.252256194352453278e+01
-1.448388454314412854e+02
-2.666334380912279016e+02
1.454333725310572731e+02
-2.810646848994798219e+00
1.050111032927198380e+02
-1.212582203905279385e+02
-1.278342094751662330e+02
3.124543302352277010e+02
-2.253266120547919513e+02
-3.845112557485439879e+02
5.646700768178630625e+01
1.866138890170331877e+02
-3.878694657671931623e+02
-2.358378309328136027e+02
-4.195608698777109957e+00
-8.357640741441163357e+01
8.937249765073386243e+01
1.414133860877419409e+02
-5.571595420760139916e+01
-2.411388033038506080e+02
2.862139291084430965e+02
2.844147052175653698e+02
4.541240638122106361e+02
-1.992934987873497334e+02
-2.859585644295508473e+02
-2.171322851460131460e+02
-2.588983672989580214e+02
6.595324254881309400e+01
1.158017037361989736e+02
3.177779874206368618e+02
-3.881915872914821364e+01
-1.393772613808266101e+02
2.154338824595437529e+02
-1.317883924908511233e+02
1.884277264936819449e+02
-1.209697048808970408e+02
-5.025278367470206575e+01
2.141550393025836385e+01
3.082255697903348235e+01
1.438231823984739037e+02
3.048811112996843775e+01
1.388063535616794013e+02
-1.007710372759245416e+02
3.811081409278447154e+02
1.801915078273528081e+02
1.424994894718657577e+02
1.579346848798706731e+02
-1.525684613537477219e+01
-5.412336946900419576e+01
-1.269874243607232529e+02
-3.289325732960246000e+02
-1.007857539699501359e+02
2.608828325896606515e+00
-8.018420005101334880e+01
-3.090815337238928464e+02
2.981027331312548654e+02
