3.210067313531609670e+03
-4.333729050462540727e+03
4.358540794555719344e+02
6.076725540994583525e+02
-5.578006830287974935e+02
-2.143033111318546162e+03
9.157629737986096643e+02
6.815111198466146334e+02
2.814254087337469173e+03
6.152068715163854904e+02
4.057538699714253880e+02
-4.412756003667944924e+02
-1.335025788815963097e+03
2.558535619911740014e+03
-1.157217107136741703e+02
7.275720769995714363e+02
-7.409864121635563379e+02
-2.142044032206546945e+03
5.967531227298372869e+02
1.856488193395643293e+03
-1.243133968624055825e+02
1.027848912754097057e+02
1.373093549884179083e+03
8.772898551899384501e+00
6.886922650677690854e+02
-1.754404541520015982e+03
-5.164542802313790162e+02
-1.717381692132215221e+03
-1.685929202230348949e+02
1.752494216622630461e+02
-1.140576532944247447e+03
4.608850692108823068e+02
1.889652522182135499e+03
4.290866636027021173e+02
-2.913167604588679183e+02
1.613973039876507443e+01
3.680232339697291764e+02
-4.609610874851858142e+01
-3.318402207008275013e+02
-2.968748112874803269e+02
3.690719013741397703e+02
-1.456507108582232490e+02
-9.524927270742261953e+02
3.464364192301644607e+02
-1.282291448214075899e+03
-4.506315397587525808e+02
-4.821691396635768569e+02
-6.966903048886013039e+02
-7.385158697130477776e+02
1.701054906643279310e+02
-1.922449059317047215e+02
9.632755619636983511e+02
1.925712399065205034e+02
8.333671401757966635e+01
-5.916934071905914152e+02
4.362586991501441958e+02
1.512574978877823355e+02
4.890809942760349713e+02
-6.068120620083218455e+02
9.974806302716912398e+01
-6.367664355645379146e+02
-1.380373407092779701e+02
-3.395334247057336938e+02
3.252018967410103301e+02
-1.174414798291413007e+02
2.474235094724089379e+02
1.117827751389344400e+02
-2.456706940696810193e+02
-4.283070116251993227e+02
-1.770753767475763993e+02
4.029196894547432066e+02
-3.900357348986740931e+02
3.895949435502739107e+02
-1.952796600453933991e+02
-4.596766748236564695e+02
-3.362986212546935008e+02
-1.016094781783661034e+02
4.237553997236608438e+02
1.696238101319636371e+02
3.117468118903360050e+02
-1.721779167259043106e+02
3.837092741184100078e+02
7.441792484480218661e+01
-9.322664754998653791e+01
2.529497919579362417e+02
2.577910479192757975e+02
-8.031358863020885792e+02
-1.565205173911989256e+01
1.753423124547115322e+02
-1.774373028026169550e+02
2.070666672067831087e+02
1.107215884411596249e+02
-4.429930658263398868e+02
-3.570081246049554835e+01
-2.029966185245248766e+02
-9.174639751253991449e+01
-1.511426213893713282e+02
2.134562147406472548e+02
-8.111539736790473398e+01
-1.195487821539331179e+02
-7.744785495036045120e+01
-2.140398084798941447e+00
-2.834398331974564940e+02
1.620019754722973460e+02
-1.833191239261364274e+02
-5.214599436752960173e+02
-1.177983837194211816e+02
1.749748427359297978e+02
5.736210621296470080e+00
8.623171821632436718e+01
3.600250239070555835e+01
1.256619836063762534e+02
5.942658722268926113e+02
-1.145421205843289272e+02
2.307954408467190888e+01
3.006350797349068102e+02
2.004062682265236504e+02
1.169289269099608077e+02
-2.059046451401843569e+01
5.905636592934200735e+01
3.418931246145535283e+02
-1.334781529454977544e+02
2.371288940121693543e+02
1.620617383916517156e+02
2.746971046200250726e+02
-2.489389147546715435e+02
2.861044355404519024e+02
3.626513236757268146e+02
-3.495460957615580622e+00
-9.055267181101609708e+01
-2.787424384815259373e+02
-9.708155187456276280e+01
3.223320229444526603e+02
-2.493566338034468686e+02
4.684381446197527055e+01
2.293723491330596858e+02
-4.314079534598587315e+02
1.406728902742910918e+02
-1.030420274328276378e+02
-1.748748130333138135e+02
-2.219771317158174213e+02
1.616188490406304012e+01
-8.401074876683929915e+01
1.380435264992103157e+02
-2.637828966055691637e+01
-7.260223066518869928e+01
-2.157106260645770845e+01
2.140216284276567649e+01
1.263949602107305026e+02
1.128219906325198529e+01
-1.752003388601683014e+02
6.352163011899196476e+01
2.606184600423308595e+01
-1.778075655488534323e+02
-2.364557753637925543e+02
2.404408953187343059e+02
5.651332589275828155e+01
2.700566197653594145e+02
1.633874369129519550e+02
3.984070559686043111e+01
1.904594313451954406e+02
3.376389840472124604e+01
4.207421379901129654e+01
2.261433348452459597e+02
1.093623086529266857e+02
-1.028616531458189343e+02
1.192715237203419676e+01
-2.552004497799788396e+02
3.368450989596360046e+02
9.581476441145683509e+01
-1.332187229383878702e+01
-8.103576680304017543e+01
9.962874277566814385e+01
-1.240310507313152755e+02
-1.742991663336399597e+02
-4.703597222752813423e+01
-1.053695829022394435e+02
1.417468588215177476e+02
9.265722214177621652e+00
-2.831353856464602927e+02
6.728576322311126034e+01
4.289129356970436646e+01
2.033692216704546922e+02
-2.008958313817429620e+00
-1.420527536917877143e+01
-6.733845716312110596e+01
7.068483592288171735e+01
-9.200715638394277107e+01
-9.705029705866689937e+01
-9.623039553945649516e+01
-1.610515007527239817e+01
-7.084961096467441166e+01
2.475570618200848969e+02
1.253398047485863032e+02
-6.415448184096779016e+01
-3.782702854300022466e+01
-1.470970713759546413e+02
-3.272496227269977354e+00
3.901255218749760445e+01
5.036387867548442365e+00
-9.315600394206948920e+01
1.308924148202123092e+02
1.061510302494021829e+02
-7.825196693275397308e+01
-2.762557020090293491e+01
7.168421676106262908e+01
-1.249481350622132112e+02
3.903579621390623799e+01
-6.121377451149989923e+01
-4.261632069750492247e-01
2.985329726302781950e+01
1.506852509234607567e+02
-2.208025803828094524e+01
2.068509881737437581e+02
-1.316117084338578707e+02
-6.858454254333052802e+01
6.075159518006454817e+01
-4.091428198822796958e+01
-1.823788036388883711e+02
-3.181037603085632099e+02
-1.443150249435122490e+01
9.106072892897437043e+01
-6.125272506754301816e+01
-7.255563087536189393e+00
-6.326260738555030372e+01
-7.425201724054581121e+01
-1.447547626606003632e+02
-1.245491103081271973e+02
-8.957954046460082509e+01
4.679074536981857335e+01
8.771834972207200565e+01
-1.227731083195243542e+02
-3.440445031654552821e+01
6.303716963882844482e+01
-1.915601536598036034e+02
1.339556745617726108e+02
-7.938015472679003892e+01
4.333623924462982302e+01
-1.816263728110305342e+00
9.010279005370620098e+01
1.316567649478420492e+02
1.060819557147148515e+02
8.341964554375645946e+01
-5.487367086467973820e+01
4.187783824385432752e+01
4.223801765869735902e+01
-7.624112944319429630e+01
-7.657478226628265361e+01
-5.272865740174241012e+01
4.386587538308774015e+01
3.598954475337936998e+01
1.225375895933910755e+02
-1.297572639924137263e+02
-1.166130994994499162e+02
1.141631218503941980e+01
7.662396704027425187e+01
-1.324666827377221807e+02
-4.634220296681790785e+01
7.937849596940479557e+01
6.231636475426618205e+01
1.532226889493906015e+02
-6.883891567497208541e+01
7.535305844309165479e+01
7.485613342523768665e+01
1.558721585060742143e+02
8.432733201500299458e+01
6.791410141899666542e+01
1.332981817587631035e+01
-9.035060921845165183e+01
-1.721746043162059436e+02
-4.691684922390752632e+01
3.650845726485397336e+01
-6.785175030359859250e+01
1.637343970099507828e+01
-1.025863631180543045e+01
1.076326143146168057e+01
-2.931984657501267577e+00
-1.454412769343721124e+01
-4.038032014082055809e+01
3.944072878277870586e+01
-7.254830619779484380e+01
2.547811470616824892e+01
1.806168680084042188e+00
-1.179274205897356609e+02
1.135062037673813933e+02
2.270718486760875265e+01
-5.095496223204762742e+01
3.394226579702204560e+01
3.859990918515391201e+01
-3.468048744635037650e+01
2.715608397159200038e+01
1.254578839172756233e+01
-4.318854436883338366e+01
2.735093750858835904e+01
6.182903739489955797e+01
5.038084267620110523e+01
1.130374880839810636e+01
-4.317138819658621784e+00
-9.659835540031066614e+01
4.690496623942684096e+01
