-2.349111135116103924e+03
-3.677733915309893746e+03
-2.174957767689062166e+03
-1.045793173825843070e+01
-1.554368638249895866e+03
-3.061527663471361393e+03
-9.493255719424051904e+02
-5.404892562406258705e+00
-1.353481248258798928e+02
7.513169867026646216e+02
-1.733194346097609923e+03
-4.932753778374177273e+03
1.165493390134134643e+03
-7.078116835263508619e+02
-7.784526181579664126e+02
-2.726121611159066106e+03
1.296727149232617421e+03
-4.252604188846262190e+01
4.904520544512039351e+02
-6.518218850206689012e+02
8.445022534093877766e+02
7.996665592448987780e+00
-8.512074733601767775e+02
2.529455763718307480e+03
5.200069296350873174e+02
3.348270378132236829e+02
1.051267459858113398e+03
6.429736049990647189e+02
-7.226408930253245444e+02
1.093994709982588802e+03
-5.015950257369532750e+01
-4.070569410827785646e+02
-1.106403555369416608e+03
-5.623351236780961244e+02
-1.070207623322147128e+03
-1.267939418271975228e+03
3.290896076137950672e+02
1.426053819813991197e+02
4.076600091600446376e+02
1.755290512095819849e+03
1.005335968187049843e+03
-5.592813484911363275e+02
1.013669356419217138e+02
1.604644617482929334e+03
2.411629261682855656e+02
1.413858555724035796e+03
3.312910703835655681e+02
1.611799012924225849e+02
-1.029961279860327522e+03
-6.119550425284583071e+02
-6.343733117951085205e+02
7.723055399140399686e+02
-1.482721576352296552e+03
-6.773196181102881610e+02
-9.165138084702704191e+02
6.396786766808661469e+02
1.562997910304829702e+03
5.832776413465289806e+02
-2.441409825361580772e+02
5.565193929160009247e+02
7.722697711117201607e+02
-1.410611551742506208e+03
1.491558527503686093e+02
-1.238426663300370137e+03
3.507577213186535232e+02
3.305111967184873834e+02
8.628659184054138223e+02
7.460988398880716659e+02
-6.010047657743748459e+02
-3.322996603893437282e+02
-8.280041328645074827e+01
8.534768475358722526e+02
-5.639583376390050944e+02
9.715742790995858513e+02
8.346366567773476390e+02
-7.355052409316861031e+02
1.251377326636035292e+02
-1.011676125543821172e+03
5.636913889344186828e+02
-3.814425935080543582e+02
-3.358637242160765481e+02
-4.375042283073665885e+02
1.324779207813049027e+02
2.052694351060231668e+02
6.687285825374923434e+02
-1.709614140524316781e+02
-9.855216962638162386e+02
1.324761979512445862e+02
2.148359286533796251e+02
-7.194930866749599545e+02
1.098841235073434518e+03
-1.504365975631920946e+02
-5.110533242861673671e+02
-3.381982333867664465e+02
1.315003610459941683e+03
-2.082585631684199825e+02
-5.890806737972454812e+02
-1.229503037780764885e+02
9.294913939361375554e+00
-1.229426355879614050e+02
-4.875951390108509997e+01
-1.606052577554852121e+02
-1.382166757136724478e+01
3.204484835721527247e+02
3.242930193034715103e+02
-1.236058152494772742e+02
2.850678395603169974e+02
5.139481592681221400e+01
-3.497672974562239006e+02
4.107686427373807874e+02
-3.265439207082009148e+02
-1.697165118005005979e+01
3.149307863944514452e+02
-5.644938353399027164e+02
-4.953577192825605047e-01
3.706885150766569836e+01
-7.257340852171273582e+02
-6.937348873665151814e+02
-4.475143753958030857e+01
2.704273406897984842e+02
-1.218814611456358818e+02
3.511860360799897762e+02
2.279166553728501299e+02
-1.511738757275140870e+02
5.047779601240088709e+02
-1.418932093242367500e+02
-3.233922218192286664e+02
-4.408852921169802244e+02
3.672186255253085392e+02
9.143885516516082816e+02
1.204076990873247865e+02
-8.041963841678265226e+02
-1.257286149803822127e+03
1.098133816224495604e+03
2.035443349340109478e+02
-3.233534952116779095e+02
4.421935334114674561e+02
-5.878958423452679654e+02
1.934904689979321404e+02
1.056702607917160321e+03
-2.417390991134758238e+01
5.019694503714757730e+02
-3.476705720952384695e+02
1.147168025160393199e+03
-8.375049481821495192e+02
5.269805932497430376e+02
5.527226656165338454e+02
-1.464930230117566339e+02
-1.202395776783968131e+02
8.777927917386759304e+01
-2.708670212402760740e+02
-4.514405998424911104e+02
-4.890044322363951323e+02
1.001862269205281706e+02
-8.305592058467550487e+02
-5.406309105731611453e+02
-2.312116533818107555e+01
1.132895689496327520e+02
-1.598395910715108847e+01
7.900798335844889380e+02
-5.336881568155114337e+02
-3.859229265208045376e+02
-9.075595066256984182e+02
4.570332908936180161e+02
-5.397609983626683743e+02
-1.552479362403701302e+01
-2.429666209516630886e+02
-5.110884663489575246e+02
3.507687315618341017e+02
-6.404245531267683873e+02
1.390441418530012925e+02
8.260029606474211050e+02
3.537387442758983980e+02
-3.606914734000396550e+01
5.354647252001416291e+01
2.297131965117087304e+02
-3.306491284084953008e+02
-7.626459575470737491e+02
-1.400583833296985574e+02
2.127473354329001722e+02
5.402715111838861048e+02
-2.663906909465767825e+01
2.884617930872881288e+02
-3.179737651922448549e+02
1.347139349412699971e+02
5.160803720874126839e+02
-4.039038819352007259e+00
2.250741258945930383e+02
1.235464129075643598e+02
-1.174884397698212979e+02
-8.129164934920768815e+01
-8.509820879579101529e+02
2.872336516161294639e+01
1.976757913495721937e+02
1.164220002794820346e+02
-5.047144011859344346e+02
3.887208493153170252e+02
-4.446462629087858431e+02
1.646023691210074560e+02
1.212323685029789573e+02
-3.745968314548660061e+01
3.620345289119049994e+02
2.948332350949851275e+02
-4.095462457132971394e+02
1.528029757228109702e+02
-2.548519244028199466e+02
1.651224313468787557e+02
4.913048912684184870e+02
-1.791931858241309499e+02
-7.905694954362327564e+01
-7.621380529058303921e+01
-5.918743434788545983e+02
5.923127225125617201e+01
-1.615198980415707908e+01
-1.303600456915947063e+02
-5.217279308848726487e+02
-1.442693760814683515e+02
6.322667145867843885e+01
-3.071387076227509851e+02
-3.100854295396563884e+02
4.819205822870775258e+00
2.625709292568362230e+02
-1.473356210596703306e+02
-4.209370519642064323e+02
-5.219375914424184657e+02
-6.439950335096384038e+01
-9.285138856397330187e+01
2.058466904807153810e+02
2.859133602153672200e+02
1.126492387367121921e+02
-2.209039024107290459e+02
-2.180252037229721793e+02
-6.209181362092261907e+02
5.022726622849903606e+02
1.772108682969932829e+02
-4.789889820806832290e+02
-5.770210918384190535e+01
6.992695185901313835e+02
1.002137652701441510e+02
-4.116508371754910058e+02
3.427221297401127345e+02
3.562000073279549497e+02
-2.830115560277800455e+02
4.738782176567916054e+02
-4.850820081645762798e+02
-5.444048059064388099e+02
9.895495214739996470e+01
2.368458591745933006e+02
4.386083737883223534e+02
-2.856967032031973304e+02
-2.718916395413488090e+02
2.136269142069118061e+02
-1.649783153709178407e+02
-1.626201294313617325e+02
-4.286232289416819441e+01
-6.763376647971131206e+01
-5.299859207742887293e+02
-1.405604297835882619e+02
-3.833998619281999964e+01
-1.472649878409793889e+00
2.536505846974746703e+02
4.615290980957581723e+02
-3.877724452539998534e+00
-5.316528007064874828e+02
5.398910589097556567e+02
6.275611202347847950e+01
5.981923195819182411e+02
-2.228496945252975365e+02
-2.570953509828069627e+02
-2.614201818090893994e+02
-6.907039412886669538e+01
-4.434743444639590848e+02
5.166614815143143460e+02
4.793630044338579523e+02
-2.236405406150221324e+02
-6.287679351818754725e+01
9.359669803148380041e+00
1.291868929939009547e+02
4.525205082082840704e+02
-3.805585621369579741e+01
-1.245234242751280220e+02
1.374260711911307986e+01
1.744790947533562928e+02
3.001302814743310705e+02
-4.571765271153662979e+01
2.263531428422438410e+02
-3.516198802129326850e+02
2.761673758800307041e+02
1.962046699159740228e+02
9.119602092909960334e+01
3.056192482402370274e+02
7.102989058009917755e+01
-1.419211424994368826e+02
-1.845558241986185806e+02
-8.050463559729081453e+02
-1.029921443627659983e+01
-4.622090646944715076e+01
-5.571524733754508674e+01
-2.691288867975152925e+02
5.597459530942551282e+02
