4.165104843443742197e+02
-2.954991170202188187e+03
1.373613996934381703e+03
4.629033357139730924e+02
-2.562020399993455612e+03
4.201524146315226176e+02
3.269708748660218323e-01
8.075947712450397376e+02
2.366668640823678743e+03
1.898918124140502641e+02
4.285766904087507783e+02
1.036635156880156728e+03
-2.857867326391604365e+03
1.950086949999523085e+03
-2.139373695507010211e+02
1.413723031869998522e+03
-5.691269342173487757e+02
-1.789479467372554154e+03
8.430949284559929424e+01
1.420246377018284420e+03
-1.335709056934960927e+03
-1.099732235906515825e+03
7.738167753875641210e+02
-8.198131925096892019e+02
9.315456454959104349e+02
-2.702427274702410159e+03
2.215704094395458128e+02
-2.167072547029772977e+03
-9.711657700429005899e+02
1.981495661882214847e+02
-2.051726662252142219e+01
-8.530567715199915710e+02
1.346786138492605232e+03
1.169515319150665619e+03
5.513373903128673419e+02
1.581754206348390653e+03
5.802476690910750676e+02
-1.280929824939180719e+02
4.294364944639641521e+02
-1.691089123038771049e+03
-2.378135620841746629e+02
6.526444997564511823e+02
-5.462449785316021007e+02
-1.875166234287074190e+02
-1.428385254937085847e+03
-1.724028421758737522e+03
9.682386631328186013e+02
1.004054892962869985e+03
6.536088030137236728e+02
8.644647901697332770e+01
-2.173789775888052702e+02
4.870705704513304681e+02
1.925293993264359358e+02
-1.805665179019221966e+02
4.417454570565998324e+02
7.506746010025616442e+02
6.555429014280726960e+02
-8.516989903199112177e+01
-3.342117414263277624e+02
-1.622313487536611945e+02
9.842771329344449782e+01
1.341489076347398282e+02
-9.994979763279458496e+01
4.961936023175289847e+02
5.368015003846145419e+02
4.962684571475788289e+02
4.921173967118928658e+02
-4.219691142494090741e+02
-1.918217812718772279e+02
-3.018266055493287467e+02
7.027981581549023531e+02
2.100288827100209801e+02
1.713084601555140409e+02
-1.507766314074355307e+02
-3.010739329572701877e+02
-6.298739665097747320e+02
-1.202055719566003518e+03
3.270923236235627201e+02
3.460860747143709091e+02
4.918360834342295220e+02
5.208405020138297914e+02
7.952178065003753318e+02
3.619331172018807941e+00
-4.334627721146988506e+02
-6.063970549457678771e+02
2.364927107029842546e+02
-1.016583643661663672e+02
-3.302516627143758114e+02
-1.553465702324870108e+02
-3.785508573431428090e+02
-1.695551085292912319e+02
2.491670523044420520e+02
-3.094146004653867408e+02
-5.058676898316015240e+02
-5.465903723596135251e+02
-1.165213517759986814e+02
-4.589063546662218869e+02
6.286121311942890344e+01
-1.449898542825866059e+02
-1.159332663068316975e+02
8.344239102848762286e+02
-9.183566527607978287e+02
-4.524915248883804111e+02
-4.176705887370911796e+02
5.536723007261844032e+02
-6.012638750775017797e+02
-1.968788086227731640e+02
-2.317281542942032786e+02
-5.283373217664566823e+01
2.335584679548095153e+02
-5.897409472861586437e+02
-8.176250666573621402e+02
-9.257716559734778912e+02
-4.242802612881825439e+02
2.667551922654880059e+02
-1.570000552863698715e+02
5.965623021442124951e+01
-2.088279554579926298e+02
-2.145320970910289873e+02
2.367329725050471723e+02
4.649750744395041693e+02
1.476463337875972002e+02
2.589470508656845595e+02
1.101880860594624352e+02
-1.068358249778843572e+01
-1.279365293194617550e+02
-5.502369329586388176e+02
3.834566701657872727e+02
3.528546737649522242e+02
6.790026029834262999e+01
-7.382816787969973404e+01
5.079991375824190527e+02
-1.644437852437702645e+02
-2.618650203308779822e+01
-3.570518229158773948e+01
2.419667982108268518e+02
3.803167414485769626e+01
4.978034743689754293e+01
3.215580411154647891e+02
-3.141313164488419716e+02
-1.592702800444990601e+02
-1.595918322581949766e+00
3.832301583383595585e+02
-5.703482205861273258e+01
6.491621568019333210e+01
-2.766458256986746989e+01
1.858512598407674830e+02
3.769798238823371861e+01
6.560683310595092053e+02
1.719551666473862781e+02
-5.248551208957774605e-01
-3.056438497877924192e+02
1.420817501763359303e+02
7.443265529593357144e+01
-2.801319429018595315e+02
9.287546655009424512e+01
1.756085289088960053e+02
3.091499534387056656e+02
2.341855446937411500e+02
-4.903053222824909199e+02
1.911886952472159180e+02
1.174341607150985389e+01
3.984937743277145614e+02
-1.014645010792538216e+02
-1.730964727494294095e+02
-1.797499051047893204e+02
-1.158956709965379588e+02
7.503185085112656694e+00
6.212198789157014289e+01
3.127129625677378044e+02
1.797699946741187915e+01
-3.476691832540901146e+02
-2.719279355080613669e+01
5.494932425306301127e+01
-2.501276285145043587e+01
2.540381367544512443e+02
-2.359708460215846912e+02
-3.176197496668560234e+02
-2.501297700806271394e+02
3.828456683376660408e+01
1.085423031713717421e+02
-3.521191917698839688e+02
3.854804889198207007e+01
1.293798113013921238e+02
1.672920239603263042e+02
-3.409414882714130499e+02
8.834046621134964994e+01
4.649779875800918916e+01
-3.578811656799625780e+02
7.864004883173164728e+01
2.085650710665883025e+02
-2.507179352554148579e+02
-4.502728396989356696e+01
-3.353061087101135627e+02
9.120189087094729530e+01
1.882399248999671926e+01
-4.768641467939306153e+02
3.119902083836031892e+01
4.638517879335613543e+02
6.606650205429454559e+01
3.753271443733674317e+01
6.208209369138624112e+01
4.517114585001394289e+02
-2.764561670296516809e+02
5.447062259041624088e+01
1.234881239041841354e+02
-5.036281584949824008e+01
1.211948166063213108e+02
-2.895927431024000143e+01
1.254236890339273032e+02
-3.768722147507734803e+02
-8.917278915649490045e+01
-5.933829935536496691e+01
8.305288191887454374e+00
-1.348776342709459755e+02
1.632555562485357257e+02
2.344293735102934022e+02
-2.264197444009517142e+02
-2.816755765658462565e+02
6.605682619669958910e+01
-4.874500396718109982e+02
2.782954452541470118e+02
-3.462814062042259025e+02
-2.147423737686133052e+02
-6.172695932765294202e+01
-5.484290165791117033e+02
-3.483299673384266839e+02
-1.063694725624071680e+02
-1.603666175188526921e+01
-4.445502908721572766e+01
4.963260250444233890e+01
-8.789248522773372940e+01
-8.173215434791478629e+01
8.498179875773983838e+01
-2.551743241967432141e+01
1.459963390017275309e+01
1.631837749442052399e+01
-2.663307435267939383e+01
-6.251025405760171338e+01
3.190286153306988837e+00
1.717689773087477434e+01
-1.417908324587275501e+02
-4.755672151367849665e+02
-2.673697173879327806e+02
-1.886584625368850965e+01
1.266111489004938306e+02
-1.469419717195856379e+02
1.107585276265252645e+02
-1.745284803821799926e+02
-4.857045726332825097e+01
4.295936904496759325e+02
1.727266969401030678e+02
4.027569843875432980e+02
-1.162515987477248935e-01
2.483748653824466146e+02
-2.859491391358357859e+01
6.185551981613529193e+01
-7.763802606379039162e+01
-1.991294061906212391e+02
2.619766474052219678e+02
3.022153380903304765e+01
3.555999734811596227e+02
-1.196086092684469691e+02
5.031904960878545552e+01
-6.223657865429447611e+01
1.014989976099631548e+02
2.126032969138708211e+02
1.920088036909526750e+02
6.335878146162290392e+01
-2.031785359305933412e+02
-1.510724657551707253e+02
2.176538665359517211e+02
1.409731619500387581e+02
-1.709561760879926737e+02
6.130912890295732609e+01
2.195382033310718839e+01
-1.401249717095601568e+02
1.765092049176424212e+02
-2.063574508457164427e+02
-8.734067012588246826e+01
-3.313909922940456454e+02
4.159069444369369535e+02
-1.504171203618824109e+02
1.175980714814223518e+02
-4.332162569170852606e+01
-4.211782306441011059e+01
6.078657857121694974e+01
-2.614732527853595343e+02
-1.139014909635660331e+02
1.782645005263331086e+02
-4.719239770925283750e+01
1.406699187794719705e+02
1.643623995412272905e+02
-8.740699361281764723e+00
3.914976119402066956e+01
1.487233861966823838e+02
5.338299020879443191e+00
3.655699979159773960e+01
-7.239134904918324764e+01
2.609379107506609330e+02
