-1.712126836970073555e+03
-4.578189396312129247e+03
2.899532878502144740e+03
8.639091756120593573e+02
-2.847986588901930645e+03
1.060588267989808855e+03
2.688325042244619567e+02
1.579583471949685190e+03
-4.239443851834455046e+01
1.091997768186508665e+03
-4.048728625998340362e+02
1.037432812557685565e+03
-2.120385332009939702e+03
9.819231273168480811e+02
-6.997614820515908605e+02
7.384852185548176067e+02
8.863167363102519403e+01
-1.408811167969694225e+03
-1.878136747555685702e+02
8.397352666308765947e+02
-2.084222060652516575e+03
-2.806760923556053058e+03
6.153086121016343668e+02
-8.703952575592645644e+02
1.139725320686909072e+03
-2.245297576322349414e+03
-4.107704249424693899e+02
-9.161338654206606407e+02
-1.062845869789649669e+03
7.722246361816820581e+02
3.431257481949519956e+02
-1.823576008858001160e+03
9.422990851928192342e+02
-2.682876559026182690e+02
7.314574407958097026e+02
9.147746527121047393e+02
8.133268536676770566e+01
3.748063117837870664e+02
7.578271280013902924e+02
-5.484343703544496975e+02
-1.092544002065657878e+03
1.708207079541970188e+02
6.909234201241922619e+02
-6.416741558648026285e+02
-1.639633350017006933e+03
-9.197589550740233335e+02
1.290859669941315587e+03
-1.513773577578288894e+02
1.719429102614833482e+03
-4.894416171742627739e+02
-2.603020823060437579e+02
-1.843565725701468523e+02
1.260909782624880563e+03
2.186839626463739137e+02
1.600334338649735173e+02
2.635856041517463382e+02
-4.706852508434482729e+02
6.815998105686568351e+02
-3.356903182966481154e+02
2.603623772689041971e+02
-5.498847991741977239e+02
-1.363532503499504571e+02
-3.108180697656554230e+02
7.033317630221544050e+02
1.173991738779226210e+02
8.589564270620238631e+02
4.986202313078498491e+02
5.399409206564500892e+02
3.186509385505308956e+02
-3.395227332018582160e+02
4.584950457687991729e+02
2.558436627109120991e+02
6.877105710372123895e+02
-1.576224372306154748e+02
7.002407135980467956e+01
-6.524256603832299106e+02
-2.370745733327026130e+02
-1.649227187513679667e+02
6.229326316013526821e+02
9.853067952416794242e+02
-1.387725048763847546e+01
3.955069549761448116e+02
1.005474637824677444e+02
2.166540442746615724e+02
-6.133994816600772992e+02
-2.869856610875322644e+02
6.902295549177495104e+02
-1.397426624831338415e+02
-4.156431274146287365e+02
4.368765804733217095e+01
4.076207177734449942e+02
5.851616700221889005e+02
3.844075290857054483e+02
-3.124244052053596192e+02
-1.935866813445181833e+02
6.453626353109651745e+02
2.169354838509512717e+01
1.713589252065215192e+02
-3.837569442619184770e+02
4.526899448000764323e+02
5.467721135709889495e+02
-4.987036978938660923e+02
-2.078720747947575660e+02
-6.312523862911595529e+01
-2.594742563513385107e+02
-2.940673510923193135e+02
-3.352706791039242376e+02
-4.647040837995418769e+02
9.912935134486438926e+01
-2.102968560669183375e+02
2.611537525974822529e+02
-1.409334906217745527e+02
-4.756689615446597941e+02
-5.550146888097325473e+02
1.483856502658420311e+02
-4.984842039381113068e+02
6.653922355260787569e+00
-3.243972515750771208e+02
-1.475999132892571595e+02
2.735580659908176813e+02
-2.697165976888097134e+02
3.423468429079364910e+02
-7.663034657183305853e+01
-1.667348702955397357e+02
-2.495180580585756331e+02
4.547589123081555158e+02
-4.044074312209276627e+02
-2.644753542752138742e+02
2.027714022593276297e+02
-6.632506303010787008e+01
3.227906081628900665e+02
3.233396563561490780e+02
3.765336086168808833e+02
-2.275500793602946317e+02
-3.109839552494867689e+02
2.956567246611700739e+02
2.373645484039204234e+02
-3.066314755572959143e+02
-5.215010523952534527e+01
-1.933407445568283478e+01
-9.894431813860886393e+01
-2.514991155128147682e+02
1.893769287954449112e+02
1.550064659190581153e+02
-4.350722068193964560e+02
1.806962746087428400e+02
-2.670738142041828382e+02
2.311422076696736028e+01
7.616083718786339887e+02
4.368051357684279878e+02
7.835055968069710275e+01
4.844593803041002502e+02
1.575588959797601376e+02
6.046942652490447472e+02
-7.194814981703596857e+01
2.708065886401782905e+02
1.923561406481180711e+02
3.016700955262378514e+01
6.181634704242431866e+01
-5.149202134836006053e+02
-1.632741470491977793e+02
3.466941664951822304e+02
-8.444306167186779533e+01
-2.007621945357243192e+02
-2.520104278003461484e+00
-2.339484586983315353e+02
2.045630013669860148e+02
3.342847551647190052e+00
4.551502336597007456e+02
-7.643471603326106845e+01
-2.886644556569463020e+02
-3.205466112056539032e+02
-2.343890834426579772e+02
-2.444248562718193227e+02
-4.104457485714864902e+02
-2.014918627272066374e+02
1.227178319377378699e+02
9.214211513149732014e+01
1.602502856755240828e+02
-9.194975173672322910e+01
4.264967321663755229e+02
1.739000811603324053e+02
4.054287499135336361e+02
2.044976223966908719e+02
7.257580348741798559e+01
-2.289561490507144015e+01
-6.526165537063705280e+00
1.356243310154502524e+02
2.655522960386487341e+01
-1.795360751573621769e+02
-9.490250668277032275e+01
-9.451112896615379100e+01
1.772716084062984265e+01
4.935508566671408204e+01
1.334248310763695713e+02
-7.294214329992512091e+01
-3.628383480578403351e+02
-3.592862107980722044e+02
4.842827390544696797e+00
2.716347573987725923e+02
-1.517478368795086396e+02
1.142551009789054888e+02
3.523601383866853354e+01
4.267673856457812498e+00
2.022296067419555925e+02
1.814829468461126538e+01
-2.751169967424175411e+02
1.383165619126623369e+02
1.404449790105240936e+02
1.066291097520494020e+02
-1.183244117957138242e+00
1.145308134724858178e+02
-9.543579714324849306e+01
1.135899933913650557e+02
1.515786251662658799e+02
-5.597345244992044400e+01
-7.532829144740678373e+01
4.651858385885897507e-01
-1.780749055564236869e+02
1.647164253060142869e+01
-2.106356022304971987e+02
3.227046597973797049e+01
7.575553202222568672e+00
-4.626059576570359582e+02
6.312324689693127766e+01
-4.254593665260816806e+02
5.067244520682219644e+01
-1.311026594741351801e+02
2.096741657890014920e+01
-3.998210940698678684e+01
6.460339759017956851e+01
1.070066323992142117e+02
-5.810642223124859385e+01
9.290333248624780538e+01
-1.554205346828874497e+02
-2.034443250034804578e+02
-1.768494682961373030e+02
-2.053419216193182795e+00
-4.765752687471936611e+01
-1.729937821295173137e+02
-2.843801189886390191e+00
-1.971690211979537821e+02
-3.621614207787079067e+02
-3.079937599844710689e+02
-2.358453273874852840e+01
1.727185746213449704e+02
1.685818625070343728e+02
-4.785176564243610642e+01
-3.284974557492192275e+02
-2.930643708454535812e+01
1.458232460762846472e+02
1.026678935023158061e+02
3.118264597609805264e+02
8.764730265844328017e+01
2.312085327557183803e+02
3.982085790755548516e+01
-2.157426271647287024e+02
2.757814209975420638e+01
-2.154475670649880499e+02
1.866756274065651553e+02
-6.605112611917277832e+01
1.035055713643929636e+02
-2.019392994180148833e+02
2.606365301852866878e+01
1.333889440505192283e+02
1.694614071813907330e+01
3.507382121957581376e+02
1.966005584655135863e+02
2.174766397327212815e+02
-6.800567448180957797e+01
1.072715927530790054e+02
-4.523989605557999027e+01
9.143451099716594399e+01
-2.128194723693079595e+02
6.572342992164034570e+01
-7.583085877866593827e-02
9.445154377227026998e+01
1.388352147153325689e+02
3.315932123994321046e+01
-1.330245286966232925e+02
-3.094823487686737735e+02
1.977518670582478535e+02
-8.696047695374555531e+01
4.349958403391527284e+00
-1.172528987736679085e+02
-4.826706857729153910e+01
1.517085457394802290e+02
7.561350292262005723e+01
-2.103417159120005806e+02
6.509641963375403861e+01
-2.546538773163810276e+02
1.374848875337251570e+02
5.887170617181003962e+01
-4.770833864432222526e+01
1.619066018153922641e+02
-1.410390218439180217e+02
-3.243819205743476886e+01
4.408885896928662618e+01
-3.662806857251024439e+02
3.234663688287661643e+01
