-5.288609418651424676e+03
6.325830126033125680e+02
2.687498175371700313e+02
1.069688838956888731e+03
1.456743097259803335e+03
-5.030498933195440827e+02
1.782265149948381406e+02
-1.564880607026915868e+03
2.824794240837889447e+03
1.693147111884270544e+03
3.997939365073846147e+02
1.485176783812526367e+02
1.409251568587673546e+03
-1.511469548852876187e+03
-3.836882033681322355e+02
-8.446079060122909823e+02
1.797172089572457025e+03
-6.900934007569318283e+02
-7.139259042758910709e+02
-1.610215474649834732e+03
-2.796012067158917034e+03
-3.207798318278619831e+02
-7.095119616204926842e+02
-1.137108902497391909e+03
3.518405365828114554e+03
1.618611730768249117e+03
-6.998600603052726683e+02
6.199622737929215646e+02
-1.061053609580751754e+03
6.981713187626010040e+02
2.994070647007167452e+01
-3.695987137192086038e+02
-4.214573002956383334e+02
1.340565269329158809e+03
1.638911610593916976e+03
6.828717802476387533e+02
-2.034636765911518808e+02
-4.926863090622318850e+02
1.400684063293809231e+03
7.555178612546061458e+02
7.035380647661143030e+02
1.099027033423727289e+03
-2.141475662056991951e+03
1.010302309607203824e+03
1.362396321501528973e+03
-1.469494042749864548e+03
-5.626676843215997224e+02
4.597052486058865952e+02
2.653695494642466315e+02
-4.695905566799506232e+02
8.117522362392641071e+02
3.881824302683845644e+02
9.596431736739927487e+01
2.422395371064988012e+02
1.216279318237816142e+03
-9.467264284272377495e+01
-3.546579237846038950e+02
9.316004544863953925e+02
5.749953705823575092e+02
1.641326625292489041e+02
3.402029773571993019e+02
7.425044411532139748e+02
-4.535028958482051848e+02
4.208940922327077487e+02
8.315316017036215044e+02
6.709196271826662041e+02
4.162874840096768594e+02
6.255936932159893331e+02
1.950950061934854887e+02
1.135271771181039867e+03
6.474207449036057369e+02
-1.277355086563372311e+02
3.714597516066598928e+02
-4.359185461000192277e+02
3.995973822181999680e+01
6.740659927817344510e+01
-3.831090806200006682e+02
9.270152245292288171e+02
4.669104510297974002e+02
1.433813574723349689e+02
-3.466233066015639110e+02
-3.228466169139511521e+02
-1.186502833985725402e+02
1.762591974644638526e+02
-6.606891825510978151e+02
1.012568494314228133e+03
5.085901309680355098e+01
-8.505686284598018574e+02
-6.075805818050718017e+02
-4.714265936709478524e+02
4.498059416085745283e+02
5.186828333240597431e+02
1.056856698127159291e+02
3.391740206357657712e+02
3.790683306825389991e+02
-4.921577127425258595e+02
1.195591431187000921e+02
3.075783039143684050e+02
-3.745282595028037349e+02
3.761719253076992686e+02
-1.119043959903573153e+02
-6.270623365369345947e+02
-3.296019514459207045e+01
6.786384965218877596e+01
3.404815003526879309e+02
-2.941189330869403875e+02
4.202373692227333208e+02
-4.616218067982246112e+02
4.395934802937198782e+01
-4.665791527196597031e+02
1.603187177708391289e+02
-3.490131115173458056e+02
-1.001018096744131896e+02
-3.063549859711439467e+02
3.890569040149746343e+02
5.742230238811453802e+01
-1.631331720738093907e+02
-3.590126083740069589e+02
-1.788305007876526531e+02
-1.904250669950360759e+02
-1.500075998961723087e+02
-1.667477933963987482e+02
-5.351271032342104661e+01
-2.966067748707322949e+02
4.999177057345374919e+02
1.779354398699917397e+02
-3.284952076892031982e+02
1.770201989195612100e+02
-2.377881947189912069e+02
-1.119427499403666673e+02
2.975248227579014610e+02
2.162544963330006809e+01
-2.710156077786308160e+01
5.780395062022448016e+00
4.272031485765783145e+02
1.682639052230832419e+02
2.140950122377108471e+02
4.345582377873737556e+01
-1.688015139177676360e+02
-2.096309909327584364e+02
2.281664775612352400e+02
-2.182036271743116060e+02
2.572403805399275356e+01
-2.041822232329225528e+01
-3.539917522413536943e+01
-1.771091082096530442e+02
-4.400224685658339467e+02
1.652916882146569151e+02
3.316709520199006533e+02
7.223911323648176008e+00
1.558379143085581404e+02
2.781758723835012148e+01
-3.073364218379995805e+02
6.935116472604805438e+01
-6.480223435516357711e+01
4.994916932247394215e+01
4.041462804730604716e+02
-1.771638736350250269e+02
-2.438396348950647052e+02
-4.321105582240967919e+02
-2.037949783270793205e+02
9.223442592550217256e+00
-8.724589553857089186e+01
7.756917631351497278e+01
1.136616500622964452e+02
2.834236516564135400e+02
-7.301938046928987092e+01
1.728854610562737548e+02
6.126761769026683169e+01
-5.116010009543813908e+00
-1.002752492120576306e+02
-2.514758401490557560e+02
-1.555128345131035417e+02
-1.833909867066920185e+02
-2.749976459343338888e+02
6.659622459115102799e+01
4.776415219400347922e+01
1.695263941869953896e+02
-4.347666033727231394e+01
5.759921580473203306e+01
1.680446672271040711e+02
-1.508429449121827837e+01
1.609514932661079456e+02
1.017981292317799529e+02
1.764696022678741656e+02
3.491599916664661407e+01
-8.945223738206049546e+00
-1.039710184536131408e+02
-2.169706385938619917e+02
1.055817605449573335e+02
-1.075835373110865447e+02
1.302047670202635175e+02
-1.990192031072698455e+02
7.792060312211856399e+01
2.669349544463492663e+01
1.958732582794636130e+02
-1.933187354731659013e+02
1.635048749565454500e+02
-1.211812585634296902e+01
7.011769970951311848e+01
-1.828748637105875900e+02
-7.511173879129347597e+01
3.119187850510411977e+02
-1.245120582960881137e+02
8.846157942981452038e+01
1.259006237059518583e+02
-5.023466693704909858e+01
-7.460666424764278304e+01
2.015151725449552771e+02
-4.583727288954922585e+01
5.878469702836930111e+01
1.669059312541127156e+02
1.418930167484823528e+02
-1.325417555607329056e+01
-3.379973494937270573e+01
1.710205165212903111e+01
1.134564777333415293e+02
1.326890085176039236e+02
-2.159843945083787844e+02
-2.800846111449236986e+01
-1.419781242328458859e+02
1.022456238118124503e+02
-1.502994513394126841e+02
-3.934862990606935540e+01
4.496933882664041704e+00
-1.593614596204058671e+02
9.128955138146819692e+00
-4.340706428063366218e+01
-8.501747720790920937e+01
-1.384325842548971650e+02
1.682981452146834442e+02
1.557464103895537244e+00
4.893575367368436702e+01
-9.153864886736337780e+01
-7.660545698864184239e+00
5.904150676690630206e+01
8.133397738710404212e+01
2.104201555326036157e+02
1.398751785609508715e+02
-6.013994622699908632e+01
1.425603105451465638e+02
2.162059012244367011e+02
-6.599603382460175283e+01
-1.304001472999960640e+02
3.566351870695726234e+01
-2.453213562048130925e+01
-1.656085907481374520e+01
1.117709957670430896e+02
8.305380550387980065e+01
-1.017263722996958393e+02
5.508061010685074876e+01
2.575189717981344302e+02
1.195125806027019166e+02
7.549244119862208002e+00
-4.224233471793938044e+00
7.535797091712080942e+01
-2.834818237113548989e+01
4.599030376534774689e+01
-8.514857528929347552e+01
9.413529566762913703e+01
-2.493067976970423274e+02
1.506502526177549157e+02
-1.051724615882909433e+02
-5.415252465714721808e+01
1.273905596680392165e+02
-6.845513853589427811e+01
2.224388064217340855e+02
9.682233021034633680e+01
1.300990582494884684e+01
-1.249062315134855972e+01
9.291165743025869972e+01
-2.224323623576411819e+02
-2.390815496902838788e+01
1.074054306117963975e+01
-6.704775655361582665e+01
-6.641984318904056295e+01
1.493083017055699884e+02
1.187330650621946404e+02
-2.017252243819337565e+01
-1.197671054890959113e+02
-1.419661909022372015e+02
1.923139025842695915e+01
-4.627726753654447833e+01
1.806262768610989156e+02
-5.824820089232122200e+01
1.923633805672703545e+01
7.772939497701926825e+01
8.530727191342684534e+01
-4.137544530961885414e+01
-7.157349499180142516e+01
-1.633890772554456703e+02
1.650585741716592452e+02
-1.080216019888445089e+02
-1.091267331649982566e+02
-5.823784992453767018e+01
9.419704770893247314e+01
2.909296763280444154e+01
4.230507877456719967e+01
-7.998629557607748097e+01
1.149009568243887713e+02
