-3.816785231789560839e+03
-2.310411237203844848e+03
-1.971956655957006888e+03
2.471326816119896648e+03
-7.152777918147994285e+01
-2.298338607936364951e+03
-2.749248689502262550e+03
-2.243039547489448523e+03
-3.556939710702157527e+02
2.751599374246849266e+02
-1.079966682070542419e+02
-2.359144310685208893e+03
1.429104213191156987e+03
1.085351878621886272e+03
1.428704771469190064e+03
1.592905627180411443e+02
-8.236345414944784125e+02
2.678432179360464147e+02
-6.839987633980908868e+02
-1.731481938677755807e+03
3.233912094146146501e+02
1.954142321614144748e+03
-2.211629922340999656e+03
3.622493438636059295e+02
-3.607454203790281611e+01
-6.153084664820340777e+02
2.500167158355695562e+02
2.218445915422999860e+03
-1.820595404439365268e+02
4.507727302523409776e+02
-2.748581758879467429e+02
-7.060215792505659920e+02
-5.809308372086067038e+02
-7.776467377585731811e+02
-3.172516207190192858e+02
-1.364313835531311270e+03
9.996278927670837788e+01
-7.004593910255335913e+02
-1.540522290282204040e+03
8.927701362021783780e+02
4.293341766623182707e+02
1.090798520155883807e+03
3.911670321975290676e+02
1.452907425024955273e+03
6.915708704382327596e+02
1.286686198862892297e+03
-9.123424884410729874e+02
4.547434435657513632e+02
-8.214378261770394829e+01
1.815461849082631261e+03
-4.592113746667744749e+02
1.847702415787053269e+03
8.978958614278764117e+02
-6.466302435026507283e+02
-7.686101872505539632e+02
6.729056712168104468e+02
6.523326973588523288e+02
-6.051116449916464717e+02
5.240700000863912464e+02
1.289361449750019574e+03
-7.559318321733396715e+02
-1.377704898572383399e+03
1.097586561787064596e+02
9.796198585883071246e+02
-5.130574087918075747e+02
5.545923584968646765e+02
6.561814650459804454e+01
-2.653268332580819333e+02
4.302856368815199630e+02
-6.444305954269829044e+02
-7.601628485443072805e+02
-6.603315247657676537e+02
-1.670001742707435142e+03
-7.816774869865046185e+02
1.466690577278545788e+03
-8.121982632371777981e+02
1.220983073399785326e+03
7.981827169239253408e+02
-5.548957854437296646e+02
-6.479693454127657049e+01
7.056861198508403277e+01
-1.839926721184468079e+03
-3.996567199983798560e+02
1.791609390533061799e+02
3.637449136591440890e+01
4.452525435020406235e+02
-2.204872090007659438e+02
-1.843607156398315965e+02
1.527097846728803006e+03
2.920758850019245756e+02
1.545468983661348545e+02
4.604994315723179170e+02
-7.227100376113973823e+01
1.978986172796035419e+02
3.436136420814149233e+02
-4.230862732624038927e+02
-1.053728412045676578e+03
3.187175606475301493e+02
-3.717016943723273812e+02
3.009614777770967748e+02
-4.024447019953141194e+02
-4.131598899507594638e+02
-1.058911931868588994e+02
-4.326274047617287124e+02
1.940820806196016690e+02
8.707530739272426956e+01
-5.354653835694187336e+01
6.770192864649134208e+02
5.561658009880376952e+00
1.552576055165677928e+02
-4.121927506752278703e+01
-3.932664795241115030e+02
-4.623837577244576380e+01
7.891467579793159359e+01
2.973510546772696443e+02
4.597208007876427587e+02
-6.227332928214541425e+02
-6.432520719204478610e+02
5.229982909356863274e+02
-5.895144643503249426e+02
-4.224866425922306234e+02
3.428822245035424316e+02
-3.567095041352599196e+02
1.309704569415414710e+02
2.832946967297505694e+02
-1.356129411462642906e+02
-1.748735469421841628e+02
1.161219307466107296e+02
3.129053786934355230e+02
4.109979605885111482e+02
5.629182216040987896e+02
-6.306426007997437182e+02
-2.286215557608030053e+02
7.803194086572817696e+02
3.714354624828962415e+02
5.431530284405011599e+01
-2.701378023986087555e+02
4.687191659436298892e+02
-2.234473106480378135e+02
3.031500987839676142e+01
3.932375490246496952e+02
2.460727127062328634e+02
-2.720524254806664288e+01
-4.450238392314855851e+00
-4.269759672997460598e+02
2.906496395025532138e+02
1.557028082723202544e+02
-1.088376426487332651e+02
-2.120038829941744325e+02
4.102054852106952012e+02
-2.986333061375147508e+02
-2.541976249608603666e+02
-1.150750283781568157e+02
-3.225923505341982036e+02
2.545035317155596744e+01
1.978690424634124554e+02
3.300878572050059461e+02
5.359803484069784929e+01
2.086743054680438831e+02
2.082133090709286876e+02
-2.079258191617136049e+02
-1.226060524294817782e+02
-2.737599641258097449e+02
6.560792389210553210e+02
-1.755016529125684315e+02
4.879969351069282766e+02
-2.648552970629594938e+02
-2.136101821667734271e+02
9.798885037035907430e+01
-2.326166067002073419e+02
-1.093343159407686471e+02
3.582997770046957839e+02
1.475342609669620799e+02
-1.936272194060951222e+02
5.837714360322563323e+01
-2.562347855660070763e+02
-2.657901774058001934e+02
7.430483695950653100e+01
-1.696659891944076151e+02
1.359625129163076167e+02
-1.075640173798730448e+00
-1.300843729950219370e+02
1.402368543496264977e+02
1.290791097533868310e+02
3.880371032448837809e+01
2.492323343134466143e+02
-2.451398231567232688e+00
-2.939222455705511265e+02
-2.267684336817937094e+02
-3.232535194238573126e+02
-1.275963107639567937e+02
-7.877890937558346423e+02
-1.133616697467641501e+02
3.192390563159268027e+02
2.806439667982414221e+02
6.096678598534415983e+01
1.060867112036784761e+02
-7.904478496517445762e+01
1.449996425014641375e+02
8.262719991010800413e+01
1.518160169024112527e+01
-1.805868458479282594e+02
1.123505041505763984e+02
-1.074721957666812102e+02
9.490236595998179325e+01
-2.159935087667312814e+01
2.434915463224117218e+02
-9.145147527597012527e+01
1.510757572118066889e+02
-1.691534979648153865e+02
3.157025385131132467e+01
-2.441673176727684620e+02
-2.268331965445197795e+02
-6.577129220865350590e+01
-1.133467734415770956e+01
-1.938784123669192354e+02
-8.087452168191144608e+01
-2.632352711385112798e+01
4.739459293677554541e+01
-1.830011380659503288e+02
-5.900551181114171762e+00
-1.707666268135820360e+02
-1.937829355923917660e+02
-1.069717291234775018e+02
-8.642354697189036017e+01
-1.856297684217127539e+02
-2.043679017834256797e+02
1.876786959889064121e+01
1.709472395249590591e+02
1.514841511894090047e+02
-2.129431386307873595e+02
1.058875088979165895e+02
4.765099491597151626e+01
1.853308085699690366e+02
-1.905754079424426379e+02
-2.437687057930857861e+02
-1.310458154804461373e+00
2.703452405356437680e+02
1.065269223688403599e+02
-1.361331159413400655e+02
2.939009535031770497e+02
3.381402306921818308e+02
-4.079436757713451698e+02
1.609797179063647548e+02
-1.928365600756881690e+02
-2.522736201416761901e+02
-1.032957003744315330e+02
-1.051261608192070440e+02
-1.248895082907275338e+02
-2.494820497908690413e+02
3.299296294747865943e+01
-4.202298657997607734e+01
7.138611463088025744e+01
1.841786331841689162e+02
-3.730513941069988704e+01
-1.076144224199628070e+02
-3.859474663400566641e+01
5.969548379602321120e+01
4.162665163945075619e+01
1.491944097716379929e+02
3.632933069296299777e+01
1.585660975203329599e+02
-2.548383915484604501e+01
-5.571793679334305693e+01
8.500090178331107893e+01
-1.052404867696223363e+02
2.792862247148393067e+02
-7.150892688604862713e+01
-1.906672118298531302e+02
-8.968255211973128382e+01
3.499223034965548891e+02
1.251387231297786258e+02
6.748218816704820711e+01
1.120292112768927950e+02
-1.052884107336612516e+02
9.707436078919425881e+01
-1.119277995441391482e+02
9.588355285109305726e+01
4.913021908467102605e+01
-5.431455344190315770e+01
-2.509704896421816045e+02
7.912273904902843924e+01
2.478975049699837996e+02
3.191908414491812707e+01
1.320871248788451169e+01
-7.546120552775717272e+01
-4.054490380550145545e+01
1.124745221125395211e+01
-6.880399459885616409e+01
1.866662136237500533e+02
-3.220562150280278502e+01
1.390803116109974553e+02
4.817178916356802887e+01
5.398721886813722115e+00
-1.820343335667474491e+02
-1.381528434614318428e+02
2.382858316031427748e+01
1.444775363910709132e+01
1.062254598017623124e+02
1.249125429763771145e+01
