-5.452115723034598886e+03
6.769433313127452720e+02
1.011771012553191724e+02
3.142164469289989029e+03
6.282241161649143635e+01
-2.305858548067324591e+03
-1.586090009813182405e+03
-3.611043357096898035e+03
-1.592479855940560356e+03
1.553784629149209877e+03
1.884878725674710267e+03
1.597231074188992352e+03
-3.664120106316008219e+01
7.704375729306860876e+02
9.589049872788320954e+02
1.360103156127880084e+03
-1.188593027456370077e+00
5.432695086417332959e+02
-7.170757877280733510e+02
1.044830205983326550e+03
6.431723980928094306e+02
-2.117147871979885622e+03
1.304783568162618224e+02
-1.040637272862076543e+03
1.059752735894159770e+01
9.156256008079565163e+02
1.325397031944473838e+03
1.134727794050162856e+03
-5.344419476430309714e+02
5.853918209662660388e+01
4.972783295088802902e+02
-2.293189304445555990e+03
-1.233900589243439299e+03
2.353694334041996115e+02
2.760804784642039067e+02
-5.350439490063743051e+02
-4.630056901315650180e+02
-4.614929090928352480e+02
1.460664223959189712e+03
-7.545123670081073897e+02
6.170966320432755481e+01
7.341239251732995399e+02
-1.752394391914672553e+02
1.047841115419087373e+03
-1.531893776970640602e+03
-1.256042257309571220e+01
-4.484486644895101790e+02
-2.533396892562456344e+02
1.701832895090764737e+02
-6.642887473959365252e+02
8.681212049599710667e+01
6.529393944003825254e+02
1.797039760746696686e+02
6.486927659001439679e+02
2.880013052238493856e+02
6.233534451135439269e+01
-8.381944397415456933e+02
8.513781452381903136e+01
8.860405526175537716e+02
6.754189088000180163e+01
9.844921044957161484e+02
2.956953768010243948e+02
4.599442026157760779e+02
7.701260299265544518e+01
3.127344269027187806e+02
8.448166978010831372e+02
9.772705896462407793e+01
5.410524897616446651e+02
-4.471539431852650637e+01
-4.974414112575048534e+02
-1.633605106815442412e+02
-9.691756197670176789e+02
8.614601643239412851e+02
4.668614903337043529e+02
-6.224375024510286494e+02
-2.727266474815006063e+02
-4.424341557219837000e+02
1.300490543802655168e+02
-3.132722798227362091e+02
-1.293267711813073788e+02
-7.267684278771862409e+02
6.526968329384167191e+02
1.595266762501445257e+01
-1.669210937517929949e+01
-8.401959743589380878e+02
4.792088667182038648e+02
4.657061632870942844e+02
2.010190174173739592e+02
-3.026990477415308192e+02
3.365237578484702112e+02
1.484981379776601500e+02
8.674489457543387516e+02
9.549521557504822340e+02
-2.750629125816004716e+02
1.421941674655671477e+02
-2.307284503564820568e+02
2.077216438338813873e+02
1.935828887518754584e+02
-5.201354209393845167e+02
-1.754570423735030431e+02
-1.374359809900815890e+02
-3.383318689626007085e+02
-3.112298946555542329e+02
-6.813498286885706534e+01
2.420833828369020750e+02
-2.697319562113030997e+02
4.175152741755734809e+00
-2.056739259696032036e+02
2.569430109471062451e+02
-1.940124613956955386e+02
-2.309250410251716232e+02
-2.425257680825087903e+02
2.460214218488482061e+02
-5.073253583320649795e+02
-2.710292505160997223e+01
3.585406365862777989e+02
4.795084101774532996e+02
-2.739582636393584494e+02
1.834199154396448250e+02
-4.004461101287016334e+01
-2.417770344493346784e+02
1.849030957353616600e+02
7.971546734446180835e+02
-4.117160099607958159e+02
3.800507663824297566e+01
5.246453870065196270e+02
-3.613139865804370743e+02
2.984429706402012812e+02
2.080930268419284914e+02
6.909905585180686671e+01
-7.991742536447870862e+02
8.089502992251466367e+02
1.413786040453664441e+02
-1.002466055917942214e+02
-1.056855634906699635e+02
-1.263114495506344497e+02
-4.766084404570445088e+01
-1.578861734719610581e+02
-1.768501646397018590e+02
2.948807885039200869e+02
3.985250105211106302e+02
1.574786099335347345e+01
1.313961805279488715e+02
3.702995014613683793e+02
3.878379048416163073e+02
-2.285820692059144221e+02
-4.330028823741733959e+02
-1.770094561894310914e+02
4.592306880797151507e+02
-5.563489607983830183e+02
-2.498025058824997302e+01
-5.619301615125690574e+01
1.586040178238594081e+02
5.177794411957559078e+02
-3.571043481266247568e+02
-2.591158718086809358e+02
3.921323825668760037e+02
1.747746855517737856e+02
-1.465549599073868308e+02
-3.224449473565433664e+02
-1.328809093240179209e+02
6.909524722895119453e+01
3.471090324635812294e+02
-1.821385040257142407e+02
-1.827966051834521863e+02
7.751867123096386081e+01
2.594001171215703607e+02
2.277214595997868685e+02
1.872158345878057162e+02
2.187678360565363391e+02
1.413145204537715358e+02
-4.828728976190670323e+02
-6.706755260573564783e+02
-4.093451241921669634e+02
-7.337830163665337579e+00
1.161237821331034326e+02
2.245161397724629637e+02
4.430035687762394900e+02
1.323466988692485984e+02
-2.671608987897028697e+01
-1.634445644213387538e+02
1.980706595958192793e+02
1.743385804026935375e+02
4.531768509178370863e+01
1.891014413242392322e+02
3.551316446693449080e+01
8.541309939473164192e+00
1.140453419681569898e+02
-4.918898249557746993e+01
2.428177046587435939e+02
3.156485890382378656e+01
4.730883445447877307e+02
3.994976611683935630e+01
-8.515709685433856535e+00
-1.771354028230092936e+01
-5.925858538689732313e+01
-1.690613634429090837e+02
-5.427988170280818991e+01
1.439385199048398967e+01
7.693846343024435441e+01
-5.099945570591135890e+01
1.621597482483479951e+02
7.860396241384724192e+01
1.618013370244320015e+02
2.735513859259887681e+01
-2.549098222777044498e+01
-1.381484438178180483e+02
-3.409621669208772232e+01
-1.408320845875257419e+02
1.611428675313948418e+02
-2.687047890700889639e+02
2.812785202058681193e+02
-2.729128312815741992e+02
-2.054711917429316941e+02
-3.501620677583327961e+02
6.462793687029154910e+01
1.432973824890180765e+02
3.407142660245325860e+00
-1.823072051418237436e+02
2.506657553215186169e+02
-3.422025740509151888e+02
4.962095374006756998e+01
-3.405740117099335151e+01
-1.629711849610756076e+02
-9.787598202676473136e+01
-4.943282459924938621e+02
-2.893622397610480448e+02
-1.099104570732005328e+02
-1.527129700966553685e+02
-7.004400903892695851e+01
-6.059315027534750442e+01
-1.082761938766201970e+00
-3.431382833928629594e+01
-1.873594158063826569e+02
-1.636648259416654980e+02
5.931147949305760392e+01
-2.514469334240083356e+02
3.844736993896025723e+01
-1.650236439442611527e+02
3.218489365206808657e+02
1.458055717445712318e+01
-2.423641054430243287e+02
-1.435600169897122669e+02
-4.608556955796385637e+02
-1.936689386367359873e+02
2.722017897363450061e+02
-9.642783421554784695e+01
-1.151805331906711700e+02
-1.629705427669036908e+02
1.109931935634000268e+02
1.023735272111552774e+02
4.394980298355342541e+01
1.447157010893962195e+02
1.154182073583564971e+02
3.550906356577763177e+02
6.029363292316249812e+01
-7.195406374976293762e+01
-1.691367402158484268e+01
-3.807883254747678734e+02
9.175001937176089939e+01
7.482883812648330490e+01
3.592763633293963643e+00
-1.344409418389258626e+01
2.231654433216640712e+02
3.366413830985842992e+01
-1.635734911556678526e+02
1.809642352716485334e+02
2.880286124384841742e+02
1.781308495269605885e+02
1.960386519522389648e+01
2.294788893229908240e+02
-2.179565837612717161e+01
-1.390104833857457436e+02
-3.431739544425103645e+02
-7.531695875424468056e+01
-4.762993814589299824e+00
5.218190806674328996e+01
2.499005581555346112e+02
-1.895911079330601865e+02
3.189306676794891615e+01
-2.657787552717537665e+02
1.811818209493715983e+02
1.183542472730280366e+02
8.136588115856746128e+00
2.836161355518954963e+01
-2.680402828595231881e+02
1.545994715653904166e+02
2.919108755032192803e+01
-2.571702916566168255e+02
-1.229794858288549193e+02
-1.698732681344322657e+02
-9.510884157448309395e+00
1.186076935592922155e+02
-1.848391029473517619e+02
3.307949369695388242e+01
-1.643871522346060843e+01
-2.354370604340455486e+02
5.793634136983447291e+01
-3.201411343866159882e+02
-3.642353404355647939e+01
