-4.982189096390603481e+03
-2.004910975319684894e+03
-3.501527147670183695e+03
-3.241810041851042570e+03
-8.216998060884909592e+02
7.598450041779879882e+01
1.921759474857414887e+02
-2.117020608803258256e+03
-1.774265487649847273e+03
6.463229852931292498e+02
-9.156213747639041003e+02
3.300555521229269289e+03
-6.392942956397700982e+02
9.869679274572682743e+02
-6.352214664883642854e+02
-2.245805852636995610e+02
1.984360536266067811e+03
-1.857629410523740034e+03
6.594073697497748299e+02
2.334167073545474409e+02
6.732986366432396608e+02
-2.519444360688394681e+03
3.141682536303136430e+02
-2.060495345796498441e+03
-4.981055958565133324e+02
-3.668869892288593633e+02
6.137175155185982476e+02
4.150414188017193169e+02
-3.949629383427991911e+02
-4.404887132358888948e+02
1.928207958473149574e+03
-6.207233746252602486e+02
-1.409231107877880959e+03
3.653475237706884968e+02
-6.525748410504116919e+02
-6.686937271736779849e+02
-1.383135562132730740e+02
-2.325969217709031156e+01
1.767703788378544459e+03
-1.071501193161288484e+03
-9.687555116196980975e+01
1.106611735132006970e+03
-3.316526933395427932e+02
-5.400599818188911740e+02
-9.713748213099482882e+02
-1.716621279595476835e+03
-4.128417168384916636e+02
9.696352554483472659e+02
8.009950147708965460e+02
-7.665785096892628872e+02
9.873305565414206342e+01
-4.983883268164283891e+02
3.710948018267034740e+02
-1.558339283886883031e+01
2.085755785056334943e+01
-8.084146086575063350e+01
-5.200015451874772907e+02
5.534165900768314259e+02
3.254184613327091142e+02
3.369179460030232462e+02
4.865728330656210687e+02
-3.492994955673707409e+02
9.990500620443407698e+00
4.420725630310159886e+02
6.790254200419307153e+02
2.523591523284551954e+02
5.440797949358759524e+02
-6.828634397872039585e+01
-3.191568272730963773e+00
-3.530902043415842968e+02
-7.385348367998936965e+02
4.200873759162705028e+02
1.367098008117302186e+02
8.583503099966820571e+01
-2.335872871873092151e+02
5.525637175840560076e+02
-2.747549302195811833e+02
4.543074686877072281e+02
2.355601036992617248e-01
5.245898509329355619e+01
-7.631902884715699429e+02
1.741600174164788086e+02
6.657854572019671195e+02
-9.083765229146428055e+01
2.530463268668208627e+02
-4.597550860435380287e+02
6.176073269828665389e+02
-3.147743918201767883e+02
-3.916707186405787979e+02
-7.645047679246257530e+02
2.778272369333287202e+02
3.513378721156778397e+02
1.001881249546788126e+02
1.929728529497701288e+02
1.711388784886675012e+02
1.767016866704635163e+02
2.737499804552075489e+01
4.158376907564800717e+00
-9.808303581102641999e+01
-3.554812120206602089e+01
1.479769613049610371e+02
-6.627772963335773682e+01
-1.765624276873838596e+02
-1.565452848295316528e+02
-1.269119421331041337e+02
-3.756760948035004617e+02
2.176471922356980713e+02
1.555499108462929030e+02
5.516518413051728658e+02
-1.486600607370047271e+02
3.098651702420487375e+00
-3.136153244853407500e+02
1.093290124071528311e+02
-1.657385708189783315e+02
-4.112896762266624364e+02
4.047122950291102939e+02
1.743946945420972838e+02
5.697567930627761967e+01
-5.351573806840092828e+01
1.397250231088699195e+02
2.117247416922475338e+02
5.864837306826850636e+02
5.027646046152970030e+02
-4.082986997018672355e+02
9.291855676882222781e+01
3.424725931298396517e+02
-6.238875097710604223e+01
1.555212128727185927e+02
6.764376271672692731e+00
-8.931486647511108856e+01
-5.008277122410247557e+02
1.087875790596753177e+03
3.693166040642609573e+02
1.013486331249382894e-01
-2.178576004949521661e+01
3.345063802479529613e+02
-1.411906423042722736e+02
-7.059012986730964201e+01
-2.469674995855889321e+01
1.885313786663919586e+02
5.672977528248627266e+01
-2.119603350313442434e+02
2.047767985717158012e+02
4.495185577353316262e+02
5.494202256325529561e+02
4.695248392124372394e+00
-4.871270763806139144e+02
-2.086062625403419020e+02
6.105737287036137104e+02
-1.997283689717247910e+02
1.503818834209320414e+02
-1.096002369149717168e+02
3.135829024419767279e+02
5.268402648405021864e+02
-1.744538114377166949e+02
-3.588820858247278807e+02
3.164711971491071267e+02
1.653115649037110586e+02
2.162472137076794088e+00
-5.475899135212184774e+02
5.924558550142030100e+01
1.060426360320683585e+02
1.205366677588615261e+02
-2.872067184726718096e+02
1.610950110269322977e+02
5.559439034132705615e+01
3.789988224159603760e+02
6.185185214731293790e+00
3.813671058730816412e+02
5.566997650705469596e+02
9.735689604025587585e+01
-4.411158746965120372e+02
-4.395896663179273105e+02
-4.486306648982075558e+02
-3.888356566233063205e+01
-1.569351899135511701e+02
4.792536115396371201e+02
5.293440613761503073e+02
4.501446873316973551e+01
4.184256174374732851e+00
-2.264817366101119500e+00
4.337542317548397364e+02
3.191386810989880587e+02
-4.561873385172677331e+01
3.564043590927819309e+02
2.615299788092722366e+01
5.607930312928774441e+01
-3.676254516706227804e+01
1.155868489655712210e+02
3.526032153430333551e+02
8.259611693639998009e+01
4.497970941423428144e+02
-1.961451442081737468e+02
1.240909688370009434e+02
-2.330231551756437369e+01
2.436699979440203663e+02
-3.075568241307055928e+02
-8.407873516986785489e+01
-1.909821011007393565e+02
3.752991903857931533e+01
-1.201155541289118531e+02
9.392450108964926159e+00
5.814564570534836463e+01
1.921109140485662294e+02
1.338816571220463345e+02
1.870036537796329696e+02
7.656710504837590747e+01
-1.304385518146932554e+02
-9.671989532931183930e+01
1.349615365566503442e+02
2.838094685914614956e+01
3.837613013321274025e+02
-1.249924421682552804e+02
-5.766229515661272131e+01
-1.557995462839245135e+02
1.261598447084444814e+02
1.614260931907785448e+02
1.344020737834340480e+02
-8.829854266938224328e+01
1.471868828712212860e+02
-3.329550660246540588e+02
1.268727016376627006e+02
1.079295162195348610e+02
-1.668194790305787478e+02
3.387215174870868140e+01
-4.998621147838908882e+02
-1.721827145287884662e+02
-9.493400351473306387e+01
-2.480462890445927826e+02
-2.354375663379698267e+02
-7.790504421042440697e+01
1.908719167240299726e+02
-3.414537277593877462e+01
-7.377103027370257848e+01
-1.137991381788596925e+02
1.740889301486964769e+01
-6.532443116978154762e+01
-2.222134999781252134e+02
-1.972566356077726724e+01
2.927388631786684527e+02
1.739772571551065425e+02
-2.130230625913694951e+02
-1.005353922549654726e+02
-4.116598960324787981e+02
2.049157970119921401e+01
3.848477128718238305e+02
-1.980703794592176337e+01
-1.187231101544428071e+02
-1.267783578093141443e+02
2.063634665383551692e+02
2.347579458331713909e+01
-7.992173591305733460e+00
2.067402847869857681e+02
1.425810225072131630e+02
2.166759453907019690e+02
-4.628047088682119181e+01
-1.723603981736365824e+02
-1.429686565483321772e+02
-2.059040159811621322e+02
7.346706424273953928e+01
-1.030008872978825991e+02
-1.079257288857462527e+02
-6.060878574967224353e+01
2.332188790570338597e+02
1.749479307363955272e+01
-5.322373127934182691e+01
2.739992398819829305e+02
3.568957359936481453e+02
1.912299072698559428e+02
1.103587381771010456e+02
3.469025375539727065e+02
4.747223414229177507e+01
-1.521848842867892415e+02
-2.454541587554314219e+02
5.702158007595502909e+01
7.867470232670437724e+01
1.408879820444963684e+02
2.200184747228831839e+02
-1.045155427888438595e+02
2.603050601424592436e+00
-2.914374813838641103e+02
2.084507090470272601e+02
1.411141494408556696e+02
-2.130432264719629245e+02
-1.683503772283508795e+02
-4.262849317007433569e+02
1.933976896493766731e+02
-3.148272441990898685e+01
-2.250058634034849661e+02
-5.038173597047568109e+01
-3.521368506828744671e+02
6.235323373467151953e+01
1.212044178810056394e+01
-2.834140061447560015e+02
3.041016989388520528e+02
-1.162222091548399163e+02
-1.953365721043921042e+02
1.361862127500881456e+02
-4.965647185081245425e+02
-1.140949001739911353e+02
