-5.802179717146124858e+03
-3.134404430739752570e+03
-3.733203125306683887e+03
-9.857986996571629561e+02
5.350725422823977624e+02
1.653256475838447841e+03
1.151337034460273571e+03
-8.664521877418439999e+01
1.083679161838892014e+03
-2.332986322650780835e+02
-7.441137604362215825e+02
2.319148184307286556e+03
-3.641361366411465017e+00
1.043789483551138574e+03
-1.148375962675433129e+03
-1.318408816327674913e+03
-6.280347990824133575e+01
-1.614534806428466027e+03
1.072275497349404986e+03
7.973835179078985220e+02
3.590880654019442204e+02
-4.315456245422009260e+02
-7.921599248617618514e+02
-1.289210792482127090e+03
-3.560365723396042767e+02
-1.391743354386083524e+02
-9.551454518240327616e+02
5.211173081501769957e+02
-1.343580069609112797e+03
-3.009370020988498027e+02
1.835478013428638917e+02
3.780611283957147748e+02
8.176819968914986703e+02
2.356575485761441939e+02
-4.297456531837100329e+02
1.037753956265155750e+02
-1.736015483788656582e+02
2.166424007581084652e+02
5.849651788071861347e+02
4.775852137826392863e+01
8.211895549355981530e+02
6.175606569701322996e+02
-6.905382234587643779e+02
-1.706500628537042132e+02
1.324030034632737397e+03
5.874498268996966317e+02
8.613735359133056591e+02
2.080349707606156073e+02
-3.031134417946166195e+02
-3.708218795120969276e+02
-2.025246134264976305e+01
-1.221957947559787812e+02
-6.889501561710459328e+02
-5.701804865921274512e+01
-5.585807877119417242e+01
-5.221757720370131892e+02
-3.693287687727919320e+02
3.933518500257810615e+02
-9.757311133856103424e+02
3.749322135558235800e+02
3.363789768280913108e+02
1.779739581091803018e+02
-3.418761626059732350e+01
-3.118312574458977338e+02
4.522000313229087851e+02
2.524862583340422475e+02
1.013777842676368657e+01
-2.602636030126405444e+02
-3.554066046627175979e+01
3.281740027376935700e+02
1.511042258738002033e+02
3.430517930371743773e+02
-3.308038193886349063e+02
2.625786881683111673e+01
2.170061573392800369e+02
-5.677472598878328114e+01
3.047938127496648235e+02
-3.827427416012378671e+02
1.330609599452376415e+02
1.769222222005522269e+02
5.189866554787184896e+02
-3.319941331117404957e+02
4.876259612623728685e+02
7.307618125828790312e+01
2.721772030178921682e+02
-5.502024250945203221e+02
4.681126990079118286e+02
6.770162782913853050e+01
2.682049055856895734e+02
-1.304241875261295434e+02
-1.720725575248964105e+02
-8.535720363205426509e+01
-1.648689687823361396e+02
-4.003424058008292263e+02
-2.195971598497060313e+02
-1.964294386514698942e+02
-4.269031805360352223e+02
-5.703632843952604503e+01
-9.372036346621365510e+01
-2.651319900621061834e+02
-6.349223542054178182e+01
-3.119224209470733626e+02
2.640032550959256241e+02
-3.297636412889578992e+02
3.101451913790073149e+02
3.632201969295201138e+02
-1.477130558856248115e+02
-1.407650744740937796e+02
1.777583877339527305e+02
-4.789756726878491691e+02
-1.505562932047998572e+02
-2.547229808591339406e+01
5.084118730960581445e+01
-1.626422550663293976e+02
-2.141021621808829707e+02
1.089833395353557250e+02
-8.842367899707536116e-01
-1.934440515203152131e+02
3.668221153519237987e+02
1.846318512471567317e+02
2.324600740260408998e+02
-8.742586266272907380e+01
3.952694467733271040e+02
1.095559952476950656e+02
-1.410706769614369804e+01
3.804045659899434213e+02
2.072809279971352510e+02
-6.638428136761005760e+01
-1.146671498845357462e+02
2.822346824025851788e+02
5.973494061050559623e+01
-3.640495013331568543e+02
-2.666479591965119766e+02
5.026728659140737818e+02
3.120493706180367894e+02
-1.413101658715703479e+02
-2.186939867785099167e+01
-4.390556577356603896e+01
-2.804490659123823662e+02
-2.377374090669295015e+02
1.637302495985284452e+02
6.961608842041663081e+01
-8.769707936876444876e+01
1.674155956019649238e+02
2.491647399752263539e+02
-8.970622253957918701e+01
5.807909912189938240e+01
-1.158918196904971012e+02
-8.934006619425016993e+01
-3.462357150951777385e+01
-4.073019751657523102e+01
-6.190659745810346948e+01
-6.480903031056553232e+01
1.693639491704006161e+02
6.844869098994639955e+01
1.354148089412929323e+02
-5.286651265788876941e+01
9.252844206302859220e+01
1.088125838502676572e+02
2.930020668618391255e+02
-1.480394842736395447e+02
-2.611818669045620709e+02
1.284404347324276898e+02
1.748352731699361300e+02
-9.701092478631630911e+01
-2.104845360225761794e+02
-9.821462169422005672e+01
-1.213850073273521133e+02
5.969033252180820170e+01
1.648086410803628894e+02
1.096649024683881493e+02
1.324840991834309136e+02
-1.013082149524047679e+02
-3.466304730140572588e+01
1.109240145757737963e+02
-5.345789165838893098e+01
2.067637694312622330e+02
-2.631627335190900112e+02
1.375950221457239664e+01
-1.161001549236057429e+02
-1.076223305446009988e+02
9.465738951074751384e+00
-1.554896800245850841e+02
5.230096823162374875e+01
-4.215694194646438575e+01
7.958831802718383130e+01
3.236854674809424637e+01
5.524504696309655571e+01
8.920806043790238959e+01
7.820956735320815767e+01
-1.223422642922269432e+02
1.529818016261939988e+02
3.057164502438934051e+02
-2.292475748509018985e+01
7.806571955911086036e+01
-1.990033374537661359e+02
1.965329379229766360e+01
-1.520057601179320805e+01
1.570741526832683803e+02
8.056711679190867059e+00
-1.973535275087903829e+00
-2.212619926445516967e+02
-2.597805487864773113e+02
2.515647844268025892e+02
2.259652449992780987e+01
-6.951719726938451061e+01
-2.660195722234918847e+01
-5.119707444527679741e+01
-2.423001540498521322e+01
-1.858342616048367901e+01
1.886070610477192417e+02
-1.807043114432328821e+02
-2.404076775965115189e+02
4.220411427073306498e+01
-2.177782445965043578e+01
7.146840606455116074e+01
5.973197984118645998e+00
-2.119302467970862125e+01
1.063377982156278279e+02
-2.533882619024329585e+01
7.111253080672427984e+01
6.688115657011512383e+01
-1.155660315127288555e+02
-1.422948688038783587e+02
-1.051040036536679310e+02
-2.298559448185663712e+01
-3.781431366027607055e+01
1.063748161024249050e+01
5.679549225888062125e+01
-3.211907363971496920e+01
-1.473644015862856627e+01
-7.863675614786204449e+01
-1.223057181874433041e+02
-1.119104479839716326e+01
1.195960241806270830e+01
-6.973725596004584304e+01
-2.425093768370884106e+01
-6.462080511465784127e+01
1.045367221871478165e+02
-6.949421724662118827e+00
-3.613143456497731876e+01
-2.074669237506348907e+00
-1.234150511708054125e+02
1.620473589743755838e+02
3.047764403612948314e+00
2.636233928194328158e+01
1.277221475827620623e+02
-1.634006345845458839e+02
6.698374034402377220e+00
1.769231971765068323e+01
-1.232986390045950600e+02
-5.508189511398236249e+01
-7.766011919751143466e+00
1.240768445229933903e+01
-1.308471686711158100e+02
-3.176938386953737847e+01
2.522330862167691734e+01
-4.122024940640424973e+01
6.032509904673179335e+01
3.841349018284125094e+01
5.380190574551836846e+01
1.754972717434025142e+01
1.636235102886509907e+01
-1.965456258840031722e+01
3.833232470251802937e+01
-1.587543326891179696e+01
3.230437312121753735e+01
-5.622401074064968896e+01
-3.242279491626234034e+01
-2.136348753050887339e+01
3.475968123247560726e+01
1.306759406648799704e+01
1.084093801545694475e+02
-3.463901641707959556e+01
1.032277017556419629e+01
1.080089694865296046e+01
-3.901031614471712317e+01
-9.303360256410853424e+01
5.032836080767422970e+01
1.724412427862452546e+01
9.723039860332059803e+00
-1.249603746632011436e+01
-1.690580443442508130e-01
-1.898844661268247336e+01
-2.410842179897541371e+01
-1.151814060715067889e+01
-4.416151928160970641e+01
9.395335678306812710e+00
9.217834240779166910e-01
-4.109865059794253028e+01
7.070803691874540675e+01
-4.603678906144978811e+01
4.408932435558568130e+01
1.135077389767554337e+02
-5.615190133879787160e-01
-8.007107809997276604e+01
9.489324669494382647e+01
-1.470830436559351426e+02
6.265431728231806829e+01
3.679901621916228383e+00
