9.401217178280651297e+02
3.837692749862226265e+03
-6.719298451456760404e+02
-3.452432541842375940e+03
1.580545323550996670e+02
-4.166155068895540353e+03
-1.220869948576018032e+03
6.942968742448719013e+02
-1.379552278136750147e+03
-1.524573394434447664e+03
8.617758189064095404e+02
2.103382612018841371e+02
5.299291093677468325e+02
1.038364136123282833e+03
-4.089854806339682796e+02
2.138465181865262252e+02
-4.659812581887994725e+02
7.577273144247726577e+02
2.786409524661430623e+02
2.239666645720711102e+01
1.048890018850069055e+03
6.554489479531131337e+02
4.107374928595399979e+02
1.035834312397590338e+03
-1.070158857495120373e+02
3.603078800831227682e+02
5.325937444751082239e+02
-6.140354289351278112e+02
3.812782168040501460e+02
6.559031907289755736e+02
-3.110834566566283570e+02
6.555291530938511642e+02
-6.243659335189985313e+02
1.666423364754739964e+02
-2.077491478834761551e+02
3.676599725811333030e+01
-8.636216473939271054e+02
-4.078281330849989104e+02
-6.165918482126592153e+02
5.492688418211471344e+02
5.100914743072289070e+02
-5.635405067892044144e+02
8.431864953433233723e+01
2.816012347437583117e+02
-3.831764595182021935e+02
1.079896642799692756e+02
-8.891011739139231622e+02
-7.693231083492037214e+02
1.345450657342485385e+02
-2.534631707079533314e+01
2.694204646869896536e+01
3.907075024249207900e+02
3.097900963986312490e+02
5.557654546029982612e+02
-6.864700847333808724e+02
1.775212826140552238e+02
1.543919376672125452e+02
3.414098925345743396e+02
-1.296381961319436060e+00
-1.250132010687565440e+02
-5.584898413669294541e+02
-7.803820954984430500e+02
-1.100022243111030740e+01
9.119859355082729380e+00
-3.738315314540506620e+02
-3.841204463633959563e+02
2.513429001399366598e+02
-3.980040469392303635e+02
-1.254518914941026964e+02
-2.298111756124924625e+02
2.234338446253566701e+02
-8.278910684759485150e+01
-3.347238747674234673e+02
-3.065625013110951702e+00
2.732842919337207945e+02
3.565108262396211671e+02
6.405101970822767044e+02
-3.179927825923179441e+01
-2.453022182650944103e+02
3.730755755631393527e+02
-2.978331130250230672e+02
-5.305406979135310621e+02
1.499413907019936687e+02
3.445649271381674339e+02
1.118148680630543765e+02
-4.079107160803434908e+02
-2.909580528731111713e+02
2.188157725677285157e+02
7.526481176769815420e+02
1.573615575289724688e+02
-2.295174309132046062e+02
1.060840347318856125e+01
-4.264398185135279959e+02
-1.015704390011567142e+02
-9.307106484118129686e+01
7.638610619762222598e+01
1.376731391655040682e+02
2.096829888207996930e+02
1.455193917042211353e+02
-2.125799855841821895e+01
-5.975576679084909983e+02
-8.700225015069962353e+01
-2.646325201919593084e+01
-2.437060327785513536e+01
-2.422058506844955161e+01
2.717892126552349623e+02
-1.027563687237873324e+02
-3.009022745665419052e+02
1.453806382768334231e+02
-6.697080704540930185e+01
1.771282751346198268e+02
2.857891829062299962e+02
2.082049046113945963e+02
2.375484960301805870e+02
-2.594037312453597224e+02
2.408634375700033274e+02
5.616103385036814188e+02
4.494993109256614048e+02
3.933144089617355803e+02
-3.134532077309937677e+02
-6.394210646626445538e+01
-3.289018786729062072e+02
-1.842547250462795319e+02
2.481968055941763964e+02
-2.810638935480337750e+02
2.466795312346005460e+02
4.127924078699206234e+02
2.304493686637579799e+02
-4.575765319106042170e+02
-9.324351634500750663e+01
7.507375747424953261e+01
-5.652085345853196259e+02
3.326382343635469283e+02
-1.202400224587818229e+02
2.151017484979699645e+01
-2.662208640936630033e+01
2.485051946526593554e+02
-1.243279360710663326e+02
6.538174783294627446e+01
-2.645825606244279697e+02
9.890155861537151338e+01
3.102215697099745029e+01
-3.298808297326810361e+02
-3.748678861483093101e+02
2.757519305220388617e+01
-2.757743328977067563e+02
1.415680573522489567e+02
-5.146478970130238650e+01
-2.974565237983628094e+02
1.071077324410885723e+02
-1.264853278722507497e+02
4.081428862665550241e+02
2.619554599977741987e+02
-1.821189391774857427e+02
1.440356545320591124e+02
7.593355481359557757e+01
-2.454033595534224332e+01
-1.636619512067378537e+02
1.708448968368493865e+02
1.620204550320241310e+02
-5.657249937456079181e+01
-2.105239841366024223e+02
-2.668312242863970027e+02
9.368663475043565825e+01
-1.557527450223809353e+02
-2.699638581617955424e+02
-1.032196165142836151e+02
-3.881258785995533458e+02
2.595653892485270262e+02
-1.854584364273613915e+02
-5.461386699781983545e+00
9.653572811272381671e+01
5.560446875185266435e+01
-7.476896159433509048e+00
-1.591343087344364733e+02
-1.007436878082347249e+02
-2.037864811334799953e+01
-2.009859014441927911e+02
2.927777314680047738e+01
2.508419242717950794e+02
-1.361989895635361449e+02
1.363941059262836859e+02
1.346098108601372019e+02
-6.504058420267843132e+01
-1.645285311010830753e+02
8.504580324180572859e+01
-1.420754977701014532e+01
1.076632368374284709e+02
-2.884489485945641150e+02
6.122091548786114856e+01
1.672380273598492124e+02
-1.521831632918588753e+02
1.751670992126844055e+02
1.126955434230313671e+02
1.948191574257840557e+02
1.419236219958788183e+02
1.988109105820881268e+02
1.920565493781158182e+02
-7.866234663894593915e+00
-8.509251732831256732e+01
2.764671417118890062e+01
3.251269294898035582e+02
-5.057586969099200047e+01
8.765654018041347229e+01
-1.107413524246652514e+01
2.312849981442104479e+02
8.191745016222266429e+01
-2.676372337182476357e+01
2.895051332956072443e+01
4.893366078303493083e+01
3.118082214924636730e+01
-4.264840079951368352e+02
-1.184017611179571361e+02
2.358436871884298114e+01
8.248300942552528170e+01
-2.746041010164533418e+02
-6.132149468207600762e+01
-1.255084382916859198e+02
-1.507050160390348204e+01
-4.921725138677655309e+01
2.528483846311622756e+02
-1.532073791789061090e+02
2.439376465455654852e+02
-2.614270020746380396e+02
5.749387559499728440e+01
4.732104660637450166e+01
8.183347676073242383e+01
-1.865169339409114855e+02
-5.438738921812897331e+01
-1.822908125793430258e+02
-4.970724936711646791e+01
4.203234541517279155e+01
-1.239606366359696068e+02
2.314595561160157189e+01
4.210774904141422326e+01
8.788923416135743594e+01
-6.316583936460338577e+01
5.205823952716448844e+01
1.386046985234617352e+02
5.740353520883805771e+01
1.068945914950396414e+01
2.612476277696831062e+01
2.428464203416154987e+02
1.224210445835095840e+02
3.057090918132945490e+01
1.401696272456096040e+02
3.666301112597587775e+01
9.387914179344120669e+01
-5.692430075358680597e+01
-3.346245115523997526e+01
-8.984020664378866172e+01
3.219108314351144173e+01
-1.372047970490555429e+02
3.737150888367469292e+01
-8.737002669011152989e+01
-1.991040498179781437e+01
1.188001497001109641e+02
-6.856617978728768215e+00
5.100576252451788406e+01
-4.781341707582734557e+01
-5.103206526231681694e-01
8.813166806532478859e+01
-9.867641597735216408e+01
-6.609983655064159791e+01
1.372719364920233431e+02
2.335094147639518170e+01
-5.580368180450929572e+01
-1.269124236502040191e+02
-4.725200427034933881e+01
-1.523162169791976908e+02
-1.175496354033371773e+02
4.249998850891423530e+01
4.162376709713910117e+01
1.654282370504515427e+02
1.011146075320180131e+02
2.310542162768835794e+02
-1.364717466446582250e+02
-1.908792400396536237e+01
7.306886681635542402e+01
4.669887121788370621e+01
1.587800721350528192e+02
-4.038429749210594366e+01
9.372226050444105283e+01
1.927496047113100275e+01
8.065435745621752517e+01
5.766206342114918471e+01
-2.536868004818628108e+01
-4.426758204336893954e+01
-2.559760472616529725e+01
-3.581827677142995725e+01
1.203664005430184005e+02
-2.671918610637051472e+01
-4.104507310068797210e+01
7.748583801211739797e+01
-6.018593966878268020e+01
-8.289917163798533295e+01
4.655348853756469651e+01
-5.575077708529845211e+01
5.156264206952976537e+01
-4.758730867414861621e+00
