-2.723524829659947954e+03
-4.622989806841802420e+03
7.237431132498422812e+02
5.059421938180646066e+03
-2.123086117345339062e+03
1.836005512921931768e+03
-7.680899521880658085e+02
-1.711840033199844981e+02
-3.624124923981175925e+03
-1.497691720916451459e+02
-2.317846738032889391e+02
1.715887046868635252e+03
-2.857053189392370314e+03
-2.111868449916870304e+03
-3.181135594921126540e+03
4.275875223971679020e+02
1.882520750628280894e+03
8.398048058942841010e+01
1.787402211972086832e+02
1.113464559940293839e+03
-1.089759412308377932e+03
-1.615569452354992336e+03
-4.498465021001762807e+02
-3.501964836703085666e+02
-8.734052061319486029e+02
9.855873314261507403e+02
5.149690713882229147e+02
4.375018742631235114e+02
-1.498473810120499593e+03
-9.820938391320649998e+02
4.092665222369730031e+02
-1.345502139129476291e+03
-3.398235164851593595e+02
2.487494533168732858e+02
4.032197453124740605e+02
-7.932589327332830180e+02
-4.776331571447885267e+02
-4.860248169364796240e+02
7.338177026523601398e+02
-3.426303873176368597e+02
-4.250980219276156049e+02
7.303316059059531540e+01
1.461453564363211797e+02
-6.025422228529275799e+02
5.040124719256178878e+02
-5.409081982365548811e+02
-2.999913937735501577e+02
-5.152784508155012588e+01
1.094517227091571613e+03
2.350449158601079489e+02
3.895370229979995997e+02
9.718398801404759979e+01
6.595992772808858717e+02
1.175032402465370609e+02
-9.016929354838930522e+01
5.811606337922106604e+02
-4.677715731826748424e+02
1.349197900906611949e+02
-9.637618148198446022e+01
-2.999676962137363034e+02
4.759607081383144305e+02
2.241643952514361615e+01
1.233075914071560192e+03
3.344698119682826700e+02
-4.474798862244554698e+01
-2.017800011347243867e+02
5.637191859973147530e+02
8.605987195788085842e+01
3.784154135075635281e+02
2.506106277935734283e+02
-1.970630612793619818e+01
2.007863335646325993e+02
3.350770039431988607e+02
3.666163360306295544e+02
-3.359216597623931762e+02
9.818985146800440589e+01
2.571049739408587129e+02
5.075285242229670502e+01
-4.758146367463386639e+01
-2.319508415536553230e+02
-3.243115672069862967e+02
1.088216776164649218e+03
-1.174088887260866585e+02
-3.289827400053513884e+02
-3.216868178037652228e+02
8.815396079165152798e+01
-5.839481366260512374e+01
2.950728912739153316e+02
-7.320561066666955163e+00
2.734048659662191199e+02
-1.427544119164607821e+02
1.503066898293205611e+02
-1.424909144688400175e+01
-1.070152191726779876e+02
4.610318856182564105e+02
5.750542019182888964e+01
2.131517302210002924e+02
-1.834499821246724025e+02
-5.145524865650309039e+02
-6.837328714508159067e+01
1.618405635440539925e+02
-1.660022341457169262e+02
1.902815777070569254e+02
1.728795640730986918e+02
1.127086117136484944e+02
-9.291492841898208610e+01
4.169605956552365456e+02
9.103210962839703768e+01
4.063686954245230254e+02
2.466396155709395259e+02
1.578524682338078264e+02
-1.577210581620395544e+02
-9.627054047207020915e+01
-3.795996515306650281e+02
1.561913009172364752e+02
-1.318194314969030643e+02
-4.208149805998722286e+02
-2.311169770898495699e+02
2.745774207557705608e+02
2.142438241252646378e+02
-2.122169356322682461e+02
-2.458391835466325119e+02
7.361482644725606406e+01
-1.205100601046555369e+02
-2.659515362077971758e+02
4.888081371350199333e+02
-4.185490688148157119e+02
-4.750337031748593972e+02
-8.473501177475188229e+01
-1.674779652084072836e+02
-3.506792438057729555e+02
9.762420530500051541e+01
-2.400272084107541914e+01
3.997919672068233012e+02
1.136593426062890870e+02
1.860225614129852545e+02
-2.033040967649091968e+01
-1.390224306978562367e+02
-1.306164764465658550e+02
5.454460472095713186e+01
-1.858368350215375528e+02
-2.935921569858883231e+02
-8.772410654968452093e+01
2.190826827387656976e+02
-2.451967767921044015e+02
-6.236040751890305955e+01
-2.541629612565957075e+01
-3.028919366420266357e+01
2.050494369282537264e+02
2.404606192750611910e+02
4.548143441553955668e+00
4.177624318086245125e+02
9.410955574664650669e+01
4.792299880398851286e+01
-6.180630935380470703e+01
-1.492847891409065255e+02
1.006280028485369655e+02
9.718476280764372177e+01
-1.585188269648945720e+02
-2.837485997492092338e+02
-1.599280918258231452e+02
-1.011371985149789481e+02
-1.655794364690387397e+02
-1.200818180679176805e+02
3.315859909329419253e+01
-7.034100290226521679e+01
7.402570591568667169e+01
2.526166564726052854e+02
1.670653755279855943e+02
9.787862745274169640e+01
-1.190749417407711377e+02
-1.027318098187337085e+02
-5.994629892031198892e+01
-3.005483876201689100e+02
-4.434617796760198303e+02
1.928160042106846959e+02
4.162059242878752912e+02
1.198512926578830076e+02
1.893348097711024707e+02
1.959599357779371758e+02
1.568347611619877000e+02
-1.627047787910930197e+02
3.926659821094630729e+02
2.667606320341693049e+02
2.053755841223450886e+02
8.127842359936208538e+01
-2.481265009860237569e+02
-4.306712235278619261e+01
-2.704604761546776786e+02
4.081786390860090137e+02
1.470132646757186023e+02
7.916092096004430800e+01
-3.376327432810379037e+01
-1.180153903836232558e+02
-6.161247496192160611e+01
1.580236739925613776e+01
-2.600846297994265797e+02
-2.449304098512495500e+02
-4.057339419349932541e+01
2.800778318465630718e+02
-1.841247747524879230e+02
1.177597892820240872e+02
1.507531670950252192e+02
1.018137750603868454e+02
2.463191194607180705e+02
6.433431484229031128e+01
-3.362324356484846248e+02
8.935449118124067525e+01
6.891018891620733200e+01
8.903420529168315056e+01
-6.444367565858590297e+01
2.944120744542856869e+02
1.710425861288341665e+01
-1.800837686579470898e+01
-1.176098864821319445e+01
-4.670953575248479694e+01
-1.064409576084131146e+02
2.908377309824204104e+01
-2.464310887604487164e+02
2.805732444229222011e+01
-1.129587211872196661e+02
1.009288361994195071e+02
1.335546460144230174e+01
-1.013036818479057359e+02
4.990667361836436555e+01
-3.109178716196537380e+02
5.736565849293440778e+01
4.710651573476607723e+01
-1.582310316461881428e+02
1.791659661411479760e+02
1.479961289523249661e+02
1.553319994183810024e+02
-1.689773912160953557e+02
-5.798278315864195065e+01
2.236193246687771463e+01
-2.918355050778311011e+02
-6.396255521653623788e+01
-7.755395127103483333e+01
-1.245029725848708750e+02
2.623729693467591417e+01
1.836678613709558192e+02
-6.243156203780109337e+01
-8.617498727824555260e+01
-1.211714253991505501e+02
-1.734278393984315016e+02
4.581106435885617856e+01
-6.331848169963316764e+01
7.059059444442225129e+01
-1.815684173960185603e+02
3.410111278920575728e+01
-4.186363343293238160e+01
-1.661110691391532157e+01
1.784079389168913963e+02
1.710362834755696042e+02
1.675481216421257216e+02
1.521550792516027002e+02
-7.823953863953262555e+01
-1.250600466735365046e+02
-1.288367207814293920e+02
1.963225589978934806e+02
-1.131600289773831491e+02
9.215058762757360000e+01
-1.229337665160900173e+02
5.148597377233267736e+01
1.069722119362210151e+02
-1.250602694319576074e+02
2.930873517455152637e+02
4.159021172676463607e+01
1.425095242730638461e+02
-6.677454338062929651e+01
-4.594515465396690246e+01
-1.533834980854411185e+02
-8.909584263733746923e+01
8.594668534123266568e+01
1.910640820873182122e+01
1.842195268991697432e+01
-4.835529580016360285e+01
6.938491030289078765e+01
1.559683667370425724e+02
-6.331143590132962018e+00
-1.187334270594460435e+02
8.165418430295277119e+01
1.266961586958200883e+02
4.507207018634028373e+01
2.042357355378810269e+01
-9.670810906810891083e+01
9.004799939694990485e+01
2.998058583911839037e+02
2.482698013418729843e+01
-6.297959410126790658e+01
-2.412178875284768367e+02
-2.696546875084604000e+00
1.922094855627690322e+02
-9.033886935652378725e+01
1.140392020370856017e+02
-1.724037845699076144e+01
-3.826144772076302303e+01
-4.819835165963654688e+00
-1.176487084306115776e+02
2.722753651310345546e+01
