3.671204975676459526e+03
3.087810448858614564e+03
-3.996162069641021390e+03
-4.259890950579397213e+03
1.285623088845696202e+03
8.279837282497939555e+01
5.497189660342954767e+02
1.589946969889713046e+03
-3.253869922016078249e+02
-2.057877690042156473e+02
-9.758133397979906931e+02
1.731879160580702319e+03
-9.082398926595363946e+02
1.060641356907795625e+03
3.589404380463761299e+02
6.620140992375033306e+01
-3.379260199446983961e+02
7.248688514933058968e+02
-1.062229095903267684e+01
-3.767940947210764335e+01
-1.574365281295012664e+03
-5.509265939093137376e+02
-4.543773251277507370e+02
-4.954955351571999813e+02
3.188313781892605903e+02
4.143941198352370066e+02
-5.443596502759725126e+02
1.698685278648439123e+02
-2.129194562040692347e+02
5.338233835610354561e+01
1.087654755662390471e+03
-6.420497964297255749e+02
3.058786302342295116e+01
3.814445682175498291e+02
6.605330136353668991e+01
-2.244229406282394166e+02
-2.252751015326776098e+02
-2.732177613651672345e+02
-2.323702975529677985e+02
-4.459648420542120562e+02
-2.348562511150483090e+02
-3.678368224843012513e+02
9.524440820850683167e+02
3.395036438930849272e+02
-2.939635054808684345e+01
-9.044819969613287469e+01
3.108978364953431424e+02
-3.568425013820623803e+02
-5.606289666230675550e+01
-2.433052216959731879e+02
-1.015594731103639816e+02
5.044417687427437613e+02
1.255612218208238140e+01
1.243371880301664447e+02
3.767130174094263566e+02
-2.856691384190734198e+02
2.052532216418675262e+02
-1.363711858663635326e+02
1.403011154087707837e+02
-2.116029426464627932e+02
8.222038121522713539e+01
2.138107048786870052e+02
7.552072032093198573e+01
6.984078765049076765e+01
5.708667463643893569e+01
-1.896063326616877873e+02
3.632676117267559448e+02
1.083577443159527434e+02
-1.286296143660586040e+02
-4.067535821036597810e+01
-1.022466907658561155e+02
4.826904363554553434e+00
-4.527481243451758246e+02
3.440439942105936666e+02
-1.000092214899064516e+02
-1.226069454834110246e+02
-3.032732387904600841e+02
1.095281744760337546e+02
2.407250054291945389e+02
-1.213511873946035564e+02
-1.547147024183512656e+02
-2.448483308583906819e+02
-2.397127999311636515e+01
-1.583499482139284851e+02
-6.322334175752077101e+01
6.901291440711329983e+01
-3.142914290263156545e+02
-1.204705796775617017e+02
2.252036602269095056e+02
1.751764819751881817e+02
-1.354114504000127113e+02
-3.384529608196216799e+01
9.012641153850985631e+01
6.136715883183456555e+01
1.374925288486655290e+02
1.221392822166892600e+01
-2.436704477766783441e+02
1.347981533324361436e+01
1.781598868020679163e+02
-2.277482833456122080e+02
6.101145398255407315e+01
1.009410559980211559e+02
5.509676282552205606e+01
1.311985671837193195e+02
2.621430896884194226e+02
-8.954571637499812198e+01
5.837615138613215038e+01
-1.724896394062230627e+02
1.967962263948838313e+02
3.052257534276329238e+02
-1.269492829414577173e+01
5.140276809830609039e+01
-1.287159274736391410e+02
-2.527224095679087768e+01
-1.015658261311229467e+02
1.128771882208399688e+02
-2.143589599470616918e+02
1.254963333662109619e+02
3.887381416904563736e+01
-9.465336284470701855e+01
2.751530458790303157e+01
-5.911859452711326668e+01
1.362077981757077794e+02
2.732679424117830536e+01
-3.020976905848566219e+01
1.132226163250487332e+02
-1.123654284039339899e+02
-7.536053219673190995e+01
2.518803677740337932e+01
5.930464940089233039e+01
-6.536104914815692268e+01
9.904701821456114885e+01
7.505015336018063010e+01
1.386626550804377587e+02
5.267013249193860958e+01
1.704174091074077353e+02
-4.303810469699668317e+01
-7.943078016194994007e+01
-2.241318447562480287e+02
-1.438357286732288287e+02
1.180371725271823635e+02
-3.260648328616000668e+01
-1.032759304452291786e+02
7.035143287765505704e+01
6.091625348643193405e+01
-3.213141111397131766e+00
-3.497379119220758525e+01
1.869027599357500549e+02
-2.932400028668579495e+01
1.660258752334783878e+02
-1.947574870090158470e+02
-3.084949095867397162e+01
-9.043670710422098580e+01
5.986800498334557119e+01
-1.026373928692318600e+02
-1.936969066327608857e+01
-9.839682441246307576e+01
-5.553834526203350208e+01
-1.148231896955502407e+02
4.135050182282364517e+01
-1.323080731435303505e+02
-2.326199634994379295e+01
-5.988358296193371189e+01
-5.127620855897284713e+01
-1.228877756439667479e+02
-7.528674526821264124e+01
-6.285599505698030498e+01
2.562579678437630193e+01
-8.826735096455676910e+01
1.197407219299231684e+02
2.044291446030668737e+02
-4.015091804900316674e+01
4.482746490680519003e+01
-1.301040943021783960e+02
3.601558859942539925e+01
-1.012654753431240664e+02
-6.457788570361891800e+01
-9.513739091178848639e+01
-7.562249778039041814e+01
1.499325547559826788e+01
-1.921568397672712081e+02
1.018867662790307662e+02
-4.887499929104460250e+01
-2.129312027539733698e+00
-1.381338387834682813e+01
-3.561247050363027711e+01
-5.551900415350504403e+01
8.317009523197519627e+01
-4.095949156206184494e-01
1.292134995274240623e+02
6.996278105718756990e+01
-8.890612454963289224e+01
6.949899994630636968e+01
-2.338587324115972024e+02
2.135319121557415940e+02
6.494706620676555353e+00
-1.472929979764685697e+02
3.310240052551072409e+01
-3.838450443567523251e+01
9.102193522189374164e+01
1.723578231995956571e+02
3.261660953336326685e+01
7.740387266354346707e+01
5.350035611205496622e+01
8.263472992554586938e+01
1.798530902446343305e+01
-1.156551555689056556e+02
-2.659629273775533065e+01
1.573708112106813815e+02
6.115077072022665305e+01
3.196788273691204196e+01
-3.928254812789469952e+01
1.055338047172404714e+01
-1.381005541884533905e+01
2.683645205791629351e+01
3.567727919779597556e+01
-1.050666891224987438e+02
1.628371777542248466e+01
-9.055809027430720448e+01
-6.912951668987732035e+01
1.138166262804663234e+02
4.515664068839999601e+01
-2.494837294131426120e+01
9.837312128873917061e+01
1.140469356154921599e+01
-5.852497121422457127e+01
8.000270059571317915e+01
3.798151567752857449e+00
1.166596596461871371e+02
3.243541369593922497e+01
6.887247586935240307e+00
-3.002280356857146515e+01
-1.148656820651665811e+02
2.627222861636456841e+01
2.569760621889569308e+01
-1.250395165012069576e+01
-7.274356701032193939e+01
6.785675990725657414e+01
1.861559030515129720e+01
-3.145263417761320213e+01
5.909013504496484437e+00
-5.839989518132119883e+01
-7.537452703480269633e+01
-2.353343813187440148e+01
-5.232666173395187315e+01
-9.401418935623662776e+01
-8.643515646413375464e+01
5.760283707162488831e+00
-1.154025867084144430e+01
5.451895672342696741e+01
2.001420368690504148e+01
-3.891879893328905382e+01
5.753354502348340560e+01
4.619971510074889665e+01
2.050332586165713167e+01
1.444589369363502271e+02
7.411602629055636271e+01
-5.805530443304461130e+01
3.114864300979794720e+01
7.478577117282416964e+01
2.695118499547713498e+01
2.501645340760336822e+01
4.083845105412514442e+01
-2.274883695953067786e+01
-7.415392345638066729e+01
1.124157131755410148e+02
1.391505421508718143e+01
1.703361378402194859e+01
-5.297470967013088483e+01
-3.535088441191053477e+01
-4.230829710432327317e+01
6.927337850946403819e+01
-1.728682664064229968e+01
-2.873344153691289904e+01
1.474911923199670127e+01
-5.014304928261883276e+01
-2.354843901682620455e+01
-1.889256972078727159e+01
3.813634376392081471e+00
-5.447877464249273771e+01
-9.272452880593813518e+01
-2.641077404733301748e+01
3.023321601604923003e+01
2.720885986503339637e+01
5.059964560470952222e+01
-5.249168974003709565e+01
-4.022316656418431613e+00
-4.199284547523097189e+01
3.963963165477716899e+01
-4.924671291318228583e+01
-6.031338260333598811e+01
4.458831629054879642e+01
9.265296278986120626e+01
3.093994510382324137e+01
8.331137525916543041e+01
3.741924643282543883e+01
-6.813813999109085273e+01
-6.647342486170676068e+01
2.108619812047959030e+01
4.020506982852764111e+01
