-1.890235328811494071e+02
-4.302708472742207050e+03
2.757117063535026205e+02
3.062154547005957738e+03
-2.467488108968185770e+03
1.789489110657734500e+03
-2.715567254647309710e+03
-2.972711373726531292e+02
-3.994031232058311616e+03
-1.173770472420610076e+03
4.301987339766748164e+02
1.410768753803067739e+03
-2.078687402450646914e+03
-1.965330431715875875e+03
-2.439402411332577230e+03
2.463306085098013682e+03
1.887348205138136109e+03
7.159925938225003392e+02
4.389583297495822194e+02
1.238273213717284762e+03
-1.273699798648540536e+03
-2.221792153329425219e+03
2.184889534444820072e+02
-5.960307366048776885e+02
-1.314294148764491638e+03
-3.930121085197671960e+01
6.383073318751437455e+02
-2.604977845000958609e+02
-2.810058381213985399e+02
-8.570969645894206224e+02
2.803095740196017687e+02
-1.388144609557411059e+03
5.592599536892767453e+00
5.309339563737817116e+02
6.611766659751291400e+02
9.004829473961100348e+02
2.814678538295807471e+02
-6.353248967248291592e+02
4.070528873666228833e+02
1.477453082152913453e+02
-4.830236642268502010e+02
1.102141334991301278e+02
-9.606009612013109233e+01
-1.137169601720815990e+03
3.284530209833147865e+02
-4.964855814891338355e+02
2.262833544180226966e+02
8.402911111615659365e+02
6.777335541545131719e+02
-3.641844501014764433e+02
1.355908527940586907e+02
-3.624319292476948249e+02
9.069595076496898400e+01
8.029304503695356061e+02
7.408556069313667649e+02
3.427073249160688988e+02
4.162139217868459014e+02
-7.795512724571952958e+02
2.507871218562032993e+02
4.404439252848153501e+02
3.524362990546131869e+02
1.361970836711789161e+02
4.380797672794028585e+02
3.333809576463126518e+02
5.202193949336284504e+02
-7.652352324280887075e+00
-7.337932128535801724e+01
-2.121610547374296729e+01
3.562635593798383411e+02
1.209195924601810290e+01
-9.380456143803037605e+01
8.070886293002167804e+02
-2.829570216759657910e+02
-2.211641190521008227e+01
-1.940457204421287329e+01
-1.871483317801742601e+02
-3.150119745675897889e+02
-8.766199340950186070e+01
4.176981779223312969e+02
3.083165360442349723e+01
2.049194110629471766e+02
6.197457796859788459e+02
-8.628342606479479571e+01
-5.617182743096914237e+02
-7.864244398376912386e+02
-9.910377362424857495e+01
6.884150384533959368e+02
7.993173642758392816e+01
-3.635526702831472221e+02
-7.554961160350228511e+01
-2.169409173165004461e+02
8.585198523524013581e+01
2.156236961263962257e+02
-4.926249155767205821e+02
1.543760880288521662e+02
1.270449518076070632e+02
-2.954397112427333241e+02
-4.495153578770957665e+02
-1.369350261016972183e+02
1.879390796356133251e+02
6.002443442353168166e+02
-3.569957897540429599e+02
1.304664113031129773e+02
-3.900903382964943944e+02
1.625071244075897425e+02
-9.032499389182949017e+02
3.859888800105029532e+02
2.009224711998325574e+02
-1.376545062078818660e+02
5.099312557849594327e+02
-9.768576790094292051e+01
-1.315899863079177123e+02
-6.993598316372932686e+02
1.098809330921558001e+02
2.677344019097195087e+02
-4.391938544836454525e+02
-1.432601366270169194e+02
-1.947925350296775378e+02
2.033465306059466684e+02
4.490464052443161904e+02
-2.059422974727709175e+02
4.212907321309283475e+02
2.407828926575681123e+02
2.806016538828409921e+02
9.907086897091690503e+01
4.240209225734099618e+02
-4.692781029201299248e+02
1.503088694957822042e+02
3.056670660622767741e+02
2.360838278022992043e+01
-1.015022160997665850e+02
5.492830659431604090e+02
-2.652732187042474834e+02
-1.420554614662144672e+02
1.451587813526792914e+01
2.712317976625980691e+02
2.962199362153065749e+02
-1.400568181321515624e+02
-1.140945201728809195e+02
-2.080518538345681065e+02
-8.929472269644945470e+01
-8.384680257880340548e+01
5.721592699423938200e+01
-3.297202284249409843e+01
4.384010639029461487e+01
-5.890727973761075020e+01
4.028020606174167284e+01
2.457692650461885933e+02
4.505849713376960040e+02
4.550535187559341921e+02
2.279590526971452675e+02
-2.893990932780768688e+01
3.425936406422100049e+02
3.768357464618730432e+02
-2.471177396550153116e+00
1.365227048226981594e+02
5.998329435528653875e+01
3.985768505759415916e+02
1.874719681709479246e+01
-4.391075402689358498e+02
3.747215479147292854e+02
-6.351466705647768407e+01
1.738403942727809977e+02
-4.544750978013253757e+02
4.118176113847262343e+00
-1.531663882489181674e+02
-3.250946980821619263e+02
2.888637831414608286e+02
1.310993816438368356e+02
-1.716546887340172134e+01
1.919189228137592522e+02
-2.887003716952038985e+02
-2.744430688436664241e+02
-8.352352532762047588e+01
-1.008234198719280670e+02
8.505565711487064107e+01
1.858417961608431597e+02
-2.172583770620057635e+02
-1.047498785148186897e+02
-8.322414470595289515e+01
-6.229637861479582028e+01
-3.005247776693169044e+02
3.637646140884575061e+02
-3.283395490422640250e+01
-4.912992497136738024e+01
-3.309019489539230676e+02
2.207640756859078977e+02
-7.355064227192698922e+01
-7.032878012708081883e+01
9.513489645708592235e+00
7.419982019240741522e+01
-2.228595099767813963e+02
-7.557887121499742022e+01
-2.092906873003986163e+02
-2.381741653603648956e+01
-1.588133371972918724e+02
-3.286606991498640582e+02
-4.492604402645695671e+01
3.743476289664196770e+02
1.600650395518174207e+02
-1.683756579445770001e+02
-3.405459064220153920e+01
3.223943327837165498e+02
-2.415895211465949330e+02
-1.104979454473296556e+02
-8.147569131270799403e+01
-6.871781525743561758e+01
9.900299624632924633e+01
1.856923566893629243e+02
6.751385478147335562e+01
-3.587760600386150713e+02
-1.117984917467876116e+01
-1.215587821814146992e+02
1.101909132722021241e+02
3.803873112845036530e+01
1.208358028934824944e+02
1.239891236880706487e+02
-2.194939251727668363e+02
-3.922979727386070863e+02
1.977050052609996555e+02
-3.687427790022937302e+02
3.154327271150929164e+02
-3.001148059546868012e+02
-2.565180971117630406e+02
-1.133715196450020102e+01
-4.107754779500186260e+02
-3.220534680968409020e+02
-1.274694846500155734e+02
1.234161425450290217e+01
7.677634394642140592e+01
-6.380701371596980920e+01
-8.755984455305738834e+01
-2.419847412093273249e+02
3.548538291604650396e+01
7.321728480543410456e+01
-8.707885597926862431e+01
-1.235383071103675547e+02
1.618443307024552951e+02
-1.144559354466229806e+01
2.522455921187430405e+01
7.775993136681978513e+01
-4.152916461616751320e+01
-5.145839361380518540e+02
-3.755077008795888673e+02
-1.428883684597548331e+01
8.534717395437210996e+01
-3.697206594220588016e+01
-8.280506620159842157e+01
-2.078992964021207399e+02
-7.049835611552099124e+01
3.112954952894401117e+02
3.133696190417696243e+02
4.009195136396588737e+02
7.130531556516602620e+01
7.834780930335487881e+01
-9.437898410197229282e+01
1.212934574049600940e+02
-8.864722200407435082e+01
-1.401038269096548561e+02
1.539393881900709857e+02
9.462475079341621154e+01
2.245426938964940575e+02
-2.477944868519120405e+02
3.931350814102186320e+01
3.591730835376705500e+01
3.249110235403645675e+01
1.641279477365302171e+02
2.482711787702937727e+02
6.190139050941188970e+01
-1.630816067044480064e+02
-6.752024296626214550e+01
9.968839289584710173e+01
1.710308135233314886e+02
-2.690314548338038776e+02
7.431716039360343018e+01
2.136977641139955892e+02
-8.884529458718091632e+00
1.688320570547441264e+02
-2.043175314993035272e+02
-1.881390720780352694e+02
-2.392680429849567076e+02
4.522324342425907275e+02
-1.060263737335239540e+02
1.953246520406356694e+02
-1.510101192475547975e+02
-3.055844926541603002e+01
4.862346842245770517e+01
-1.063531097654773987e+02
-2.920283824456833486e+02
2.126455166615535575e+02
-3.982513872063656635e+01
6.298730797861760777e+01
1.142709323216864021e+02
4.279531187908077072e+01
9.726208778982952197e+01
1.483236774241484390e+01
-3.033419576641284010e+01
4.458969849020703435e+01
-1.597432447862654499e+02
1.310671096767628399e+02
