-4.548045367782356152e+03
-4.907505295376085087e+03
3.343749093175029685e+01
3.504053484483656121e+03
-5.515666486982481729e+02
-1.855096657494357714e+03
-2.584184516363540297e+03
-1.646349802516670024e+03
1.466052669967930569e+03
2.014183972717262350e+03
-1.878694009145873736e+02
1.767325614739923594e+03
-1.555465598254025963e+03
1.511589404380543328e+03
3.794367725607244211e+02
4.183000277382294030e+02
-1.398042958292075355e+03
3.906810063669090027e+02
-7.945993986985132551e+01
-3.210881546023031206e+02
9.878779330475740608e+02
2.091516109053877244e+03
-8.446809352658769967e+02
-7.480953449287108015e+02
-1.376688569811748494e+03
1.396743906065838019e+03
1.455023453512186734e+03
5.454022458912321554e+02
-5.043801141468629226e+02
2.530542058588601719e+02
-1.363089756189211585e+03
-1.408892976905852493e+03
-8.430531551325465216e+02
-1.507611639355462330e+03
2.515754190940805870e+02
-2.571105858321787423e+02
2.453960800369133324e+02
-3.117428223846241622e+02
5.746717787628679162e+02
1.083592368836816746e+02
-7.346391416729775301e+02
3.577831818652561537e+02
2.067011633166715399e+02
9.733909847635907227e+02
-2.051884974310709708e+02
5.416964281451892020e+02
-8.121613743460723072e+02
8.729843052759971442e+02
-7.718091348987371703e+02
-7.145134959481604255e+02
-6.683711779280414476e+02
1.642438304924349666e+02
-5.940779419276742601e+02
-5.068735555193089226e+02
2.130579432501376118e+02
-1.555298861032947002e+02
-8.683120651769512506e+02
3.662337955940335519e+02
-6.808607150479816994e+01
9.631135706798640967e+02
1.179535135332280475e+02
-7.734137233884182479e+02
-1.473013710600392585e+02
-1.086146271297315934e+03
-5.818686759400961819e+02
5.681844658337566045e+01
1.010991117622972837e+02
3.099463222226294761e+02
-1.004249156230707285e+03
-2.994545420404776337e+01
-1.798023586494498431e+02
-2.976084893351606979e+02
-2.248072390400006615e+00
-2.560985243368002102e+02
5.885928953168661337e+02
-3.216652771614731705e+02
-3.599940696703832828e+02
-1.343650371608521255e+02
3.057121086492043673e+02
1.359591870056861467e+02
4.414003753263189083e+02
-3.744543127804835763e+02
3.082876671740171446e+02
4.617307001723578423e+02
4.696652207163797925e+02
4.299331777527020222e+02
-3.164508408628995539e+02
1.461287664491397038e+02
5.941704798983383853e+02
-5.045240573017997008e+02
-3.970723457945870791e+02
-3.261127338659719044e+02
2.643600994706994811e+02
5.557337981702874430e+01
5.454981682360428294e+02
-4.156210591208725873e+02
-2.407744975157706904e+02
-1.618494210448133401e+02
-6.723109819447040536e+02
3.367317844740652077e+01
-1.043911008218039882e+02
5.494390359385093348e+01
-5.282572316299520025e+02
2.601606003577270485e+02
-2.760579318176123707e+02
7.492625857510465437e+01
1.148758552785842966e+02
-1.719163063363959623e+02
-4.441667779606363524e+02
5.889195680360569396e-01
8.033494925002420928e+01
3.463702561919522509e+02
6.764652964913508413e+02
-3.647466766023526930e+02
-1.071123516583480040e+01
4.012659651010915809e+02
6.457039730884682172e+01
-4.011599472038852099e+01
-1.998914583734710106e+02
7.820584499341886442e+01
3.779218708324847285e+02
-3.069310933849010894e+02
-4.172452112211330189e+01
6.901374856245425349e+01
4.421333800713503024e+02
8.001423156819173244e+01
-5.318447003563703390e+01
-1.611641865582590754e+02
1.939738298585468499e+02
5.120933388716521222e+02
1.277400517409634233e+02
-7.319469943855929728e+01
-4.693772209776477666e+01
4.690906665188206262e+02
1.274152561675965245e+02
1.169175549084613976e+02
1.005739482667512119e+00
5.901893988941608313e+02
-2.410805380660892538e+01
5.911861472519033214e+02
2.667729390775860452e+02
2.734125750611147510e+02
4.903155820221202532e+01
2.671140223812264480e+02
-3.135091244622652340e+01
3.498830862879060533e+01
-1.071701873860712908e+02
-2.845138328146377944e+02
-5.617208393895601404e+01
2.911915401532369287e+02
-7.628625602584108378e+01
-6.442180043508625431e+01
-1.383125258896402272e+02
-1.656178211908800506e+02
-2.869055316729831020e+02
-1.647005317027036710e+02
1.304209129009832395e+02
-3.807688510114414271e+01
2.349556654331528023e+02
4.116494849241347538e+02
3.824082263725308621e+02
1.274270056235890252e+02
-1.608126053323600502e+02
2.308674300554984882e+02
4.536630356769339301e+01
-9.965116335330930042e+01
-3.967914171116441366e+02
1.173104933946313650e+02
1.096638401193178503e+01
-4.226754801866191542e+02
-1.656188534548422098e+01
1.901011711540271847e+02
-7.120458438464378048e+01
-5.082616094602340695e+02
-7.262350476311810610e+01
3.930154487316899292e+01
-9.221287260257511775e+01
-2.317832333337394459e+02
1.592561883547516857e+02
-1.851601212796126390e+02
2.267848180928975808e+02
-7.109126886730801687e+01
4.526760220296284842e+02
2.707267153543820086e+02
4.938903922825052462e+01
1.874612984661198212e+01
-3.427767988743066212e+02
2.681092320166588934e+02
9.540699133635925477e+01
-5.639367015934885075e+01
-2.862796192559106316e+02
9.652580954101293287e+01
8.347576113535249931e+01
1.522997354200995801e+02
9.881895814471437234e+01
-1.496661982249936500e+02
3.339274005015154785e+02
-4.536737288385804590e+01
-3.645305535158000509e+01
-3.255726902006082923e+01
8.484965140026228880e+01
1.756460518526205306e+02
-1.774424732766911177e+02
4.029479750943782790e+01
1.080318681471840563e+02
2.498746275228308775e+02
-5.523976122649551002e+01
-1.330351839670093455e+02
-1.811121165468887639e+01
-1.139471743279812586e+02
1.802481548586667941e+02
-1.305543078088469144e+02
-3.893414658767515846e+01
4.800890277538405826e+01
-5.817674633548573127e+01
5.422032061326842722e+01
5.164001749715826861e+01
5.325420409525774801e+01
-1.894723261905105858e+02
-6.900661808170373490e+01
-6.576727120588563480e+01
7.241115085102067894e+01
-5.219569202213285308e+01
-1.511918090397255980e+02
3.152243595515429320e+02
-2.283504367596020757e+02
1.423368279890030408e+02
2.529738060223111233e+02
-7.813291602461451646e+01
4.004254346852226263e+02
3.022140983264511149e+01
-7.051468282337562243e+01
-2.298595768855554695e+02
2.082604473205031468e+02
-3.006129409296136501e+01
-7.221622234947780328e+01
1.206567871264688421e+02
-4.755127850070929441e+01
-8.554035049189570827e+01
-3.868946306704359017e+02
5.813541783220176740e+01
1.865512481781518090e+02
-3.042034184822476846e+02
-1.600061859397185628e+02
-2.218716886815800393e+01
7.087244010067759348e+01
1.689230140097139099e+01
4.370614111476950114e+01
6.148147843175840421e+01
-1.645215802408921775e+02
3.060905915249682696e+00
-1.375646285099985562e+02
-4.575026511332936363e-01
-2.559725345749445182e+02
-8.744713548681930604e+01
6.756052362926993737e+00
1.864047864470053071e+02
1.235884218057446304e+02
2.568504585314511246e+02
1.235808392636463822e+02
-2.356295700360827254e+02
1.499514986087887110e+02
-4.847247275619955786e+01
-8.384067109130265294e+01
1.767330986479780464e+01
6.070189005597789134e+01
7.585471160148875924e+01
-3.959046264914133673e+01
1.580056392016272184e+02
-1.986727673881217129e+02
3.316139459254167150e+02
-1.875819364695074398e+02
-1.054685809270113737e+02
6.075122716661720546e+01
-2.764424654139098436e+01
3.167044156048413939e+01
-2.076009245504598155e+01
-9.060490078007764225e+01
9.148853799125070907e+01
-2.233969511994974937e+02
8.819980371519589823e+01
1.387868554375449719e+02
4.523632703749168371e+01
2.007640155745643824e+02
-9.727559925994670209e+01
2.623707338423263735e+01
-2.967569010439771091e+02
1.750246173739001563e+02
4.500765624327655701e+01
1.483944555051947702e+02
2.838201370767832827e+02
1.100169671900130197e+02
8.086085046810342192e+01
3.944126593609802001e+01
-1.420046393642900284e+02
6.298247554538684767e+01
1.170732636830413185e+02
1.257981727563136616e+02
4.376746158264018760e+01
4.401514041315104464e+01
