-6.916545283549220358e+02
1.460135960703724095e+03
-3.371876108858160478e+03
4.681468125314814301e+02
-1.907360860395993313e+03
-1.053658028454948635e+03
-5.332410542747129512e+02
-7.043674618981068534e+02
1.097204288779963008e+03
4.515941391921699619e+02
-1.006008845318984754e+03
-1.228565880509808267e+03
-3.057363273408591340e+02
1.540514650245141866e+03
-3.371556748471220999e+03
1.168864159342426774e+03
-1.292850921472405048e+02
-4.371400610677052896e+02
3.953054224701617159e+02
-1.317599703408806135e+03
-8.108441232489710728e+02
3.093916335564706515e+02
1.159702616706543267e+03
-6.498403849234202880e+02
1.863810856923777919e+03
1.295938381487848346e+03
-7.902398611175625547e+02
-1.053885643643157437e+03
6.546041823630055205e+02
-4.431944933091677399e+02
-6.857785168901104953e+02
7.661167536735661088e+01
-2.400046184314472839e+02
5.801691201984880308e+02
-1.476566514608101102e+02
7.681515999760679279e+02
-9.947693607487433383e+02
1.065288357055884035e+03
4.266186720845023501e+02
-5.492674582896245283e+02
-2.678330096396380213e+02
-5.209556442581770170e+02
-7.194396130006967951e+02
-2.702420890736985939e+02
-9.142634509779444585e+00
-5.021740054484961888e+02
7.247286122430716659e+01
-2.407929874156756398e+02
-2.826337717832756766e+02
-5.820545449271800180e+02
-6.885693770542942502e+02
-8.894354766233441012e+01
-5.441135748482115986e+01
-8.084099319357471813e+02
-3.562810987427506575e+02
-1.868672962521078951e+00
-4.793511869224969928e+02
-2.862673794349988157e+02
-2.262355621273379569e+01
-2.069569757075338998e+02
-1.464653873693177957e+02
-2.586285300989537177e+02
-2.020496789484086264e+02
-1.092014837048753435e+02
1.242200626298733646e+01
-5.429814935355467753e+01
-4.556227724461664934e+02
1.252465810572276581e+02
-1.837517479564446035e+02
1.075397055576518284e+02
-2.018724646984651372e+02
-5.940478583616455666e+01
2.509099400547341645e+02
2.191534679270029358e+02
-5.225551712687302341e+01
-2.802598581026229567e+02
2.703292305650574576e+02
4.235248324857006992e+02
1.365064109586620305e+02
-2.811420972627864217e+02
-1.208966830535235744e+02
-1.719094837064260446e+02
-8.530708172962998503e+01
-4.811192122353371019e+02
-6.729854378235347667e+01
-1.633117734455363461e+02
-3.698319580103712951e+02
3.361775177019533203e+02
-7.257955381774596049e+01
-6.701595159630034004e+01
2.559346487445145044e+02
3.634809836820962801e+02
1.639606215630672068e+02
-7.188264906811525634e+01
7.774827952259306585e+01
1.181738162817879925e+02
-1.644159564194671930e+02
2.781863281135251214e+02
4.333621048216100746e+01
2.130812104835125922e+02
-5.337571476401559067e+01
2.932855300168331496e+02
-3.798041180377235833e+02
1.448952260472290732e+02
-1.425216017246808065e+02
-1.626145143140174412e+02
-7.064533388086719867e+01
-3.958496404255648713e+02
-3.641038468504137313e+02
-1.235716281973838875e+02
-6.928559863448911926e+01
7.648637325320461855e+01
5.529854209887301408e+01
1.607457417840296898e+02
2.123425905046950675e+02
-1.753573155144180475e+02
-1.481713220600329350e+01
-1.738886043836274666e+02
-1.127225917750218542e+02
-5.766816132471802092e+01
-2.259272181597057738e+02
-2.768426819392744846e+02
-1.339552545627100528e+02
-1.303541364636163848e+02
1.064063496332872916e+01
-9.123291659883280147e+01
-1.906202150273251732e+02
1.106736312087596730e+02
-3.859646756471511964e+01
1.194039244344647130e+02
-4.412245978784847011e+01
1.303211164542818210e+02
-2.914280571294603419e+02
5.450248578271171596e+00
1.364393321140332773e+02
-2.098029150925250121e+02
-3.807048681844269566e+01
1.280482304020927131e+02
-3.017937366877375460e+00
1.035107372694158698e+02
1.784342621081206630e+02
-5.239679570381390761e+01
-2.034497821939876303e+02
9.155297282918665758e+01
-1.043584445638826423e+02
1.984446384252312612e+02
-1.318605809224089320e+01
-1.662426229659615373e+01
6.439101959006751486e+01
-2.091788122157342684e+02
7.519194607151897003e+01
-1.787374678734435562e+01
4.140933263571183431e+01
-9.003891413152868495e+01
2.342619621045865301e+02
7.206226557076047357e+01
-8.150242848075914992e+01
-1.515023245555448739e+02
-4.983042211187807879e+01
-5.902997690438564149e+01
1.124356147248701632e+02
-6.888658536220845008e+01
2.538797926932635463e+01
-9.384497302180842837e+01
-4.817974632568666493e+01
-1.880890746567186795e+02
-1.486520914069603805e+02
3.181884958215256631e+00
4.954198260020707778e+01
-4.865600418079005607e+01
2.223332035794646799e+02
-6.030024802557007035e+01
3.745168953105552845e+01
4.269822305973860921e+01
9.015997585865305552e+01
1.481246637768361722e+02
-5.564165051210676438e+01
-1.035536508146684866e+02
-5.923067165203097062e+01
1.340754423343485655e+02
1.371008109951247000e+01
5.320059742406481718e+01
1.681521617773956052e+02
1.113451453205375543e+02
1.979709666640957266e+01
8.493321710205223862e-01
2.346525960737169925e+01
-8.915111125518282620e+01
1.100218094436285128e+02
4.353297657729195436e+01
-3.910827021395790837e+01
1.360635456484810213e+01
-5.416300299969564236e+01
5.197092297923497028e+00
-2.273434610432962444e+01
8.568391254494810028e+01
9.506716768743426371e+01
8.615773276502575584e+01
1.024106838666893395e+02
-5.543649086445208951e+01
3.388659611701132235e+01
7.742177027010868073e+01
-6.559265330824745277e+00
-9.123322988032433045e+01
-1.703899076616638411e+02
-5.075157484835413868e+01
-8.934676643423864562e+01
8.508156101161382878e+01
1.031288089702737096e+02
3.387092973389553663e+01
-8.183420554098921329e+00
7.180043451911058128e+01
4.978179448312359767e+01
-1.336383815517467326e+02
-7.623293588145462252e+01
-2.861303111754700979e+01
6.672147684653579347e+01
3.618084442922653921e+01
-6.921605731157215757e+01
4.923252769987750632e+00
3.672547056805463228e+01
-8.775561179363547737e+00
-3.214390502953607864e+01
6.211380774398459437e+01
8.207950175734619336e+01
8.629345829038201998e+01
6.362814961774956402e+01
-6.364726957421534337e+01
9.650394564958608612e+01
-9.420980312376391552e+00
-3.893715311352838171e+01
1.507201678033138315e+01
-2.986698124553730338e+01
1.173225600565701114e+02
-5.930041699016970114e+01
-2.353780596107537093e+01
-1.649762443375594145e+01
2.457605946568013522e+01
1.156734679709868807e+01
4.726589869354054230e+01
6.621152386314284399e+01
5.334841013104497875e+01
4.392848723414586232e+01
-4.833688259248901886e+00
-3.464258771329107134e+01
-1.450053422419598625e+01
6.311162911698658462e+01
5.271155668766066782e+01
7.080520999324436104e+01
-5.423793672155287027e+01
-2.093589776525417179e+01
4.672206785470278589e+01
2.456836609887981027e+01
4.807223836430480901e+01
-1.376055963157941733e+02
1.298064535562489930e+01
8.224147293678001347e+01
-4.215015813775275433e+01
7.205105939404451476e+01
-5.989736322713472561e+01
1.594008573975623655e+01
9.464859505285264873e+00
-2.143900972858730469e+01
6.941835465013944884e+01
-4.447547694818943143e+01
-8.406496360537704504e+01
4.062684357090625298e+01
-4.448106243247109148e+01
1.603236366711770344e+01
2.052273025995577171e+01
1.140141804598586051e+00
6.101238867841268387e+01
1.164215338130055599e+01
-8.020386143197053741e+01
-1.078415743596815020e+02
-7.108316525416792331e+01
-3.731202330072176920e+01
-4.040668293049778725e+01
-1.277699348738210183e+01
9.359958982153756324e+01
-5.206179792603044376e+01
2.756215134501008990e+01
-3.130377259152100677e+01
-3.053937286062303613e+01
-6.598863955090433819e+01
9.736804419349844864e+01
-8.066950994689629795e+01
-4.369160189489493717e+01
4.734428007934801741e+01
4.479560068397424288e+01
-8.377734674863112074e-01
-3.656777251302980858e+01
-9.322278654070936810e+00
-1.689908899515148377e+01
-1.337774287938689710e+01
3.326857645312057343e+01
3.492176085529580121e+01
1.349275743433148023e+01
-1.508850368125030172e+01
1.566149857426899494e+01
