-6.448011326858375469e+03
-1.418919206953529738e+03
-2.418792342999976881e+03
-2.739269610099558463e+02
-2.692308658972312969e+03
-3.115432561780320157e+03
-1.206456608578842634e+03
-1.952610534776508189e+02
-8.531756409569680955e+01
-3.700265640301136045e+02
-1.880530340383339990e+03
-7.282824264668109890e+02
-6.019203617722932904e+02
2.012964177585082552e+02
-5.678445964764686096e+02
-6.376086592472105394e+02
1.340900486287131571e+03
-1.188518887423079832e+03
4.943900940067631495e+02
1.388709523343175078e+03
1.005343413931937107e+03
-1.803527269088624053e+03
4.382625350223465830e+02
-1.015497269544082883e+03
-6.171508147333702965e+01
6.985244764601524139e+02
4.574356084353293568e+02
3.668655785502877507e+02
6.988177872976297067e+02
-2.033061039963685914e+02
1.221310572668724035e+03
-1.884238345470455442e+03
4.567439784239405043e+01
-3.051703798891371093e+02
-2.291300407899875040e+02
-7.235284013545278867e+02
-3.424765784551466936e+02
8.472674075362309623e+02
1.189252694042465464e+03
-2.843762310667418660e+02
-3.895314903533359256e+02
1.097805680550743318e+03
5.606354634462261401e+02
-2.650928413989341266e+02
-5.737244221171872596e+02
-3.536068937443112077e+02
-9.260899219751407827e+02
-5.169009084459373327e+01
8.417597337926920886e+01
2.552547288782325268e+02
-4.802095468325122738e+02
-4.862946512209686603e+02
1.373683211771960487e+03
-2.459410189205441384e+02
-3.202689695674817472e+02
9.371931500135789861e+01
-8.985411280168029862e+02
4.097948887244736227e+01
7.242626179603994387e+02
-1.285286766043191449e+02
-1.344309066479789294e+02
-6.992427925225112695e+00
-7.005545169929783356e+01
1.087718784300577681e+02
7.311675922346449852e+02
5.300520303583789428e+02
4.071652712998132415e+02
-1.426737309890595498e+02
2.597187432045813580e+02
-4.633875738259116588e+02
-4.374911530974805487e+02
-3.841039440216459155e+01
-2.448287514261385525e+02
1.170237486032398806e+02
2.619690288131209286e+02
-4.632647525927220755e+01
-2.377829783680467983e+02
4.815196956268009103e+02
-4.706356747809132912e+02
-1.419538668193355022e+02
2.148339593841417923e+02
4.919580631954700038e+02
2.774389921771037848e+02
-4.937854633509478930e+01
-1.105439811669454002e+02
2.364795138965592116e+02
-6.803888148617978970e+01
-7.317909467880608076e+01
4.068561092987137613e+02
-1.369081574077445964e+02
1.288706366810306179e+02
5.302055996532131985e+02
1.891845034713876146e+02
-4.987596554050423237e+01
-1.636306087439924966e+02
-1.385566347957201572e+02
9.711426763035682086e+01
3.421708364822519002e+02
-5.261822169650391601e+01
-1.300892438148209607e+01
-1.637024961047859790e+02
-2.461198280070583166e+00
1.397435880945258475e+02
2.763038300781505541e+02
-2.717330486363692899e+02
-4.867368501287727156e+01
8.101467172016613461e+01
2.930140429865758733e+02
-3.550263163565418978e+01
1.649702570897698308e+02
3.731656683868367850e+02
-5.207322931427593176e+02
-2.018370652372104530e+02
3.294535532988844828e+00
-2.968477553214618183e+02
1.181703462291988842e+02
-2.527329115003300899e+02
-6.843684593132272198e+01
-7.462084230220617087e+01
-1.178503180080558224e+02
1.695523199180898644e+02
4.979228533575967504e+02
2.198396532871849729e+02
-5.081253017475184492e+02
2.743437715854931298e+02
2.431054579580811321e+02
-3.068014862597268575e+02
1.680474458510249178e+02
-2.993344955515489403e+00
-3.198803980802418323e+02
-5.170713488324230411e+02
3.016562439551313446e+02
1.543564282936343091e+02
5.431685779397807323e+01
2.145869174166865037e+02
-8.042477297939153402e+01
-2.297315953330790990e+02
-4.574222436379212127e+02
7.585805423812898596e+01
1.818487335870846380e+02
3.857909071760189335e+01
1.417679497678172140e+02
-5.117201361376633884e+01
3.039610677235549474e+02
3.315823776553330049e+02
3.165992370845883102e+02
-4.681159374660801973e+02
1.442688447607924047e+02
2.562058801710930425e+02
-1.103483112759715254e+02
1.969135546981819402e+02
-3.471563296415166633e+02
-5.494717275245090349e+01
1.033033594148834169e+02
-5.087441339603501689e+01
-3.364984955835348046e+02
2.910707569062316935e+01
9.962420564694846803e+01
-1.722369951656553724e+02
-2.055812560283222012e+02
-3.318845712842321660e+01
1.977774966667848844e+02
1.899535476907058751e+02
-2.279900338562893296e+02
-1.006215920612215520e+01
3.916082641024721056e+01
2.618799793558072793e+02
1.441167830248521966e+02
-1.229131629113010291e+02
2.744219585133608348e+02
4.745831031349833751e+01
-4.838463305509642396e+02
-1.603878990655184111e+01
-3.058046945834234407e+02
5.270996169573705536e+00
-1.256498196262473783e+02
3.587299266213146325e+02
3.404547915636559878e+02
-1.039451320584426810e+02
1.632775469009489200e+02
2.707318930154266567e+01
9.352987576790530166e-01
1.928643962973129646e+02
2.930368188131544116e+01
3.610764029951378689e+02
-1.945408574316259660e+02
-4.937694367046287169e+01
-8.951357804688417730e+01
-1.060397166632639596e+02
2.993137358483450612e+02
-1.623990337129124839e+02
1.859383570665621335e+02
-1.070507902818478811e+02
-1.403936226707928085e+02
-9.947263718396081345e+01
2.170946684211630497e+02
-2.211035055981126334e+02
-3.763348456463918268e+01
2.271021324687891862e+01
1.399012625093782560e+02
-6.503617665735788478e+01
1.263813589173340404e+02
2.777138360368894610e+02
1.575353423806114392e+02
3.489787048941185503e+02
2.728317189668675979e+01
-1.162531463108825491e+01
1.691852525512767969e+01
-1.939935725663522419e+02
1.704089559139956975e+02
-6.617067318940542009e+01
1.335770543116648241e+02
-4.995067199548132919e+01
-7.610805417247217974e+01
9.113565648974689282e+01
-2.862185434934895767e+01
1.228930960845548128e+02
2.255348947313179906e+02
-3.265571391345347507e+01
1.383993310628750066e+02
-2.004649139273965375e+02
-2.864856002508928441e+02
1.168028745170793492e+01
-1.847899657726511293e+02
2.536631582696344012e+01
-2.966734300464213447e+02
-1.052700198636617870e+02
-5.230258330996260696e+00
-3.677263688073908270e+02
-4.324824790956146359e+01
2.084633937525011333e+02
6.542901467715797992e+01
-1.149228560387424238e+02
-2.697062269044714071e+02
8.016249676834490856e+01
-1.518278812806231883e+02
-2.154265463284986026e+01
-9.223999817105612919e+01
-2.390582424993134225e+02
1.844311514235646996e+02
7.698291787283575616e+01
-7.905026621893705396e+01
-1.217256736456812405e+02
-2.359449701760785842e+02
-1.918442798459918208e+01
9.297567675721896308e+01
-1.019123838191778475e+01
1.345307159096920486e+02
-1.981508511414300244e+02
1.449615563119277226e+02
-2.514070998201124851e+01
-7.052704045367183028e+01
1.386554401359608732e+02
3.840805362669671297e+01
1.690990018036169147e+02
1.510011373992778374e+02
-9.282727040924022788e+01
3.353658383871926674e+01
-2.004835557651245779e+02
1.135810701143098100e+02
-8.802075433357921952e+01
2.391531157519388842e+02
-2.059318278742098229e+01
2.304403907491156644e+02
2.968769453222770416e+00
-1.059054319415424459e+02
1.664130189381237415e+02
1.220805656952592422e+01
1.204008729414654226e+02
1.529727836753666281e+02
2.163299130589967945e+01
-4.756397482707387070e+01
-1.965581237920231672e+02
1.727853736203116455e+02
3.392916119677533260e+01
7.076235945440189745e+00
-5.110842920137237400e+01
1.075820903883778499e+02
-4.551919196150038260e+01
5.255839371015530759e+01
-5.191505564248845417e+01
6.031011475155705170e+01
1.311654290591731922e+02
-1.606093071995468904e+02
-1.205488766056937777e+02
-3.686194398656728026e+02
1.618710906576385185e+02
2.762172127740985843e+02
-7.384453348899319280e+01
-1.778145504837613942e+02
-2.208361527701427747e+02
2.210277607000035260e+01
2.090052628036621059e+02
-1.197866785060925992e+02
1.990806697641669984e+02
-4.317685444299062425e+00
-5.906325185439052206e+01
9.731545467446814257e+01
-2.065455420718362518e+02
-3.052654462303915395e+01
