-2.526665944193526911e+02
-3.105475543482277772e+03
-1.875764931118879076e+03
-3.744418957708370499e+02
-2.716433258365970232e+03
-2.041357156383702204e+03
-9.088274344310399329e+02
6.365980272898102612e+02
1.901247815978556901e+03
3.146822617484818693e+03
2.502834664920653154e+02
-2.753283479862274817e+03
1.262183428718687082e+03
1.168651388597023242e+03
-1.319884353546268812e+03
-1.706629068263749787e+03
9.576809258486938461e+02
3.367951529604735583e+02
1.432793394531385729e+03
1.511080690443926187e+03
2.657785392195242366e+03
2.367054546264802866e+03
-1.253683405461100165e+03
1.360690846443777900e+03
-1.496491178329996501e+03
1.330683666178588965e+03
-1.468703560098521734e+02
-7.782389206944708349e+02
-3.586640243030314537e+02
9.806450544325645069e+02
1.632765520568086458e+03
1.242335499660163350e+03
-3.181641206993985520e+02
-2.131020952615262161e+02
-1.530274758429017766e+03
-1.913884324711006911e+03
9.155067325724133980e+02
3.278760215010972843e+02
-4.018946403061216301e+02
1.654187209526436845e+03
5.482550243367732179e+01
-1.298297815273853303e+03
8.149868767725864416e+01
3.050536314665211648e+03
1.870524146776936050e+02
1.594825221407436402e+03
1.775832120392697959e+02
8.540539014494775927e+00
-5.599955022061002410e+02
-3.038297061716505709e+02
-7.863429645371546712e+02
1.161231648001561780e+03
-4.711426604568860057e+02
-9.388288930668363719e+02
-1.077716990950521222e+03
7.865225399151346437e+02
1.143264500244642022e+03
-1.033525336189190540e+02
6.306340088286933678e+02
7.256336002174899704e+02
6.265884194801595868e+02
-1.831862773773036906e+03
1.502482257116519690e+02
-8.940778474268614673e+01
-9.514851165804540187e+02
1.324996659037637528e+03
1.463187574797874049e+03
6.651706774214487723e+02
4.243491922509621759e+02
-2.203169997852343158e+02
-1.763647614354497932e+02
1.491173993112763128e+03
-5.085471829647696609e+02
9.681243494435216235e+02
5.662982745080312270e+02
-8.508029755375262084e+02
4.030086475639542982e+02
-1.409756786047224068e+03
2.478770663314338378e+02
6.979926044758690296e+01
2.501094745867941072e+02
5.265128586138911260e+02
3.194309433317956746e+02
1.577374915644658984e+02
7.275429540895576110e+02
-4.377131654488765093e+02
-7.793392940892479146e+02
-2.436488026837098460e+02
2.297886920167152596e+02
-2.011903441341657697e+02
7.516033283462451209e+02
-1.380443796903756777e+02
-3.610580427439503524e+02
-2.483579924509148782e+02
1.200854183410204769e+03
-1.772148145746334649e+02
-6.678168212540761033e+02
-1.496236673039537202e+01
2.258803556894369819e+02
2.974686786134145677e+02
4.593156255575626119e+02
2.438604820590095699e+02
-2.804574943807616592e+02
-2.368563313613125274e+02
2.989941272655133844e+02
-2.555078294555172533e+02
-2.444897885413375889e+02
-1.279666443611959039e+02
4.289502541033625249e+01
2.435209321894177208e+02
-2.185663413719569803e+02
-7.339177967029313550e+02
5.345666573408103517e+01
-2.760236553922424037e+02
1.744101845921456118e+02
-6.676547631044999598e+00
-1.028982555038193823e+03
-1.081707841830393363e+03
-4.068300981077147185e+02
1.948066144176841874e+02
1.044465001033288019e+02
-1.331543407548750224e+01
7.541050247840900056e+01
3.826912612987693763e+01
9.088111141436365870e+02
-5.853387637947612410e-01
-2.314435339455590679e+01
-6.742039546144419546e+02
7.001162768883017407e+02
7.259526634258571676e+02
-1.937999095034650736e+02
-9.084546450633162067e+02
-1.414578838600979680e+03
1.080430248725906040e+03
5.410432771067889917e+02
-2.864307656970091216e+02
3.861598205861756128e+02
-5.212325219969859518e+02
4.705987265084212368e+02
8.507250440385032562e+02
-3.092223956290044953e+02
6.621200485490522851e+02
-3.647200471277628253e+02
9.297659216763011045e+02
-8.193267069263862368e+02
4.841426404272246486e+02
5.455031468046306600e+02
-9.695350766117053354e+01
1.203310551472881116e+02
4.761738628612899049e+01
-2.923163515457001154e+02
-4.444728937621846967e+02
-2.137317040623011906e+02
2.138374213208592209e+02
-3.655831487935842006e+02
-2.488496141703840294e+02
7.951248320271767511e+01
2.066428457476293659e+02
-2.948635536595344675e+01
2.443680794042012110e+02
-3.673759696421116132e+02
-1.712742643003832654e+02
-6.423008622106989378e+02
5.312141465269129412e+02
-2.278535327552990282e+02
2.081896700186823068e+02
2.216264453582121874e+01
-5.224278198402898852e+02
1.679390521303473065e+02
-6.845207073584065256e+02
-8.562538294347646683e+01
6.099827615197409614e+02
4.806201587709523437e+02
-9.118462316608294316e+01
-4.773523490468782882e+01
3.223033868128276254e+02
-3.624035690293899847e+02
-5.236586585494308110e+02
-3.695323650897966559e+02
2.630416332626984968e+02
2.606451461820015538e+02
1.762573446241385682e+02
4.986538231397747722e+02
-2.849131277725185214e+02
5.956688241539449535e+01
3.701079455013802431e+02
-3.414280394365300708e+01
-1.371960298270812757e+02
-7.393542930074858077e+01
-1.760430851742274205e+00
-5.948848350228180948e+01
-7.336941522292357831e+02
-1.361154441276600551e+02
3.827193192754611673e+00
4.288928869831860169e+01
-3.628539732851049280e+02
5.260241870329708291e+01
-3.284828104842336529e+02
2.049784901044515664e+02
3.808604867048720735e+02
-2.774612940762905282e+02
1.277155226266178545e+02
4.428069434129946558e+02
-4.659769893574253956e+02
1.033497115201299152e+02
-4.120444687484031761e+02
1.921848597270296182e+02
2.814611588551449017e+02
-2.060117811959315191e+02
2.483380284596093190e+01
-8.853995715579698356e+01
-5.217369059420460644e+02
-1.963709157985809384e+02
5.714184076642325749e+01
-1.081405376488716996e+02
-5.140319175520922954e+02
-3.491921645146671693e+01
5.499524076995949429e+01
-3.594607237153678057e+02
-2.985176281623345744e+02
-1.949607395483002676e+02
1.302617728999202598e+02
-1.072726156732751974e+02
-2.959775550638662480e+02
-6.344785345295019852e+02
-3.726305439689039076e+02
-3.601147755073570806e+02
2.394398883601572265e+02
2.626724985186934873e+02
9.660885989343728397e+01
-2.984685708571156511e+02
3.562870377936319954e+01
-6.223500332759629146e+02
3.698877322406666508e+02
2.893752784103868976e+02
-5.667275790721274689e+02
-3.540731771807628547e+02
7.649116202705624801e+02
-2.152030376572357397e+02
-5.664770101543075498e+02
3.059468981176290185e+02
5.425362352755771553e+02
-1.774922623706246725e+02
3.322448021862021506e+02
-5.488250430834211784e+02
-5.121694429215765467e+02
2.272902216868971337e+01
1.774190435411408089e+02
1.278583849941185520e+02
-3.075491203619468479e+02
-1.287146693689424524e+02
4.172069124520391483e+02
1.226422088433555331e+02
-4.304190152798825011e+02
5.726531953288733945e+01
8.357327209458793504e+01
-4.573456042520112419e+02
-2.533924823584776789e+02
-1.852695564402338562e+02
-4.548675855292655257e+01
2.678706636465742577e+02
2.376411201044688823e+02
3.291237752142244233e+01
-4.412642824621657951e+02
5.723440135778954527e+02
9.243046301280706700e+01
5.939747832073095424e+02
-1.911173511727514835e+02
-4.499158580134342742e+02
-2.781962683893598864e+02
-2.090345470577158267e+02
-1.781052287971093051e+02
4.664813195886574704e+02
4.601105399713966335e+02
-6.657241438739835360e+01
-1.345917244670155810e+01
-8.442810865432895184e+01
4.721582579612975650e+01
3.529450977361630066e+02
-6.693620154045508741e+01
-1.767360317366737092e+02
1.515092106042048670e+02
3.090419845415000850e+02
1.951244473001634674e+02
1.043687857074659746e+02
2.347943149555352136e+02
-4.619842406372689538e+02
3.070172420789699572e+02
1.874799630157282877e+02
1.327410332123007208e+02
3.624206498709469315e+02
-6.394335355215451955e+01
-4.727694893404080290e+01
-1.827044357336436065e+02
-8.169798634376051041e+02
8.983578739831761251e-01
-7.897636688488063328e+01
1.852011355968606310e+01
-3.048363326844255994e+02
4.191567351585872530e+02
