-4.611357764567877894e+03
-4.452878728900587703e+03
4.834921524505411980e+02
1.476139068358990016e+03
6.489702924521604643e+01
-9.686636694654008579e+02
8.382845477171596258e+02
6.995751969654783124e+02
1.695011689292216033e+03
1.211296957122595131e+03
1.356524611331719825e+03
-9.104475051161563215e+02
8.367044053420305545e+02
4.064337187663967597e+03
-2.048631091575915434e+03
-2.140299242288845392e+02
5.552448004602107403e+02
-7.937731414300241113e+02
1.052798886120071757e+03
-1.095942568387141364e+03
-1.860347159471744362e+03
1.385909178937835122e+03
-1.739719479504041999e+02
8.795644645462880362e+01
2.274033380686436772e+02
1.177265239406431192e+03
1.152150526941607495e+03
-1.311393899325753182e+03
1.228450370526862372e+02
-7.730138022147593801e+02
-1.063565724146377534e+03
-1.256374015997857214e+03
-8.542730341278075912e+02
-1.028323807286194125e+02
-8.526818013570749599e+02
2.888196990181069168e+02
5.531301391539947190e+02
1.113366644125871517e+03
1.029690706843821090e+03
1.158733349866826217e+02
-8.219668286622688811e+02
2.001056219242439340e+02
1.701693983235559244e+02
-4.613254006534616565e+02
7.141966826746651122e+02
-3.547996454727058335e+01
2.101892934642174282e+01
4.070932133368646646e+02
-1.068163345409368787e+02
9.216692518386402355e+00
-1.292234211366804175e+03
7.822478003327458396e+01
-1.384973263240487540e+03
-1.119382920788749743e+03
6.083487309129760234e+01
6.210881651779320691e+02
7.032308657229330038e+02
1.324832644542873368e+02
-2.408949249648439661e+02
5.314516498561334856e+02
-5.025561547912413403e+02
-1.387636872118217298e+03
5.189087039000980894e+02
-5.464728330998536876e+02
-5.412480485846056126e+02
2.695883854392047851e+02
9.439139251133525477e+01
9.292605737033262869e+01
1.732074969792458603e+02
-9.172869799176096706e+01
2.656306254055452314e+02
-2.367901815844741691e+02
-2.006043421116359013e+02
2.353904560297766579e+02
-7.111492724581049174e+01
-7.018823247320661949e+02
3.796913066440919238e+02
-4.343736487683430170e+01
-1.665059472173923325e+02
8.932597728509310286e+01
7.808017321354333262e+01
-2.457979160095572411e+02
1.035680575222697684e+02
5.804727090432307932e+02
4.137917284782446359e+02
8.052010191373182124e+01
7.938068938310985345e+01
1.041995252690633833e+03
2.379264406959873099e+02
2.928339479595402395e+02
7.040311632700156963e+01
-3.120464818590416485e+02
7.481374674204322446e+02
4.275495983647215326e+02
7.510694115466272933e+02
-1.088367430200205455e+01
-3.897410161384781304e+02
6.694656118799238698e+01
8.645863601406665566e+01
8.946478228588183867e+00
8.322960558894457961e+01
4.349949831285404400e+01
-3.159669835228245915e+02
-3.331952602574622802e+02
-5.277884783371534922e+02
2.443881280697683280e+02
-8.553473394787486939e+01
7.112075524901513290e+01
-4.396190177343165146e+02
-1.804940103874675970e+02
3.719234567767179556e+01
1.306893702136870274e+02
9.463581303510413818e+02
-3.698946858339021446e+02
6.912100062758827335e+01
2.252450864157252397e+02
-7.264810426325036019e+01
-2.774172559526489863e+02
-8.328620285343072283e+01
1.731832089599297717e+02
1.156366239569104835e+02
2.556233645458849537e+02
9.891376359033814936e+01
-1.278842417530581033e+00
4.440385119274761792e+02
1.229080717677310162e+02
-9.531173367059132318e+01
-1.474645539769932334e+01
8.511582556208725237e+01
3.621122516819996235e+02
1.017388812734754140e+02
-1.112435518733157664e+02
-3.835992976696036862e+02
2.344470538290803745e+02
2.415988762799720746e+02
1.379566124212450973e+02
-2.109085048578777588e+01
3.244977213548012287e+02
-7.295884151054877975e+01
4.925365894293861970e+02
1.027297600636978281e+01
3.629413415222137473e+02
3.968731490674125695e+01
5.588275606160672169e+02
2.778207070210970073e+02
2.123596993852981711e+02
7.907919354246162413e+01
-4.861371709112711983e+02
3.308659287991071096e+02
2.958281185087224117e+02
-1.078306283192529662e+02
-4.859315090244375028e+02
1.675910375720917500e+01
-1.264583382329942083e+02
-7.441936420635718150e+02
-3.305624480872949107e+02
-2.621471968025481942e+02
1.035551424462251475e+02
2.107264747807703600e+02
3.643004048465366509e+02
2.287273231231308159e+02
2.243839216557051941e+02
-3.182459266128373656e+02
1.229276018457780850e+02
-2.266944180309556032e+02
-2.542839295540192950e+02
-5.267274168000059262e+02
2.614487164438906461e+02
1.562021261946787547e+02
-2.344764006396573848e+02
-1.542706400768999515e+02
3.235452280669301786e+02
-5.990674816910326683e+01
-4.025260110138265759e+02
-2.532396049145651418e+01
-1.123656375035537280e+02
-1.301275880957769289e+02
-4.723311405168954025e+02
4.063556839920202037e+02
1.024282875533003789e+02
-3.790024793049723684e+01
-1.770354554758421628e+01
3.836485439650226681e+02
6.239249423728089994e+01
3.406948607790840811e+02
1.543117257671618745e+02
-3.158562752360031141e+02
3.184626608902391354e+02
3.076318195693265238e+02
2.813610874848440702e+01
-1.404774866095958714e+02
-3.067804139059762392e+01
3.051229267448661062e+02
-1.181063947116143993e+02
1.239305496951495229e+02
-1.233528920750100326e+02
9.891158011827674557e+01
7.148367961135011939e+00
-3.234840470356194260e+02
2.686170463245361972e+01
-7.039199743234792095e+01
2.652775050198131339e+02
-2.377384568156306273e+02
-1.043800234497186068e+02
6.119036776598161254e+01
9.261465101732211735e+01
-3.868696253983113138e+02
-2.895121881959705235e+01
-3.564959474576399145e+01
9.969990058707629998e+00
3.107523082679341542e+02
-1.782344722092947507e+02
-1.938334670927488048e+02
1.719634653470825469e+02
9.065908492307357847e+01
-1.572062746739458419e+02
-4.936148776063671306e+01
1.298758862330013528e+02
-7.260366914843534403e+01
-1.426042350393796028e+02
3.572164866950834039e+02
1.874145636819079357e+02
2.489402789297863876e+02
-2.562161831853110243e+02
-7.157772208303240902e+00
5.237930792335148311e+01
2.287638997807457031e+02
1.186472858507707429e+01
-6.138381363819570424e+01
3.005855000306391958e+02
4.578562132642378657e+01
1.808700145261013148e+01
-1.280813508414556736e+02
1.655062340638268950e+02
-1.640057693055122456e+02
-3.090474870435387444e+01
8.318713323616715627e+01
5.710176449995655901e+01
-1.846261389074430213e+02
-5.424083557296307845e+02
6.381596430949625187e+01
2.613664514645124655e+02
-2.011801196773016329e+02
9.465134652128772075e+01
-1.775479897864473173e+02
7.859480643643912856e+01
1.098676603646233616e+02
1.311209894135520813e+02
2.449879289910433044e+02
-1.570201434119173314e+02
-1.007278213082031471e+02
-1.751050619257046890e+02
-6.782435548119828184e+01
-3.455769892886464731e+02
6.213708121170374454e+01
-2.438577462824455111e+01
7.500886234766636562e+01
-1.550619781649608910e+02
5.506051065150716539e+01
1.620684109444574972e+02
-1.161915512868829694e+02
3.503594748181606064e+02
-1.832202461984272759e+02
-3.571570995020987738e+01
1.277327944756575420e+02
2.063494777135103107e+02
1.341094194482778619e+02
-3.687988041872562235e+02
9.825126198763477703e+01
-3.300694701084956364e+02
1.980023670062998917e+02
-2.469121179853665353e+02
-5.036468050084593528e+01
4.801737855513245989e+01
-9.093006134297411336e+01
4.712574533678504451e+01
-8.681132352930138296e+00
-7.536535350533154087e+01
1.948773228689257451e+02
-2.474284797643940337e+01
1.065290512604616993e+02
1.174982785246096739e+02
-2.607858849707631599e+00
1.995384521133555324e+02
-3.657561869692906242e+01
-4.120309503794948824e+01
-2.064949432402811453e+02
2.068667378360800342e+02
1.543556668544071719e+01
1.759025487686900249e+02
2.679399900704970605e+02
9.742931630512786967e+01
1.001621518579547541e+02
2.175847835920469464e+01
-3.825077499937648895e+02
-1.798542316718342136e+02
9.226578458187084664e+01
-1.627073625683314617e+02
-1.018411567497781789e+02
2.014344541304505753e+02
