-4.072289041292861839e+03
-1.054121535678878217e+03
-2.993202360938599213e+03
-5.248849603135447524e+02
-2.393418644936890814e+03
-3.292617417393224969e+03
-4.530169029786831913e+01
1.220528204782905277e+03
1.947135143574815856e+02
-3.968371847468479245e+02
-4.183255864581891501e+02
-1.579824323790812969e+03
6.980856410249564306e+02
-1.622507524790994466e+02
-8.592142000392615273e+02
-6.956399995233598865e+00
9.720092861812142928e+02
-1.868361420709181289e+02
8.550127916382124340e+02
-4.266362143363505197e+02
1.820294691035015376e+03
5.987941888129611243e+02
-3.864783611503830798e+02
5.570546970958339443e+02
2.194481563698662683e+02
8.250589340749696703e+02
1.114564179304338040e+03
-7.563452757195166498e+01
3.458521069063915547e+02
1.145506227794574670e+03
-3.981995267439478994e+02
-6.499192561949085984e+02
5.411555561064726589e+02
-1.440388965966934620e+03
-7.145648168188540694e+02
-4.080416675515417069e+02
-3.712728569674248433e+02
7.292159263629638417e+02
-5.819256425224068607e+02
1.541120297030908660e+03
-2.693422868044477241e+02
-3.687553802216385179e+02
1.369186653102902710e+03
5.179641008478145068e+02
4.653046091696583630e+02
7.496638333885899783e+02
-7.217655315789943415e+02
-4.066965214157052060e+02
-4.681496731215078171e+02
-2.045635015761280897e+02
3.975930669081439532e+02
5.762143593840980316e+01
1.008045365534134703e+03
3.595119867322748064e+02
-8.371968107442891096e+02
-1.876838255580890404e+02
1.327043161565572973e+02
-2.497301793319610397e+02
7.725089994533783511e+02
-1.126120409947454988e+02
3.550894231096981457e+02
6.258081964964103605e+01
-7.625274079640039417e+02
1.610889044022872838e+02
-3.069732713876143180e+02
-1.029470558163055500e+02
7.243884419862784974e+00
-2.607095975264278991e+02
2.941058878180713805e+02
4.106712937807891706e+00
4.227346018626215596e+02
8.984632179117086537e+01
-3.332505689578251804e+02
-5.556418684896145521e+01
6.344415076351515381e+02
-2.111900233907658446e+02
3.002448781632097621e+02
-4.550245394194902815e+02
-2.348344818581049651e+02
-2.613495203396602733e+02
7.965126007779552708e+01
-3.116155588746105423e+02
-1.022067195867222864e+02
1.555473950448746336e+02
4.723314047107899114e+02
2.682678514636602358e+02
-2.426279303355229615e+02
2.592274088441604931e+02
7.405564889470604157e+02
3.917183066924567925e+02
-1.836206348722042492e+02
-5.072948219288380187e+02
-4.571063594769470910e+02
-4.200439495000763941e+02
-1.358204219048809023e+02
-4.434499420171808879e+02
-3.698978704059129541e+02
1.825779184679968239e+02
2.953719744538780674e+02
-7.832377845712817077e+01
-4.964800248043038522e+01
1.009831565296198761e+02
4.943883441550203770e+02
2.174810417070402764e+02
-2.073814522605917432e+02
4.067619563728355843e+02
-1.453505966708654285e+02
-2.437383164670097813e+01
-1.963388869400780266e+02
3.351918054423804847e+02
-3.303054327929318106e+02
5.856524262675909540e+02
2.426795760581337049e+02
2.656246642136315828e+01
4.066454963665250055e+00
2.668666039040271585e+02
5.054253978711749085e+01
-1.551243695250905752e+01
3.490084837975810927e+01
-1.896778939994208315e+02
-4.235619684743000590e+01
7.341254322454683745e+01
-2.287590584110340615e+02
2.937349821464923849e+01
1.997090777261513779e+02
-2.800246929215926457e+02
1.819395336286549991e+01
1.092198592317744925e+02
-1.545948851927963403e+02
1.722147204929351574e+02
7.644787143065043438e+02
-6.509836108719626964e+02
-2.856201151057315428e+02
5.801285947949238562e+02
9.382653779456192922e+01
-1.974346027654183899e+02
-1.231565888762940375e+02
1.156680528430593000e+02
-1.100091642714855595e+02
1.384473268468027243e+02
9.752266230334946329e+01
3.172809628679418097e+02
-1.828955279241496612e+02
2.392811563689920717e+02
6.388236880332039647e+01
2.804059706078381851e+02
1.860101602381794521e+02
-1.016404292778091900e+02
-2.776440156815372688e+02
1.229309628297275907e+02
-2.928071398187009322e+02
-1.596955196359281217e+02
-1.357570674681858804e+02
-3.008790848461890164e+02
1.730153844803903098e+02
-5.757347463503788454e+00
3.296347540699157435e+02
-1.740474011135403316e+02
1.620209256288113053e+01
4.340443356529949028e+02
-1.273632044409870332e+02
-2.692844436834859039e+02
-5.474131282035816071e+01
2.897205194123216643e+02
-1.448834675444315963e+02
-2.636697141189639524e+02
-2.262465766089101464e+02
-2.309317844138490727e+02
1.171926729543789634e+02
-1.972695523607825692e+02
1.847999479512754135e+02
2.326406300593454262e+02
2.049327841824245695e+02
-8.232015518207467153e+01
-2.420649074867934019e+02
-1.824067913053935115e+02
1.083132674755306653e+02
-3.678233969039453086e+02
-1.433816503985918018e+02
7.378283077666243628e+01
2.282040206916828424e+02
-3.783127390983174365e+01
8.783596798671929662e+01
-1.536879658818045691e+01
-8.116546948864603905e+01
1.812924588681647151e+02
1.270249636824460282e+02
-1.297219124793439704e+01
5.163765749042674003e+01
-1.596968873046532167e+02
-1.338143310479712227e+02
-4.221058250751767105e+02
-2.332535601020158822e+01
1.011449880469593410e+02
9.189115399086936975e+01
6.024504709867812124e+01
3.116811103869385988e+02
-1.044803656318006944e+02
2.358511224419751500e+02
-7.588621547250409094e+01
5.710230155339477420e+01
5.459677322039028979e+01
9.703614047315356572e+01
1.627299538591525447e+02
2.477820468174776067e+02
-3.203165551297090019e+01
-1.499941281398256088e+01
-6.194209038976903514e+01
4.153735790689891161e+01
-1.234113826846519686e+02
5.289624573550545605e+00
-2.397070292155886193e+02
-8.998142511830054957e+01
1.038320405776261701e+01
9.409981692196257086e+01
-1.613532535435303714e+02
-1.135694819164895790e+02
1.825832167749837822e+02
-1.146085029682039362e+02
1.600828838899746387e+01
1.480954627457058450e+02
-3.645042726524696519e+01
1.622230456024864509e+02
-7.277177089943495503e+01
2.937165318048737461e+01
-1.122510281648519737e+02
-5.994681428967859915e+01
-9.389178300620847040e+01
-5.840007212290071692e+00
2.028390571567976224e+02
-1.809669662000641779e+02
4.605324112254543678e+01
-1.901734911404890340e+02
2.816335951085072793e+02
-1.906492944873997430e+02
8.888957263001605824e+00
-6.581258109721545679e+01
3.509124426502796723e+01
8.981773980829146353e+01
-5.063830578686211226e+01
7.391491480974153205e+01
3.349615068392112676e+02
-1.919902735712361448e+02
2.942462087532694568e+02
7.889676672313859740e+01
-9.236766577021167279e+01
-4.482350970612520769e+01
-4.663091676152410514e+01
-8.322989479293691772e+01
-1.089328881433015113e+02
-1.878677094454865539e+02
-7.769655506359211472e+01
9.531677294146817303e+01
1.262694514418120235e+02
-3.596369086518524938e+01
-1.820316819619969237e+02
-3.576714899955878479e+01
-4.631524896187956131e+01
2.221997958415864218e+02
1.330133165377910416e+02
-6.671119237211717845e+00
1.129767552723160122e+02
-1.110194035088924522e+02
-8.590569132085796866e+01
-7.806207160193862293e+00
1.946960683328886148e+02
1.185270851354374742e+02
1.294024940462024063e+02
2.011433738242929437e+01
-1.007766346335136376e+02
2.952934669543378732e+02
6.139964873577608273e+01
1.899287239130374161e+01
1.152245014102400660e+02
-3.935716980438573387e+01
-4.747131783160658358e+01
-6.304971541896840392e+01
-1.417342649988559629e+02
7.444552637434971132e+01
9.968615375812179025e+01
-4.238998973731375131e+00
2.236430823644323880e+02
6.893288638476549579e+01
-6.665051592766076283e+00
-9.618723506067347273e+01
4.073655208678948481e-01
-8.666614838599043935e+01
2.584441415474115189e+01
-2.551567750941001478e+01
9.541887353683429751e+01
8.070447424397403324e+01
1.209849151499950466e+02
4.781331883888206846e+01
9.018052152518194475e+00
-1.038859504670692928e+02
-8.082450353001122778e+01
-2.615371245408378797e+01
-7.587625830972389451e+01
4.871119991140203354e+01
1.180221638123238677e+02
