-2.227846239467481155e+03
9.377417771770147965e+02
-2.675328631678531565e+03
-4.713130823937081004e+02
-4.238627145354249478e+03
3.961383625835580347e+01
7.134971613558520858e+02
2.002746605139767098e+03
9.194671833614621619e+02
1.840710991900400586e+02
1.711289965519338011e+03
-8.014595003748013369e+02
1.437589024979156875e+03
-4.013902299107880367e+01
-1.138128768993641557e+02
-2.521207766511895159e+02
1.244772151028013923e+03
1.010915905715495114e+03
6.026527716971456812e+02
6.007765586740047183e+02
-4.939186527595815335e+00
1.336977533690989048e+03
6.781377837090932417e+02
6.702326506764460419e+02
-1.550083589817983523e+02
7.939071737110006097e+02
-5.732379105950212761e+02
6.438606239986141873e+02
1.956503762430213555e+02
-1.103881805306633169e+03
-8.306878539877054664e+02
9.546528701922650271e+02
1.142692321127460900e+03
-1.026419202461437408e+03
-2.677702407002637841e+01
4.651930001116501217e+02
8.345502501890196072e+02
-4.482852400657706227e+01
-4.164129975944031798e+02
1.091418421597586530e+03
-9.522663541617851024e+02
-4.113702187939294390e+02
1.749044825104877532e+02
5.643323998887851758e+02
-4.614121954364291156e+01
2.294564867504729477e+02
-2.960785955879745757e+02
1.740086612748369532e+02
1.051353283789878333e+03
2.719385072993078438e+02
7.954829140733215809e+01
-1.067249688494672455e+03
-3.647166350282020062e+02
1.040081316450552684e+01
2.258657347009277316e+02
1.880394484580197201e+01
2.602942720477902867e+02
2.850233757824028658e+02
1.680630523999162733e+02
-1.951314584172570505e+02
4.400536834988340047e+02
-8.437907153899504920e+01
1.030566183718168105e+02
1.116340059021316620e+03
-7.297222627917142290e+02
-4.265373513309498321e+02
-3.983014405909939342e+02
-8.367684382484731032e+02
1.500377406949402541e+02
2.154990711357612838e+02
-1.485013984857053799e+02
2.608417541907563191e+02
-3.064255539362962395e+02
-4.359181819723505100e+02
-7.066953800232785170e+02
-4.284637628941025014e+02
-4.881360122273271429e+01
-1.639993307433064160e+02
1.695738324559054888e+02
2.275165684258424790e+02
4.346136364978185043e+02
-6.813634673358603777e+02
-8.253171716380016676e+01
-1.422318021435809321e+01
7.450335306027965316e+02
-6.760095146266793620e+01
1.379548541384997407e+02
1.207053089752921551e+02
-3.899210858811503044e+01
-2.186157621376061968e+02
-1.025876007553798388e+02
-1.632048052245913539e+02
3.301254873463435615e+02
-5.996712477200786395e+01
1.724577958015798629e+01
-6.056424544703434520e+01
1.771116461443622256e+02
-1.237538519119286917e+02
-1.758856218959878248e+01
-1.734541337679777655e+02
-1.356624385068855929e+02
3.654956576745083794e+02
-1.005665152618393989e+02
-2.083151463216866830e+02
8.200039994185948444e+01
1.113130414642932777e+02
-2.697980869649442752e+02
1.257891626245196903e+02
-1.267618135339211749e+00
1.429745796565595128e+02
-3.307371150108788349e+00
-3.524893287958146715e+01
-4.327522054279356922e+01
1.366347429411530641e+02
-2.295594641200959245e+02
3.757387121214526360e+01
-3.662596952837802888e+01
4.476457701209567830e+01
2.908530408998124699e+02
-3.372837059170698240e+02
3.994223274265946202e+02
-7.364083445397521643e+01
-2.373825831808115652e+02
3.859988188283521708e+02
1.508225171414226509e+02
-3.857583444530850443e+02
-1.893313273706061040e+01
7.210678968549099466e+01
-1.094007322392112940e+02
6.016461596625088504e+01
5.081050565067990874e+02
-1.615857090934297844e+02
2.855396044574015377e+02
1.525634683530325049e+02
1.183872737552037364e+02
7.309641012285744921e+00
2.224196162763672930e+02
2.065195712510588066e+02
2.462591616055052555e+02
-1.840539396026254053e+02
7.342361526129135996e+01
1.619267069312167848e+02
7.335541462634044052e+00
-2.390790053676226421e+02
-1.431224085401583679e+01
2.172158114086704757e+02
-6.089436845334248005e+01
-2.056624802777205332e+02
-2.080019257761117757e+01
6.792720986764179258e+01
-2.286913899074294818e+02
5.478812740516874413e+01
-6.606058315608387943e+01
-4.461224697251136604e+02
3.940534371823545001e+01
-4.321888216841869479e+01
1.803844518048708778e+02
1.175124743391012601e+02
1.421237738288157573e+02
2.823706486990025724e+02
4.335890090575865941e+01
-3.668296813270274015e+02
-2.754898087588065323e+02
2.206416895230632633e+02
-7.394898674185135690e+01
-1.064887799429023687e+02
-5.931484927380423500e+01
-3.386524089737354188e+02
3.442412971842573484e+02
-2.044709424708900372e+02
-2.091093209046391621e+02
6.496335303422839047e+01
-1.047046200030006133e+02
4.518470657553422143e+01
1.839194884154003660e+02
-8.612910123070041379e+01
-9.145039311268877213e+01
1.090787780891230767e+02
3.027049717728768741e+01
1.676078993969476585e+02
1.339537783915780835e+02
2.920834602498203481e+02
-6.993998067526274554e+01
5.143338167340290568e+01
-1.590504198899828481e+01
-3.413799212580678244e+01
-2.176336848459534110e+02
1.317293969690764186e+02
-4.313720234111384499e+00
-1.328016243147453110e+02
9.475416323542971497e+01
-4.824816781619783512e+01
-5.589258805888873916e+00
1.273618117503489486e+02
2.773728016411698150e+01
4.232608889593391410e+01
1.266082046271913413e+02
1.419197852854949460e+01
1.065681126053184187e+02
7.206060285929484621e+01
1.812631024907494464e+02
1.053699794849803340e+02
-6.039110148469222139e+01
2.367788468240652264e+02
9.841380374786609764e+01
-7.182706629758506267e+01
-3.553786144321514850e+00
-2.299796563513299930e+02
-4.154787670278381029e+01
-2.001340790867233821e+00
1.743312071516081403e+02
-9.958280708851134477e+01
-1.356119310073283089e+02
-1.623094820661371500e+02
-4.535966519749396753e+01
-8.940501997560760117e+01
-1.123472931217294786e+02
2.020908492948344986e+02
2.334563061141725768e+02
1.894762786215105521e+00
2.179399329253111830e+02
-5.746392051299410042e+01
3.147699367928794345e+01
6.332171769520701332e+01
1.754832245091907055e+02
9.672961772073738018e+01
4.540849744792920006e+01
2.727277628351057004e+01
2.444613441590803120e+02
4.789666052606984437e+01
-1.226711642457942588e+02
2.844145997287576222e+01
4.745671853738135582e+01
1.392070456796038158e+01
-1.904566174815017519e+02
-4.904276903508011287e+01
9.880940544727410213e+01
2.716922071361451785e+01
-4.265664231844446874e+01
-8.561453404013835211e+01
2.524540810696408855e+01
1.224189366256627238e+02
1.378107414828963329e+02
1.441881441329201436e+02
1.429996414323253084e+01
-2.722671627949777573e+01
6.205803094158745381e+01
1.528706746078316883e+02
3.635207758008331069e+01
5.315278867042266597e+01
-1.729583529091864023e+02
-1.777453308677225436e+02
-1.831736671271731041e+02
-2.070773285816418063e+00
-1.750638621912690098e+02
-1.105237537989803087e+02
8.149200313297804144e+01
3.532655125303841004e+01
1.790945306126237142e+02
1.042626497347394832e+02
-7.119036253188743046e+01
8.898392437502745622e+01
-7.466988111025837327e+01
2.101295759564555965e+01
-4.716856864702879193e+01
1.186889051433426658e+02
1.169787053547328526e+02
4.045640653325641267e+00
1.201721232689629915e+01
-5.960329700308264478e+01
1.319656438518656500e+02
8.023372544158294772e+01
-7.396696828041689287e+01
9.768849274626322199e+01
-1.545711141336281536e+01
3.604063955485095505e+01
-2.553055648268724553e+01
-1.880357262790654005e+01
1.253923385474412413e+02
2.852895287153247139e+01
5.585405178534141157e+01
7.772280683322702544e+01
2.787478544811340697e+01
7.991141217025291787e+00
1.994036469076368334e+01
4.974114247102659903e+01
1.108902204678368619e+01
1.118615950409423832e+01
4.782911748756983883e+00
-5.492160033836113087e+01
3.540074081410097762e+01
1.728279162289771875e+01
7.937877416646394124e+01
4.942958973871777317e+01
7.471695669128624218e+01
-8.902242710044090757e+01
-4.689430637799277690e+01
-4.517339972220204913e+01
-7.686623575405761244e+01
-2.879417504537943628e+01
