-3.534598476887354082e+03
8.739803605764553822e+02
-2.897539808770892250e+03
-9.957746385255543373e+02
-3.319754806267144886e+03
-3.044100509443316696e+03
-1.150844152353035497e+03
-4.074143311459545203e+02
-9.139617744131792278e+02
-1.142724129625129763e+03
-1.072045493931375404e+03
-5.287083675968098078e+02
-2.747312638754460181e+02
-3.988316364695670018e+02
-8.508429629341558211e+02
2.917487002069050277e+02
1.004721374871797025e+03
-2.771702003056019521e+02
4.866839571644791249e+02
4.542628541187365272e+02
1.710899368871292609e+03
-2.348609345541900950e+01
3.689907980550160573e+02
4.343300458957355659e+02
8.343910132014347880e+01
3.299911014690477487e+02
6.846684524980939841e+02
-3.614799468322284497e+02
6.643417153069106007e+02
3.291478061060883533e+02
-5.727242606837631911e+01
-6.347851150394026121e+01
1.043282784374947369e+03
-3.603709536692138613e+02
9.555905670396097662e+01
3.126751661772905777e+02
-1.719017377746302770e+02
3.249871261045489632e+02
1.975705805639135519e+02
-2.231469704570139356e+02
-1.553747960385161662e+02
2.227659045159990114e+02
5.235550577023052483e+02
1.435113228766985003e+02
-3.378978607595889798e+02
4.323413633027229821e+02
-4.100683203555622640e+02
2.179674088820816280e+02
1.591182988537969436e+02
4.292753948977128857e+02
8.477663878118457674e+00
-4.880433309696460356e+02
6.346299370814751910e+02
5.324953396700164632e+01
-1.437851050923372043e+02
2.983000491578267965e+00
-2.660807993971125711e+02
-1.900410774563794689e+02
7.390743797083720210e+02
1.994432514529015421e+01
-3.525719482756581442e+02
1.887079983780205907e+02
-3.113424942939369657e+02
-7.867290596197922525e+01
1.320793394526805287e+02
3.630301832588795605e+02
-3.529098319046988195e+02
-3.219527240772600294e+02
-6.902808795713860945e+01
1.471097819199666112e+01
2.993454498097027567e+02
-2.652536187633497775e+02
-7.706184350675909123e+00
-7.516218698468215109e+01
4.092398061891740326e+02
2.511396435942146255e+01
1.612871020413917620e+02
1.425273214919002100e+02
-4.132248366333830631e+02
-4.598357571316644226e+02
-3.635155208143215333e+01
-1.241653643205554829e+02
-9.665055774978763736e+01
-2.320641331575797892e+02
8.684253400030554815e+01
4.156179803783887223e+02
2.431332045325158830e+01
1.136601660873810289e+02
3.655115022972786960e+02
9.307612071196672332e+01
9.527096291365720049e+01
-1.317910871485041469e+02
-1.939796479388955959e+02
-2.461128794700023263e+02
-3.509010120877535996e+02
8.429541351310506059e+01
-1.283579510372521213e+02
1.308304428271446511e+02
2.313452608385122744e+02
-8.267214510555668028e+01
6.758698508015648088e+01
-7.338712320729185024e+01
5.244898724924048139e+01
1.832192022308675803e+02
-1.065614817571531319e+02
3.899243275410351544e+02
-2.238887838019364835e+02
-3.487104547769504848e+01
-1.357100223259154461e+02
-2.668684096944403672e-01
1.964714452076575242e+02
1.650614476222486644e+02
-6.495143848044433810e+01
-8.033781996121994950e+00
1.187694761961744092e+02
6.041622293604926597e+01
9.562955669025689076e+01
-1.376603619100706055e+02
1.662279539028846500e+02
7.717190953401470210e+01
6.002342463877907264e+00
2.883596453112261315e+02
8.933506410099546713e+00
7.869785074254774315e+01
7.579132496482483816e+01
-2.424543004245894906e+02
9.500588865360977309e+01
9.966228801476971455e+01
-2.142327051811669207e+02
-1.642232346961451697e+02
1.557925877788752302e+02
1.707102968662746889e+01
2.575526909583075152e+01
2.098518614856801321e+02
7.734228130676605417e+01
1.649037358105262285e+02
9.413971543479796367e+01
-2.623016617309873482e+02
-5.244893982384676434e+01
-9.416760896829940464e+01
-1.378223273682707202e+02
2.990311043102338999e+02
8.381551731499138214e+01
-1.555167397201137476e+02
1.206887522916420750e+02
1.356692285539675247e+01
-1.189937165407537805e+02
1.167623987984065081e+02
-1.912362703074996517e+01
1.804813607849649486e+02
-3.957663227603538303e+01
5.040410408049635294e+01
8.166791161483993733e+01
-1.804749858068979904e+02
8.254893733408400180e+01
-4.539740267554471842e+01
2.266747596027710188e+02
-9.739050747176041511e+01
7.487272130104268797e+01
9.800707570504889077e+01
1.081167345257965877e+02
-2.547488545567233302e+02
5.178432189548032483e+01
1.303089214225641115e+02
-1.187610783083911912e+02
-2.160742787032395142e+02
9.306032196294351877e+01
-5.173171643630939798e+01
6.860742297889224517e+01
-1.058052467426171148e+02
-2.213145555896098671e+01
8.045297469020654546e+01
2.197055578577834751e+02
-4.244624747384261809e+01
-6.167264575989614883e+01
-1.251637123284951230e+02
8.321241955799213486e+01
-1.946350659623973058e+02
5.168751370494478437e+01
-6.951316705150910025e+01
2.658079336199033804e+01
-2.612127769256575149e+01
4.116226801664582524e+01
-1.631609618628970395e+02
-3.206113223325830575e+01
-6.543357124166733740e+01
-1.179338085968091860e+02
2.986620367187340364e+01
6.139195111641353009e+01
2.892745181277436828e+01
4.508641735389235095e+01
-1.724735540752657670e+01
1.241534029261718075e+02
7.274527402290608791e+01
-3.178580512953866588e+01
3.311183643319648695e+01
9.219110463194303406e+01
2.814219588545393780e+00
1.243592634169675222e+02
2.861863290745468547e+01
7.997736249061267699e+01
1.935214180470471206e+02
6.325063571971848830e+01
1.861000273378704435e+02
-3.715420481209773307e+00
1.043319964616051578e+02
-8.800597666888286597e+00
-5.137081902912071740e+01
-1.761962148836585840e+01
-1.878356328620096960e+01
-3.346094621192283114e+01
-1.523289778316336651e+02
6.665249227470749815e+01
3.580339726740686679e-01
3.260876699697165293e+01
-1.169172810152540904e+02
5.096972940885768821e+01
1.401952161229531839e+02
8.060221862901078893e+00
1.325794252737994725e+02
2.036745620665858496e+02
6.160272489197598844e+01
1.663191920006205748e+02
1.364496625148775344e+01
7.013054486093604112e+01
4.271925515141337115e+01
9.224329232548159041e+01
-6.872228688492656090e+01
-4.156111278022097366e+01
6.438782515133530637e+01
6.400936465373887074e+01
4.894464749942469695e+01
8.875091393720397548e+01
3.241388662574054536e+01
-8.809515591916783706e+01
-4.261945931952828559e+00
-6.667839840304843335e+01
-1.661446285311232884e+01
4.863409370988561875e+01
-2.046666589658425650e+01
6.458155198373394690e+00
2.582150080356734101e+00
1.093064358361646100e+02
4.870649206185434821e+01
1.824363371623589813e+01
2.657490419086489197e+01
3.005947411066368957e+01
3.388559453439736302e+01
1.409505738526272811e+00
-4.941308844646553666e+01
-8.627590633206469306e+01
-2.611742146889883998e+01
-5.832848483880061252e+01
1.284460027251567169e+02
-1.027281719618153843e+01
-2.513214712789524352e+00
-4.948161444158977673e+01
4.319824760830452703e+01
9.421592113007963576e+01
1.047897379206042530e+02
-2.380058136394837121e+01
-1.177618354915858845e+01
3.658327447251356546e+01
2.951017105932561435e+01
4.221099490679143429e+01
1.459490473952086553e+01
7.266843989990356967e+00
6.662122436804730263e+00
-6.836842334702409119e+01
-1.738459471987141214e+01
6.890740680387993677e+01
4.962606566114703632e+00
-4.760591976910425416e+01
3.942923197805686897e+01
5.911558239345394705e-01
3.635807521344494120e+01
-9.513405728711953202e+01
-8.111911232739305433e+01
8.578235749209251537e+01
7.338113657908364473e+01
8.012374794466371952e+01
3.297873148663101972e+01
8.379833772190390562e+01
-1.764031679292833843e+01
-1.438346970808691516e+01
-5.538219806914716514e+01
1.528253871848676226e+01
6.295589747660629953e+00
3.697957685987476850e+01
-1.602218966817848766e+01
-1.695281182459586233e+01
-9.743413023857865340e+00
7.595637532870819086e+01
-7.328096142129000157e+01
6.480974049445187291e+01
-4.266688976911345321e+01
6.158030159124779601e+01
-5.989809833017698537e+01
3.441479100431369886e+01
-3.257879086311034911e+01
