-3.473488385513086087e+03
-3.040010639882849773e+03
-7.219617486646172893e+02
1.717261410411618954e+03
-2.354889749556724041e+02
-1.054979428717295150e+03
3.670986286946332484e+02
4.410921818944743222e+02
1.638677789513296602e+03
1.697687621159026094e+03
7.636022863920835562e+02
-1.309480941708831097e+03
1.211805118599199432e+03
3.986774644443130910e+03
-2.656450908920515758e+03
-4.324489706259006994e+02
1.942235587396723702e+02
-7.217607291635730462e+02
8.111460000465765461e+02
-8.750797754951913703e+02
-1.363191653453479603e+03
1.799491372284981480e+03
2.250438859067308783e+02
5.005021687477022283e+02
6.871377281518504105e+02
1.382822009805936887e+03
6.024286677010190942e+02
-8.780462804624168029e+02
1.929225179361187372e+02
-2.539945407833884587e+02
-1.061515544558154943e+03
-6.413336767432955412e+02
-1.292987577133162176e+03
-9.047139170282245857e+01
-1.135607636912740645e+03
3.638175443810186493e+02
1.599399874880973300e+02
1.373771030133483237e+03
2.614568970422394614e+02
5.547359625534968472e+02
-6.016837143981169902e+02
-9.401386249885678126e+02
-2.391438118939732931e+02
2.314538184655656892e+02
9.987900924573517614e+02
4.425285563619682989e+02
2.032417096681490136e+02
1.756400092971390734e+02
-5.710812142131417204e+02
1.194372940852579177e+02
-1.494952023087944099e+03
2.899185384690874798e+02
-1.173726065949892700e+03
-1.032646288531996106e+03
-5.949621432021467626e+02
8.662302967671978422e+02
1.190001665968217594e+03
-1.395330014309678006e+02
2.818433484967406244e+01
5.087788940064526741e+02
7.184451024835350097e+01
-1.384445970886095665e+03
5.523083425115659395e+01
-5.672133788285806304e+02
-2.483124616449983932e+02
1.760031511214113564e+01
-1.589668297876930012e+02
1.073346544502821160e+02
1.274571323424904392e+02
-2.583717485278793902e+02
3.068799253334787522e+02
1.026085237970563639e+02
-6.194839562037857128e+00
-3.326122585247949104e+01
3.152815026753436314e+02
-6.815740298800425307e+02
4.471382370247325184e+02
-1.973325011557033193e+01
1.315730170960773933e+02
1.783137225514722246e+01
5.434921914975024748e+01
-7.644633170817556902e+02
-5.001563216424872280e+02
4.307527679999243730e+01
5.528827090415159091e+02
1.909193727311037492e+01
7.359675751348446227e+01
7.803248595572472368e+02
-2.175574432246206129e+02
1.113175542033742147e+02
4.457837378547900471e+02
-5.030354595853206092e+02
8.863978306518212946e+01
3.163920921440374059e+02
8.089416912340393537e+02
7.778826379831259885e+01
-5.712625133929657295e+02
2.019230872399978693e+02
-1.040275424172704390e+02
5.307080795303340537e+00
-3.791042398541023886e+02
1.313152328401056081e+02
-1.363227348600496498e+02
-9.647632518771759180e+01
-4.273075540265055565e+02
1.098002963160472234e+02
-9.622534846739834791e+01
-1.209840778200501035e+02
-4.294908080492987210e+02
-8.123081488051896315e+01
-3.208833495569213596e+02
2.004441473767661464e+01
6.944999164392611419e+02
2.451990657434118592e+00
2.102638133994215366e+02
2.897927643580473500e+02
-1.826866020111741591e+02
-6.331423402676111891e+02
1.127182164754055265e+02
5.776980010056129800e+01
-1.710538752659217892e+02
1.884210826810146955e+02
6.188591048232232339e+01
-3.515036094742526274e+01
2.391895001146211825e+02
-2.278353323397139150e+02
3.167826872451403375e+00
-3.274630084453013410e+02
3.550201721245944668e+02
3.153423264069269862e+02
-9.604409523837752261e+01
-1.158758101732581167e+02
-9.301256217062934866e+02
2.698677440996950736e+02
1.425474927003212997e+02
-1.650851471210308716e+02
-2.768081901721075511e+01
2.950087910585433519e+02
-4.367823170941387190e+01
4.030060998892404314e+02
-7.469399347406911716e+01
5.661081249930568049e+01
-1.317916152046082061e+02
5.922801104524100992e+02
-1.780299495224053601e+02
3.446408776289476350e+02
-7.510028333883948903e+01
-1.515047382262308417e+02
1.384125809065087935e+02
-1.597548707420326366e+02
-2.117383412673744658e+02
-1.741034433552748055e+02
-6.720181839085844899e+01
1.920483823599136386e+01
-3.649049388080709946e+02
-6.433189401423393861e+01
-2.641864892153383266e+02
-6.707738860031582817e+01
2.506987017064359891e-01
1.580467590966832176e+02
6.078022834317854972e+01
-1.520372738912791419e+02
-2.172820057679695367e+02
1.788718587798018973e+02
-2.550023619783921447e+02
-9.254072775413720819e+01
-2.588130130608385571e+02
-1.885933502650284197e+02
4.447588962610211070e+02
-2.597317250348617108e+02
3.906916417812436038e+01
2.126580997219307392e+02
1.178325720612381531e+02
-2.685426666828612383e+02
3.291920982625182290e+01
2.148327252899558744e+02
-1.783857114997262556e+02
-1.335384274174485881e+02
1.026775222203036293e+02
-5.717912692996014812e+01
7.146143420158944082e+01
8.475778618656298136e+01
2.634750386268435705e+02
2.833415440553581988e+01
2.655021754218817023e+02
1.317616482924667025e+02
-4.784355467037859455e+01
-1.847645198548958945e+02
5.732627974937375370e+01
9.627349384455641257e+00
-1.920433117263051059e+01
-1.898636993646167355e+02
-1.083533119481851514e+02
-2.066923415347236315e+01
-7.238962954381841541e+01
1.546007238222563807e+01
6.071633527403961672e+00
1.708178428836571427e+01
-1.650910491395743804e+02
1.777086805394409907e+01
-1.786860603417421487e+02
1.579372994718380880e+02
2.722172540242667083e+02
-3.891771837459540393e+02
-8.007121994054526226e+01
-2.218644517125313964e+00
-2.829199684242350941e+02
1.851719075479670948e+02
-2.937869886784102746e+01
-1.064112295779122235e+02
1.458638701792673373e+02
-1.340488033889101871e+02
-8.838992331232826416e+01
5.067236070347890831e+01
-2.261211256742026876e+02
-1.698367630243631368e+02
-5.118411846420921307e+01
6.490367935950159506e+01
-2.283258478631504715e+02
-2.153127741513220030e+02
7.861424379474603086e+01
4.092347428885980065e+01
-2.869350126532394256e+02
-6.709093883515745915e+01
-4.301477335397205337e+01
7.669046288784089427e+01
9.273421385149410412e+01
6.098975762637286380e+01
1.549488977453506777e+02
-2.396090836331245200e+01
-3.150955950608639711e+01
-2.381172987372673902e+02
-4.125360891974281685e+01
3.677643487679540613e+02
-1.013171513415286142e+02
-2.438848141057389114e+02
-8.591338399847028029e+01
2.589839385675983294e+02
-6.830151380857635957e+01
-3.316310269537064528e+02
1.205478711950301829e+02
2.855421563110095349e+02
3.910526893650241220e+01
-5.765086456745385846e+01
-1.276614776170711139e+02
-1.981816590369026585e+02
1.959905425673345292e+02
5.219512800761746263e+01
2.759692457760127695e+02
-1.137408637828572751e+02
-8.769097813781046113e+01
1.096728197579944606e+02
-1.737916505984248658e+02
-1.558051536274661260e+02
-1.074331830225784756e+02
2.586538767570903374e+01
-2.547525026039180887e+02
-1.148832561495275968e+02
5.484379274098419188e+01
9.202032558486600067e+01
2.530983686242641966e+02
1.327794758608245900e+02
-1.047378734711088129e+02
-7.861923177000372220e+01
3.120542494887903331e+02
7.764262524062509385e+01
3.042151664300403127e+02
-1.446504250725972724e+02
-1.380801095652222159e+02
-1.418751882285900194e+02
8.844734537288806564e+01
-2.209695944546262751e+02
1.695080723957183295e+02
9.099333468618041820e+01
-1.724231753096538569e+02
-1.212371912484454981e+02
1.282974862439006358e+02
5.099680449812909444e+01
2.154852766549997511e+02
-8.673621381615375014e+01
-1.408042542923835470e+02
-3.458798152299372219e+01
6.874834781860442945e+01
8.976457020980711832e+01
6.911670155278966376e+01
5.185064925429154670e+01
-1.610650709766607633e+02
1.054475015415227972e+02
-6.555830997295613827e+01
1.102351469454636401e+02
3.357510942453979741e+00
1.301035173920132024e+02
3.652369705064221250e+01
2.630690069440986179e+01
-2.528460118186640955e+02
-6.842689790253854198e+01
6.514529390992763069e+01
-4.319011482856414830e+01
-1.433244207263977046e+02
1.788590784993893692e+02
