-1.215446505931989577e+03
-5.933517522030003420e+03
2.651600961048634417e+03
1.367607982354368232e+03
-2.559343969651123643e+03
-2.278160759632558893e+03
4.575154693643437440e+02
3.809865862845814718e+03
-1.679109453445206782e+03
-7.575191183010689429e+02
-9.538736673209884032e+01
1.552151600458763312e+02
-6.914752623082907803e+02
1.332065960285638994e+03
8.058759130681180523e+02
6.693000470458331392e+02
1.693646264698696086e+03
-2.723191913273215050e+02
-1.997542769150433514e+03
5.953135219339383184e+02
-1.666497820928295255e+02
-1.467074901694809569e+03
7.224544135509809166e+02
-9.787190916491466623e+02
9.507496942845689318e+02
5.005190210844601211e+02
-1.521334775624345866e+03
-1.594717926526860765e+02
-7.102096557622473938e+02
-1.418008106593709044e+03
-2.029763014267244330e+02
1.566666731092359214e+03
-8.446072252356105992e+02
-1.527306050599622040e+03
-5.064396601579849175e+02
-1.612028800022689211e+03
-1.305791098822707852e+02
1.751449665264839268e+03
3.913891918907110608e+02
-4.400152224519494837e+00
-3.325573168844487100e+02
-4.635141901103599338e+01
-4.627740696952456574e+02
2.377010819105973496e+03
4.471891103538051766e+02
7.539710673616068561e+02
7.860118685302380754e+02
5.413624635595351720e+02
-7.211399335299130371e+02
-7.696648428445593026e+02
-9.688567054956125730e+02
-4.742316974130035874e+02
-1.322078825227702055e+03
7.469005602911488495e+02
-6.790695167021775660e+02
-4.513302464911919856e+02
3.104911268753584181e+02
5.148482841276612589e+02
-1.631806690486111791e+02
1.207989368897732447e+03
-1.814392791045808337e+02
-1.084325263912923901e+03
-6.660282245182860379e+02
-1.098346287963823045e+02
-1.344607734231800578e+02
1.517018072830040637e+03
1.156516278152896575e+03
1.063291227465762177e+03
4.367217984183448038e+02
1.335955849560251636e+02
4.221815739964785053e+01
4.127556089128541998e+02
-1.381218821674153787e+02
-4.471807683997457161e+02
-1.420753716369230233e+02
-6.451955417552005656e+02
5.446711215010271872e+02
-9.426093151385764486e+02
1.523245281387129808e+03
-6.375001546685506355e+02
-6.841602476039931844e+02
4.671057982322125213e+02
2.869799964996049724e+01
1.721499254961616316e+03
1.209473696229447341e+03
-2.202518299761743492e+01
-9.804249213805786667e+02
3.235758254258048083e+01
2.601940214934959954e+02
-3.026541481172350245e+02
7.017979212852612818e+02
-8.098689568551584443e+02
3.447357820189426434e+02
-3.342279124778450523e+02
1.109588382438875897e+03
1.276361794879667428e+02
-7.657452921274135633e+02
-2.767408144073822385e+01
-3.029500146634952671e+02
3.911099136104560330e+02
5.616760667358659020e+02
-3.360608430561185855e+01
-1.695801696268962644e+02
-2.634250801764050038e+02
-5.324864231375316876e+02
-4.525914443721225666e+02
-5.012738549892917206e+01
-5.242472846504279005e+02
-1.809372915603390908e+01
8.363357114922982305e+01
-2.384725759095214528e+02
2.840691256395411415e+02
8.411771176472745992e+02
-3.680914663670765776e+02
-1.446594908778684214e+02
4.443648220513845786e+02
-1.242246686253714415e+03
-7.223044078929751777e+02
-9.944799549610262375e+02
-2.563781173255387671e+02
2.105417153354040920e+02
-1.723912474773437111e+02
-1.207415481508684110e+02
5.510864631262688818e+02
4.903158075669483651e+02
1.331270154875030443e+01
-1.573297181960267324e+02
-5.259306119301185163e+02
6.281495067284694187e+02
6.396386481054715887e+02
-4.056375264985710487e+02
-5.236781605801875230e+02
-3.849251277488205574e+02
6.456154127838788099e+02
5.998308109199225555e+02
-3.982034591625566691e+02
-2.290720889381812242e+02
-3.531774071139394096e+02
-2.674319997263817186e+02
7.558441263761529854e+02
-2.827383904788379709e+02
1.517290587731413325e+02
5.069720210447521822e+02
6.981070420278492747e+02
1.523383129598075811e+02
2.678351547470829246e+02
1.753402720672517603e+02
6.185651131480845777e+01
4.992643003468771781e+02
-5.676450194066624988e+01
-1.647806155930344403e+02
-3.190013311538664809e+01
2.409623309386645573e+01
8.305443120565645643e+01
-6.282963136095893333e+02
-3.232265929908830913e+02
-1.400422472253102626e+02
2.054393230959552454e+02
7.049242480257883869e+01
1.213339934140804210e+01
-1.327970073065598910e+02
-2.813559452202464968e+02
-3.949260049250925135e+02
1.230822009715811873e+02
-8.342124396063921949e+02
-2.923503506712882327e+01
-2.033303971106481924e+02
-1.387035005684531370e+02
-8.689952572659271368e+01
-2.518602686295178046e+02
-2.934797380297234071e+01
5.925421455568704232e+02
6.539101593209130669e+01
-3.629098066207006354e+02
3.142685612163659243e+02
1.671012773847540416e+02
-2.454091458986869441e+02
-4.926724851774847593e+02
-2.469706825787741309e+02
-1.555065893008324451e+02
1.741851860076120033e+02
-6.181639412746961426e+01
5.525614028666037711e+02
-1.861550537984080620e+02
1.759387465161346142e+02
1.527348636357608029e+02
7.044344590855838639e+00
1.764696169687281468e+01
1.497870087659007368e+02
5.864208692620591279e+01
-2.918943922784422398e+02
-3.453064424421369836e+02
2.334065085504359729e+02
1.072436196482576491e+02
-2.989467787674522015e+01
6.692243139400402185e+01
-1.403361502067984077e+02
-4.820705301217839747e+02
-1.959946211323352259e+02
2.005112169191114049e+02
1.739668357700241696e-01
4.305945085680236843e+02
5.416475949657097999e+02
-1.426833626823248551e+02
2.530792688473579233e+01
1.018808639538908665e+02
2.488939821808042652e+01
1.410529557832622629e+02
-3.479022801906257456e+01
2.397683393590212688e+02
1.306460403313840288e+02
-2.052301992980321756e+02
-5.886609851769742363e+01
4.054209137870965378e+02
-2.876709075029700671e+02
-2.392078086548132774e+02
6.163000586542126058e+01
1.130625758016567062e+02
-2.088347686465118898e+02
-4.057501979437155910e+02
1.724451975478277177e+02
3.513633367195931783e+02
8.523678334624041897e-01
-3.801888487415276359e+02
-6.994234211135140811e+01
2.481070936692966455e+01
1.354638556762480164e+02
1.224232976618277888e+02
3.384218846204142039e+01
-1.161106736544422802e+01
2.541817079555060488e+01
-7.771925827631743289e+01
-3.587159116766721922e+02
2.005477142761064897e+02
-1.073116673929852283e+02
-9.302307535082995571e+01
-7.884890220437559094e+01
5.077257053015671318e+02
-2.084097090532896175e+02
-5.342857950298874812e+02
8.928110689426364388e+01
3.171555881325455175e+02
-1.143708003185357853e+02
1.866112587559123028e+02
-4.428800089902190962e+02
-2.147222719513100628e+02
3.609898465881729521e+02
2.982115107045335094e+02
3.145956600130942888e+02
-2.033665454781013580e+02
-2.928297385628278704e+01
9.389307747866634202e+01
-3.106813275790833373e+01
3.379122401237192719e+01
1.341598050198069814e+02
7.268886871218010981e+01
-2.820166491326857567e+02
-2.813473771192657296e+02
8.083026723643754963e+01
-5.481808605156195568e+01
9.807168773736290746e+01
2.127361804516767450e+02
-8.242088639767712266e+01
-1.259037529070715209e+02
2.297453618824242767e+02
1.837097783769524142e+02
5.712952610617031723e+02
-3.878612092420351019e+02
3.751798625582974722e+01
-2.421230789335193663e+02
-1.174420328756724530e+02
-2.466612799466032868e+02
-2.297526796368061230e+00
3.428151843383308801e+02
-3.215576713409283798e+02
-1.765357482435937015e+02
4.053214952599660705e+02
8.597353269841768508e+01
3.214454163658689936e+02
-1.621541086796190143e+02
-6.327227339299648889e+01
7.642410401360406524e+01
2.776601411618685233e+01
1.545092122365977048e+02
4.897279700196133945e+01
1.163587097534991699e+02
-2.115975338307215736e+02
2.671637928241718214e+02
2.670603518858963525e+02
1.386771359721322767e+02
2.430178218569499791e+02
-1.436350484873019013e+02
-2.960274213422301415e+01
-1.070584154954530050e+02
-3.650734048296489505e+02
-1.346245086585071533e+02
-4.592358043650705923e+01
1.997767144115567817e+01
-1.096735407722844968e+02
4.018048583098022277e+02
