-5.618824570775301481e+02
-4.204984309315108476e+03
1.003324119305717431e+03
3.197536961225281402e+02
7.746008886491978274e+01
-1.688143221877528958e+03
1.848979526186285966e+03
1.327878857182398349e+02
-1.934808075486397229e+03
-3.585651199951198578e+03
8.842523955031614378e+02
-1.545764451885945164e+03
4.916115296744902139e+02
1.036393226668669286e+03
1.994068687771270788e+03
-4.999233468741465458e+01
-3.558380665300184660e+02
-1.139900530950270422e+03
-1.878708962153347670e+02
-1.006301481832255604e+03
-4.487132957186129261e+02
8.516270087308054144e+02
-9.266926859817193645e+02
6.437374154336522452e+02
1.504277871839320824e+03
-8.688609104978618234e+02
-1.131835609877967045e+03
-1.765902085550411357e+03
-1.631791541220405179e+03
-1.777614462965575228e+02
1.030675927882003862e+03
9.752578559667653053e+02
1.066615744525803848e+03
1.313561890097674905e+03
2.551030686987701301e+02
-6.965111107871586000e+02
-1.113211919899954410e+03
2.375869733961677355e+02
1.276835427346252061e+02
3.351322248870442877e+02
7.474230821386358059e+01
4.868519593935434955e+02
4.458156028787930154e+02
4.625252695473050721e+02
5.477726304308032468e+02
-3.486150938317141481e+02
2.095534961285839586e+02
-7.872086665958189542e+02
2.762952220467755069e+02
1.283206955989325934e+03
5.531510744614220130e+02
5.959822061691667159e+02
1.071399469220045830e+03
3.320712943523686249e+02
6.914235706814484956e+02
7.088562870458000589e+02
-8.185344174113803319e+02
-3.770944296970016012e+02
1.811556484180225368e+02
-1.196276434161034558e+03
1.833718710480628999e+02
5.017605084159258126e+02
-1.393235671081463067e+02
6.899784593835157693e+02
-4.290474991650926313e+02
-5.475412246659891480e+02
-7.502954519843680146e+02
-1.801612310809910582e+02
-5.175527186918372990e+01
-9.871278309412778071e+02
3.069655116657168605e+02
-4.277379798743011179e+02
-5.388582398171503201e+02
-4.424600143559936782e+02
-1.171069075930741974e+02
3.158937946249804440e+02
-3.678255665116478781e+02
2.947425220970962414e+02
5.496631575830876955e+02
-1.672784530050001308e+02
7.313190191406064287e+02
-6.563489368305563509e+00
-7.104968596596885391e+02
-5.063403091881277192e+02
-5.147206471204608533e+02
6.891302201271228967e+01
6.969973366385461588e+01
2.450337032853169887e+02
-1.394265397915110682e+01
-7.909083295555001314e+02
-5.116141467257746989e+00
-1.381437916887716142e+02
-3.867545217802112489e+01
-3.201830423739782105e+01
-2.246298622491148222e+01
-1.832223545210260625e+02
-4.574932668291441473e+02
2.041415331218332767e+02
2.617007007343349123e+00
2.764721552531186717e+02
1.003047635707455143e+01
2.073790097283137754e+02
-1.984588919666833249e+02
-3.649846897141352429e+02
-1.402561014150592769e+02
-1.209549510329904365e+01
-7.184934879587548551e+01
2.176716925979540633e+02
2.502434692365129649e+02
5.000164938196693925e+02
1.837176892972177313e+02
2.145434517136386887e+02
-5.715513731976916461e+02
3.301128436720974690e+01
2.153754725383065249e+02
-3.531433484826150675e+02
3.342382662476833275e+02
-7.186710817360571468e+01
9.766786276523149013e+00
1.156521164785705338e+02
-5.241019045254968205e+02
-1.588070036741050330e+02
-3.921769033919395042e+02
2.028571464960328967e+02
-9.673624884661643364e+01
2.839980379765677867e+02
1.671336242204944540e+02
2.290797762262597530e+02
-1.510448691321363128e+02
6.688240601809275176e+01
-2.884527069553311307e+01
6.619007433554443764e+01
2.147244479363585015e+02
-3.001851144289287845e+02
3.615413201865817996e+02
-1.337502361894132150e+02
4.255340545436372395e+02
9.256131983838650967e+01
-9.162204881149683899e+01
7.400751919394719991e+00
1.768558508454390505e+02
2.814857849035203117e+02
6.799265438959558594e+01
-1.869813110601946278e+02
-2.554429837334247111e+02
-3.303065373283477584e+02
6.411065275127261032e+01
-1.551094679207925822e+02
1.951914117395178039e+02
2.003657430177923118e+02
1.180087392653342562e+02
-1.733672652084626975e+02
-1.025442599242400554e+01
-3.232338151056732301e+01
1.442138839993982344e+02
-6.334165256329715277e+01
-1.072219384221010614e+02
3.084916391032468823e+02
-1.305824502506150111e+02
-1.178774226528387175e+02
-1.048052743244503091e+02
-3.233119392509604495e+01
-9.524116868466300900e+01
-2.394125617022454264e+02
3.325924165904946221e+02
6.540226823864277605e+01
1.132411998050123714e+01
-2.872854503974265867e+02
-2.872253270664061802e+02
2.154718275024561436e+01
-1.145376071516754735e+02
1.663987351271964314e+02
-3.039051763953428775e+01
2.428207266434555720e+02
1.917329114042701690e+02
-1.708040727578953977e+02
-1.043006927241138868e+02
-9.506937468159638627e+01
1.173264317669068078e+02
8.947880460137101011e+01
1.447210448945640238e+01
-9.936953412705274502e+01
1.417259066999534411e+02
-9.487251102056204388e+01
-2.188258814637765326e+01
2.512635897170263632e+01
-2.014236552054352671e+02
2.069289819350612092e+01
9.004596331206033710e+01
-2.813601146829831379e+01
-1.081537485073353793e+02
1.891093694833890027e+02
-9.339877698285827989e+01
-3.888736384105315125e+01
-5.606198683450471520e+01
-6.417354062769271650e+01
4.403512792086684868e+01
1.807205327931653187e+02
-1.247959963918881812e+02
-7.505340677010458705e+01
1.186285278392368241e+02
1.525601085265411996e+02
-1.376312053474957509e+02
2.745458634272568474e+02
-2.288520193567483716e+02
-6.385236522965873007e+01
9.503090831134333172e+00
1.135795213790571978e+01
-2.516853825330514027e+01
1.521198514736374818e+02
-9.022551729159908973e+01
1.108232385385059047e+02
-8.403188815610656093e+01
2.779833044211906667e+01
8.299675278895296060e+01
-8.414298449785281298e-01
-3.169922341440866020e+01
2.523416139842270525e+02
8.136973197956541526e+01
1.348088369069750172e+02
6.305979560588463073e+01
-1.013046963313885414e+02
2.099337239897590166e+02
-9.883391956444084769e+01
5.600214823442641432e+01
-7.425216406685258841e-01
2.903679003948507216e+02
-8.621704361167550701e+01
-1.146055084595189726e+02
-9.270776563544393412e+01
1.367138332001060803e+02
-1.392785977980772714e+02
-1.248173583949655949e+02
-9.895049740574664554e+01
-2.807879862885980060e+01
-1.064537451650013509e+02
1.548867064403262077e+02
-8.102996088202600333e+01
-1.280491120987640841e+02
-5.709060963787934639e+01
-1.531261653565419749e+02
-1.456859301642519711e+02
-1.630855474518600090e+02
-6.424921064669905491e+01
1.304412036280190712e+01
1.180819699483193830e+02
-6.223378527576786112e-01
-4.138540463472340036e+01
4.198028360881797738e+01
7.440782909617750818e+01
2.429166973067536333e+02
-5.359527843459830621e+01
9.590255736379138796e+01
-3.701702692645540971e+00
-7.196548923829665512e+01
4.529959584003490392e+01
8.794297943145707563e+01
1.088324890123377457e+02
6.184359062156934073e+01
-1.839973066314293249e+01
-1.260983712802783714e+02
-2.840272043564656812e+01
-1.337176512229320480e+01
2.936688452393650550e+01
-2.960823496814603217e+01
-1.209634474390046535e+02
7.272915143588225817e+01
-7.150819002467339658e+01
8.736118255278358902e+01
-1.285462019361353612e+02
-9.128502550633884027e+01
-1.142788504461966284e+02
-1.992077717728640494e+02
-7.528828093661378063e+00
-3.039943880952354505e+01
1.268584202123463456e+02
-3.572061905139722171e+01
1.268170461712866626e+02
-2.054363394905409368e-01
-4.995327862438734456e+01
8.965714483987612482e+01
1.437026613037745619e+02
-8.665568871564379094e+01
2.176810823866345146e+01
-3.490404216584533970e+01
7.365680658306467343e+00
4.962069078938166911e+01
-1.479337753662314903e+01
-1.741623675359903345e+01
1.433776640151220683e+01
2.074444686331717591e+01
-1.574186346223174837e+02
5.931961850241612666e+01
4.881780551006979607e+01
-3.203090155527831229e+01
-3.207203093165519192e+01
7.138226525377812948e+01
-1.006070811702699430e+01
8.945056143732423948e+01
-1.275131036227766401e+02
