6.143324653562525782e+03
-1.430983656974071437e+03
1.948435407627922800e+01
-4.055782835056344027e+01
-1.415925570204710766e+03
-2.364732106051873416e+03
-2.659763500799359690e+02
4.024457556725861451e+01
1.163062093991934944e+03
-6.289328100660169412e+02
4.736794693709899207e+01
1.219816154170966001e+03
-2.025703324715259896e+03
3.011485758326288305e+03
6.389905087292852386e+02
1.415135818551152852e+03
2.473422618288156798e+02
-3.829078777579683447e+03
-8.566349781078088199e+02
1.159397220181497090e+02
-8.459742166793931801e+02
-2.327242798743584899e+03
7.458994199394675206e+02
-2.332270116947070804e+01
-7.548442655183050647e+02
-8.915345172313610647e+02
4.638937045769381484e+02
-1.027630737951905076e+03
-1.786730937207961688e+03
1.109429520710420469e+01
3.099586085625048213e+02
-9.833014233096096177e+02
8.880753376086759090e+02
1.390177858531186985e+03
-8.530916074952455119e+02
9.175839037052385265e+02
-1.163593391806980662e+03
4.665998684129978074e+02
-1.622787698881949225e+01
-5.598076936151128393e+02
-6.718994728070653082e+02
2.093907856888082790e+02
2.542483931458079098e+02
5.512293240216015420e+02
1.050959640615884382e+03
-1.233226818823842450e+03
1.181180890553721525e+02
5.918125035502758635e+01
-1.656668307487115953e+03
6.276380374366682418e+02
-1.366093276018689551e+02
-1.683264078771419747e+01
-7.612388275102898660e+02
5.957924007945121048e+02
6.833011646539488311e+02
-4.758709032302483877e+01
2.878281561099554438e+02
-4.645513221498430312e+02
7.527890353700578885e+01
-3.549258449110395190e+02
4.453538998621852443e+02
-2.332444860989247815e+01
7.139511231107371714e+02
5.565905631214943696e+02
1.998352804400036291e+02
-6.469975394015377788e+02
7.580442213653075214e+02
-2.041046584912668891e+02
-5.892732695034213748e+02
-6.367198454208938756e+02
6.701594925069082365e+02
-1.839481882775023962e+02
1.833753832737907601e+02
-6.365425612424520523e+02
-1.964019871165996847e+02
-8.671563211933002435e+01
-4.422097970381909136e+02
7.245079803750949168e+02
-2.566821149895297367e+02
-3.087981708114036792e+02
2.243456487828068759e+02
3.301170884137927715e+02
9.537564542881877117e+01
-8.454615720065061168e+02
-4.202216479794876136e+02
3.264558649153963188e+02
-2.149943633484823522e+02
-6.815277837392133620e+01
-9.203438973910152754e+01
-2.203449826134372529e+02
-1.623220675120867043e+02
6.594264882624187294e+02
-1.740096739863067228e+02
-2.502710979587659068e+01
2.794120295785068606e+02
-3.985658355884091861e+02
3.744174564900796298e+01
-9.009190000755084782e+01
-1.382498446351302448e+02
2.874950353373263852e+02
6.428849129659723758e+02
4.616902722514161184e+01
-5.939434618034570121e+02
-3.148477192699111811e+02
-6.921827578021616034e+01
-3.418747680702720118e+02
1.651816692350514302e+02
4.585093481187961970e+02
-5.401784941597448153e+01
3.224070110245325509e+02
-1.706417351077310229e+02
-4.423744438498901133e+01
-3.044572569633906483e+02
-3.216289600654897072e+02
8.608695937987236846e+01
2.999490908916888543e+02
4.299628414052328367e+02
3.112251747359770775e+02
-3.659238853314864173e+02
3.247829566758786086e+02
7.361600279453656981e+01
2.577156210352392236e+02
1.940283190249388099e+02
4.445438870353770966e+01
3.148117671836473619e+02
-1.709171283292900227e+02
-8.455334968049148756e+02
7.874773550625411644e+02
7.756734323157762674e+02
2.576793471560361581e+02
-4.408499814818122786e+02
5.437298773813520256e+02
-1.623610498421058139e+02
4.597658401550380631e+02
-2.522551945495152381e+02
2.621176995319925709e+02
-9.763904487528506593e+01
9.720196897855963414e+01
-1.281010655498630797e+02
2.478992804023861254e+02
2.776211014109685493e+02
9.790745455234890926e+01
-1.112381531967044026e+02
7.404482879467537941e+02
3.868030946096853881e+02
1.316912138976895505e+02
1.624718090208887133e+02
-1.285503210591526511e+02
4.234574005709352491e+02
1.948231507502217994e+02
-3.331194026153001175e+01
-5.525298696714079369e+02
2.695005950903780700e+01
3.758805657841284642e+02
-5.214631397723011474e+01
7.683774698548700144e+01
1.863016942978476465e+01
4.867771416538475933e+02
-1.372460151180144408e+02
9.236850831409567775e+01
1.959830147987368889e+02
-1.589170582955628674e+02
-3.561124245225862239e+01
1.673927602700679884e+01
-3.932809052083172219e+02
7.368419746206387799e+01
-3.132732623971441512e+02
4.142006262598215555e-02
8.738366544695361426e+01
1.533323170471014407e+02
7.173196411308033760e+01
-1.287198519795992127e+02
-3.091683080907173320e+01
5.052975142112128992e+01
1.353933261954927332e+02
2.763362607349804989e+02
-1.493313905948307934e+02
-5.403429436227156657e+02
-2.428531795499146639e+01
1.048931140475733059e+02
-2.600761191774418535e+02
-6.784749693004884818e+01
-1.111814695004520814e+01
5.761780845541286311e+01
-1.257456186217611673e+02
-1.662345638804381451e+02
4.842079312460881368e+01
2.696093350375864262e+01
-9.592844571219197292e+01
3.661273364794500935e+02
-1.876149155353450340e+02
-3.130015289317288421e+02
-6.212638202858455116e+01
-2.329270114747619687e+02
2.396764829773422321e+02
-5.354884900666723979e+02
-6.045246318100700478e+01
2.212498481094588101e+02
3.001777519336520754e+02
3.060309379101206062e+01
-4.623219663657445722e+01
1.977934079063361139e+02
4.635453461243155289e+02
1.722653904167603116e+02
-2.042199927031630011e+02
-1.344693576975768394e+02
-1.416306062043176723e+02
-1.367021022760417850e+02
-2.608578162432152112e+02
5.500895960149122033e+01
-3.673825944503140022e+02
-2.135965474877888255e+02
-1.519095487789236074e+02
-2.306919926491050035e+02
8.980348924006094080e+01
-9.264851033438207040e+00
9.167181409271502446e+01
1.446798348424530367e+01
-4.841258660316206885e+01
2.586099175539474686e+02
-3.746036531949772552e+02
-1.188057592617163749e+02
2.157298422880906230e+01
-2.592373476758569950e+02
4.910882437313428994e+01
-1.454986260799010438e+02
-3.040628443463715485e+02
-1.441124753904384761e+02
2.825531037737287221e+01
1.738115126347898332e-01
3.319089808327951374e+01
-8.102547465793068682e+01
-3.801250675296753911e+02
-2.236037225892050628e+02
1.185990910811970593e+02
1.910346319018957217e+01
-1.379189179708227755e+02
1.916958760000364350e+02
2.871108049891195151e+02
2.551379233611140478e+02
7.388128754658362141e+01
-1.202512095246274839e+02
-3.849122742195351066e+02
1.846945834892761340e+01
1.212790283283093089e+02
-2.130790276579572833e+02
1.336855647583275299e+02
2.633508961553933432e+02
-2.265586431232209748e+02
4.742269077488352025e+01
1.841717096302193966e+02
1.295919694904913229e+02
2.876702237389184802e+02
2.261178629983149619e+02
6.409556037147054042e+01
1.364795226532455956e+02
2.682234991246733102e+02
7.168307368343079133e+01
-1.973982395526562357e+02
1.112685917327076908e+02
-6.305450851025352854e+00
5.176806434707266362e+02
-1.134226557704088520e+02
1.653486208426903374e+02
-2.824670362360854483e+02
-6.402701555459626093e+01
2.618029482939725199e+02
1.958334469549597259e+02
-3.747068180794750702e+01
5.279231156591087881e+01
-2.246559988670537393e+02
1.495722887686297042e+02
-5.402514009649346605e+01
3.760189321012234842e+01
1.052516832806776819e+02
-3.320914376508569887e+01
-9.016439799956984302e+01
-6.964443452620814412e+01
-1.920778663632691234e+02
-4.125711462622917480e+01
-9.706905623331557820e+01
1.871050614250633544e+02
8.834290925772320691e+01
-8.815648108388889170e+01
-4.926164508535038067e+01
-1.315675369953085578e+02
1.704976990412724831e+02
-1.099419861736837163e+02
1.596424591344526505e+02
-1.508585879528182261e+02
4.374270650906223068e+01
1.881285352199327008e+02
6.080338649804889428e+01
-4.998170526501559863e+01
1.419536995358015652e+01
4.572400339735118990e+01
9.462479859368046675e+01
1.707436678627640276e+02
-1.417881220203290127e+02
1.060889097435938595e+02
