-6.416149935605946666e+03
-2.322719631482682701e+02
-8.694450664609615842e+02
-1.749975492082916617e+03
6.176969911338303518e+02
1.600833228640952711e+03
6.644832116639929609e+02
3.166459222018146193e+03
-1.592339192766761244e+03
1.996405967658053669e+03
-6.335695891692008672e+02
-1.391640534126176362e+03
-7.956072712746445177e+02
-1.508529516967734253e+03
3.055909944784292293e+03
-1.450819380789828529e+03
-1.193766912825500697e+02
-1.508089279635370758e+03
-2.347704005589499047e+03
-1.580748788591514767e+03
-1.300081956331877109e+03
-7.566248499570789363e+02
-1.529672797632456138e+01
-2.154109500161122526e+02
2.515580476968757750e+02
2.973358315727161880e+02
1.036377283328394697e+03
-1.263345918655681089e+03
3.500241040740706921e+02
-1.043514821162347971e+03
2.271373324881347799e+03
-1.681945872744365488e+03
-1.511319083540138308e+03
-8.968556937798661011e+02
1.957409265273074652e+02
-1.742083256039913749e+03
9.076828417700279488e+02
3.344273606258356040e+02
1.413578801755310678e+03
7.407859499256225035e+02
1.003117212666507044e+03
-1.020999461904383566e+03
1.266122111623218416e+03
-8.527132757020218605e+02
-1.515014633464965300e+03
-3.268045357124118766e+01
-1.154972379980835967e+03
5.841374312802687427e+02
1.129112364557924820e+03
-1.006969575462363586e+01
-7.090848809920366591e+01
-8.425540899936748929e+01
-2.781406280213624171e+01
-8.746251356364883804e+02
5.796983668440561814e+02
6.633053541300331517e+02
-1.370169699742432101e+02
7.347837487131117769e+02
-3.178208079285526466e+01
-4.676057785792313553e+02
2.330938905210504686e+02
7.887410340228750272e+01
-5.005992436618075772e+02
3.511474683447710845e+02
2.414471466829321855e+02
-4.356168225321741261e+02
1.297995583533922570e+02
-9.932420889769078940e+02
-6.836977593529790056e+02
-4.067142176507494469e+02
-2.989053046609551600e+01
3.397027905257326097e+01
5.277396060689012529e+02
5.595755275812907712e+02
-5.161807708680569817e+01
-1.091890770346704130e+03
-6.192133210914602159e+02
1.012182878503718655e+02
-1.052567796682817374e+02
-2.301519301316307917e+02
-6.991969356865612326e+02
9.026077474399330640e+02
1.617679206962659464e+02
8.617899349038130197e+01
-1.361724843291877107e+02
-1.014165656355507053e+03
-8.513047317567112771e+01
-1.570206681002333937e+02
2.864144693534752832e+02
-1.352779681207435658e+02
-2.068038486584855491e+02
1.064611007192957572e+02
-4.161001487339811433e+01
5.748879518164087585e+02
3.131864933014165899e+02
-2.236227217642477854e+02
1.158999803770572498e+03
4.987755362946220998e+02
1.803829980571368026e+02
8.171252230660330440e+01
-9.141753272875759251e+01
5.637394263103958991e+01
-1.941788190498743347e+02
3.319130957346493460e+02
-4.544424820263158722e+02
-2.658729007375471838e+02
1.725403108084690018e+02
5.174893329587976609e+01
-2.789390787509939855e+02
5.173685455014971240e+02
-4.694154092590045479e+01
-2.857650115646245013e+02
4.020134026492591488e+02
-8.118117727181888199e+01
4.131713263458792085e+00
5.621819979882629781e+01
-5.671987158843701309e+02
3.119656347771139053e+02
-2.259424891692097219e+02
-5.136460443383450638e+02
1.289340354578192489e+02
3.100745620106116007e+01
-1.692348345838145462e+02
-2.900714569759397818e+02
-6.805193868569500815e+00
1.876600705145242216e+02
-5.809281051929388013e+02
-1.049531264471596188e+02
3.222349148148965128e+02
9.363466502207785425e+00
-3.435821879851109770e+02
8.565694256103125781e+02
1.196959495008472771e+02
-4.044946489812321033e+01
2.200448411126239989e+02
7.785721975128397787e+01
-3.597465733965812262e+00
-1.034797209680579044e+02
5.571994781807360368e+02
1.608830007474051342e+02
2.019318710202485079e+01
-1.034319990835057439e+02
1.773923645388362047e+02
1.419408454747527344e+02
-2.420463993757419701e+02
9.994772387133446401e+00
-2.386876791122961095e+02
2.349120825313907801e+02
5.922305277835117749e+02
3.841365976658301484e+00
-1.118250254954542200e+01
-4.137201312015690178e+02
1.393658457725733513e+02
1.485351292278832425e+01
-1.980543366456034562e+02
-1.516951824341291797e+02
2.465778763870995931e+02
-7.297064330518465169e+01
-3.102000485515425794e+02
-2.977674380034573574e+02
-1.743720029719033278e+02
1.830664352944810958e+01
1.003496641050231233e+02
-1.066979225353822187e+02
-5.310004889237925596e+01
-6.053186722790289132e+00
-8.207868918329475605e+01
4.062369560999976557e+02
1.427976485122351278e+02
2.908845566385262487e+02
-3.381409033195159850e+02
-6.971441263366445185e+01
-5.048916307785434299e+01
-3.393457163408154997e+02
-3.566598263793127330e+02
2.257185149353253095e+01
4.337449583797388897e+01
8.233957693121270438e+01
1.742048678371642723e+02
1.417213039422165650e+02
3.805306364952315334e+02
-5.104587064674218055e+01
5.917889568008445167e+02
3.501116967821218395e+02
3.526843705386235115e+02
1.930068956746077049e+02
-1.396324738685928537e+02
8.269670257241971001e+01
-3.166990284429319900e+02
1.026577535206040892e+02
-2.564376335402356943e+01
1.149621536112498461e+02
-6.549680093226324118e+01
-1.125309926023289933e+02
-5.560900953792264900e+00
3.015011670512799355e+02
-1.538773726715379553e+02
-2.901854533018294546e+02
-2.534919371501327703e+02
1.036438613645126452e+02
-1.234273428040697667e+02
3.258888152512682268e+02
4.199582990864532803e+02
7.508890663692164402e+00
3.448564363188309585e+02
1.506664461129874288e+00
-3.134604785298076308e+02
7.191572006166701669e+01
1.232751468135816530e+01
1.177438961626022262e+02
1.217029708111573711e+02
2.646057842407892622e+02
-2.078458587010472911e+02
1.853316936924226610e+01
2.637242966548430800e+01
-2.888434847537380961e+02
-4.510752372829922763e+01
1.423246865076214647e+02
-9.361141260949443677e+01
-2.271053896324318941e+02
-2.475792453236608708e+02
-1.431248740822405239e+02
-2.939512060336806698e+01
-2.309639795166018246e+02
-4.995184588345617982e+01
-5.776773615891316922e+02
-2.240902481310895098e+02
1.410299589995661336e+02
-2.698848367496376568e+02
-5.231801188828983840e+01
4.418230622042721620e+02
9.266310083035014600e+01
2.938774021664266911e+01
4.715730109891761401e+01
1.469992890895768198e+02
-2.021511223978392309e+02
-7.984148853232801457e+01
-1.178627007833028699e+02
-2.498653235995051034e+02
1.388845042672222121e+02
1.777883312595802749e+02
6.302621404182268350e+01
1.233890398521291019e+02
-3.157198343446618196e+02
3.360549890130572237e+01
1.250260232407240153e+02
1.660009252941589253e+01
4.898649740028794497e+01
-1.869888267027442907e+02
3.898707422317405644e+02
-2.143393445210562049e+02
-5.889469021453807684e+00
1.302024731516720522e+02
-2.231709343386100386e+01
9.086742154780492342e+01
7.757648645672613696e+00
-1.695969757923329837e+02
5.525577346210849328e+01
-1.456946746987597407e+02
2.470768531530180496e+02
-1.416346469118111031e+02
1.958930314271499640e+02
-2.124831007234913898e+02
2.847426407981722036e+02
1.266035534315302726e+02
-8.241863324373333910e+01
3.872535089205077838e+02
4.201280042702393303e+00
9.452300227155845391e+01
-4.845370267767373917e+01
-8.747760154097518637e+01
-3.587699890033892558e+01
-3.383521435785842755e+02
1.753712625797413693e+02
-1.582946520478935213e+02
-5.787812999567728411e+01
-1.071191703001978013e+01
1.827296694427447221e+02
-1.871908703894482073e+02
1.237824704874065560e+02
1.957624517171781875e+01
6.668401235937012927e+01
2.305977908614407568e+01
-2.164568893749076892e+02
4.091613586328036511e+00
-1.314724747268804208e+02
2.786128924995824718e+02
1.711078585904145655e+02
8.179785916596584272e+00
-1.008397218535760658e+02
-2.247289854901829358e+02
1.358103881965740811e+02
2.118143392728063077e+02
-1.255814894419639387e+02
2.283055174135994321e+02
3.931086995117624383e+01
-1.972703264343166296e+01
2.188823771657454742e+01
-1.234831961609163216e+02
-1.801202794652312988e+01
