3.526526500089320507e+03
-5.989903235746504834e+03
-1.439763568480935191e+03
2.045832357498355805e+03
1.015284863667820559e+03
-1.155082249110269458e+03
-2.383031742191250487e+03
2.678142059448533928e+03
1.253209716123725457e+03
8.644849490829492424e+02
-1.807882363283553332e+03
-2.423302994088538071e+03
1.333508346108666956e+03
-1.275752858755594843e+03
2.068237915480219158e+02
2.446303267503813913e+03
1.870230510785744173e+03
-8.956313959813852534e+02
9.004735558299872764e+02
2.915801768690036624e+03
1.195063053364261577e+03
-3.798270546531051082e+02
6.136557457345709281e+02
8.675040097611481826e+01
-7.255645305710868342e+02
-5.619013249800367475e+02
-4.458372754231352815e+02
-6.668109788670331000e+02
6.028288193074276933e+02
2.234192741726647284e+02
-7.549056845792948707e+02
1.549485463408242367e+03
3.322899089400890489e+02
-1.406921565404024705e+03
6.315907325472538787e+02
2.750824288886324780e+02
1.521299384014104135e+03
-3.606447560026578003e+01
-3.610042966784234864e+02
7.436667423415154872e+02
-3.222405039910590290e+02
-9.029025277848952555e+02
-6.382574040586810042e+02
8.421517101512539512e+02
-1.082520057057380882e+03
7.096074264788707069e+02
1.834098255297285220e+02
1.521289946670061397e+02
-1.938883896600685262e+02
-2.374012062912005945e+02
-4.913186214919961685e+02
1.495742858222131417e+02
1.584745647310301422e+02
-2.217196287563947976e+02
-9.055190748788086239e+02
9.685749120435219766e+02
5.570653204740892761e+02
8.613038237551229486e+02
-1.215752742998102349e+03
9.911213038312688468e+02
-4.076498679068419051e+02
-6.126356582823358394e+02
1.618065149135247225e+02
-3.663447041227792056e+01
6.391606712804161816e+02
5.184180377464638241e+02
6.648284503582830212e+02
6.517745005836072778e+02
5.314144209221010442e+02
1.157652732243216036e+02
1.227356288044724266e+02
1.359980419751967702e+02
2.423481890136898187e+02
-3.883711199819654780e+01
3.960786945732595541e+02
-4.352609676137090560e+02
4.596296571744366020e+02
-1.571903926253457939e+02
8.388185912009981848e+02
-3.989963437220172295e+02
6.090688141896050212e+01
9.892571376418737827e+01
7.860929754581844975e+01
8.555427463368577037e+02
6.010431152758484359e+02
-3.679714000916999908e+02
-2.991454617624508501e+02
2.912158997444329884e+02
4.065276885327794076e+01
6.354568821827736969e+01
-1.161749877057068971e+02
-3.049314335198914705e+02
4.219581645414811533e+02
-1.260444704876812949e+02
3.773020730893511399e+01
7.945197101721923900e+02
-1.900845755747303656e+02
3.224919087232903507e+02
9.301710233253005811e+01
9.571460729022631142e+01
-2.760605152943193019e+01
-1.359864119524354749e+02
1.429396584119449756e+02
-3.361117240950490554e+02
-1.493772981746680273e+02
-1.860927274583224857e+02
-1.230252955690710763e+02
-2.014781627447376593e+02
-1.815674756259159324e+02
1.340571097048837146e+02
-5.251288754214319852e+02
-2.979088104961738281e+02
-5.851804238477632936e+01
-5.976581321089973926e+02
1.206370260218871380e+02
-1.610775156118403686e+02
-3.751040199374583040e+02
-4.103493074103967047e+02
4.543153101299598973e+01
-9.825866838808765635e+01
1.666565476206452843e+02
2.610288776209432626e+02
-1.688587392288459057e+02
7.465323784181100564e+01
4.755533866235229539e+02
2.323685963961512613e+01
1.233044109389762966e+01
3.943194059903126458e+01
3.606537707426858219e+02
1.740485011970323797e+02
-5.410226020301369676e-01
1.289014952351334387e+02
-6.926657455564227348e+02
2.809669461294852510e+01
2.592321126946869185e+02
5.846659796813332122e+01
1.107488027321487181e+02
-2.158854021185775593e+02
1.581944154083068952e+02
1.709879047186041703e+02
-2.504877091930198105e+02
-1.363829381135342373e+02
6.361295030388019995e+02
1.007746467616168076e+02
8.441514937550725506e+01
2.671255296510805692e+02
2.641805076110509845e+02
1.345778984139712087e+01
2.780694337459520398e+02
3.390823675989163917e+02
-1.190167521189426623e+02
1.375227879856547304e+02
-6.704008395365552531e+01
-2.290117448952144059e+02
-3.082366451315579639e+02
1.323528658364008948e+02
6.393947214524957445e+01
2.143303213232508142e+02
1.771117127930963306e+02
-5.545509581884232375e+01
1.715912198926690166e+02
-7.059217342487896119e+00
6.707063258409694129e+01
6.626229232645258094e+01
-2.308951780038464676e+02
-3.505727381680818411e+01
1.562957891009498042e+02
-2.302249745601770030e+02
-1.894383684775255290e+02
-1.133498989317352112e+02
8.944359595476605307e+01
2.453611869557225020e+02
3.160673449852159820e+02
-5.077304809670769714e+01
-2.219790994593201674e+02
1.558117351572459484e+02
-5.375286223417160869e+01
1.007156393237950169e+02
-2.819858678109679886e+02
-2.198101724007304369e+02
2.765089673612291676e+02
7.062980160282749864e+01
1.833135548061239319e+02
1.287316233959402894e+02
1.865148331765429646e+02
-1.414859897818595584e+02
1.733611518749347908e+02
-1.713166410541128357e+02
-9.200573771836866399e+01
1.446752000064096144e+01
-2.259311623610986075e+01
-1.922972662800363253e+02
-6.771114740837732882e+01
1.372931454969229037e+02
-1.523402422113423142e+02
1.299479089755547534e+02
2.640415624317134657e+01
-2.255209761498632304e+02
4.386109097443694083e+01
2.024989912927392197e+02
-1.742696303495811492e+02
-1.299865380000130415e+02
3.233475945720397249e+02
3.052241238867348017e+01
1.503422547054047413e+02
-2.461055317998216765e+02
-1.464886695877685554e+02
7.561002164793694647e+01
1.134853773229128251e+02
1.200218924659462871e+01
-6.741887025122575494e+01
1.490243051367254736e+02
1.473131462955970150e+01
1.220461647726235128e+02
-4.266825061997087687e+01
-2.902144543041536906e+01
6.912260372372612949e+01
2.659502917999391798e+02
-7.885557266758755190e+01
3.114197612828756689e+01
-9.699018687885107681e+01
1.511109652571045103e+02
-3.187680831425628298e+02
-1.034389865085153133e+02
-1.406316236730495746e+02
2.347245324953740919e+01
-7.079233012372422706e+01
-1.206436938223771982e+01
-6.446099722668949994e+01
9.237082983638579492e+01
9.086655120239679206e+01
-1.446336792889475760e+02
-1.903504679673448265e+02
-7.199353877506172239e+01
7.706282836646587953e+01
-5.069389790181949706e+01
-1.049072599375601982e+02
1.335578657262999513e+02
3.961526405248335436e+01
-2.291740781724780049e+02
2.845876054569387748e+01
1.800176283125868508e+02
-1.585377839641524815e+02
-1.031129028061544801e+02
-4.529800720769028999e+01
-1.069541947610876242e+01
3.305035627410454424e+01
-1.521203061823043754e+02
1.390428921992606774e+02
-1.144296826162755849e+02
9.735274460060597335e+01
2.295959371235676656e+02
-1.414809513421008660e+02
-1.670503063092256468e+02
-3.433551215546915358e+01
-8.360110693731282794e+00
-1.176229464620284801e+02
-3.899597303992919706e+01
2.200689951961937538e+02
2.102417386914998474e+02
2.015513617434796174e+02
1.546542837770624317e+02
6.423005322971077646e+01
-1.784104335284035869e+02
2.322054505782260492e+02
9.329876602141068531e+01
3.508104564393354394e+02
1.358197950324577441e+01
-9.845947141299987493e+01
-2.030100199084845372e+02
1.118461869947213039e+01
8.512396946400993158e+01
1.579568168654898557e+02
-2.902257781335493547e+01
4.811496200436260295e+01
6.789841744468184004e+01
5.058746092860671340e+00
-8.945838164008866045e+01
1.008883585247459536e+02
1.192821214356980306e+02
-1.294105770639970956e+02
1.853784150451929520e+02
4.726414280334142859e+01
-1.852914400396178962e+01
5.845390788451832975e+01
6.487169947901666944e+01
-2.427997295340874189e+02
2.225027947252260774e-01
-2.528923076350884358e+01
1.234027350202428295e+02
2.338912837474407809e+02
-6.947002654790311738e+01
3.690935225279965692e+01
-6.676759859883073034e+01
-5.695444608928605845e+01
-6.509734636682510711e+01
-1.324399367431212511e+02
-1.440342598551352751e+02
-1.240104854004046899e+02
2.009068410580917998e+02
