-3.673055252529612062e+03
6.384103816721088833e+02
-4.117086054801913633e+03
-3.189084445899051843e+03
3.715308001210328825e+02
9.449674747127922956e+02
1.412566045638328660e+03
-3.106691245777581116e+02
-1.859511007794446869e+03
-1.066902329870950155e+02
-1.055478019387097902e+03
2.590330510421914823e+03
-1.581687440354215369e+03
1.766977288916765701e+03
2.841889586791011197e+02
4.538385492411807718e+02
-1.517447398351530694e+02
-1.250027998236449093e+03
-4.299286053999214232e+02
1.782780239525914965e+02
-6.384978560828528060e+01
-2.006074504684011970e+02
3.101176409604606761e+02
-1.149436510972038377e+03
7.327517260839732671e+02
-1.781051737829699277e+02
4.105264043420940823e+01
6.225647694974024944e+02
-4.567624087192843376e+02
-7.305954959998827007e+02
1.200630902713483692e+03
-1.419283481478925978e+03
3.857498523355838529e+02
7.010960089594015017e+02
5.026010688315634667e+01
1.629038397099979534e+02
7.835292207597345850e+02
-3.297953660543259957e+02
4.381016793309638615e+02
-1.473172549024140608e+03
-3.020787675114447666e+02
1.081859866347349225e+03
1.677556840792262562e+02
-1.016059793022891199e+03
1.442027486490667032e+00
-1.057016774386111592e+03
3.347776843701404346e+02
7.085690488410883745e+02
-6.082817804862680759e+02
-6.130131395036278263e+02
-6.228583073013567173e+02
-3.635422650146790602e+02
3.543141751551331708e+02
-3.934586463734267454e+02
8.446831447800102524e+02
2.094091596750484285e+01
-3.871477658464468163e+02
6.505171091222269979e+02
5.187695791508151615e+02
1.048689684124971393e+02
3.547636972423703696e+02
-1.093453642378398598e+02
6.687384102667774641e+02
5.442643411842974501e+02
1.017769396309116928e+03
6.149197576033400310e+02
4.893336181179428763e+02
2.541105702190970419e+02
9.227562615028186599e+01
2.081507939746102238e+02
-5.011151297491602463e+02
1.277836919326305036e+02
8.374375652139241311e+01
2.859242133337576774e+02
-7.812178513125896870e+02
-5.289260515599918335e+02
-4.649024081437315203e+02
-3.430052681155837835e+00
2.503360773223159015e+02
-4.508679208107764680e+02
-7.809185721678045411e+01
2.454656659016086451e+02
1.009936508603411909e+02
-9.538974360984374243e+02
-3.938063899227681759e+02
-1.222405037126286089e+02
1.749831025974137333e+02
-3.029914586919907151e+02
-6.347467869028947689e+02
-5.891715013188083816e+01
-1.069678790891730813e+02
9.560808349264614492e+01
4.626256554293887007e+02
-3.359237775748422905e+02
-7.387498435887216885e+01
-2.405310574079411481e+02
2.494336914833257026e+02
-4.986209435347585099e+02
-3.341112700230274868e+01
3.308701218034558451e+02
1.711456742756542724e+02
-1.738271632009583811e+02
3.322765262931650909e+02
3.024405103167709274e+00
1.004071537952077335e+02
-5.513875111395127533e+02
-1.971581463076664136e+02
-4.591375201251838511e+00
1.134946959597805431e+02
-9.146876047726030379e+01
-3.061942953827379483e+02
-2.092755123307436236e+02
-4.488753080725646214e+02
-1.528442220965512490e+02
1.641377988481566206e+02
3.598781684503688894e+01
1.642439309412731347e+02
-3.901681184302296970e+02
-3.113885867049393710e+02
3.626808513647683299e+02
2.839387778476618109e+02
5.018231781032730510e+02
3.370211974464616560e+02
-1.811643918649146485e+02
5.408650382187145169e+02
3.215768074650119956e+02
-3.269012699000690532e+02
2.111709232382202401e+02
5.412445310240240133e+02
2.030046207039094952e+02
-2.333260249662470187e+02
9.449406799190452375e+02
1.834539610836636214e+01
-3.652526475131645611e+01
4.584513374167555071e+02
3.154744901319623978e+02
-9.176719727852236019e+01
-1.013100534248802660e+02
-2.497677758723503985e+02
1.399384635411700017e+01
9.000861617522987856e+00
-3.400027969996804131e+02
5.317534845512108177e+02
1.520594608966670762e+02
1.109938134002081682e+02
7.090029946308794706e+01
-6.451470384478270716e+02
2.182237533088861170e+01
6.995789369889324689e+02
2.249758419135826841e+02
-5.169843366954424368e+01
-2.611746436329855783e+02
1.263111035013370440e+02
2.267517437999189269e+02
-2.046780583238005136e+02
-3.232538974622075845e+00
2.315475797641777547e+02
3.355738918764256482e+02
-2.079055878172925986e+02
-5.910136449610291720e+02
3.000469472778814861e+02
1.127475888526391117e+02
2.873666944317914727e+02
-2.276402855768486404e+02
-1.900367223689914908e+01
-2.259635263272688519e+02
-1.057374652391319643e+02
1.483517679013212671e+02
2.889407384490281743e+02
5.394808795031614181e+02
1.415575621366382393e+02
-6.756046874785316732e+02
-4.428149335675578300e+02
-1.228968807076238079e+02
-1.018361873528088068e+02
4.871875211669110399e+02
2.541712640772214229e+02
5.178136687796868500e+02
-7.367071662930224818e+01
-2.806808137403269257e+02
1.942371832003460383e+02
-1.052778773454656829e+02
3.038195887998222133e+02
4.019493124873728220e+02
2.115426496469320057e+02
-2.948293196551971960e+02
2.888455161154372490e+02
-1.461622417618463601e+02
-3.161640980348824428e+02
2.533995416281118196e+02
-3.278654251248337981e-01
4.719982029776737420e+00
-2.132572814487602386e+02
-4.474160773970259584e+02
-6.267920301117423776e+01
-1.150781994618197217e+02
-4.335970605318031517e+02
2.124478703785931941e+02
-5.889863356295384023e+01
1.224201267321872280e+02
-3.820629455892851070e+02
-2.518912030506532460e+02
5.122366392339531558e+02
1.496626811512583686e+02
1.466420880091810375e+02
8.112687948146157169e+01
-3.080610964547432786e+02
1.110586130149130497e+02
1.326755877555270580e+01
3.744181039766937147e+01
-1.708729008371650480e+02
2.866180198375318469e+02
-1.807322649651877384e+02
-6.862648893835006447e+01
-1.877338532498727091e+02
1.642819215982589753e+02
-2.826938827556947231e+01
1.515891372927339376e+02
-3.731465613642385506e+02
2.259905340806422771e+02
-4.957527383513892119e+02
7.691794862743027750e+01
-4.392012113962384205e+02
-2.588972728105026135e+02
-1.711750073604889906e+02
-6.438902624931752143e+02
-4.826637883674866885e+02
-1.231017047944469169e+02
-1.471548493200766359e+02
-2.317942167465376428e+02
-1.102279851612709791e+02
1.832940955668104976e+01
-1.380930420389750850e+02
-2.242065355055958378e+02
-6.785006538636500295e+01
4.054553040569006583e+01
-2.090030345301459533e+02
4.107091448403630096e+01
-2.729939734168074210e+02
1.105389577430288028e+02
1.408146550024417820e+02
-9.164848374578571111e+01
-2.948374139176344215e+02
-5.411416736522787687e+02
-5.558220260059405149e+01
2.498519096679624454e+02
-2.166448459259561048e+02
-2.080144254662834840e+02
-2.746378099686903624e+02
-7.150779924720529834e+01
3.146740261587953000e+02
2.341107468700735978e+02
5.096548742706194162e+02
-7.384464749744415712e+01
2.763033352152630187e+02
1.987981355579323974e+02
-1.118200924867950334e+02
-5.919670828213045688e+00
-2.945486440365291969e+02
1.437663901645592830e+02
1.419743315475500935e+02
5.096025077048959417e+01
-5.771243444187691551e+01
1.301129087462556697e+02
1.145586527468698961e+02
1.410086423967770770e+02
2.431707944255880420e+02
3.733805025142614795e+02
-4.409110460858898506e+01
1.581170576492447033e+01
3.876046974645206689e+01
6.467116612305029832e+01
1.667183315687986678e+01
-3.439984370977753088e+02
1.068616792916690912e+02
-6.275409283600351529e+01
2.020673481821642667e+02
1.535847032452373924e+02
-2.135432153327590754e+02
-6.825735846404397478e+01
-4.185266390286531077e+02
2.398511872831795984e+02
4.362672143319306084e-01
1.776936572416606452e+02
-2.237032270485967445e+01
-4.360291041905474430e+01
2.402580956781059740e+01
-7.832093685775362246e+01
-3.387893949853220192e+02
8.074582152197885421e+01
-1.963560322820132171e+02
2.159405312409138560e+02
4.106773739689450053e+01
3.139078714402113945e+00
1.051347846223668796e+02
2.908106182052709698e+01
-2.496111431688307221e+02
1.466124188611806858e+02
-2.032942909791893555e+02
1.528533405214510026e+02
