-3.002540134046165349e+03
-7.368222668984058146e+02
4.135941465890456129e+03
4.599256042536530003e+03
-2.625531154697811871e+03
2.791307600618692959e+03
1.652410788256276646e+03
1.195141115297076340e+03
7.591786546742087012e+02
1.980517189172898043e+03
-1.268924288729609316e+03
-2.197715017490129867e+03
4.359918874713147261e+02
-1.367777089961165757e+03
-4.413085010244589284e+03
-1.362770272351049528e+02
6.310557621816423080e+02
-6.155972670897926946e+02
-9.201870337737531145e+02
-1.397288989674694903e+03
-2.396431676086419316e+02
1.715463672116427460e+03
4.347199483022653794e+02
1.427362626879816503e+02
-1.528269759050743346e+02
1.289249772624001935e+03
5.031050424793260163e+02
2.223679203423539548e+03
-8.747268182024131420e+02
1.681699496263078686e+02
7.423672988217106194e+02
-8.210571714974937549e+02
1.543014344695179489e+03
1.137923104353032841e+03
-6.306751475149001180e+02
-1.207781142448663969e+00
1.137201355736337746e+03
-5.534403950754070820e+02
5.579037936990538356e+02
-1.151203307058072589e+01
-9.971181130835824433e+02
1.490190682806691882e+02
2.450916680198483277e+02
9.343190956115923029e+01
1.251600426336431610e+03
-5.049422643694804833e+02
5.415806497899593523e+02
-4.474474159682745835e+02
-4.770060177507450589e+02
2.780105590673791767e+02
4.927651632452693775e+02
-3.710412150586369648e+02
1.813401568131286723e+01
4.869691085976860450e+02
-4.543233020134564981e+02
3.745687253506285970e+02
-4.682623002352001436e+02
3.577090978688759151e+02
-1.318264189878096602e+02
-1.684427144104810736e+02
5.778741346270342092e+02
5.004465915911455340e+02
-4.934348855554630404e+02
-8.839777133774243012e+00
-3.870990757079745208e+02
4.882258531659840060e+02
1.910441868712939879e+02
1.277673638443637287e+02
-4.482318380319842390e+02
-3.806880470942493133e+01
-3.246030108263756802e+02
-7.350845475703758325e+01
-1.080979846854109923e+02
-4.414555012337410176e+02
-8.347065135032647731e+02
-9.430221036676837798e+01
4.617208272200601300e+02
-8.623744506394866960e+01
-1.026027668388472449e+02
1.933473093855972706e+02
-2.368278038012204334e+01
5.065932683446872886e+01
3.362100551848999430e+02
1.955989745085468883e+02
1.477060716401481386e+02
7.590258487550092070e+01
-1.985681763677914944e+02
-6.312405768609642642e+00
-6.762270694387359526e+02
-4.148948894861891858e+02
-1.070136976887360589e+02
-1.717881885149790264e+02
-2.964759554549218024e+02
3.579218841512230256e+02
2.000318831086833029e+02
2.670449992536562149e+02
-5.794274409292403334e+02
4.492145653460706711e+01
3.968129166754777088e+02
1.351298894429723987e+02
2.424766272574460970e+02
-1.689547538522698744e+02
-2.453035277411488551e+02
2.558545479108605321e+02
5.116835411696793585e+02
3.673177588544454863e+01
3.674825293199858152e+02
-1.125775857582462578e+02
-1.679181142177109507e+02
-9.710987353299673330e+00
-5.951139756309299145e+01
9.817260580924729751e+00
-1.397872518806884727e+02
-4.371715254691046084e+02
-2.777753335617855441e+02
-1.042182219062342483e+02
1.694381208312575779e+02
1.662839321861623603e+02
-6.986930179512430072e+01
-1.809957248965444876e+02
-2.137965244887825236e+02
-4.388708921426421057e+02
-4.192677073758450490e+01
-1.900225512872570448e+02
-8.436809214117369038e+01
-1.739871360782052889e+01
2.721751932895267601e+02
3.182412080509108137e+02
-1.435411116905404754e+02
7.500206013958997175e+01
-1.351104497294007558e+02
-9.187884353501027590e+01
1.574611344049559989e+02
1.497663865774555880e+01
-1.023616910075984947e+02
-1.063740319794189304e+02
3.344519459287153609e+02
-5.607267981883061481e+01
-1.364103207033082015e+02
1.935071452801862790e+02
6.327249682071193604e+01
9.826007409911808566e+01
3.036328198079790468e+02
-1.103282446273032491e+02
-2.160131464785256696e+02
-1.817381724607083129e+02
1.214843244505314033e+02
8.003349670140084982e+01
-2.260759513727178671e+02
-6.078928795974682942e+01
-1.907141354219828031e+02
-3.688449143658787222e+01
-4.383189481794742193e+01
8.661702025737550059e+01
-9.045169666286933818e+01
-1.029429543932579065e+02
1.600306152451540527e+02
-1.663285131694907548e+01
-1.097683842449745484e+01
1.306586012183409728e+01
6.322121201018621406e+01
7.685885985674912035e+01
9.404767430021549046e+01
-2.146284224265693297e+01
1.381228702889379178e+02
-3.612948985018601178e+01
1.360359852194423240e+02
2.417577136476727162e+01
1.194563643356672031e+02
4.946367250339987010e+01
-6.318668689808210281e+00
-1.249071326888605427e+01
-7.258611680584971282e+01
4.132308786434519732e+01
-2.460919197201027586e+01
1.453211300059340374e+02
-1.597233271951824563e+01
-1.245013513104255622e+02
-3.851705938487565817e+01
5.978653339789432408e+01
-7.213860327755748258e+00
1.139178432813442754e+01
2.765974393251857464e+02
1.565404171819495502e+02
-1.006344688986701925e+02
1.080586107674272682e+02
6.398496700260933068e+01
1.509480252757174412e+02
1.604573182234508693e+02
2.687742013091417803e+00
-2.574927139377621543e+01
2.214973038452558995e+00
-2.763471460081289521e+01
-4.595292849560511428e+00
-9.818736703072565319e+01
4.417302245811076489e+01
-3.917744183273435965e+01
-2.621190134991758569e+01
3.192593591307521592e+02
-2.468292939786588036e+01
4.041159033955450042e+01
-8.691472999609503347e+01
2.208172890048159047e+02
-4.125774611555149107e+01
7.735130772724387782e+01
5.593755399405968376e+01
-6.307905131804568910e+00
-6.715560905092713995e+01
-1.620938430512493937e+02
8.561379576194227070e+01
2.844518468277099643e+00
-6.802327701699539375e+01
9.796753163244649443e+01
-2.310940559666863958e+00
-5.913485176861621007e+00
9.869541669269848327e+00
-6.341917698136489889e+01
-5.169770631665150518e+01
9.632383744386564217e+01
-5.145499021943785323e+01
1.106258743666645614e+02
-9.955858364495751900e+00
2.996970808045740142e+01
9.236927723047973871e+01
-8.187702417882752570e+01
-1.622691580489203602e+02
4.847511206424916708e+01
-3.040111490721906407e+01
-1.465779441317557712e+02
-1.546749753126010205e+02
4.811366864031000290e+01
-5.853683158035294554e+01
-1.094195106678162865e+01
-7.989147648024189152e+01
5.904589780694642087e+01
-8.035630094355379072e+01
7.716171316573228012e+01
-5.897021695546072095e+01
-5.971309733614127424e+01
3.874423876937002120e+01
5.335735481031784389e+01
-1.910062895253547666e+01
4.474310313825723995e+01
3.812133186468935264e+01
-2.821070247047766877e+00
8.325229692665753589e+01
-2.722236886131122802e+01
-9.914854418320243212e+01
3.886484326371864739e+01
1.537753286082052853e+02
-1.432455729075954878e+02
5.545962135543739890e+01
-6.752533074741313612e+01
-2.036155862294464924e+01
-2.092890316654285598e+01
1.173149312503159933e+02
1.595233855156621594e+01
9.170607796934832834e+01
-5.292110055159485427e+01
4.578947009722903516e+01
-1.453874723467121122e+01
-5.569064028725671278e+01
4.516118433197657822e+01
-1.383746927111200762e+02
-8.357875695676819205e+00
6.405521427980356464e+01
-1.443757411043780223e+02
-1.643045032514451975e+01
-3.372407018209317897e+01
-4.917736427682460487e+01
5.963167770150399605e+01
1.940750454059431362e+01
2.658210856563188429e+01
9.194833040173415384e+01
-3.755403208632327505e+01
-9.501239173773858226e+01
4.775193772988476582e+01
-4.772935308906995466e+00
1.216041831249810246e+00
-6.451498010828362339e+01
-2.249142501387774118e+01
3.604127588948544769e+01
-5.869739784706030150e+01
2.261608888374144044e+01
2.878791233391429216e+01
-6.616213989859043920e+01
1.040727204828125565e+02
5.279244104519185754e+01
2.903145671802896643e+01
2.824282639797680616e+01
4.158971918067975793e+01
7.216434255433908618e+01
1.910729942824866612e+01
6.060703577755527505e+01
5.666955833069029325e+01
-4.016284573898629873e+01
1.850171749005057009e+01
5.111112664067425726e+01
-3.082187278639470307e+01
-7.467193226393848704e+01
