-5.519200987383578649e+03
-3.339370353012262967e+03
-3.858005868572714462e+03
-4.287177032271288795e+02
-1.166326619045598591e+03
1.211103432282006679e+03
1.898233049404896974e+03
-2.179229450370502491e+03
-8.085070314556342055e+02
-1.375387557845421270e+03
-1.879200664580668445e+03
3.659008658168517741e+03
8.638123584364301450e+02
1.070727918996470180e+03
-1.032031324868250749e+03
-8.355365906171125516e+02
2.300618250811233736e+02
-1.518092083213396563e+03
1.007083361770953388e+03
2.764869907251023733e+02
6.569654415580151863e+02
-2.262868523872743935e+03
2.909766651772378054e+02
-2.567827365810438096e+03
-1.210716730547309680e+03
-6.526490862411688454e+01
-3.317212380328803647e+02
1.560349965842449365e+03
-7.734650329528343491e+02
-4.321728713285491352e+01
9.066018962822206504e+02
-6.933654406159171231e+02
-9.871127673595735814e+02
6.444751379933748012e+02
-4.596193640389362827e+02
-1.000428623018470233e+02
-5.779141656448582580e+02
-3.456496289166032057e+02
1.493017600814117486e+03
-3.309581550531790981e+02
-1.199043521535914607e+02
2.262340626012244229e+03
-5.560541043825977567e+02
-9.723327229162136973e+02
4.503744453294807499e+02
-6.394543553615327482e+02
-1.586934073477037366e+01
8.073468783230201780e+02
-4.676339298986140136e+01
-9.034022196488398322e+02
-2.215045953243601105e+02
-8.094427360829237159e+02
9.012781948374173453e+02
5.705419379052988660e+01
-8.710343943674387219e+02
-1.208741836698747250e+02
-2.787418410979290115e+02
1.026677664903602590e+03
-1.648599029794823707e+02
-7.590298210023195224e+01
1.639934498030127088e+02
-3.106327038704904453e+02
-1.217020512088599844e+02
9.207443412134099390e+02
4.950677438869678895e+02
8.482611920032137505e+02
4.953040977657615827e+02
9.894996648474913670e+00
2.566051137961375161e+02
-6.779654046724734826e+02
-8.690231645054493583e+02
2.971110206720295537e+02
-1.046963835517814232e+02
5.204982611724442449e+02
-7.271853889568592422e+01
4.267833729183149103e+02
-3.239138068421447656e+02
1.411813654162019418e+02
9.750420415258238904e+01
1.450150402297126107e+02
-1.462619131641893944e+02
7.296541417314639375e+02
2.348499015938118077e+02
-1.647988132625680748e+02
1.290730538265636653e+02
-4.885432628507647337e+02
2.915573672528758493e+02
-4.084355566759066960e+02
-3.321073418332425717e+02
7.005913282074246240e+01
4.906733488089120243e+01
3.057481529762955574e+02
4.086973317009788502e+02
7.030332457605928198e+01
1.507200416205701003e+02
-5.103110319120711438e+02
3.182468931126616667e+02
1.301986645592855609e+02
-1.939525965675890973e+02
1.371163095907286618e+02
-3.804412967422412635e+02
1.105571613737131713e+02
-8.964703016968871907e+01
3.772582181528529190e+02
-2.376442547519682478e+02
-1.608675821323323021e+02
8.327379719207125675e+01
3.499145491076084795e+02
8.085075901378885987e+00
-1.520265139762570925e+02
3.519568388738163094e+02
-2.958702576973063287e+02
-1.895518407848161502e+01
-1.928016671726909692e+02
-1.863551034679526595e+02
3.951030818740077279e+02
-4.255852515878124365e+01
-2.874384628831580812e+02
-1.106751650079525007e+02
-4.626860729888754520e+01
-5.464383609623715898e+01
2.979925467333167148e+02
3.315704013188471890e+02
-5.816812058872210400e+02
2.429920961627878739e+02
6.069104479701206856e+02
-3.553011468457147544e+02
2.228713272128385015e+01
1.512605086915326353e+02
-1.014853240401233592e+01
-1.362280380285927777e+02
5.940723822660053202e+02
5.393200350290146616e+02
-2.597347115868397083e+01
1.974408372912325547e+02
1.072981201917154692e+02
-3.880034268484740210e+02
-4.740010575179194348e+02
-3.170254408694465198e+01
2.649893589917018062e+02
1.540995198671574542e+02
-1.895857976312656845e+01
1.566340545674030977e+02
6.937867948961109050e+02
2.823738513146153650e+02
8.292039118575240764e+01
-6.538039383042901136e+02
-3.295676293883487915e+02
4.485747752039730472e+02
-3.818914323590191771e+02
1.846653159741632066e+02
-1.755646151128122199e+02
2.409712510424297136e+02
1.735431878435644819e+02
-1.876155200981953612e+02
-3.237545949316314591e+02
-2.361037458241308062e+00
2.582741450695846765e+02
-2.310335390559444875e+02
-1.749603829111393907e+02
2.739882392272784273e+01
7.709371635252202282e+01
2.812052425023708793e+02
-4.469515260350930674e+01
1.750373110837248873e+02
-1.315311562271986645e+02
2.169383129299446864e+02
1.379204097932172033e+02
2.794333618971402089e+01
1.741902787463741333e+02
4.772840561686680871e+01
-5.677834833598410569e+02
-4.510993564087496566e+02
-4.588439067988155671e+02
-1.741424602652481894e+02
-7.898560031650926305e+01
1.622319208235019232e+02
5.341574305075481561e+02
-3.392010576081919027e+01
2.355578508041730146e+01
1.447954158374976714e+02
-5.366369070060508051e+01
1.822336407235849833e+02
1.988312339689576049e+02
4.099213729631441652e+02
9.989400758865001251e+01
-3.641495320156722215e+01
-5.184951875305619495e+01
7.212051953839306861e+01
1.523096120968290847e+02
-3.912272418257921203e+01
2.684981574783558358e+02
-3.464192380404678318e+01
-2.118680975330354386e+02
1.503126429697292110e+02
2.509339354165012139e+02
-1.603094414518008080e+02
-1.976139934401423943e+02
-1.374601664776066343e+02
9.706935156306808210e+01
-7.108465270027024019e+01
-6.965029358434684070e+01
1.227982920822824440e+02
1.527802039578151607e+02
4.397345173692870901e+01
1.030930821891169842e+02
8.777935816710288464e+01
7.179099117368392058e+01
-1.480783692034653143e+02
1.909300478703557076e+02
1.189346979228592289e+02
1.662395699679256325e+02
-2.561489087552073443e+02
-6.866638986044041992e+00
-1.780909380226429661e+01
-7.954382621740619186e+01
1.728015767650164776e+02
2.792008567708704163e+02
3.970530975269300029e+02
1.207184531790443138e+01
-1.033970535417023626e+02
1.612772007007783657e+02
2.864510356034218717e+02
-2.112344326661366267e+02
-1.315791270884993196e+02
-4.463773367081055312e+02
-7.554368718455313569e+01
-1.334654294316640346e+02
-1.529666892461846146e+02
-2.035119588932448664e+02
1.404888371246462668e+02
1.315489518802218072e+02
-5.022545959299522877e+01
-6.560025991757901132e+00
-1.435927894321320935e+02
1.031107354277706492e+02
-7.829927518500754502e+01
-2.564639541634847433e+02
-2.573035494966819670e+02
2.134561151794928548e+02
-3.702213566719057525e+01
-8.147433613436696476e+01
-1.653560738088969515e+02
-1.113977113165280599e+02
-1.400714143882679785e+01
1.002127639814967637e+02
1.262908826919186964e+02
6.399969778444057056e+01
-1.213678815804044291e+02
1.401465737023966938e+02
-1.598824709521111060e+02
-5.198315765607894434e+01
1.647642721551209775e+02
2.614160955700558020e+01
2.593738345030295704e+02
-1.250241041854622281e+01
-9.053290323505984816e+01
-1.355207355291220939e+00
-7.554387605954492813e+01
1.779895474270595912e+01
-9.804161338901246836e+01
4.026835013775426830e+01
5.182229104751875326e+01
1.148209575409028673e+02
3.941993561399772261e+01
-2.756089654489215945e+02
3.263178054489741271e+02
2.436684639789833184e+01
1.401731099967199441e+02
2.216279950801009022e+02
1.427789463733392097e+02
-1.099254094919509015e+02
-1.757574438416640703e+02
-4.384729072846213427e+01
1.103887785424182333e+01
1.159052641388564631e+01
4.953698172547981926e+01
1.162488796387754348e+02
-1.346589818650494408e+02
5.649739912960154697e+01
-2.055535359489670668e+02
1.306365704255605351e+02
1.827813219478757389e+02
-1.545960943414857809e+02
-2.378748556081452534e+02
-3.304411062321485701e+02
1.667711663134412845e+02
5.486001315167642645e+01
-1.705060014961244974e+02
-9.687876010339250854e+01
-2.829384041047781579e+02
4.418137134573786540e+01
-8.304256645822460925e+00
-1.251219736717196582e+02
2.578512808967258820e+02
-4.875466783865068265e+00
-9.617047353867843640e+01
1.138586107642294536e+02
-3.403879314154119697e+02
-1.488160827024685489e+02
