-4.412053059592559293e+03
-5.264697776296748088e+03
-9.786495659502763829e+02
3.413286462085084622e+03
2.189296875184806481e+02
8.671797852329480065e+02
2.281464000782161293e+03
4.471304682191566258e+02
2.172040857155772756e+03
-1.879612465612780625e+03
-7.003768470185269734e+02
6.247145398006213100e+02
-1.122336237853329749e+03
2.756101763790057248e+03
-7.666627277153091313e+01
3.202676453902464004e+02
-1.720946721658212709e+03
-4.021722547389595093e+02
1.705053492129922574e+02
-9.540791276381814612e+01
7.292251208502318605e+02
9.132059672777369315e+02
-1.841134501162513573e+02
-5.798652070316807112e+02
-7.291315727648023994e+02
3.165568100403680774e+02
8.297859176375673087e+02
4.216246479516245813e+02
-1.432474833590897333e+03
-1.367959834607856067e+02
-9.171325092435741908e+02
-6.444596858279192020e+02
6.192497277756244785e+02
-7.760000858654401554e+02
-1.207309576593219447e+02
-2.960296630960153266e+02
6.294944904123092329e+02
-5.362180019594925398e+02
-1.984088905492078823e+02
-1.136899174761746707e+02
-2.406189709282093929e+02
-1.423422802328784940e+02
-3.623080689945850281e+02
-2.653247469226504904e+02
-1.643135874953653115e+02
1.154526711847342540e+03
8.331712770534174695e+01
5.368838220887583930e+02
-2.189066556183806824e+02
-1.323654930298099544e+03
-2.807189331616322647e+02
2.292686240043033763e+01
-3.267618336845148406e+02
-3.533389428407773494e+02
9.909856099695289799e+01
2.029359186574142200e+02
-5.307204793403352596e+02
-6.090134670250263298e+02
-1.188081918348397267e+03
9.534504870320954524e+02
-3.596814758085574937e+01
-8.521623036142231058e+02
4.532870747108835729e+01
-1.397110480028019083e+03
1.022249537342130665e+01
-2.221463625485842499e+02
9.134207094288041162e+02
3.027850557139490206e+02
-2.743544134468357356e+02
-2.789981622085579716e+01
-4.065514336822403152e+02
-1.158911683284403153e+02
-1.228152318143817041e+02
-2.672062663292600178e+02
7.371952985197153794e+02
2.161742273377877552e+02
2.152923122398532385e+01
-2.230894863419141814e+02
-2.883247128361073237e+02
1.786970291367579762e+02
4.340185582120394656e+02
-6.122217824504036798e+02
4.200701889903655228e+02
5.330296173758720215e+02
6.780296808048092316e+02
2.245879808449161317e+02
3.475662303821143837e+02
6.309800415092549883e+02
3.524398572310593636e+02
1.588130958235673802e+02
3.777747210329960126e+02
-1.910824579516867914e+02
7.529061152600696971e+01
6.985632562150095737e+01
3.722025610721810835e+02
-4.907914869418937087e+02
-4.327144660394715174e+02
-3.222276246014089196e+01
-3.611411051300584774e+01
3.630865354887044418e+02
-1.669744077916359615e+01
-1.182065205801364094e+01
1.415245528504823191e+01
3.639805123854255839e+02
1.374223825925881499e+02
4.349464500390066064e+02
1.504781505893393216e+02
-2.809657232846853390e+02
-6.501167957138326301e+02
1.396629844878822553e+02
2.874904182069851117e+02
-1.486392213002662821e+01
5.469086772261225633e+02
-3.021455074856242504e+02
-7.361370215870564060e+00
4.230462539393685688e+02
3.668761879798728387e+02
-3.754850251562920675e+02
-4.376997657140797315e+01
-1.026072690607635565e+02
3.605681236388534785e+02
-1.895564513706113274e+01
-8.229923185833641242e+01
-8.627077464124630524e+01
2.236866091375646306e+02
4.139041614422275757e+02
-2.092205642081944177e+02
-2.259059230212839680e+02
8.946849504567146028e+01
6.705638756829480371e+02
6.071775541742774607e+01
-2.427045020361198624e+02
-2.877244870409744593e+01
1.527469024814660372e+02
7.142161339897860728e+01
1.589271299405109801e+02
-1.497797194004176617e+02
3.277754572837282012e+02
9.928793541282529134e+01
6.705860024163869184e+02
-1.518716137098611751e+00
-9.438389447840904722e+00
6.389572469748036809e+01
5.979323538344496001e+02
-8.732626756765704101e+01
-5.362854608803249334e+01
-8.456405953448087587e+01
-7.540600241624325406e+01
-4.138904532393620217e-01
-5.217095079160668547e+01
-3.808698864604558025e+02
-5.815784352526990375e+01
-2.212647109990009575e+00
-1.864310952753015727e+02
-4.333837853675991028e+02
-1.071258977343723302e+02
1.672711392096100553e+02
-1.398235999921209327e+02
3.689798816580515961e+01
5.765722308979799209e+02
4.300487235891017122e+02
1.023213339779419897e+02
-4.735671585381514603e+01
1.740633044697155754e+02
-1.462529354889436775e+02
-5.729190865361020002e+01
-5.214216975860049388e+02
3.254554488790138862e+02
-1.336450222133740873e+01
-1.859769920855846692e+02
-5.044362890028758528e+01
9.168769843021995314e+01
-2.736522566789402049e+02
-4.140404667428759353e+02
-8.714363812346431359e+01
-5.947655383884395519e+01
5.672234706201576415e+01
-2.887579151594747486e+02
2.197320844296733355e+02
-3.123905475643080365e+01
2.847323363150117643e+02
-2.516621678673572262e+02
3.316933244841752639e+02
-5.742095043985323777e+00
1.654904642937216011e+02
1.790581300856992755e+02
-2.622905746094582469e+02
3.811023711872294371e+02
-1.530184345462052988e+02
-1.650441900685911492e+02
-2.909779627023517037e+02
-1.337269901826205967e+02
-4.913880075433861094e+01
8.386016375133756640e+01
-6.247587235715542420e+00
-2.258837052793943769e+02
9.716209058724555803e+01
-1.024120273849744791e+02
1.677025995942776149e+01
6.565424096509310914e+01
-1.983555342702011615e+02
2.205460557506158068e+02
-1.313813491247696845e+02
2.460723766627317843e+01
1.545360857877685135e+02
1.225048694589027889e+02
-1.624647082203517243e+02
-5.888205477911935937e+00
-1.909761989329048788e+02
-1.154928707528467555e+02
8.404513318169176017e+00
-7.815225715252776695e+01
-9.041161278447518157e+01
-7.746812064717681245e+00
-4.859681606475849946e+01
-2.175713908613726488e+01
6.369377988406539970e+01
1.888247101493890767e+01
-2.046684843958243505e+02
-1.918158161950589147e+02
1.340495157985805292e+02
1.482886894551324133e+02
-5.435525594171114960e+01
-1.826086429914585381e+02
2.081373878592509641e+02
-1.123052480508976885e+02
4.623254621004265630e+01
7.066344027445106235e+01
-3.368521097504680029e+01
3.485286049416922651e+02
-7.224385134128523589e+01
-4.596402270420232128e+01
-3.441616404847724766e+02
9.591962068550353138e+01
6.173877893851795307e+01
-3.289411053632680648e+01
5.925775418918617277e+01
-2.769760251239262061e+01
-1.447339715417896855e+02
-3.157023930772911058e+02
-4.629036060534964747e+01
3.029762250517067628e+02
-3.240097743648092887e+02
1.222932091480412176e+01
1.890171401375176288e+02
1.013883743785425082e+02
1.516420992021787981e+02
9.829068805605869841e+01
6.989487692753682779e+01
-3.131206587055215209e+02
-7.074640315387728151e+01
-1.532701160955047897e+02
1.234676409535627926e+02
-3.197041279087212615e+02
-3.429687464658503160e+01
1.051766618826895012e+02
-1.078308505891694580e+01
-5.366425319728434395e+00
3.523817434463127256e+02
1.906653455403132398e+02
-3.428329114199784726e+02
1.324914974105956844e+02
-4.716592794753329088e+01
-1.078744307875891053e+02
-9.066565954078308565e+00
7.726285627279017376e+01
6.098413275791467925e+01
-2.222057804330601698e+02
4.863682339257730547e+01
-1.282985880843100972e+02
2.824364288840411632e+02
-3.897752897542768551e+02
6.874849470443544419e+01
-3.785542775810284155e+01
-5.348011317164741740e+01
7.580704260459519617e+01
-1.010802060232467170e+02
1.489284023326267175e+02
2.356634163477909851e+02
-1.521269606398460326e+02
6.078002902172926980e+01
2.210352994949361971e+02
7.493300447403125020e+01
2.318553710812019233e+02
1.713402230776186741e+01
-1.082694157350212549e+02
-9.695468730307145222e+01
-7.795808327058770359e+00
1.177903268458295258e+02
2.310134893719117599e+01
2.209981443547555955e+02
1.793283504200071548e+02
1.793754994344403144e+02
1.386997760213281197e+02
-2.318406472490540295e+02
-5.858812307004978948e+01
2.417578605672929370e+02
4.426081068185832379e+01
3.804094198584571984e+01
1.221384000894356632e+02
