6.805075633757808191e+02
6.597637525176022791e+03
2.336889462482935414e+03
4.344130846115493796e+02
-2.007265724726807932e+01
1.445332053678066586e+03
1.320449194586926751e+03
1.997086674392719942e+03
4.718374597443649350e+02
6.857347656803449354e+02
1.459404661777425645e+03
8.869748952211633650e+02
5.988335058375696462e+02
4.318175544690365086e+02
-1.507760790870411711e+03
-2.527985164940935761e+02
-8.519736206847819915e+01
-1.032613986633233253e+03
6.669258963852112174e+02
9.960285398550296350e+02
7.698008412556800977e+02
1.591781242003484977e+03
-1.773215614955371848e+03
8.732492158122205410e+02
1.248120611232200758e+02
-1.219116501074270445e+03
-1.751899868101060292e+03
4.515010586909673407e+02
-9.613431906388045718e+02
2.941545632683863118e+02
-9.398242754860830246e+02
6.985261232498986601e+02
-6.197618054082404342e+02
1.971925624798666661e+02
-4.481951541105159436e+02
-9.674923135120857296e+02
8.079396387795084138e+02
-7.420224722977393412e+02
4.033872052878191994e+02
5.983299937773181227e+02
1.189948948380444108e+03
-2.589182496109949625e+02
5.695459072237271130e+02
1.168797640775832406e+03
-1.049957226794384866e+02
4.140064277267053967e+02
-4.571612281647739451e+02
-1.085838166143181098e+02
8.301936663823875051e+02
2.719637793782587778e+02
-3.385518214974944726e+02
4.776449499987952549e+02
6.635182060624244968e+02
2.327178379424139223e+02
-5.146529164499700073e+02
-5.607035220347526092e+02
2.683914952173414576e+02
3.592335119584287781e+02
-1.760635266734847448e+02
7.236637329311261055e+02
-8.665226107646271103e+00
-5.760983531943877551e+02
-8.363329647925164068e+01
3.102541249575881110e+01
-1.361190124289367418e+02
-1.885397458276119380e+02
-1.907872392033829385e+02
2.696666128744743105e+02
4.637750519693284446e+02
3.966423870041180066e+02
-3.058020715594130579e+01
1.891035206523168313e+02
-9.934454371793130179e+00
3.212814954407334085e+02
5.685627465186114904e+01
-8.484216852272827225e+01
3.787048092841017706e+02
-1.992196260850709564e+02
-5.349337791311370438e+00
4.288966417973247189e+02
-4.549240650975821154e+02
3.759334453134567866e+01
4.307152342753358454e+01
2.238857835982813071e+02
-9.553885986546565334e+01
5.253470710706962876e+01
4.689138397960343951e+01
-6.847657665047270825e+01
3.814885115800286144e+02
1.928045545256657363e+02
-1.666352290163460736e+02
1.095663983723636647e+02
8.429976440050326758e+00
6.042478399564853930e+01
9.188273292120726410e+01
1.509310886771211244e+02
-1.081356021790551836e+02
-1.683939130466546885e+02
4.297855888558393289e+00
2.946344108040458991e+02
-8.774775784292280889e+01
3.110120645197971356e+01
1.031829329306600158e+02
-5.694099908042326064e+01
2.334696580689619907e+02
2.347803665207405857e+02
1.006951468320186827e+01
1.679413733563266362e+02
9.281904228359183051e+00
1.530189224895560187e+02
6.149144855716261304e+01
3.218966423799064387e+02
1.903152999325519090e+02
3.638627521917518379e+02
-1.956367164700404828e+02
9.498168376242473698e+01
-2.149295278142708412e+02
1.452589748405027592e+02
2.827033031428733238e+02
-4.183480799831887964e+01
-4.513615741962698991e+01
-2.435237116585914663e+01
-5.567693563027432901e+01
3.557137348087096029e+01
-3.699412691795019015e+01
-8.633782067760709822e+01
2.259702550354525386e+02
-4.164996301414527125e+01
-9.760106655411689758e+01
-1.005756926921920211e+02
-1.653632200634306457e+02
3.268818511682963646e+01
1.121942631029497761e+02
-5.611249603571511813e+01
1.123059690552194780e+02
8.649349741744174480e+01
1.239981606707893746e+02
9.726135694733090986e+01
-1.187048313272873088e+02
-1.018465945786306008e+02
2.031443476679966693e+02
1.869037527046822049e+02
-6.346994084886844689e+01
6.140205518026759535e+01
-3.499981204714071481e+01
2.033010854670780816e+02
1.000471293736413827e+02
-1.832029737792598780e+02
-1.677336384000193448e+02
4.397177925031536461e+01
-2.214516832586567432e+02
-9.500690426213015627e+00
1.059247397914713105e+02
-3.033611769111703538e+01
-8.374349183579425926e+00
-8.302464933572866812e+01
6.541034181407080439e+01
-1.700406560677869905e+01
1.598128688057433600e+01
1.548866715772771840e+02
3.517541412351934582e+01
-1.097771030226719944e+02
-1.826880069222412146e+02
1.599913091769669222e+02
-3.519132617391756757e+00
-1.632660611468695606e+02
-1.052680499229314748e+01
-2.146770598684873619e+02
2.362238184772664908e+02
-1.945090822312934620e+02
3.443688825285603627e+01
8.767463581910574533e+01
-6.414093653356187019e+01
-1.567292110991211587e+02
5.078985559122334337e+01
-1.416394021516960606e+02
2.035072411877529408e+00
-3.863709903597026596e+01
1.818707758803066952e+02
1.306147813541774099e+02
3.472275198157660503e-01
3.223305341250975431e+01
-4.447199957971486839e+01
-9.682174759114143114e+01
-1.704836145644563032e+02
1.190626804122290423e+02
-1.549558433415762124e+02
2.485043065940043761e+00
-7.778841028544195524e+01
3.669867130970374802e+01
3.095694923634517082e+01
-2.896861089940350098e+01
-6.554226527088464138e+01
9.416329157352809887e+01
3.686021060086369516e+01
1.090075168301733726e+02
2.502310167730950141e+01
5.596471349946541807e+01
3.919490067603121020e+01
1.571932065709229498e+01
1.533188138802581477e+02
8.242211554092240533e+01
-5.340052838611507724e+01
7.311366697451533980e+01
2.064157262947374960e+01
3.987528856250480658e+01
5.672747397066994779e+01
1.756027756694897448e+02
-5.370559347794849714e+01
3.881705339595830395e+01
1.299810028795598260e-01
-1.275735986353022469e+02
1.215900707052341900e+01
-9.705333772423895766e+01
3.834002599313249959e+01
-1.157206046906946284e+02
-1.608081139626033007e+02
-1.726980297255177987e+01
4.271157665126175118e+01
2.760225528530543482e+00
9.282213590198797704e+01
6.352157088366315207e+01
6.190301046589458167e+01
-1.134615815045782625e+02
4.402947853357129304e+01
8.020003307899303824e-01
4.845590553718038507e+01
-1.874290456081322418e+02
1.465645570623093974e+01
-2.775865694104127357e+01
-3.614882414811457778e+01
1.468186080236195892e+02
-6.638657611400076064e+01
5.073853267325291938e+01
2.803962324012444896e+01
-4.531712112786787117e+01
-8.044272011587634097e+01
-7.498057515786561567e+01
8.395085454206187592e+01
3.174629565722925650e-01
-1.230681182716175215e+01
-1.348559403341433516e+01
4.448761781165839579e+01
5.965216654325379864e+01
-6.434346693345356982e+01
1.551604386502524946e+01
-6.363088713616929937e+01
9.253779082055275751e+01
-1.401868184713404162e+02
4.071035936476046402e+01
-1.411641874864152442e+02
-5.537330380440904065e+01
-2.546895504054569059e+01
-4.735672504387804338e+01
-1.820976564010272725e+01
4.383515786078663723e+01
1.164909500944238090e+02
-4.849950205342351239e+01
4.443867246229255841e+01
-2.399728976179032713e+01
-1.234498198563628257e+01
1.011992153538530630e+02
-5.968506691639129969e+01
-8.186638344263759848e+01
-4.080401787320615625e+01
-3.321068311650457616e+01
1.701751720217293595e+01
-1.817514355940567938e+01
-1.396117464490784998e+00
-6.649759426785176686e+01
1.557726248504850375e+01
1.879695728429230783e+01
5.947707079344710479e+01
1.056249175176179733e+02
-9.027335024687434384e+01
5.514420277487001698e+01
-5.871978467481007868e+01
-1.798829952867925241e-01
3.459234058684521784e+01
1.077027032743083907e+02
-2.234030175162903831e+01
6.433338591425805930e+01
6.062936680417120527e+01
2.133700739412910252e+01
1.179385306186284623e+02
-5.751938909635191521e+01
3.920517603107121118e+01
1.352709283532194888e+02
-2.861431743366628311e+01
8.063537245623028582e+01
-1.868774963093205699e+01
-1.846089260786227726e+01
-3.452605577242839274e+01
-1.586826553573381204e+01
1.334124220581222353e+01
-5.518373238868228015e+01
-4.197225721480364768e+00
-2.089606510438216702e+01
-2.997565650008974458e+01
-2.784486979955821795e+01
