-2.594312561293601448e+03
5.921543343853105398e+03
1.761341498555736962e+03
-3.115553091976879386e+03
-5.474654960995482043e+02
2.824360931287073072e+03
1.213213008881672067e+03
2.405985371319457954e+03
2.060895156575372198e+02
1.214249088988038920e+03
3.924206999865165244e+02
8.724222238033445365e+02
2.568496888627508383e+02
9.042451930296896307e+02
-8.393262092637812657e+02
4.337682702917804818e+02
-3.702567939621720257e+02
-1.168352929995307704e+03
-2.954011218963710803e+02
1.174496761129923470e+03
5.038070192447389672e+02
8.597868035986998621e+02
-1.074542358058698028e+03
-4.839636516415374672e+02
2.509773841235390535e+02
-5.518383723946577675e+02
-6.999602796707761172e+02
1.202364688363466485e+03
-1.650239117753251776e+03
1.570685469629820545e+02
1.799275623757285700e+02
-1.303343357356384558e+03
-4.509591777376967343e+02
1.225398542641969243e+03
-7.971362256258892387e+01
-2.481874727519144983e+02
1.662784938311854376e+03
-1.425930342767512684e+03
7.263505434392976667e+02
-9.201300592605539350e+02
-8.204130773899761380e+02
4.953486994990839207e+02
6.390592685696171884e+02
1.023175607487354341e+03
-4.998597010377699235e+02
-4.921265684396927895e+02
4.799140160483480031e+02
2.164396358535817342e+02
1.233286485895760734e+03
-6.656436357234817933e+02
-7.207053074384330102e+02
2.370367344735897461e+02
5.663979446174649865e+02
6.928567155811329030e+02
4.322667464890759561e+02
-5.367586433297149142e+02
4.720685231546195837e+02
7.085044161075304547e-01
3.302821579556558049e+02
-1.225937013465612182e+02
7.526782407932557817e+01
1.825873595931814179e+02
7.836241528848782991e+02
-5.868338765669997237e+00
1.000683985908414570e+03
8.654501742818312096e+02
6.571482714993335321e+02
-8.322157494301194447e+01
6.757417996853815794e+02
5.655578187758735567e+02
-3.346017771718589415e+02
5.061501929809352873e+02
2.471174495467131749e+02
1.222698965715794941e+02
-3.370591261656024926e+02
-2.897316705282503904e+02
-1.924566794717756864e+02
7.762045539522827085e+02
4.985100458527114711e+02
5.723884852925084488e+01
1.269616982149930635e+02
3.502487875665991623e+02
2.327835359119217458e+02
-6.119220248859594449e+02
-3.619372045076933091e+02
9.159041063254623793e+01
2.188208510261878530e+02
-4.722398099992195739e+02
-5.173487393558832537e+02
2.963503900841468521e+02
8.875574147677422587e+00
-4.933988897265846418e+01
2.306549372581272550e+01
-3.241138541494460696e+02
3.136489297806445506e+02
-1.384200933188599834e+02
-2.117274344284236065e+02
-8.431658746317621080e+02
-3.885066030291882271e+02
6.392519221205936475e+01
6.425754423945312510e+02
-1.882240569133244037e+02
9.718659217572313480e+01
-1.768923374641047985e+01
-3.091731532980835340e+01
-3.901900916732955125e+02
1.331899945603363165e+02
2.553924467266526790e+02
1.078018371044576362e+01
2.484256424412139808e+01
-4.864978803052099465e+02
-7.634883700560733644e+01
-3.206910915081987810e+02
3.372684722405461599e+01
-1.763459200029939495e+02
2.396949693733156295e+01
-6.932319346201288113e+01
-3.105440371518755001e+02
-5.181367570527646649e+01
4.994388763521510555e+02
-5.225371379620050050e+00
3.383169073962762923e+02
5.354981420234922780e+02
2.838890547149439385e+02
3.027354570703230934e+02
1.440604570180354358e+02
-2.459352250079398630e+02
5.026573900592547943e+02
5.127624048216848678e+02
1.315219905004201735e+02
-1.900966114546873200e+02
1.149910151682983496e+03
-2.706172001376382923e+02
-3.906477973981535712e+01
1.860940951949034172e+02
3.625816799134200323e+02
-1.401965757290321335e+02
4.130350814818859106e+01
2.056776755533313690e+02
-2.074354717336831655e+01
3.495161504621028712e+02
-3.093036425191044145e+02
4.791019635067287936e+02
2.469258408428827067e+02
2.583737064934585987e+02
9.049752230243684892e+01
-1.508656289687530148e+02
3.636753718574269811e+01
4.651262474135724574e+02
5.328616484510706641e+01
1.667121597528183941e+02
8.098093371796354134e+00
3.646904987027911602e+02
3.061184629133510384e+02
-1.491400718308335911e+02
-2.745037602435702979e+02
1.877383318308527578e+02
2.299661998108038858e+02
4.831916153838767158e+00
-5.276825769914893272e+02
4.768339497770073194e+02
6.499319616218507178e+01
3.573664619719007760e+02
-2.705597172086696673e+02
-1.554854027374582586e+02
5.187742616549004282e+01
1.042750803380977374e+02
1.210119808288169168e+02
2.089570549538272530e+02
4.215701989976825530e+02
1.419405790606854794e+02
-4.061494408377331524e+02
-4.721999109804190766e+02
-2.617206385155434987e+02
2.396430258218452423e+02
4.478768050269061405e+02
8.283151827913876275e+01
2.064385558619515280e+02
1.244162433177801574e+02
-8.834873752264331870e+01
-6.335943113064261922e+01
-1.229936568900120903e+02
2.729008091379922618e+01
1.426964432599811801e+02
1.695471898620286026e+02
-3.538618928095705201e+02
1.968329147007286792e+02
-1.175526879429840790e+02
-3.093283672937164965e+02
2.629682095688010008e+02
2.115135836026250047e+02
1.883838204929085691e+02
-1.014516901935875808e+02
-2.326405828969801632e+02
3.045601825842442878e+01
-2.573468703693870907e+02
-4.412447712051935014e+02
9.943971441577636483e+01
2.003506458407602864e+01
1.567811494639054217e+02
-1.930074197139737748e+02
-6.196832645610987100e+01
4.573580955594150055e+02
4.581820167918737496e+01
-4.609056816647494514e+01
-5.137194076696019351e+01
-1.195066742293069808e+02
4.851892444286403361e+01
-1.234736988354389382e+02
1.618995069991865137e+02
-3.469765628542653531e+02
2.611775692809968632e+02
-1.726894249295920361e+02
5.034272042278769455e+00
-1.778408085166161641e+02
9.720364729135825144e+01
1.392142663608222719e+01
5.804237088168603975e+01
-3.750706393639803764e+02
2.667269671761281984e+02
-5.795135454963321990e+02
1.638341722298142145e+02
-3.876345164630100726e+02
-2.882284069744641215e+02
1.928163185464336138e+01
-4.793565434911052989e+02
-5.646023622745037756e+02
-6.138632578357356806e+01
-1.133424317183306158e+02
-6.049724923206161975e+01
-1.776617494918981208e+02
3.097831331388748666e+00
-2.489144144468728825e+02
-2.674672783555633373e+02
-6.638662845538232204e+01
1.077986438906707605e+02
-2.839608584115433132e+02
-2.404881607587678616e+01
1.267560624767457966e+01
1.283999918531168021e+02
8.184901339762519967e+01
-5.949307166081090514e+01
-2.538452026994281425e+02
-5.901987227465818933e+02
-3.432339073428728682e+01
1.404323052142868562e+02
-2.492086996185892929e+02
-1.662124411604818874e+02
-2.985396174140674930e+02
-3.227633601619198345e+01
4.715198771357153191e+02
3.211823869791688821e+02
5.084312050688927798e+02
-1.736607981836625925e+02
2.056216266585178118e+02
2.215209384187013200e+02
-2.939912811089460476e+01
-5.365099059033339302e+01
-3.926165352094566288e+02
2.755452576458019820e+01
7.792268721797778142e+01
1.044083057440041387e+02
-1.932136460035901848e+02
2.497048830485196618e+02
-7.751235742170963761e+01
1.466239474010836261e+02
2.087071802310016153e+02
3.326553493975088713e+02
-2.482120907641840901e+01
1.148700969586821152e+01
-1.451248924664791957e+02
-1.974907787547740767e+01
2.537012330766305723e+01
-3.653036085620533413e+02
4.541037120905113511e+01
-5.384933768272565757e+00
4.424633331319565599e+01
2.659573239098579620e+02
-2.600672426359970473e+02
-1.804331216890303580e+01
-3.758845114366008602e+02
2.237811469505863329e+02
-1.069042667264219837e+01
1.498247542542090969e+02
-2.993282434371614187e+01
5.158415545440949757e+01
2.042536744641058135e+02
4.972143280329201787e+01
-3.216937330293979471e+02
9.448174763986344260e+01
-1.863600009875085277e+02
1.319301648183013072e+02
3.370695159829799081e+01
-9.299020299782345944e+01
1.761607230721299118e+02
6.781163620222609723e+01
-1.864107750063297146e+02
4.837531358465286502e+01
-1.547680810109541483e+02
1.300763032280323159e+02
