-6.327957174769636367e+03
-1.016731285166663270e+03
3.045103614406741599e+02
-1.645103961615698722e+02
1.072716272185356047e+03
-1.270544188965174726e+03
2.897653549671030305e+03
1.076462509918546175e+03
1.801574054166977476e+03
-3.372692310918357066e+02
9.385816302856228788e+01
2.537022181024824022e+03
1.287676631050924016e+03
1.603419677765415599e+03
1.012598589319372536e+03
-4.355354746914143789e+02
-5.840427548135849065e+02
1.222709300659277005e+03
3.861888160381407147e+02
6.893406155642962858e+02
-7.437620486605828773e+02
-2.072798035078369594e+03
8.883798994531664448e+02
-1.188643605303172762e+03
8.388091323759314264e+02
-3.275163763761478322e+02
-4.241831177841335716e+02
8.418185492078017660e+02
-2.943304574652995029e+02
-4.733509069256477346e+02
-5.216263650083692482e+02
-6.703719922905638384e+01
7.132691857271508979e+02
1.204968735831170761e+03
-3.882898488852698051e+02
-7.164822652241842889e+02
7.090570684591425561e+02
3.214745059378026326e+02
8.655187226169889527e+02
1.279151919902408054e+03
2.996026432156340888e+02
1.056351430386544507e+03
-3.179538863370643753e+02
-7.651653428902201881e+01
-3.214068544166512424e+02
-2.191102234490205376e+02
-5.782781819607938587e+02
-2.465554231077032341e+02
-1.229431467369027587e+03
-1.127661226137158934e+02
-3.642159848755740086e+02
-6.339234660399833956e+02
-2.744694552115726083e+02
2.910440248705159050e+00
1.109673348210164221e+02
2.520472561380977794e+01
-3.091960598965061422e+02
4.066267398384810008e+02
-2.163650243891794105e+02
1.995133437170336776e+02
1.752590452168160766e+02
2.605974154807442034e+01
7.655860125458175389e+02
-2.779481354178566335e+02
1.334361990662711435e+02
5.159065778432770912e+02
9.434165236434080271e+02
6.238449166621060158e+02
2.340390397275905343e+02
-6.118669382985488028e+02
1.735581439748211210e+02
5.771955870448342694e+02
-2.526721810167069862e+02
3.605778724270808198e+02
-1.250523590657439001e+02
7.816435891858595824e+02
-6.373507043819549835e+02
4.831979984555311489e+02
3.879079419106741398e+02
-4.358098344432759177e+02
3.129222254391844444e+02
5.147549276992937166e+02
1.353145020371702500e+01
-8.090758080527432412e+02
9.830525650403997417e+01
-8.215347496057783871e+01
-1.685463369143261900e+02
1.154297394192184782e+02
3.321793110114608680e+02
-7.042790967596761220e+01
-1.602416150980619989e+02
2.155589481147885635e+02
-1.540530680789727853e+02
4.529804866216732080e+02
1.592230146917544005e+02
-1.311706363148101957e+02
1.165373594682051959e+02
-2.696874452653570984e+02
-2.680116228144158868e+02
-1.352210215514631564e+01
-2.210066584652977042e+02
3.430146370627169858e+02
3.394778432901871952e+02
3.014693280051159263e+02
-1.544128041067866377e+02
-4.654285348676738465e+01
1.521581539724063248e+02
-3.816484536223913437e+02
3.643057376491869945e+02
-2.491122109567918415e+02
1.416974312956598965e+02
-1.841646976627996253e+02
1.827223602587670825e+01
7.754398982145562513e+01
-8.767721353243507565e+01
-1.021589895658522664e+02
-4.168501619653229682e+02
1.154462732983855346e+02
-2.767400070240100263e+02
2.277067422950656805e+02
1.711075290500604922e+02
-7.196666758193410374e+01
1.129252500161204154e+02
-6.034349740691917532e+02
1.866854551446668893e+02
3.558963005903990506e+02
-3.941860481883318243e+02
5.289816612314200484e+02
1.033728329852383254e+01
2.017078276250081004e+01
2.991001379885296529e+01
-2.598750780719950058e+02
-6.843452979111488332e+01
-2.086715158894266153e+02
5.282122933204152559e+02
6.651187047406321540e+01
3.316289883723027287e+01
-4.054035068215655997e+02
-2.959445239928547622e+01
4.917912944904347938e+01
1.065882657083382838e+02
2.879727840512053376e+02
-5.852557740201093850e+01
-7.434365116216920910e+01
3.944797548154750757e+02
-1.586056408168946916e+02
-5.509581650866280143e+02
-1.691262426732606059e+02
1.952163563983326640e+02
-2.860757415187510446e+02
4.369863252309664858e+02
-1.804174246714869696e+02
8.294038386662003859e+01
7.523600621873806915e+01
-1.358111836494578313e+02
-3.091251293253999677e+01
-1.588865005489465716e+02
2.133463576557282124e+02
-1.502482080008381082e+01
-2.026911159297318079e+02
2.001242013732223199e+02
2.225786714924360012e+02
8.455966455644170310e+01
-1.577476595931796339e+02
-1.061613126999406660e+02
-1.155475499129424009e+02
1.097038642214294555e+02
1.495152062174507535e+02
2.489609124223590086e+01
3.287798540490385335e+01
9.976981655606538268e+00
-1.472014061366452893e+02
-3.924459420365707274e+01
-1.135530279718024076e+02
-1.143223174791724617e+01
6.410968348187738286e+01
1.720903323332684920e+02
4.372431012082522557e+02
-7.244133648731653352e+01
3.659170041483282887e+01
4.146925122979039884e+02
-8.728680371195842724e+01
2.667189431691208483e+02
1.479632509777001559e+01
2.182200685868542962e+02
-2.900591844101004213e+01
4.861489129704274603e+01
-8.381395568643550575e+01
-9.025740179850708955e+01
8.826330661956872348e+01
9.103606413058409785e+00
1.347471962777627255e+02
-2.691440861962433573e+01
-8.633507331594726963e+01
4.031882107575601282e+00
1.171405816696114641e+02
-6.452711670797162924e+01
-1.461703041889566350e+02
-1.597992983410352394e+02
-2.694372179353284125e+01
2.912598270933339339e+00
7.046855117426234472e+01
2.221497009596641590e+02
4.507958939651737040e+01
-7.925394459123525337e+01
7.754466118257334983e+01
1.281562296538290582e+02
1.543931395515797611e+01
-5.537337023665222802e+01
1.935885536396571993e+01
-3.716510907098273009e+01
-2.363999708356550400e+01
-3.037173060515498690e+01
-1.839484433496268423e+01
3.227443146073625257e+01
1.627493420839983429e+01
-1.447355541177763882e+02
2.543676141087406677e+02
2.928671442835209504e+01
8.898810935556069523e+01
-6.209578278899474668e+01
4.690900492341655337e+01
-7.907016341201983778e+01
-9.223133540315795642e+01
-1.468820611469218917e+01
-3.129782603255824824e+02
3.523331707507792032e+01
-2.103023729503980377e+01
-2.182032614127525392e+02
-1.605264212406566742e+02
1.334967067964863077e+02
2.081529374113361541e+01
-1.248762397556510848e+02
7.881579513077033994e+01
-3.656756593064808669e+01
5.887977545108445554e+01
-6.556709810471572553e+01
-9.493917188517029615e+01
-1.536822768348083343e+02
8.997826464837553218e+00
6.080185860177174817e+01
-1.046322753737269409e+02
5.577334975498172298e+01
-6.575761004556073885e+01
-6.523661480259217171e+01
3.446526111887632027e+01
1.163592685213157409e+02
6.412871037346995706e+01
-1.484672420594447040e+00
8.416227723220345069e+01
8.138465348420248802e+01
-5.913287903730414286e+01
1.113902469351596665e+02
-5.921770885089980396e+01
-5.501079119438720255e+01
-2.822205809153772904e+01
-5.949186503157768158e+01
-3.366966499063474316e+01
-1.015444518637846905e+01
-1.554995558020660340e+01
-3.066434265918093871e+01
3.000065225834631200e+00
-1.255478532955664264e+02
1.001648255458308796e+02
-1.160889377898244561e+02
6.403499133479913041e+01
2.414594737235769060e+02
5.563955483978084970e+01
3.707685075752730874e+00
-7.393112793949967454e+01
-1.930327856356228011e+01
-1.337727836823118253e+02
-8.276320628151214009e+01
1.781100969939070922e+02
2.548935593114739362e+01
-4.171778645324247492e+01
1.361968752834584961e+02
7.423182083577493984e+01
-8.777867650554068035e+00
2.299945301983245542e+02
-6.890478647593103290e+01
3.512063057503271324e+01
-6.501698423606410593e+00
3.813856738842852678e+01
-6.147668349904134288e+01
-1.498433667297473448e+02
8.871483475356066606e+01
-5.198686103483732524e+01
-3.773243159397020463e+01
7.046060649615209392e+00
2.261227689905681970e+01
5.336299416015012120e+00
7.477902584723474888e+01
-1.256095369692933339e+01
6.570713818451366706e+00
1.468320067811885110e+02
-1.197698442564177128e+02
1.184745444717045899e+02
-1.129544757588326576e+02
2.857818184580387921e+01
