-3.167656267390996618e+03
-6.412010679381889531e+03
1.701527854816854642e+03
-4.905471279290543862e+03
-1.254820264564577883e+03
1.080408640601198385e+03
-1.156610972868847966e+03
-2.706373691884406981e+03
-2.223097632525390509e+03
3.381396782419793908e+03
4.391912139008201734e+02
3.037753033284118374e+03
-9.602342482503252086e+02
-2.417939465335742170e+03
-2.206658100386421211e+02
6.272868064182533772e+02
1.772581673998981842e+03
-4.022683215042639517e+02
3.455615418891051718e+02
-1.816565313486106788e+03
-1.203562543811595106e+03
1.821558460208910617e+02
9.415850798886688153e+02
-8.736250470270052801e+02
-2.071606584362980811e+03
-1.272696327031274279e+02
-1.507312294179126297e+02
-2.169104752721005127e+02
-6.141849520674958285e+02
-7.426973123916482109e+02
1.045743211275801059e+03
-1.817344005559350535e+03
-1.151853080346284059e+03
-3.031578468194680340e+02
6.805680290251564202e+02
-5.702727017875989759e+02
-4.530133378294596014e+02
-1.620684513142726018e+03
9.606735604320839457e+02
-1.026236600233391073e+03
4.139892978727828563e+02
-8.443458563099221692e+02
-1.285752263307574594e+02
-2.571126052270454352e+02
5.324725778754293515e+02
-5.625849901349575077e+01
1.008099206104876544e+03
-5.803454518766357069e+02
8.298064926972023159e+02
2.677886943412603955e+02
-1.509661577313981070e+03
1.204195685148082703e+03
5.684123655377113664e+02
6.129103020791603740e+02
5.587089152279721702e+02
-4.447225854022868816e+02
-2.343398111215567042e+03
1.036156018778338193e+03
-9.124036760800175898e+02
8.196478019715964365e+02
3.299793688647051226e+02
-8.851263785003176565e+01
-3.514694592596146663e+02
-3.180175684284632780e+02
1.857361305407039538e+02
8.079778544682448000e+02
-1.668971260107770149e+02
-2.043524163612098050e+02
-1.388119689443486209e+02
7.924195246386477720e+01
-2.548713534309055717e+02
-4.331512260304406681e+01
5.881369393307402333e+02
4.158431342163454474e+02
2.685196484770561938e+02
-6.347930811123264903e+02
2.309730602655725136e+02
-1.895438194234237699e+02
3.239209953343881807e+02
-1.155519276620704687e+02
-1.125299186373183375e+03
1.019072863042113795e+03
2.134634536509093152e+02
-8.215337437146538946e+01
-1.666829778488593092e+02
-4.793751649151431025e+02
1.872956194396208787e+02
-2.285107020195808332e+02
-5.333601772576617606e+01
-3.001923900495248176e+02
5.524423871378610074e-02
2.177013368274554637e+02
-3.984168077796240937e+02
-2.088700861668314133e+02
-4.811140511514971649e+02
-1.619552372396379383e+02
1.976084207742721048e+02
4.676934586227910700e+02
-3.784632704112683541e+02
-5.761362047636900741e+01
-3.067276970280802288e+02
7.112359953816579150e+01
2.434595395169659753e+02
-4.291218711116879803e+01
-3.666529509630012740e+02
7.177123419520354730e+01
-2.380750919175708873e+02
7.201072370927663542e+02
4.934759708101084925e+02
-4.294553232740683235e+00
-2.893989171718813509e+02
-3.606004971468598228e+02
4.549096843450505503e+02
-3.801775500209156462e+02
1.668970454412142033e+02
1.302540629383314013e+02
-3.909201012922392238e+02
-3.022163295162631016e+02
1.847721358453563312e+02
2.230337068476019269e+01
-8.360095706546402994e+01
-1.048149450796897639e+02
1.848435278779597297e+02
-1.708643865804037318e+02
7.947149077442122689e+01
1.674175048026544630e+02
8.444084619088248189e+01
-4.737271304505131297e+01
-1.996672565270471011e+02
1.355060441592334257e+02
-1.237294962995879217e+02
4.905712937337104336e+02
-2.329948416686618202e+02
6.788659556874454211e+02
3.516992835670531292e+01
8.893105242564345758e+01
1.067089335941044084e+02
-2.941896962829414974e+02
1.421000928324022823e+02
-2.922475616261803211e+01
4.223477401600668486e+02
9.774932289715950162e+01
5.460181645108247039e+01
3.499533149910933503e+02
-7.377320097594723336e+01
-5.605210669242200083e+01
3.366374807619519771e+01
1.160127039634446220e+02
9.280545066146250122e+01
8.705759802020453719e+01
4.975653026251083588e+01
3.833335391141088166e+01
2.397511725845241699e+02
-2.595081537050936049e+02
2.100856084224762981e+02
-1.323416321726535330e+02
1.615149320647188915e+02
1.693589294129523921e+02
2.897305931365394827e+01
-3.474848974594107744e+02
-5.118715459608317531e+01
3.499057227192132586e+02
9.781520535973423591e+01
-1.542019268317407352e+02
-7.100205732118804747e+01
-6.546252353181498052e+01
1.269302166978311277e+02
6.247656034622240639e+01
5.602937480798330228e+01
4.722155767771100443e+01
-3.367907437099503341e+02
3.864366339412711238e+00
4.975773639927069780e+01
-4.590494298869144529e+01
-9.405659701491761382e+01
2.319541373339519623e+02
1.477917385095294378e+02
2.474750788061636229e+02
-3.335947520364692664e+00
1.324532634223986349e+02
4.217031070969823645e+02
-1.671034024904341209e+01
2.727916133689342360e+02
5.888759813727804726e+01
2.955951018653090614e+02
7.905241716232653459e+01
-1.325069851357346238e+02
7.462331579020616346e+01
-1.489588037920502188e+02
2.305013076307578217e+02
2.459795758537798704e+01
-9.854358660193702235e+01
-1.793838262335438856e+02
-2.988867901707057939e+01
7.010757972973206620e+01
1.188773570116065059e+02
-1.606405615141113401e+02
-1.617608639785890432e+02
-2.213104666195308710e+02
-8.929606233925722947e+00
7.307860595509770008e+01
-1.272565502859266218e+01
3.890514620560277308e+02
6.161228752570249867e+01
2.830134992020375080e+02
2.531573296344120934e+02
-1.946628026372035549e+02
1.372052205872675756e+01
9.652700479813547929e+01
6.649048171905454296e+01
1.593623922776638153e+02
1.921092736407195787e+02
-4.340908421847926490e+01
-1.757915265900026611e+02
-1.422063480544344145e+02
-3.858330326718420622e+01
-9.476935146413832456e+01
1.770400023121575543e+02
-9.268772861857942758e+01
9.309844471719588910e+01
-2.086207929035000461e+02
1.995096204270855651e+02
-1.459115844650664258e+02
-3.925866720146065347e+01
-3.594626000311365033e+01
-2.592643915094225804e+02
1.645391852768169656e+02
7.447063234347107041e+00
-2.900214326200435977e+01
-9.620972640830572686e+01
-1.666841565694086853e+02
1.532974630740147575e+02
-1.628592671444075961e+02
4.017393260317605552e+01
1.096878807685460515e+02
8.879025189454743838e+01
-2.538562859529078253e+02
2.314676940442683417e+02
-3.058940993391214036e+01
-1.511605325946494816e+02
-8.909642749487106528e+01
4.915428107991413498e+01
-1.230085381866933574e+02
-1.066783572841501808e+02
-2.585543260046289049e+01
-4.554872137844227353e+01
-9.500329008337780579e+01
-1.514190527420072669e+02
-1.614823443972872852e+01
-1.429582795138288418e+02
2.677117530668261338e+02
1.484811918315027981e+02
-1.167511907952255434e+01
2.203624148433117114e+01
7.489916664441436112e-01
1.039993094572488133e+02
-1.705716201712246800e+02
-6.613085201122903811e+01
-5.285929078157973038e+01
1.860623067082506736e+02
-8.764292193976993417e+01
-5.868248591693313188e+01
-2.822964048066479492e+01
1.256500826624023119e+02
3.137313686070691077e+01
-6.720850045827404529e+01
6.850256082828204285e+01
-2.892060925892890211e+01
6.437459452183669839e+01
8.421198236977163631e+00
1.870521183342286804e+02
-1.637515788637853973e+02
3.056827082755740221e+01
1.243971911003215496e+02
-3.225770880524105877e+01
-2.962415273788895931e+01
4.537910660351363390e+01
1.315906317170738760e+02
1.149317135754347277e+02
9.981494576916929873e+01
9.378669115728969885e+00
1.303728168486232164e+02
5.977598279054208064e+01
-3.648725624669660306e+01
7.127327554646467433e+01
-4.608537656402336324e+01
8.852728831129557108e+00
1.888230158978412305e+02
4.859807971186511111e+01
7.528044415305217285e+01
-4.792761362112874224e+01
3.248273855103140040e+00
-1.081578758492237284e+02
-1.130407281841029885e+02
-4.981935936480563498e+01
1.633377485989506397e+02
-1.100410677142937210e+01
-5.364852743111395483e+01
-1.055030292310527074e+02
2.340214483553356501e+02
