-6.361763912614891524e+03
-2.933586387550113614e+03
-1.572869455286452876e+03
-2.902993917074695673e+03
-1.269586353839228423e+03
-1.701921478387934712e+03
2.577072903716534256e+03
-1.997044407948935486e+03
-1.632917995859178518e+03
8.630314703388866064e+02
-8.490022396674265792e+02
2.929200458143840478e+03
2.431874377643725438e+03
-4.805389728883470184e+02
4.194622026124377498e+02
-3.099031547304059018e+02
-8.286832810391347266e+02
4.195119709829593830e+02
7.680452445085469435e+02
9.410236878586617877e+02
8.234176221175376895e+02
-2.532932543628883195e+03
-8.564318054107825446e+02
-1.272365359917912429e+03
-1.497176178476483756e+03
-1.122290383426000631e+02
-2.300090304909563201e+02
5.367579240592259566e+02
-5.979645753520544531e+02
-4.435211250138886498e+02
-7.057225613010369898e+02
-1.093608965644740238e+03
-1.047568047347926040e+03
2.251004692548020358e+01
-7.946203568238383923e+02
-6.949128019642780600e+02
-5.029169954004752867e+02
2.788203554324382480e+02
1.079867688310850326e+03
-5.731098506315354371e+02
-1.403630157588127929e+02
6.906493753543652474e+02
-1.060970119776810492e+02
1.028835720892386462e+03
6.599102332576110257e+02
-1.013910010009404203e+02
4.756786361134903700e+02
-1.416706959564219915e+03
-7.496871682469590041e+02
-1.455041737376691799e+03
-4.746296388324012696e+02
2.181496352122024973e+02
7.676357315528276786e+02
7.844841706127843963e+02
-2.690539507872822966e+01
-8.424160576700992351e+02
-1.522384507712233926e+03
-4.215291040651601406e+02
-2.151800453862958875e+02
5.735078788883595280e+02
-5.458572136496364919e+02
-5.951970786064908907e+02
4.129322169487324459e+02
2.606816414434416629e+02
5.076828593987248155e+02
-6.969533278229805262e+01
2.420476633356994967e+02
5.948909846223714339e+02
1.851096223656953157e+02
-2.869281942238656598e+02
-6.787010752877040431e+02
-1.056273593592131448e+02
2.469020703160207120e+02
-5.307988068179023458e+02
9.901389931485422835e+01
1.161455174980224001e+03
3.065126009418676176e+02
-3.767072759220121156e+02
-1.615490651098529611e+02
2.067973856699753696e+02
6.457005711192372246e+02
5.580179126389866440e+01
6.014864563270811004e+02
-3.416583469799441559e+02
-4.844981001703654897e+02
2.223901651761981668e+02
7.343901484281630019e+02
4.495738060724147545e+01
9.080482867535252467e+01
-1.002422149243606100e+02
4.531905446837282057e+02
5.871572959417610491e+02
9.414551816976404552e+01
-5.276708530664880072e+02
-2.615192691433543928e+02
-1.433099578433335921e+02
3.246970379738241945e+02
4.051311210740000206e+02
-2.216085852394186020e+02
-1.112247039614156989e+02
-2.546792691308755252e+02
4.117479393110397012e+01
5.635925948126359799e+02
6.344725475984588456e+02
2.076075143907796132e+02
-5.181005882369649953e+02
-6.410865343424263756e+02
-1.961375028258918860e+02
2.889891150072681967e+02
-1.889776575302730350e+02
3.338159864191663360e+02
-3.431732721651720226e+02
-3.725166838438389760e+01
-1.628789102255729233e+02
-2.161180559817372853e+02
-3.692822076194192391e+02
-2.877423032927092663e+02
4.930147546640264267e+01
-5.022060004232763504e+02
-8.411186609515769419e+01
3.166344352296482043e+02
3.814608266630694402e+02
1.287712785640490765e+01
-4.845800556146717213e+02
2.103928149258826181e+02
4.687832518497733076e+02
-1.623558601593446440e+02
-1.056340271252300482e+02
1.351510764229567201e+02
3.393081693583343394e+01
-1.567053481176956211e+02
-5.706450573691488870e+01
2.089766933110691980e+02
-2.962557030946455257e+02
1.658399997564710304e+02
-3.604738884227639346e+02
-3.851707568558222192e+02
-2.852684502535200863e+02
2.298965920995191539e+02
3.229999283887498223e+02
1.826986958339861928e+02
5.319018209849966894e+01
-2.289681803026694524e+02
4.856963144066170344e+02
3.487866134946947909e+02
7.695224916709051399e+01
-8.277317947943718082e+02
3.905005287739951569e+01
2.308174580721698987e+01
-9.610813593548974154e+01
2.657832317439277858e+02
-3.380781373817073359e+02
2.330700179074122218e+02
-2.605070565041157238e+02
-7.385859126398337082e+01
-4.438991469306121189e+02
-9.223120855596681622e+01
1.819450522475578680e+02
4.732297004026657206e+00
-2.383096674611267645e+02
2.363038419315166436e+02
2.037709585849567304e+02
1.692914394211122442e+02
6.383131758431630232e+01
9.360477812115280472e+01
-1.147616286563768710e+02
2.206929020106613564e+02
2.143845957027117777e+02
-1.388589594519184800e+02
1.128354415316332648e+02
9.657501687724608530e+01
-3.852782525971414316e+02
-4.216769541878250038e+02
-1.131711109029856317e+02
1.215263364318229122e+02
-2.920340486422501840e+02
3.173255035260413024e+02
1.870872387866721738e+02
-3.472078182055751654e+02
3.317667859013447469e+02
1.040869328393343380e+02
-1.347364722160558017e+02
2.506669872845367877e+02
-1.466512761760516526e+02
2.674890155354991066e+02
-4.945286101955662161e+01
-1.687316306333119655e+02
-2.505667294412695298e+02
4.157201304778313755e+01
2.526103879436469057e+01
2.840411858749470397e+01
7.604667233944926608e+00
-1.079008056295435409e+02
6.449626023164195487e+01
5.219986019444936431e+01
2.568124422792366204e+02
9.606731159345525839e+01
1.124870395191620354e+01
-4.305284753339281423e+01
-2.528854296600977936e+00
1.480775123023430773e+01
1.273233195465797962e+02
2.302705766809758927e+02
-4.628644557145342020e+01
1.583287120191470194e+02
2.429511844835482748e+02
2.532108175028285757e+02
1.318934320730974150e+02
-3.429175307412887150e+02
6.004450506012578614e+01
-2.058337613784149482e+02
-1.806587348726552733e+01
-1.105561117207936377e+02
-5.092062176636974691e+00
1.101040253321472164e+02
-1.071289314978221370e+02
9.141773413684127547e+01
2.577821161944545452e+02
3.200512814464569260e+02
-1.237090783363595570e+01
-1.648674696675729479e+02
1.198016603567148337e+02
9.867694794150683890e+01
-1.910648111132736346e+02
6.304196510847418722e+00
-1.546409838429934211e+02
-1.525732123476749358e+01
-6.586061881898994841e+01
1.716735399151709629e+01
-9.808365072501848658e+01
-1.052650431323379649e+02
6.356749320684145488e+01
-4.661480368074676761e+01
-2.836132632897844701e+02
4.838524164547600037e+01
7.317196361807869209e+01
2.808264535628516967e+01
-1.658079445474173781e+02
-2.157444476326447784e+02
6.647831291189453395e+01
1.730398735152724043e+01
2.211805206434453623e+02
-1.790279654912098408e+02
-3.544424107968994520e+01
8.492265284767555045e+01
4.618273064775723213e+01
1.116655348118065803e+02
1.937528297721179626e+02
1.487494459150278381e+01
9.769651155228575590e+01
5.237530162318265781e+01
1.205920627293731684e+02
1.991063501037014305e+02
-2.134707879213993920e+02
3.539132862373988928e+02
-1.377665554396815253e+02
-1.428773389197363315e+02
4.634767361459400092e+01
-1.252057241909485015e+02
-4.513410409625419817e+01
9.353757855122850629e+01
1.780752723627632292e+02
5.860391466250652215e+00
5.546578715566554507e+01
-9.543944217578996358e+01
-8.434072173032797082e+01
2.854943634005862805e+02
1.238296165364956813e+01
-7.044346262200075159e+01
-1.551046368910599540e+02
1.042661820016121368e+02
-8.550203071609368521e+01
-7.739532537919015454e+01
5.842458181482387403e+01
-1.064631061976240467e+01
-1.356217044408807340e+02
2.745584098133165796e+01
3.298617401155053130e+02
-2.371436860672159810e+02
-1.744161457867529563e+01
-1.034896311123044228e+02
3.760728064532719941e+02
4.800395740037185277e+01
-1.265272571859937401e+01
-4.277164344106255101e+01
-3.568023000837416134e+02
9.369190558949981096e+01
-8.601097961295127448e+01
-1.745611628289818285e+01
-7.152255583231403868e+00
-1.464711099037559165e+02
1.811328240997344352e+01
-3.417582533369381537e+01
-5.379230888024606827e+01
2.902791063305719632e+01
1.760150751178825033e+02
-1.328516030132206822e+02
2.276905977636355658e+02
-1.322286950423812186e+02
4.856248968117201059e+01
