-6.747536737767161867e+03
5.831604839146847041e+01
1.753574711424208544e+03
3.150837399844743913e+01
1.057302168596619595e+03
-1.900116639050239883e+03
-2.482475481693676613e+02
2.704548102894028943e+03
-1.554592734108462764e+03
-7.292227513551292759e+02
8.082358756579441206e+01
-4.128010581577236167e+02
9.644675485886151591e+02
2.034649955038071596e+02
3.318051539087590299e+03
-1.711398260160291329e+03
-2.560065002510770569e+02
-3.910497961437406502e+02
-5.896033744753000292e+02
-1.500101024898540572e+03
-8.730919483066277280e+02
-4.935981637810550637e+02
-8.063461769211479577e+02
5.362509666894674183e+02
5.313560549549388270e+02
2.004791547276994379e+02
1.156866712626580238e+03
-1.686472802634831396e+03
2.938261709388968157e+01
1.948133146257727617e+02
5.556999835071170537e+02
-5.214805264048993649e+02
-1.761654585279797402e+03
2.879989943414418576e+02
-1.750333631492518407e+02
-7.472189793105314948e+02
4.846814291210845340e+02
1.066733172737409632e+03
4.286416037408815214e+02
1.144633466376922343e+03
1.449217608892353837e+03
-1.577052514987697691e+02
7.318506911248721281e+02
3.783753798708705745e+02
-3.435855877480209415e+02
3.572898595308284371e+02
-1.962277237129030254e+03
5.057955924857078003e+02
4.133059929212278689e+02
-1.089101049351240590e+03
5.545755481892702221e+01
2.777615959574338262e+02
-5.781750361222550509e+02
-7.134644756654882940e+02
2.700814582643876633e+02
2.679917871308376220e+00
3.518137825717331566e+02
-6.463640993747454786e+02
2.444559074839770858e+02
-3.734026666591179833e+02
5.767925928544035941e+01
-6.586868820534297129e+02
-7.481460718713979077e+02
3.388110538017083968e+02
-9.613312713339348647e+01
-5.325787948222317709e+02
1.249982966219559586e+02
-2.509532162502936217e+02
-4.611302871322565977e+01
4.577072597456891003e+02
2.687479754434264123e+02
6.328383467866492538e+02
-2.345855608661374845e+02
4.014335541065356097e+02
1.020063825194632955e+03
-7.198265281319798987e+02
1.743078858760952414e+02
-4.963168480497433279e+02
-2.884998272577684588e+02
-1.126074154661366151e+02
-5.649276332447012692e+02
-6.809022988078064600e+02
2.216810855086491756e+02
-2.044079059010066715e+02
2.541435001968389429e+02
1.023945329152557449e+01
-2.238480259357500390e+00
-1.751853844314527748e+02
1.240636750771570632e+03
8.447337700965291560e+02
-2.250210761620591029e+02
-6.557207426008932316e+01
-6.671904778743738689e+02
-3.235898409006481415e+02
6.363528339711583826e+00
-5.561729399043681497e+02
-1.105874246895248945e+02
-6.499631645255121839e+02
1.483632806125609136e+02
-4.368768238130416535e+02
4.217558302075476462e+01
1.153136001814827694e+02
-5.389592665818586283e+02
2.707939128440210652e+02
2.590353998255412762e+02
2.474380898365597261e+02
1.501862140976497244e+02
6.767891980028194610e+01
-6.856169599632650034e+02
-2.042538272686378491e+02
-1.631336473003329388e+02
8.817615360235824085e+01
2.973443695468462806e+02
2.118638005863194849e+02
2.451027093107944665e+01
1.356584275334094813e-01
5.620929242497041969e+02
2.235552110333908331e+02
-9.553947845396885441e+01
-1.876496674265121385e+02
2.383810025191526165e+02
2.699513528328131429e+02
-1.842259812313104987e+02
5.312213919075304602e+00
8.282069081265005650e+01
-1.080176895696071995e+02
4.807400554976614160e+01
3.211954022433500882e+02
3.631462798991965890e+00
5.738400640151253356e+02
5.742173590053957923e+02
-6.975768523404912003e+02
-2.485428052468632245e+02
5.229754720414196534e+00
1.917673044779218117e+02
1.177286378924868728e+02
-1.562022448000422514e+02
-9.323345313583635274e+00
9.316953361624156571e+01
2.601539697228543560e+02
4.465147599457841920e+02
2.493183078101084220e+02
-3.836529941851588319e+02
2.263618535117508088e+02
-3.537063799206792964e+02
-3.736614522393909965e+01
2.914358554215891672e+02
-3.468459961542750420e+02
-9.803934397104395737e-01
2.401284534666224033e+02
-4.597337685061137904e+02
-3.086751974943967411e+02
1.260240567177054345e+02
-2.024554165556824614e+02
-2.133964665530787386e+01
2.786276410459609565e+02
-2.674371714219873866e+02
8.025371068661890206e+01
2.993339477301134366e+02
8.475279589646870591e+02
-6.584047255304805901e+01
-1.002910447259201447e+02
-1.833488395076464315e+02
3.647383868022218678e+01
6.466303628841318130e+01
-9.258467769406435366e+01
-2.146838011221551668e+01
8.561810421830635676e+01
2.093523876983558409e+02
-1.460951777371061411e+01
-6.632929942310869365e+01
2.284597023516305967e+02
-3.086158739071745458e+02
-1.968487940592816301e+02
-2.058931926475775924e+02
-2.630234461004571926e+02
-2.781116441172399618e+02
-4.058133696182612198e+02
5.426894060354929827e+00
-1.172342450847196318e+02
1.213486198740129538e+02
-7.161908210206384240e+01
-1.810131114203448988e+01
6.204570188665186947e+01
-7.735607071365956244e+01
8.616002688656628550e+01
3.423630946394716545e+01
1.076434297285221362e+02
1.630637091412425264e+02
-2.543709625482352124e+02
2.207599932169191845e+02
-3.624705667817901826e+02
4.232072372719753450e-01
-6.589357124405388788e+01
2.136852659116304665e+02
6.497226407364146894e+01
1.744333696166170355e+01
1.117756219618618871e+02
-4.991630838878809584e+01
-2.141852540795224229e+02
2.479357946752963926e+02
2.088647132668766560e+01
-1.850573341170911590e+02
1.817023755804663665e+01
2.694650931990372200e+01
-9.379192517546464103e+01
-8.389560999652145767e+01
-3.100734794996640176e+01
2.703978295558958322e+01
-3.451593944607877802e+02
1.602750466413674815e+02
-3.588405614740040050e+02
-2.813856908311190637e+02
-5.784450095366081257e+01
4.192104741627294118e+01
-1.064711292815176051e+02
-7.413003284032267004e+01
3.256809670342521201e+01
7.102419933999129853e+01
-5.852739771832077054e+01
-8.462814692875360834e+01
1.204720959989247007e+02
-3.283181318912471625e+01
-1.139464793389237514e+02
1.698489803179755029e+02
-1.345421600893703840e+02
-1.221356856347323685e+02
1.052412271906540155e+02
9.294615492512548371e+01
1.566694412820691014e+02
-1.482234396109617158e+01
-1.909949981428599699e+02
-1.100552123005908811e+02
2.499838356787412863e+01
-9.473807848275814791e+00
-5.903799571843296690e+01
1.701689255823506812e+02
1.751049341235748358e+01
1.038749953583074443e+02
-1.254044674378453408e+02
-2.900714143694250069e+01
2.082483683070121003e+02
-1.257777458953622443e+02
2.911832196092561276e+02
-7.915912290682818764e+01
-6.246210499560471696e+00
2.065821105956632309e+01
-1.224249509755256327e+01
1.863855753867526346e+02
-1.854670597947277599e+02
-3.084148001045663818e+02
-3.278030445429287170e+02
-4.829474753398917386e+01
-2.008865357332244628e+02
-2.193748185189452329e+02
-2.836430750226389819e+02
-1.044302377708291374e+02
4.626549402199950123e+01
2.017688441975413127e+01
2.154773138431527286e+02
1.129032806232454966e+01
6.081379074206042645e+01
-1.272119695167107523e+02
6.336979369119260497e+01
-2.753710774948391915e+01
-9.619739618308216222e+01
1.892830542088682364e+02
1.152999359289129160e+02
-3.256131512910095438e+01
-2.104932689814459366e+02
2.047227480265249540e+02
2.644190003379522125e+01
-6.007936920420254268e+01
-3.923518770482935025e+01
-7.570140638502782338e+01
-1.435140478959565371e+02
-3.963891896854748609e+01
2.352197400436016039e+01
5.828091986960528459e+01
2.570364832851183934e+01
1.602102315640991037e+02
2.248113558029799890e+02
3.500251133229415501e+01
3.386596996590705544e+01
-4.412938452145667156e+01
-1.567046237209696002e+01
5.239591825039772033e+01
4.282018399544464415e+01
-3.186225090199398480e+01
2.535876454873583441e+02
1.811566374504690486e+02
2.154557589092936496e+02
1.196388825300855672e+02
4.739503866253483721e+01
-6.282136631195521659e+01
-4.564798455027631263e+01
3.664096764081070745e+01
-9.086115124133944221e+01
-1.108791209461883653e+01
2.738631082649530590e+00
