-6.449082051952389520e+03
1.859237424952628430e+02
2.131123453168535434e+03
-7.667556513982116257e+02
1.197511812227543942e+03
-4.460558683315408075e+02
-5.418408394868191635e+02
3.326728969601587778e+03
-1.406764468634879961e+02
1.313110097319854049e+03
-2.985946763009707865e+03
-1.172971906866207291e+03
-7.134667016182585257e+02
-4.176505527724727926e+02
7.482188915914199470e+02
8.841601577016482452e+02
-3.585785122552268831e+02
1.131724052195193053e+03
-2.926319222106761799e+02
-2.448926802422914534e+03
6.167892544905283785e+02
-8.774872175173644564e+02
-8.418370624709031063e+02
1.750716912707139045e+03
1.512473020875640941e+02
-5.717885483747586477e+02
1.265744170776752526e+03
-2.274547721822867175e+02
-8.063121024088648880e+01
-6.507641602986376483e+02
7.673875899010884041e+02
-8.708386506042486417e+02
-1.404194999665570094e+03
2.603214251984002914e+01
-3.629381159976060189e+02
-4.088806367335902792e+02
2.366899393564848992e+02
9.770540819630253964e+02
-7.132962487574717443e+02
1.018938600955566017e+03
1.903227890782679424e+03
-1.336072747980848021e+02
1.119915932116487511e+03
-1.614824968626006694e+02
-7.682094712730156516e+02
1.010555394417908815e+03
-2.133081496481715476e+03
6.393246845277756165e+02
4.474319679557632412e+02
-2.190152340010639591e+02
2.993233528921438165e+02
1.170137802288324110e+03
-8.643762143220626513e+02
-1.322294372415605267e+03
3.948246345243373412e+02
-6.575687207160216303e+02
-4.345272720150034473e+01
-7.271649303988620261e+01
5.101410573824577455e+02
-1.089672284919949306e+02
3.006571593464860115e+01
-6.666692531713763401e+02
-5.609173345375538702e+02
5.352052259518458186e+02
-8.637775126391061065e+01
-7.090397034419959255e+02
1.633193016997535665e+02
-9.753411059982082634e+02
-2.414407973951574959e+01
5.995786645362809395e+02
6.329788154774574878e+02
-2.935271992579394578e+02
9.762882372979218815e+01
1.508627326457642823e+02
9.929708651889319526e+02
-1.119038224746567948e+03
1.405076360143261240e+02
-1.919649900327826231e+02
-2.851424518290294827e+02
2.830759406429550609e+02
1.480297068255245847e+02
-1.301966377964132349e+01
-1.937382575365762420e+02
4.310717014786612822e+01
2.283110711594314637e+02
-1.424241126005444471e+02
-7.938550249875255815e+01
-3.313026838279354820e+02
9.615859289471706006e+02
9.568352710940732777e+02
-1.308812053927992451e+02
-2.343440509516945838e+02
-6.622441206994067215e+02
-2.316505145305373219e+02
2.530230548184231907e+02
-5.660264537745006237e+02
-1.820519565986543142e+01
-1.719437133032037934e+02
3.663884912994547705e+01
-3.749272660316035513e+02
5.415306003204852203e+01
1.201637041697759223e+01
-5.862970048434883665e+02
-1.935624032469534086e+02
-6.499419908432669502e+01
3.082838720342977012e+02
1.988073132037050357e+02
4.565742339758850221e+01
-2.435023494454643753e+02
2.313189989926650583e+02
-1.950758928835788595e+02
6.776384700097385405e+01
2.870727687425480212e+02
3.321498789849516129e+02
2.684252588962361870e+02
2.050769446238176101e+02
3.307317619547600316e+02
3.598718553841486596e+02
-1.037022303039516089e+02
-9.520062869419311369e+01
1.123546826222021480e+02
-7.181215771581595675e+01
-2.117285821242079180e+02
2.642270118109305486e+02
-1.475990138489768526e+02
-2.439441305830738713e+02
-1.333469810229632060e+02
1.605574295626670676e+02
1.701039678209111230e+02
1.267566934398239766e+02
4.601304356039144068e+02
-2.108612173287590110e+02
-1.803135683257680171e+02
4.107899243936316935e+01
-4.348700025907838440e-01
-9.467738203926066376e+01
-1.458618776815108617e+02
2.161547793800502006e+02
-1.502210758878444494e+02
1.321727928937918648e+02
2.311572480668297089e+02
9.409492099140997823e+01
-5.325748920993878954e+01
-7.331880251460236764e+01
-1.822502151281116483e+02
-4.156164829892927060e+01
2.114799967765570727e+02
6.843324952225479763e+01
1.314598150266502614e+02
1.628858517436362661e+02
-2.697487608007888866e+02
-2.582722359274600876e+02
-3.986515934937735928e+00
-5.529119734219403881e+01
-7.061462872766337284e+01
3.518254415900327103e+02
-1.036710672785645784e+02
3.662682995949320741e+01
3.478735365386118161e+01
4.046724857211062840e+02
1.771127859854477435e+02
-2.666290513080619462e+02
-1.821089568191166848e+02
3.300034169319689425e+01
2.335027222824618320e+01
-4.789055168584214783e+01
7.071484028123845178e+01
1.350110863930888456e+02
-2.241531904343609227e+01
-9.469255708682898387e+01
-5.134760735270668164e+01
2.985366315313470977e+02
3.288722938575600097e+01
-1.214220005555420983e+02
-1.337574180596547819e+02
-2.454123876182404160e+02
-3.496059593206265390e+02
-2.549097237669288916e+02
-1.626157808945261252e+02
-1.111613510280435548e+02
-7.014240582829434345e+01
-4.944532113674284091e+01
1.190987211212389063e+01
7.634745938979553159e+01
-1.893156623661201934e+02
-1.702574305364165639e+02
-1.912688633535261431e+02
5.017108618075087634e+01
3.290503532201811936e+02
-2.881219268460377521e+02
2.670555433985856908e+01
-4.129907029581021334e+02
-2.056644996482217636e+01
-6.717410458430305198e+01
2.365630688520059621e+01
5.795774819809205525e+01
2.060414498533530434e+02
3.518615220687973277e+01
-6.281432329928667002e+01
8.399811530817174798e+01
2.484089536809616305e+01
9.669278777758268006e+01
-2.253946166349134330e+02
1.595320261262912140e+02
5.003204510791563564e+01
3.288493494918602433e+00
1.191124951744040459e+02
-3.783559695681196899e+01
3.461651220222707082e+01
-6.195566086335390565e+01
1.398830280939396289e+02
-2.219066563971960591e+02
9.889704054300993619e+01
6.286458422272087176e+01
7.120810751117750215e+01
4.668878906661664274e+00
-1.575432265669215894e+02
-1.748397280200680939e+02
5.961108750966710801e+01
8.606649271177319349e+01
4.390855098021251735e+01
6.565274619636150533e+01
-9.528048302850446305e+01
4.905382150464812518e+00
2.190934712003850962e+02
-1.443891024099491105e+01
-3.039656874213484983e+01
5.491410312400287097e+00
1.834670383122832220e+02
-1.028791303916128754e+02
-7.825963904198464149e+01
2.049215013253153117e+01
-2.473302739580092435e+01
-4.079095294840202257e+01
-5.445662044491077580e+01
-4.398103739579996585e+01
1.908176660229652555e+02
-9.504023168652048525e+01
1.514966096067039985e+02
3.047434353897487469e+01
1.546116249904148177e+01
9.994321003530062342e+01
-2.500233218956138614e+01
1.607329628177135135e+02
-3.938702423673178288e+01
-8.950359833775737073e+00
3.165219220089934282e+01
9.403597515702782061e+01
-4.624466417009031005e+01
7.014160066773337121e+01
-1.014541630570247861e+02
-9.165244469618771461e+01
4.530609919991233170e+01
-3.996756279855864591e+01
-1.663942675811799177e+02
-2.873168074981993527e+02
-5.754941105751530017e+01
5.785446737401730388e+01
1.122982217340423290e+02
2.419929246459661698e+01
1.455191232471298974e+02
2.252072069346178580e+02
6.196839010320566388e+01
-8.439236596672827773e+01
-2.996220138238864905e+01
-3.994670737676317529e+00
2.871764437879828691e+01
7.312687861054938310e+01
-5.987760342917037093e+01
-9.569497468120169970e+01
-3.044325865120763908e+01
6.951194611225710673e+01
-1.388278070140133309e+02
5.822674171742595917e+01
-1.105123047971317476e+02
2.065410270122773184e+01
-1.477212143840420708e+02
7.552523763906209808e+01
-6.654965948013709109e+00
-1.565383569491789828e+01
8.926735707111502904e+01
1.873450449132328117e+02
-4.621647873485142100e+01
-7.089445558260976554e+01
-5.756594795762767447e+00
-3.564706225136692885e-01
-1.039727312424453771e+02
-8.217425929077475644e+01
-3.109499458849484643e+00
6.754125653790973161e+01
1.110144426229674934e+02
4.366859284122775620e+01
3.933194703317978735e+01
1.286057139852074727e+02
8.189030590210528260e+01
3.444570942614120668e+01
1.430897539025981491e+00
-1.027109841409243884e+01
-9.178378138544098874e+01
1.632518150454781747e+01
