1.065760433842670864e+03
-2.974923494235197722e+03
7.201502290529175298e+03
-1.205942777558105718e+03
2.092302948490520578e+02
-6.714184723402408963e+02
-3.519954927121058063e+03
-1.656997390050937611e+02
1.113669570777346053e+03
2.809619572497113040e+03
3.125736476005661189e+02
1.930990308666367810e+02
1.127137919697737516e+03
-1.681217852210923184e+03
-1.493722709617477449e+03
-2.954510825862559159e+03
2.087377202503301703e+02
-1.873762232328616619e+02
3.792681116497272455e+02
-1.703718567366066509e+03
7.558636141995964408e+02
1.926038585642824501e+03
1.108706063027184427e+03
-9.700357044128152495e+01
3.064885954447707945e+02
8.279606021902148996e+02
-8.390653010809337502e+02
-4.134814310252480141e+02
-6.569412759809313229e+02
-2.381927406682660830e+02
-2.870041992629620609e+02
5.959591867774751250e+01
-7.600277524663066515e+02
-1.009840579837008249e+03
-4.202864491410662140e+02
-2.171977082622615853e+03
4.325859778258616188e+02
6.271339630498860060e+02
-9.159633900598149125e+01
5.183359435165916693e+02
-2.111681405083960783e+02
-5.648008752240999684e+02
-7.022579267832542200e+02
1.168080880389168215e+03
2.145934590317767174e+02
1.230137547491428677e+03
-8.022535377066446927e+02
2.413125203782926462e+02
-6.345349216516681281e+02
-7.502703502378399207e+02
1.470968799640341160e+02
1.146974042950792409e+03
7.166263404192325197e+02
-1.715757654610399641e+02
-9.601175549912181850e+02
2.905670445972828588e+02
3.809143658473207097e+02
2.789259482458670618e+02
4.873868299424623984e+01
1.961821004951060843e+02
9.062385098757872015e+01
-1.073681027863799272e+03
3.417465716004289789e+02
-1.552239568661135763e+03
-2.987594056930249735e+02
3.474551330229422064e+01
9.473148161851509030e+02
3.475774901460720798e+02
7.641439723196978093e+02
-8.791107481029035853e+02
5.504206101170547782e+01
-1.351931927602581993e+02
-8.439050400790918047e+02
-3.639025056608575142e+02
9.794740296106570554e+01
-5.409818599239280275e+02
4.033349467770518118e+02
-8.391311579626672028e+02
-4.464282409597759624e+02
-4.555134988735474053e+02
2.838743927332911881e+02
-2.582748801850949008e+02
-4.440120058023291563e+02
1.116375351845354942e+02
1.207120407631001626e+03
1.418068007597456699e+02
-1.084152588821661993e+03
-1.681022160324693857e+02
3.570502531846410079e+02
2.471199396827745147e+02
-3.369320580322506657e+02
-4.904286533542741040e+02
-7.360908471789994678e+01
-9.565976517644146497e+02
-2.340842153034520123e+01
3.577073139321451549e+02
-2.420398311345483364e+02
-2.419661644502974127e+02
3.511655698616129371e+02
6.982669342149607417e+01
1.551377133248919549e+01
-5.026978704827823776e+02
2.213285266046830770e+02
2.938663996460078920e+02
-4.297885081959007891e+01
1.102487579394566666e+02
-1.071458600929274638e+02
2.482396338372477942e+02
-2.474396798181417978e+02
-2.790855909453744630e+02
-1.533691603715117537e+02
2.915842500238821913e+02
6.159040643087241733e+02
2.989419800471035273e+02
-2.405765957802361470e+02
5.012777973632172035e+01
-2.782465550519668227e+02
-2.185799938268960432e+02
-1.796488377968199757e+02
9.446727973196085770e+01
9.040698198254996498e+01
9.896679915447872133e+01
-2.008622494375913448e+02
-1.702612677838992994e+01
3.437972866443776638e+02
1.426544195586747321e+02
-2.898235638787281800e+02
-2.120408685981212500e+02
6.574084698465406973e+02
6.862305191518781555e+01
1.000340321112748114e+02
-2.011886800491861038e+02
-3.642261067770721752e+02
-2.885370615870931488e+02
1.019857157395295673e+02
-1.511412705384606454e+02
-1.644231099856844480e+02
2.079414095461738157e+02
1.391242007568327779e+02
-9.952679474597002240e+01
-1.551802083974899737e+01
1.015305192250684030e+02
1.554015494066170788e+02
1.998654694867364867e+02
-2.986176896078815162e+02
-7.320514355782023586e+01
1.298199635384358999e+02
4.331765725781934862e+02
7.526651105901159156e+01
-1.898248618049547076e+01
-4.217558288369731372e+02
1.884952534144092056e+02
2.483572083864285673e+01
1.893889028594751949e+02
-3.480590288691648198e+02
6.418285908826825370e+00
-2.408425229524415201e+01
7.026081590362419149e+01
-3.988999825363049467e+01
3.197399914323801227e+02
8.475147333044927223e+01
-1.870537483363176818e+02
-2.681023973811061865e+02
-2.864385547252275543e+01
-2.764012739726543941e+02
-1.903193042285217587e+02
-2.216369916108070868e+02
-6.801608605719651734e+01
1.748184708333077424e+02
-9.558811261682434690e+01
-1.323832912797858228e+02
1.466425753516779764e+02
2.271444223199121382e+01
-3.433485891203301321e+02
-3.144959416832087413e+02
3.902700344548076146e+02
-2.852391062076367803e+02
1.292927566763898426e+02
-2.058447796557036042e+02
-1.487747401809698147e+02
4.359266865516427742e+02
2.794515812459043786e+02
1.623831640693980205e+02
2.148555286259878585e+02
6.316064607930930208e+01
3.740012784487234399e+02
1.488272397645058049e+02
-3.781517624492721552e+01
-1.970264896743105965e+02
-8.064971758608770358e+01
5.833942149979889535e+01
-9.675377155132278517e+01
2.760093233602975715e+02
-6.509988535767814710e+01
-1.403846916623889172e+02
-1.272088546100516595e+02
4.782778594951144413e+01
-2.813936832264550389e+02
-3.850772812408948198e+01
2.206732734998287526e+02
-2.452383609819129902e+02
-1.083660646437266166e+02
2.669171481052507033e+02
-1.056787071141901180e+02
2.973303667148659315e+02
6.681191484473514208e+01
-3.356101375856043774e+02
2.456132638689697245e+01
-3.685512624900918155e+01
1.294467392216655242e+02
1.300448575108701448e+02
1.475318008880745992e+02
-2.123356433466129829e+02
1.052683651073102844e+01
-2.082759282848064970e+02
-4.419618169779448635e+01
5.682077978719517120e+01
3.755300224618713401e+02
-3.868633505564653206e+02
-1.241154521789425758e+02
-3.417093869702801356e+01
3.000393229018256847e+01
-3.115929542404180097e+01
-6.550801425330247696e+01
1.163159720466115481e-02
-1.084719481510363153e+02
-1.667050861543226858e+02
1.099706685184450805e+02
-7.920596661141695449e+01
1.409816088710764959e+01
2.071707046876884561e+00
-1.328200952655743947e+02
-3.677258640687711022e+02
2.542017230797405603e+02
-1.725179829156271865e+02
-1.179935202676020083e+02
-2.266564866313525499e+02
2.120333094290003828e+02
5.423640690250471152e+01
-2.835835169377754141e+02
4.432015967718694327e+01
3.064775992064426191e+02
1.087110234634735946e+02
3.694637686625712547e+01
-2.115287279120187804e+02
1.154579423387445019e+02
-1.010966241995620436e+02
-6.803299466199283074e+01
-7.583335247778110499e+01
-7.527428900501492137e+01
-1.941889073145134503e+01
1.505098859647864344e+02
-5.191333702327037969e+01
-1.883206872981168374e+02
2.805220738444272399e+01
5.513866832672285767e+01
-6.403219766247572409e+01
3.305754381270115516e+01
-1.497298496717825600e+01
-4.027419674225825474e+01
1.081322364418257393e+02
1.322483262497837018e+02
-2.884318399924003984e+02
-6.104067034460293861e+00
3.180847283479103567e+02
1.349623308870283722e+02
3.165676823818282060e+02
-6.007905867135586675e+01
3.361245184812361231e+00
-1.438172898018715387e+02
6.080720726348333471e+01
-5.162493904852218662e+01
9.573359558964021687e+01
1.659223790395556648e+02
-1.463341856453425578e+02
-6.748799660494260877e+01
-5.280808356407027304e+01
6.964346920777119010e+01
-9.201987337328436212e+00
5.197017841581256903e+00
-1.364121423104281803e+02
5.947990354926934486e+01
3.501013127088349108e+01
1.973818502346678940e+02
9.126430161526037921e+01
2.161326929718120766e+02
-9.882183048825069704e+00
2.568977596412568118e+02
-9.671315320069263066e+01
8.147265312969543061e+01
1.028093373932548076e+02
1.327291665299392776e+02
7.948021959193793862e+01
6.078532229689034949e+01
-1.445161049115319543e+02
-3.279224925994903117e+01
-1.393565751164786946e+02
-6.721214771724159220e+01
-3.347196173454594970e+01
1.582194988782040070e+02
