-5.178271989372999542e+02
-5.903659145924757468e+03
9.774095397437727115e+02
1.090714305905949431e+02
-3.805434951856146654e+03
-1.414308857179483766e+03
2.696169686054893759e+02
2.573310518045028857e+03
-1.364622656189759937e+03
1.440039333858861141e+02
3.011464727630392986e+02
-4.082907488310976987e+03
-1.112098182286368683e+03
-6.505726674810767918e+02
8.076367836601508543e+02
-1.459336277238695629e+03
2.740235471475948543e+03
1.230937107692836435e+03
4.511710143790528491e+03
-2.675667604379033037e+03
2.093952550196849188e+03
1.752267301540665130e+03
8.118064118789666281e+02
-8.089789339530391032e+01
1.455935281897648395e+02
2.627479159448033442e+03
-8.702830035514458586e+02
1.581689356045581007e+03
6.884429606139062798e+02
-7.410931386558526128e+02
-1.105473210098301934e+03
1.472383598987794642e+02
-1.704314151424935289e+03
1.746948987945745557e+02
1.259686175053074741e+01
-9.768536801418516688e+02
1.390530352071318134e+02
1.480291729122310471e+03
8.430037907226917469e+02
-6.659728580850980961e+02
-1.318959922416296877e+03
-5.188920009067396677e+02
1.205871983561889010e+03
1.665679611882762856e+02
2.727520730363089001e+02
1.789124107910393150e+03
-7.499391677943229979e+02
6.943799638675544657e+02
-1.169662522720508150e+03
-1.947315603185600594e+03
-7.478087831264648457e+02
9.138095983256093859e+02
-1.493379699002445022e+02
2.265722904027400375e+02
2.147342981804548856e+02
3.935199942725940900e+02
4.086218630697687217e+02
5.184640524510010664e+02
-1.404080430877635763e+03
9.176150116336380052e+02
9.412177557259371952e+02
-5.712694732867767016e+02
6.333494512483545122e+02
-1.426587790112997936e+03
-4.353828402834212170e+02
1.472324564040071891e+03
1.757748760752676390e+03
8.690443862916165472e+02
1.887087094376614971e+01
-2.961176843617964849e+01
1.292341762222355555e+03
4.581259417267704066e+02
3.336405290037179725e+02
5.165525910488390764e+02
-1.552136768553056072e+02
1.132577404727572230e+03
-7.237946278102550934e+01
3.094993957619864133e+01
1.595168959170365497e+02
5.007368100630017693e+02
-2.541900524398170376e+02
-2.806172436419760174e+02
-7.694568244618792505e+02
7.496741324262507078e+02
7.079941030016026389e+02
-4.501921004298779962e+02
-8.603010811401127285e+02
1.903667443868123428e+02
-1.903965693494185416e+02
-3.830824324541444525e+02
6.333215070712448096e+02
-3.099399841230573998e+02
-6.259477580581525444e+02
-2.276276841037206964e+02
7.970542468883899119e+02
5.858539639329349029e+02
-4.577938007971042111e+02
3.885222957122438174e+02
1.541660637990877660e+02
8.642096229901218294e+02
-4.142038924325696030e+02
2.828780208806430707e+01
-3.571908876458327313e+02
-3.674587261630787225e+02
-1.240322296692214081e+02
-3.229256105994662107e+02
1.648126280022432582e+02
-4.323306498619818683e+01
-3.721425331803484369e+02
6.436839419546607814e+02
-5.189378627858807249e+02
-1.050390766759084272e+03
7.418811411633945454e+02
-1.166746819463122847e+03
2.222912875321692070e+02
5.124189536844481836e+02
-1.183543108674248970e+03
-6.843238507343279480e+02
-1.122044929448466746e+03
-2.256521662165430939e+02
8.064857613666702036e+02
1.719381081184503728e+02
3.311293650895105998e+02
5.733653249775612721e+02
1.481735937140944998e+03
-2.058941372576007041e+02
-1.348933704423628797e+02
-2.175487034040554022e+02
5.797062189505425067e+02
5.891146075497246102e+02
-1.183037885814589032e+02
-1.140452851903074134e+03
-1.027018280805765016e+03
6.794392420383363742e+02
6.084945014654201714e+02
6.588469138235164735e+01
3.321088625306969675e+02
1.459924658112374232e+02
3.640323370399895566e+02
4.456331909040897017e+02
-5.877772808093036474e+02
-2.400077240410906256e+02
5.671951008567646113e+02
1.167898030774803573e+02
-8.688668805757198470e+02
5.066090695437104614e+02
6.505827205295454405e+02
-7.406473010744706187e+01
-1.455940116307289145e+01
-2.403556975454301607e+02
-7.730426746123865769e+02
-5.628292625553117432e+02
9.225108332460145277e+01
1.569884830458414342e+02
-1.070337895024802037e+03
-4.720320776955630322e+02
1.112343148354213582e+02
8.898163805443281262e+02
3.253036463900430704e+02
-2.264707261680848660e+02
-1.263738471926804152e+02
1.556568028145907476e+02
-4.540710200978753051e+02
2.418620061203463649e+02
-2.802504898958361537e+02
-6.206271998576398552e+00
-3.739208031814484343e+02
-1.932093226317965389e+02
-1.897739996627239805e+02
-6.985457902464636391e+02
1.636210643040665218e+02
2.290954533408267650e+02
1.521265734196397190e+01
-2.774697296081693025e+02
-2.215332207369635000e+02
1.801802373768444738e+02
-1.781691506733319557e+02
-2.198555959275708460e+02
-2.342464774040268765e+02
-7.727944862559873229e+01
7.635280871789416324e+02
8.921966873398787357e+01
6.712252938726970797e+02
5.699671324920334570e+01
3.365371369732107496e+02
-3.503040840372375442e+01
-2.503790635114348788e+02
-1.874879152770053850e+02
1.001459472043207626e+02
1.720978894944817261e+00
-5.059079818290753678e+02
-5.294731508979590444e+02
5.560810606745865243e+02
-1.841817819690168108e+02
8.093588176105130572e+01
-5.255527853802037441e+01
-1.191309353714303398e+02
-5.399558172363986159e+02
-4.169854862331258261e+01
3.779564302957111863e+02
1.788785473025182284e+02
3.514593379719036079e+02
6.252520224585712185e+02
-2.447620189072464996e+02
7.620766473800374285e+01
-5.287530850797472937e+01
-1.307733906226164891e+02
2.687671922475213933e+02
-1.066673878527579973e+02
1.098136516794205733e+02
1.027402142701828502e+01
-1.894724704108040783e+02
5.934339969458942221e+01
1.630579390337234997e+02
-1.563542974355980846e+02
-6.371658664238595975e+02
1.266834091213571583e+02
2.195207321315700710e+02
-2.597835427082247861e+02
-7.258910000731405034e+02
-2.081040288172285955e+02
3.875277190432671546e+02
-8.191372319588809603e+01
-3.244943737240128598e+02
-2.435000433561080229e+02
4.557056635536707745e+01
9.074120463247576041e+00
3.491448455377342270e+02
-1.487452574360863089e+01
1.569524629514214382e+02
2.414435993272676626e+02
-1.763752421624584485e+02
-4.302334215460548990e+02
4.209106993829062731e+02
-1.063506336276253705e+02
-3.462307169076194100e+02
-2.322640014640034849e+02
5.873318151440390693e+02
-5.268809397288943330e+01
-7.908307984982631069e+02
-3.225194433495165214e+01
2.906995805544411269e+02
-1.741162592926741297e+02
2.460743780047195628e+02
-3.868637706133945926e+02
-3.905295591283913268e+02
2.205056558501603092e+02
3.812922455749686890e+01
1.871008210409053731e+02
-1.826931910107726651e+02
-1.941293164480709095e+02
2.429528428520904981e+02
-1.460479347977687610e+02
-3.978495919402695904e+02
1.533770995961664596e+02
-1.236359018445319293e+02
-3.430111460202920171e+02
-3.941809457220128934e+02
-7.683736188704525460e+00
-2.749516399429681428e+02
-1.881231657326919304e+01
1.694125682875895507e+02
-1.129207076507152152e+02
-2.130556885152402060e+02
5.564471819640809827e+02
1.623996799783149925e+02
5.602562773484804666e+02
-1.924654558907582214e+02
-1.317957605913755685e+02
-3.900275489998782632e+02
-3.872148239144046897e+02
-1.910435536773422882e+02
2.520518997521529627e+02
3.511314413623039172e+02
-1.180857394281366481e+02
-7.864954207638193395e+01
1.823642366391332530e+02
2.193088618215549275e+02
4.340369443187444176e+02
-3.877122761225460579e+01
-1.285720060541541159e+02
1.869243563489943654e+02
1.866307480811071855e+02
3.562597702910920248e+02
1.299051082453816264e+01
2.177069891963679140e+02
-3.554399795156899131e+02
3.562737285553784545e+02
2.587434749584234623e+02
2.382856934529060595e+02
3.060673965768227731e+02
-5.016292521651894987e+00
-2.837987631458872784e+01
-9.882347361130450736e+01
-5.364413168186965777e+02
-3.053589920236937587e+02
-1.079673799843864543e+02
-1.948231024230040020e+02
-4.249029251113296368e+02
5.483111270646544426e+02
