1.748913699423294474e+03
-7.988886218115221709e+02
1.169657469450358121e+03
-6.163017705649821920e+01
-1.956112090410005294e+03
7.697302778620055506e+02
1.167552225061596573e+03
4.266514018290225181e+02
-7.219466424517236192e+02
-1.235263018269389249e+03
-1.095938768836923145e+03
1.549987760642101421e+03
-6.851624898187932331e+02
6.937330189289350528e+02
5.910886730886714986e+02
9.026319944555905295e+02
-3.414915403922278188e+02
5.958217608115533039e+02
-7.616361966239065850e+02
6.832302197879282346e+01
-2.126805694781850434e+03
-1.454270951889346634e+03
5.381465739821478564e+02
-1.230715728368965983e+03
3.391248173137313984e+02
-2.313548875831162604e+03
3.822886876663559974e+02
-1.336989591547109967e+03
-1.198865336628180557e+03
-2.780868937838538955e+02
-7.354708845369034407e+02
-1.175630572502120003e+03
1.556258965901806960e+03
8.170276189506004130e+02
8.088914816626430593e+02
8.129116426288258026e+02
4.779571964102909760e+02
7.130408358871976588e+02
3.941979973339700791e+02
-6.841967565744974991e+02
2.015192944722141135e+02
5.564348439939856235e+02
1.229321196253514017e+03
-6.341232154901105389e+01
-1.724895262334626409e+02
-1.085274500645872649e+03
8.861386644619540220e+02
6.713817379881166971e+02
-4.323115336836527263e+02
1.770563648081476344e+02
2.047814889274031032e+02
2.471596984283286531e+02
-2.859497693508585598e+02
6.093133348636030178e+02
6.592507270320057842e+02
-2.015530305106482842e+02
-5.156265563132967600e+02
2.315848285679933127e+01
-3.708222838321337633e+01
-5.583560450069934404e+02
1.959001770969298946e+02
-1.392659926331731128e+02
7.402246373975798122e+01
1.012929593378377575e+02
-6.918274402095308915e+02
1.254434184329366673e+02
7.400386926878605891e+02
-4.406688122727300083e+02
3.254385520772477776e+02
-5.108704850608943957e+02
6.560650115688761161e+02
3.127544676200194544e+02
-5.523685362527145060e+01
-5.130406648387980795e+02
-4.936375172034597085e+02
1.259274225884448271e+02
-8.820319424231090579e+02
1.054828857189334713e+03
7.736345670538627246e+02
5.314915303232294974e+01
4.753352234602216413e+02
6.744762886186614423e+02
2.189662556519584768e+02
-7.918164481881796064e+02
-1.195189088041888681e+03
2.982231371180147903e+02
-1.569639874515377187e+02
3.259602535991430017e+01
-4.854514669340118758e+02
-1.191746709963465207e+02
-4.387529993301678815e+02
2.647857586240261298e+02
2.481029006820751874e+02
-3.238866122492761974e+02
-1.345824434620209900e+02
-2.928786417331317580e+02
-2.049919321217084018e+02
-2.694070831947879014e+02
1.502126863543171851e+02
3.737150994635392749e+02
6.134962325026045846e+02
-4.925522143514566551e+02
-5.052404809635015113e+02
-9.867466408115731724e+01
3.602966813005953099e+02
-2.124291747180435834e+02
4.601156326858965144e+02
-1.623290115118036852e+02
1.188170964538568342e+02
5.283939043388497794e+02
-4.358361970911244043e+02
-6.195413571092205984e+02
-1.270354298202625614e+03
-1.720381492180219709e+02
-3.606785782476006830e+01
1.092445376308446896e+02
7.479579421502241132e+01
-4.250076534607698022e+02
-5.551758546916535124e+02
3.305184500364053974e+02
7.836326279562261732e+01
4.418066856354128618e+02
1.050028135934305595e+02
5.020988041401420077e+01
3.543039486541327676e+01
-8.839662002098144455e+01
-1.142012759523408931e+03
4.958584659618890100e+02
4.318391472932085549e+02
2.171889238811322969e+02
-3.714306230456178781e+01
5.503380510739767715e+02
-5.319080675047722480e+02
6.023212861915643543e+02
-1.157974826237281292e+02
2.429108052682433936e+02
4.134775510713702147e+02
-2.189119507133605396e+02
5.612452969177839091e-01
1.384537135742811813e+02
3.086737419960813327e+02
2.777398624776819602e+01
1.719047760655917045e+02
2.994489836320386758e+02
-2.621932439593571029e+00
-1.398595679065633419e+02
-1.701509959936584835e+02
2.213685950110322551e+02
4.300949046239869062e+02
4.512245143112913865e+02
1.453718667774425342e+02
-5.289776709966116641e+02
1.236246616127801019e+02
4.626839266122549930e+02
-3.245335598692597046e+02
1.325966119553885108e+02
1.121473328556505322e+01
6.661498816551511482e+02
-1.452915976895029075e+02
-2.188339861233161230e+02
-2.086380483290686527e+02
-1.896667324073362124e+02
4.000534263267617234e+02
-5.557688577762335171e+02
-3.418718911068360740e+02
-5.681396023790086502e+01
-2.824719687875968361e+02
-4.075959258912726035e+00
2.853379907820483368e+02
3.518206347414686093e+02
3.120085146166942991e+01
-5.635229079201386639e+02
-1.629314050620800174e+02
-1.095063192166714998e+02
1.045354787437433153e+00
1.170204197134163593e+02
2.006992000111960124e+02
-5.465616165075911113e+02
-2.441379392028701147e+02
2.465065358512842977e+02
2.141206062873633300e+02
-6.247740819504185765e+02
4.164665030006406141e+02
7.019081448014841840e+01
2.134931834492644214e+02
-2.622357755685368943e+02
-1.847737613914033261e+02
-1.277025813025171530e+01
-1.014135396326110765e+02
3.374946866727921133e+02
1.254804348092811921e+02
-3.799282981294779233e+02
-2.446909624055928987e+02
-2.104608923336263047e+02
-1.024759163906155806e+02
-2.701977638792808420e+02
-4.243835325365583913e+02
1.639251424421121897e+02
4.813563832762400239e+02
1.781142775747092344e+02
1.407514994725900976e+02
2.923542302897927812e+02
6.880141667308200795e+02
2.622807492097504678e+01
-2.134383245049551761e+02
-2.213253941880599740e+01
-1.224314945897990441e+02
9.509676890999590171e+01
-1.884854138914835460e+02
1.975129693274012652e+02
-2.661808427814611946e+02
-4.446849440090161920e+02
-1.068243671960878203e+02
-3.540159406041863690e+02
-8.446483082316046165e+00
1.109509755588252489e+02
3.722774865002786555e+02
-1.292486118591604054e+02
-1.009000235362711067e+02
1.249695779931120256e+02
-4.147956972134926446e+02
1.933791586619201155e+02
-3.243065682143871413e+02
-2.868968840581160862e+02
2.076513512457402442e+02
-5.580829465627276704e+02
-3.308191998355034684e+02
2.761232853863055681e+01
1.690732538219603498e+01
-2.608555182011659213e+02
-1.207070370493365807e+01
-2.078646047326475070e+02
-5.026902543388795266e+02
-1.188581146094957575e+02
3.314269839356805960e+02
-1.417271776618827346e+02
1.267362175212526409e+02
3.479854462598589180e+02
1.050779180119228329e+02
5.686856214565951717e+01
1.083113354698249537e+02
3.754215119806594458e+01
-6.926385963909534667e+02
-2.559383766348707923e+02
8.484488950842717259e+01
-6.942313175010684745e+01
2.527381912861168445e+01
3.430289665602091418e+02
-3.598377630000886995e+01
3.479256791082644895e+01
4.143977632842369871e+02
4.123357111079193942e+02
4.168441596860226923e+02
6.436164797973363250e+01
1.301391227733519429e+02
1.370917923735921207e+01
1.172671322126973195e+02
4.580360319110062051e+01
-2.012113564776002193e+02
2.385460771129961870e+02
3.998041973652898662e+01
5.190976453532473442e+02
-2.848687513271453327e+02
2.355607706856028187e+02
-2.049295030248934211e+02
1.269919260830706520e+02
4.669412516687585821e+02
3.420594460349308292e+02
2.137521175386398511e+02
3.288943401297478175e+01
-2.073143201493592755e+02
3.421546923949700272e+02
1.568416480325406326e+02
6.590552255927281067e+01
1.320945212349714204e+01
9.812151959244214083e+01
3.255595771937153415e+01
5.593605793905442880e+01
-2.153180339276484574e+02
-8.528618331968138477e+01
-3.704017190236344277e+02
5.182465289116526037e+02
-2.712084418950207265e+01
1.932823851958562784e+02
-3.049890306205938373e+01
-8.242902073580307842e+01
2.726008676409706482e+02
-3.832341045192058004e+01
1.784784104606787878e+02
6.859030802097307422e+00
8.717937700375860288e+01
1.233641472424913275e+02
2.428791916942628006e+02
5.235705449662526689e+01
1.486829131041514707e+01
2.342807745509588813e+01
8.567656051459456990e+01
2.685084797539216765e+02
-2.008847331045018336e+02
3.111340121473827480e+02
