1.143305640363587827e+03
-5.008336591212864732e+03
1.341442812911693068e+02
7.387174062168297723e+02
-3.134486514750044535e+03
-1.692127245239120384e+03
6.327690113595755292e+02
4.706793534390912100e+03
-1.959729208737912813e+02
8.704059434380304765e+02
-3.420710227631246880e+01
-3.081359605436606671e+03
-5.252276667679062427e+01
-3.400288319795122902e+02
9.075497314280789851e+02
-4.698359428600523984e+02
2.343431335743367981e+03
5.954062476684483585e+01
3.706104360658272526e+03
-8.694611171185566718e+02
2.355472404824072328e+03
3.141433316413465946e+03
6.900266464566199431e+01
-1.280356135324331262e+03
-2.770962312024748257e+02
1.747372916737130254e+03
-1.448505132445038726e+03
1.146603692002688149e+03
1.154412290979718136e+03
3.161181247582926517e+02
-6.597899300501502466e+02
5.359777754590963923e+02
-4.591743011835014272e+02
3.825578708584221772e+02
1.279510934474128447e+02
-7.834880093804721355e+02
1.311482272800665214e+03
5.893518409995042475e+02
-1.721795925820661068e+02
-3.437686352327767167e+02
-1.643790814365700044e+02
-2.786438635575620992e+02
9.015410571347442783e+02
7.011274523456240786e+02
4.876229924786659353e+02
1.506364107482169402e+03
-9.811743017540928804e+02
4.141352661185140391e+02
-8.065884377804886185e+01
-5.501482695282676332e+02
-9.542208587876301635e+02
2.484877840222017937e+02
1.430094120958393205e+03
9.992403158428465986e+02
8.416096802077801158e+02
-1.668999708549472984e+02
1.162376384180469131e+02
4.655447065940476392e+01
-4.963735746093000216e+02
2.404192712967141787e+01
1.141018201605429141e+02
-1.330297760349956434e+03
7.244453432668284449e+02
-3.937141148785125324e+02
-3.900874765597902751e+02
7.286235613525929011e+02
7.269710678758142421e+02
1.333557394942747294e+02
3.331860322370763470e+02
2.452672753822379264e+02
7.960753594081548954e+02
7.288066168169066259e+02
-7.035426841393740460e+02
9.623530123798893783e+02
-1.856581323268645747e+02
6.683409789929421549e+02
9.733426254661733310e+02
-3.077331354405960724e+02
1.746090126554746007e+02
-1.042827205526200061e+02
-5.923291280795299230e+01
4.591236665691592407e+02
-3.559544454449721798e+02
-1.153304767148957097e+02
2.525991058313051383e+02
-3.339541236132764084e+02
1.832297125629977756e+02
1.166551639061655266e+01
2.410727292862697624e+01
8.670977877380535404e+01
-3.685421831199125791e+02
-1.298362089188528614e+02
-3.045960173883258904e+02
6.545867327451669553e+02
-7.850486792008808834e+01
4.440759358875291696e+02
-2.740100301152463089e+02
-1.461255190993396695e+02
-3.686090552198076580e+02
3.729898182660782027e+02
2.411686648143133027e+01
-4.076497089089938299e+02
-3.108622996465579149e+02
-2.031813647825206601e+02
3.718381148451207991e+02
-2.526048227674044711e+02
9.299510738399955301e+01
-1.439189693906293996e+02
-2.843424355732886966e+02
-3.285997197289021443e+01
-3.815938208497784103e+02
-2.160676309590947852e+01
6.693342900103709781e+02
-8.458560990504790880e+02
2.599580795180862083e+02
3.472213444024221758e+02
-6.886926314292876441e+02
-7.104834330977656691e+02
-1.135180638297081543e+02
-2.208595649914035448e+02
-4.111494040605588793e+02
7.163388909602450383e+01
2.882970927936830776e+02
3.844982632935946185e+02
7.875508430547321836e+01
-5.165954654301100391e+02
2.620580900889173677e+02
-5.909564536125537870e+02
7.222745701963672218e+02
7.545178953780490474e+02
-9.075716635057472104e+01
6.945708733444374161e+01
-2.919471422455279139e+02
3.579331415797914815e+02
3.429115045888175359e+02
-2.431013154754646450e+02
5.460683026654086234e+02
-2.097816804462436551e+02
5.385616270267667005e+02
3.854159936567972267e+01
-3.288831160499763087e+02
-2.434771781581094672e+02
-1.362309932445655249e+02
4.225395840394723024e+01
-5.319440839859915968e+02
2.122511073240166297e+02
2.331542488678273344e+02
3.742225863300691344e+02
8.843847550793103096e+01
-1.964057826703895842e+02
-2.673033943350284289e+02
-7.136284245191089326e+01
1.647672276711092536e+02
-2.034944441748649240e+02
-4.433147310015579592e+02
-3.179368396138072512e+02
1.796173666575259347e+02
5.875162619338018430e+02
-8.026653530683520898e+01
-4.562289403054612649e+02
-1.942921636082924408e+02
-1.387098769974465142e+02
-1.514648557891437974e+02
1.298722416869934477e+02
-2.425210038529052099e+02
1.324293391865722924e+02
-3.137980135328232336e+02
-5.981635248151969009e+00
1.230290610473276303e+02
-2.742961653604860999e+02
5.786230222930818456e+01
4.387157270431575995e+00
1.580046714198071243e+02
-2.567451850152478414e+02
-3.936571338218323604e+02
1.612060961009719051e+02
7.768716471775784171e+00
9.990349613976222543e+01
-4.268039586739346305e+02
-6.683255714512142731e+02
7.205523580678393500e+02
-1.827949037933349814e+02
5.803144611769614585e+02
1.738939901383758126e+02
-2.686031055160666536e+00
-5.425437397096740142e+02
6.345337626691491550e+01
-4.796892638588280420e+02
-5.680895356688363762e+01
-1.241118428527022530e+02
-1.827929965508764951e+02
-4.726859727922081333e+02
3.590007782963680256e+02
-5.479776570587736728e+01
-1.531077144600258180e+02
1.447380611361189153e+02
-4.236851973902440136e+02
-4.818593875250900851e+02
8.650441614048121153e+01
3.645156690690609480e+02
1.451261129259583811e+02
-1.985173371649386240e+02
7.558977101178585372e+02
3.354834226210908099e+01
-1.694851342271058456e+02
2.548752971641629586e+02
-2.703006936580937349e+02
-3.495487454970453456e+01
1.676224515057133146e+01
-1.900476453700564434e+02
2.065243091845891570e+02
3.456418842621458793e+02
-1.114162712217268165e+02
2.768073498167582329e+02
-1.851767514739086096e+02
-1.983691874956718664e+02
-1.268124519565486281e+02
3.368013303201808526e+02
-2.635269179074208523e+02
6.002810438689879646e+01
-2.673169958689888404e+01
2.164561193510149621e+02
-1.745005159508293104e+02
-2.673276669777405345e+02
-1.092738762480793469e+02
-2.104239327823141252e+02
-1.992520150485305521e+02
3.168466636186220242e+01
-8.004563379919065369e+01
-6.931645115177606442e+01
-5.143623692557337534e+01
-8.362910468673224074e+00
-1.098934565294473344e+02
3.592465634619995996e+01
5.582557645282224001e+01
-1.270888384438609648e+02
-1.349893739480477279e+02
2.256837302822911226e+02
-1.288864585626276096e+02
-2.852329646352179680e+02
-1.372437506582978131e+02
1.289756498195143024e+02
1.965310015801543670e+02
1.095834337295344163e+01
-7.676174859289319841e+01
8.605212573864794479e+01
-7.320691551662280006e+01
-4.520652808138817846e+01
3.523995339057336196e+01
-1.272539215908696946e+02
3.412398708451346607e+01
2.726915324468773179e+02
1.582224246782189425e+02
-4.059970460605495077e+02
7.880324302063557695e+01
-1.346098966440725917e+02
-2.547536766029608657e+02
-1.252962455370981871e+02
1.148054129545509170e+02
1.668980608767284366e+02
9.549795947917156980e+01
-4.575743585541773406e+00
-2.054806663018111124e+01
-9.517554751162440141e+01
3.747442243526704715e+02
1.978033661788840618e+02
4.132952865055009397e+02
1.967975418860525849e+02
-7.625817005586424102e+01
-2.556064396567523147e+02
-9.869624867553275749e+01
8.540052630992713034e+01
2.191409795753689878e+02
-1.669720383327383217e+02
-1.014475805661761427e+02
-4.053185590805722427e+01
1.980701826695855061e+02
1.142517641866895417e+01
1.448482753178063547e+02
6.851673339263824403e+01
-1.539777243147401009e+02
1.855076153505797834e+02
7.924555578214041418e+01
4.416929192390302461e+01
1.921184589459513461e+02
1.862032352123987380e+02
-1.365165561215393950e+02
2.426884726819243667e+02
-2.872954986574347114e+00
1.708721097870950700e+02
2.924412073707973718e+02
1.697890450939929394e+02
1.201175540595273930e+02
-9.080033878023330374e+01
-2.851063358355540913e+02
3.073060767624822986e+01
-1.492338073479546097e+02
1.468673707788889615e+01
-1.143797045905811132e+02
3.071762694887812586e+02
