-3.747648600587759120e+03
-4.922372729748933125e+03
6.953239527541891221e+02
6.719054773423756615e+02
1.687088270042493605e+03
-1.700340616095613314e+03
3.156876764692431152e+02
6.662250429179869116e+02
2.010857361109500744e+03
3.094811607798952835e+01
1.113801481637289498e+03
4.840591996899445348e+01
-1.576818129409882658e+03
1.889694694919980975e+03
3.565642632170525985e+02
-1.147796198914873457e+03
1.818573277927495440e+02
-7.605694066503738213e+02
1.115537821842881840e+03
4.631981651920222021e+01
4.193093967542762925e+02
-7.486016733699080383e+00
-1.911806419312898981e+02
-8.539901891244623755e+01
-7.033627868319352956e+02
4.482497212928847716e+02
2.249097665698841411e+03
-4.001071944585668803e+02
-7.474102861774616713e+02
-3.647824337200099194e+02
-7.424557664971679287e+02
6.718916765745922248e+02
8.780334356948638970e+02
2.685457673420841047e+02
-6.074394071924422178e+02
-8.492298785629756708e+01
2.846214291146434334e+02
2.963863199424060895e+02
2.624533757848565756e+02
4.141293473840252659e+02
1.346188862771187189e+02
-2.368072131089056995e+02
-7.319478268419260303e+02
-7.714457375009415045e+02
7.468615551164773478e+02
7.675032802389275730e+02
-3.294424331746467374e+02
5.800807880571283022e+02
2.156007735093888869e+02
-1.922294593350327716e+02
2.207007782937174767e+01
-3.256934597225382504e+02
-7.290601112621684479e+02
-4.454186874276745698e+02
-1.098784923131828037e+02
-7.969357553469922095e+01
6.430513800985424950e+02
4.189096783524026364e+02
1.976923116883471891e+02
8.394226220540190297e+02
2.218277080121780500e+02
-9.405889230851407774e+02
3.570544683733880902e+02
-4.932745813864600564e+02
1.516375012101926245e+02
8.313746088125599272e+02
7.673627344238293517e+02
3.916197902554333155e+02
2.642310138836909683e+00
6.949771622700310445e+02
2.112742111729818077e+02
3.419233980389436738e+02
1.611562574386099413e+02
1.614834095036740678e+02
4.424621789232318747e+02
-3.750178817817773336e+01
6.954253702072179522e+01
-2.963578887502023917e+02
2.446858019199711975e+01
-4.255678828699308269e+01
-2.794112780135058074e+02
-5.203641718740700526e+02
1.490347826205589286e+02
7.145102638408460507e+02
8.707738993134945531e+02
-5.727922931203163870e+01
-4.656693436480096011e+02
1.281149102416859762e+02
3.146398637582946662e+02
-2.056845111384054405e+02
2.791639572061786794e+02
-3.595432668520834909e+02
1.656600623892439899e+02
1.949464967519150491e+02
5.744936748425012638e+02
3.402961233239803960e+02
-4.251792632344029812e+02
-1.049255495443704120e+02
5.560919874690671350e+02
-4.626648617918792183e+01
-2.012796347742909688e+02
-7.651822329355333352e+01
-3.262486507335013926e+02
2.435440108208477170e+02
-2.612770142227530528e+02
3.929024302247586888e+02
6.137079541257273263e+01
-4.936144512378279501e+02
-2.878102785805617145e+02
-1.262679003850825268e+02
3.212319849695479679e-01
3.441830944842735818e+01
8.850240610911458816e+02
-2.223593829591279416e+02
-3.394968140796099476e+01
1.967642498227575345e+02
9.371152698546448789e+01
-1.651027901310912966e+02
-1.992995337105572844e+02
4.360545476900838935e+02
4.403145836751116349e+02
-1.307055211102571946e+02
3.053635602057265785e+01
-9.457352644426345023e+01
5.780995613193580311e+02
8.968631346392972148e+01
-3.476400314401948322e+02
-1.834437148623782718e+02
4.576744331070986505e+01
7.092625002533139877e+02
-1.986489171777879505e+02
-2.752124908152132434e+02
-5.570132685327655508e+02
4.778381317811129065e+02
2.901328985906034745e+02
1.727919651280564040e+02
-9.219028589446602950e+01
5.485233042776707180e+01
-2.415456326960811495e+01
7.977740657097067469e+02
1.449657311886000173e+02
-1.959358755260033647e+01
5.166412624280548016e+01
3.664826616975369120e+02
-6.850265398657542448e+01
2.366310404569095454e+02
1.570339092873042546e+02
7.698016300062243999e+01
-5.895658317328820175e+01
3.300493141338990455e+01
-1.240575163156848930e+02
-1.864254104093736260e+02
-3.015743159701012814e+02
2.347932282017748662e+02
-7.712486079251617639e+02
-1.491035361555147745e+02
-1.139116249488444055e+02
4.885281940533609202e+01
8.140266640610543902e+01
1.903698865471800445e+02
-1.431901864162368909e+01
9.002215938701239395e+01
-5.564082113094548276e+02
3.297440429678358100e+02
-4.721242930046482229e+02
4.922587176980076151e+01
-2.831462351129751482e+02
1.420003700040941226e+02
2.724121548501990446e+02
-2.787277608454602387e+02
-2.949529239744887121e+01
2.783462562359424055e+02
-6.800492309861557771e+01
-2.512304026777198089e+02
-1.152861459833308544e+02
-4.279105058984045939e+01
-2.374445850851778914e+02
-3.242709057582586070e+02
3.273472397119529091e+02
8.809885360282113709e+01
1.778959364086614130e+02
-6.975517439911637041e+01
2.569498513593956091e+02
-1.548180351329187090e+02
7.638051326434244004e+01
1.023424701342442660e+02
-4.403846214018068963e+02
2.113222790172773102e+02
3.152414851964032323e+02
-6.821437772247340092e+01
-1.113450863643405597e+02
-1.448278083221904637e+02
1.829063547024590264e+02
4.156809316078790317e+01
1.865758085084498532e+02
-1.229601546242758729e+02
-9.360961401735065124e+01
-2.249994401950114025e+02
-2.355837214541306253e+02
1.085575746270000934e+02
-3.716338116651957080e+01
2.313291704284741570e+02
5.894619059701145858e+01
-1.682015683310827399e+02
-9.652975154149790171e+01
-3.719498417352200992e+00
-7.188823801097134947e+01
7.499538298386472945e+01
-4.852908841819071739e+01
-1.470482681350902681e+02
2.580406069034816028e+02
-2.889738275884858467e+02
-3.717674861320701041e+01
2.083012824290769061e+02
-7.371132922640619256e+01
-2.444546325601671697e+02
-1.080458079411015575e+02
3.276452018996540705e+00
-6.494573011764211401e+01
-2.552177047378052919e+02
2.071081177956143904e+02
6.816034255197099867e+01
1.108518361148783384e+02
-1.604392316605855910e+02
7.894849052314553717e+01
5.251290577224073530e+01
2.098229859186151032e+02
1.313855935801570070e+02
1.257841405741954155e+01
1.406561574576285523e+02
-7.680828470555486831e+01
-2.376387140580769710e+02
-2.972240943863329790e+02
2.390437741860726248e+02
-1.584496386696478787e+01
-1.619816714485952218e+02
3.432590822012145537e+01
3.357926131425425069e+02
-9.107022605327115627e+01
-3.401755002996707162e+02
-1.034823403165594513e+01
1.927832816793103916e+02
-2.031643888924584118e+01
2.426104407073315983e+01
-3.390173365361134188e+02
-8.580388035314331319e+01
1.872689146606865336e+02
1.614001993167060505e+02
3.395989119041493609e+02
-1.264299285907345336e+02
-2.056519378093770740e+02
-2.190450331557824626e+01
-1.088574314682741715e+02
-2.360424571004115251e+02
-5.121897794821011729e+01
4.532655187030901089e+00
-1.055952043986022488e+02
-8.182123365844034879e+01
6.645618484309851226e+01
1.057417177917864279e+02
6.588875829341716894e+01
2.636160052567087178e+02
-1.060837435016642587e+02
-1.676170269335971739e+02
2.541840779036679692e+02
9.762113281582298896e+01
3.700550102950198266e+02
-2.475647874740449197e+02
-1.049367119394817394e+02
-2.667038468853484687e+02
1.150280075270890876e+02
-2.589104723176791936e+02
1.882144483498445808e+01
1.833645562288369035e+02
-1.971585427181276202e+02
2.928463680976062378e+01
2.086612602507357508e+02
-1.980796481110775886e+01
3.044814772343535765e+02
-2.001534762905657487e+02
-3.085231212698503711e+01
1.986794037834782145e+01
-3.925064754534160016e+01
3.974431382747525845e+02
3.270316435521571918e+01
8.431154791908662105e+01
-2.399272598718859797e+02
2.010362198464121377e+02
-3.245807236734381007e+01
-2.375779358196410840e+01
1.648660066600276082e+02
3.333346926377786446e+01
-1.694810568222643710e+01
6.385048070687546584e+01
-3.472085157298952822e+02
-1.121669302463389215e+02
1.568495571663441410e+02
-1.822221955583731585e+02
-1.775464951925748665e+02
2.001765303844472896e+02
