-5.414116558137220636e+03
3.665362953770109470e+03
4.011945798111015392e+03
2.790862974254098845e+03
7.969028076542385861e+02
2.439504187098735315e+02
2.763621819744827008e+03
4.885604260228894304e+02
8.229108001814881845e+02
3.150770124473960095e+03
1.198617988102809875e+02
4.378559523760536081e+02
2.856074975118240218e+03
6.034871118867720270e+02
9.177291387179053572e+02
-5.783679098800195106e+02
1.267141287584102429e+03
-9.945243022435913645e+02
-2.406287699386986390e+02
5.762081412535036407e+02
6.878601033107861440e+02
5.188042352492630016e+02
-1.201585362688920441e+03
8.286004737813541396e+02
2.351098167018529352e+02
-1.571776176312954249e+03
1.333399826039292066e+03
-5.305075298007394622e+02
1.044870729543385323e+03
-7.104793888386032563e+01
-1.228662650635354936e+02
3.720887471425464810e+01
-1.359964270413853740e+02
-1.311820602883875836e+03
-2.832610234320961240e+02
-3.200362049091368135e+02
-2.070652988343960317e+02
6.142134805058573193e+02
-1.430902316490708017e+03
9.254229457090833648e+02
-1.627570647060126703e+02
-4.668610189417250353e+02
-1.077626920631924037e+02
5.093212496045858870e+02
9.793664107716634817e+02
-2.528677439992993072e+02
-4.492907912856826442e+02
-6.540704484512040153e+02
1.724413399923257373e+02
5.941049827880153771e+02
-8.433798417735606279e+01
5.736831037868208796e+02
1.032397267856213148e+02
4.240216928277366151e+02
5.259672204043071133e+02
1.063694285369003296e+02
8.594105363348040783e+02
-1.558163378537418339e+03
-8.314258965564128800e+01
-4.754716503320317997e+02
-2.615311570450103318e+01
1.406845740041039790e+02
-6.271711777584387164e+02
1.810532079962830778e+02
-4.881777294403894984e+02
-6.870388509161914499e+02
-2.363432263783654150e+02
-2.842432527315713742e+01
3.110689667719265117e+02
6.335825178296398690e+02
-1.193345725211526513e+02
8.050783959408516210e+00
-7.291991343106308250e+02
5.360669219666315257e+02
3.004553460289088207e+02
3.921035962933065662e+02
2.026194289863824167e+02
3.772531084483298258e+01
-6.310560695592921832e+01
-3.323580387547626742e+02
5.909673984248298666e+02
-6.055676423913294002e+02
2.666442493808300469e+02
7.277476529917552170e+02
6.447736829279836002e+01
-1.409840210483897920e+02
-2.071961066500629158e+02
-4.294616830895574253e+02
6.615588896312290217e+02
2.901954823337723610e+02
-2.748163772914095944e+02
-3.383822280364204858e+02
-2.184131063572153266e+02
6.212699660894211107e+00
1.618991720444402347e+02
4.791478006196114414e+00
-1.698523016610727154e+02
5.859574936066865121e+02
1.197619223757782265e+02
5.111585606178449126e+01
-4.498481488607870915e+01
2.774485526373167659e+02
5.939914836622252636e+01
1.623996917996452538e+01
-2.936306878928256197e+02
1.104027546488296849e+02
3.827010629789599250e+01
-6.823505569204924370e+01
6.534926681057976339e+01
-2.185868064527400350e+02
-6.399051842842905558e+01
2.804335359527988203e+02
3.217152473153836922e+02
-7.683740984162925258e+01
-1.816188162234554682e+02
5.187275794114857774e+01
-4.700622786774414408e+01
8.589162509279299229e+01
2.908010667314405140e+01
-3.598706796521034335e+02
-9.279309935988221980e+01
2.006003685765251703e+02
-2.087764071230765524e+02
-8.174091584349629613e+01
-1.487941006585584205e+02
-1.336030729556251799e+02
2.293159740142910721e+02
8.959005879857438970e+01
5.944963382692502307e+01
2.903329729825833851e+02
2.248464711710023778e+02
-1.307469988730169916e+02
-2.237529813939063388e+02
2.233457202987879100e+02
-1.983710216408004499e+02
-1.139626522196909093e+02
-1.882499173872156817e+01
-3.501820346662142924e+01
7.732817996226006585e+01
4.631001834578915322e+01
2.304498139713882665e+02
1.263713016925596122e+02
-3.852965350994894678e+00
1.001264502361744775e+02
-1.570348538809602132e+02
-3.888185816129757555e+00
3.225950882678112634e+02
-2.895753927687314331e+02
-2.308291183717331876e+02
1.703633338519738061e+02
-2.760239047591294934e+02
-9.973704336795992731e+01
-8.866361472933931509e+01
-3.019936838833410206e+02
1.609263688608905341e+02
5.659331126027366565e+01
8.685041141909825058e+01
-5.139085937904348356e+01
5.251849958485294678e+01
1.325378513835333365e+02
1.223633036698131349e+02
8.019741578401300330e+01
-5.448059892192778619e+01
1.298284269349574345e+02
4.973822029186723626e+01
-3.800521264339693062e+02
4.679485774199089576e+01
-8.454182340740845802e+01
8.952438047486293726e+01
-2.025005506745295349e+02
5.816839673543481837e+01
1.296161967524716658e+02
6.413967632834263100e+01
3.413416088603030119e+01
-5.308238440001221647e+01
-4.240263816788476561e+02
-1.661149792152089617e+02
-3.593551280801885355e+02
-1.664123950340344322e+02
-5.499318726540148106e+01
1.352243296962658690e+02
-8.007324152913464843e+01
-1.775355107781152810e+02
-2.095345679389125735e+02
6.238699705567769627e+01
5.866694909306881556e+01
-6.153562230559686697e+01
2.868421180022003227e+02
8.459916238138485767e+01
-1.439415588533898358e+02
-7.729733881912129512e+00
-3.185959959844151399e+02
8.618796671780462759e+01
4.623453519318169214e+01
1.547500009774528849e+02
4.211752232080859670e+01
2.184187939480674743e+02
7.646288579875373692e+00
-1.236656582374568991e+01
-9.345777865125609196e+01
2.335158770854922636e+02
-5.759155850610333260e+01
-2.012670107232017358e+02
2.559773934586364703e+02
-6.916142522864123521e+01
1.947497594335717963e+02
1.052934763601987953e+02
-4.899624323536993842e+00
3.004955759138890699e+02
-1.438450751476281937e+02
1.152743312687207009e+02
-2.725181252135913610e+02
-1.177477290240831564e+01
-4.737077349898727086e+00
6.012221805933790186e+00
-1.976994793081398427e+02
-3.587509016049047261e+01
1.151534397868810373e+02
1.041720794580043616e+02
9.323514023498276515e+01
2.792998309144752511e+02
1.000124400921113761e+02
1.103446170136067650e+02
-1.129206496743437214e+02
4.793789300226645622e+01
-3.274309002867727969e+01
-7.528303373683844057e+00
-2.124800592892286204e+02
1.495165184872717532e+02
-9.652657700902105287e-01
-1.601240830312517573e+02
1.239892489012163850e+02
-4.729607802588126475e+01
1.688365151025375894e+02
-1.354224304807200667e+02
1.085270361495193470e+02
1.321365945808015852e+02
6.624077736376307257e+01
-3.635027139210629343e+01
-1.221407374898052041e+02
-3.852407030365100837e+01
7.537265192908904510e+01
-7.339836270335712243e+01
1.913563007004444785e+02
3.579798388304884327e+01
5.780887416961634528e+01
-8.834047686691516788e+01
6.870654363658798047e+01
-9.329296733708190459e+01
-1.050921331915180872e+02
-1.373877431087309731e+02
-2.516517940307485048e+02
-1.758434187378943250e+02
2.089690296327409058e+01
-5.391664681746394905e+00
-1.002925263841160302e+02
8.035163035044550384e+01
9.560997440311487239e+00
1.248018608831700078e+02
1.023442338456157046e+02
-6.411844234782421381e+01
1.522849543267590455e+01
-6.123416533481861990e+01
-1.371224523975352305e+01
-3.485783870773136783e+01
1.972493067362510288e+01
7.179324283969278042e+01
-2.808501480267067407e+01
1.263246578913365994e+02
-1.914150077876156502e+02
1.503036028840818972e+02
1.505716391055019585e+02
-1.551469083104326785e+02
9.538815603608810534e+01
-6.642712048776473921e+01
1.399887201089581765e+02
-6.570280746528365512e+01
-1.969381787446235421e+02
3.554496338031009373e+01
4.043387212866218050e+01
2.000501594173740614e+02
1.034310798639507709e+02
6.813005778662622447e+01
4.756535933959381879e+01
-6.682532971951025047e+01
4.279655353039818522e+01
-5.674675312134241523e+01
-2.122512050427823027e+01
-3.257163591230958133e+01
7.926771145427615295e+01
1.129932395266249330e+02
1.240290472479611310e+02
8.343136045177442384e+01
3.179835459695345534e+01
5.707754136247789489e+01
-1.184214361373986435e+02
-5.245707142064044426e-01
-8.979074421381370996e+01
-3.550115650520721999e+01
-4.763587389716928300e+01
