-1.774880397548554356e+02
-1.109992293050051103e+03
-3.324026859236176534e+01
2.187563496529822373e+02
-6.175942472883171831e+03
6.530180995821035594e+02
1.923887076654572752e+02
3.722666910503992767e+03
-4.431323442300093234e+02
5.804790035338509568e+01
1.324186485276913800e+03
-9.448804040438351421e+02
-2.129429344078949725e+03
-1.118446297661747849e+03
1.168904289639077433e+03
-1.481091506371180913e+02
1.083747414469779415e+03
8.920839107866125772e+00
2.169150542075165504e+03
-1.115572115136052389e+03
1.476880930884360851e+03
1.378815011128645665e+03
6.399047524303209684e+02
-2.168524273151216221e+03
-5.226780147404364243e+02
1.069198367092376202e+03
-5.883229128365085217e+02
4.976196269605471798e+02
4.028009250745140548e+02
-2.850783606802042414e+02
3.165841715654157724e+02
-1.394970369408540137e+03
5.300045002271842804e+02
9.554512116127407353e+02
9.866507104173424523e+02
7.586893613974274331e+02
1.105901433800154564e+03
-2.295583815077323209e+02
4.541174868264013185e+02
-1.852882144752830982e+03
-2.574951345807057805e+02
8.419647380351686934e+02
9.939927386509026519e+02
-6.483670624786885810e+02
-4.839364596723164169e+01
-3.922016100020430258e+02
-1.969617629966341781e+02
1.120495795425773849e+03
1.334886553845275330e+02
1.482933352408382177e+02
-5.889750489225041292e+02
1.138319594526958838e+02
4.465852964640857294e+02
7.265854599801665472e+02
2.060044562331433553e+03
-8.349027651640785734e+02
-4.250207244646722415e+02
-5.892956003131234866e+02
3.401693761446697408e+02
-8.276933212919374228e+02
-5.644141488153739772e+01
-1.975271260096863557e+02
5.638675396091285847e+02
8.509381173456668535e+01
3.008157779282728939e+02
2.550235479199696158e+02
-1.845790118324341051e+02
-3.374973613489311219e+02
2.752541244947911423e+02
5.172967930384900228e+02
8.911666484749233632e+02
6.960282871364187258e+02
-7.395761508412780358e+02
6.253047081381910175e+02
-5.190602285496797776e+02
1.152829611292185291e+03
-1.241759845363435488e+02
4.868009318796002844e+02
1.515665215110047370e+02
-3.608956618155928595e+02
6.043249451925728408e+02
7.137463961875666882e+02
-2.747405228432672857e+02
-7.836382518255506966e+02
-6.125876475812225408e+02
-5.765814934711765005e+01
2.812144094749533565e+02
-2.162492111652045779e+01
-3.661145303075438164e+02
2.095961128027240647e+02
-3.253311537897955645e+02
5.898415286719922506e+02
6.051792040725542421e+01
8.152739309773907053e+02
-6.400212794016208591e+02
5.492268619570911596e+02
-3.253408311233181394e+02
-5.486277849126422552e+02
-5.888550240826958770e+02
-1.140411353061701583e+01
5.018009903861913017e+02
-1.034294588736678406e+03
3.633509874174317389e+01
-4.593968784507992495e+02
7.226281621732240410e+02
-3.000486183999515220e+02
5.243371079375541512e+02
-1.335536320197339535e+02
-4.343592037207342855e+02
-7.248085635690539164e+01
-4.745477389791819292e+02
-1.561056974257547836e+02
-6.085644407484406884e+02
-5.203848048552956698e+02
1.280422238221943303e+02
1.538071661273624215e+02
-2.592901235358963845e+02
-8.085708304453302731e+01
1.233888048773787460e+02
-6.805171427197696410e+00
-7.335002039590625600e+02
3.450737111427248749e+01
7.968019701434317881e+01
6.686367231035043233e+02
-5.021743250580079376e+01
-4.664745546048897609e+02
-1.821848248209317376e+02
3.271981157451280353e+01
3.693823647849830536e+02
1.942061106061632358e+02
4.049299224905880834e+01
8.310469644409228067e+02
-2.534891478793042268e+02
3.541332198378026419e+02
-1.100468894498434622e+02
-2.524227517788142166e+02
6.591285309708433715e+02
-2.463430252034249008e+02
4.632453562116147054e+02
-1.136457009397232696e+02
1.184349032900094727e+02
-3.525117049951309127e+02
-2.302168499291113335e+02
2.470612698293982135e+02
4.473371378298347167e+01
-6.505903313337479688e+01
2.722712260458998799e+02
1.914992413653215806e+02
2.088887665691952122e+02
2.578009548934748523e+02
-2.111640643803113733e+02
-1.329152065567447210e+02
2.800784791976089423e+02
-1.654980844632759940e+01
-2.251757264587968734e+02
-2.130439232151277054e+02
6.106154247787888778e+01
3.876890371586105744e+02
-1.225621653951815802e+02
-5.516482530555856556e+02
-1.309758952326005499e+01
-1.319213899094837439e+00
5.102242624699454865e+01
-8.884031937326195560e+00
-2.337366640216704354e+02
5.858826037588517011e+01
-9.218575924403755550e+01
2.324011345456111712e+02
1.725700310813403462e+02
1.273693803037698302e+02
1.407417110802912497e+01
-1.508332030724263007e+02
-2.344201905067018572e+02
-1.257311659855649992e+02
8.035821714136146454e+01
1.920975865326664689e+02
8.374298502937294586e+01
-1.025694356297048131e+02
-2.782959992190266121e+02
-3.844204635637711931e+02
3.644730659258140690e+02
-3.037967489634801268e+02
4.461572450480332463e+02
3.101001765603704712e+02
-1.810842048501006616e+02
-8.143873479827618667e+02
2.611672194765719155e+02
-3.954593002218558695e+02
-1.782198805626175329e+02
5.288265789223536473e+01
1.033352634169353621e+02
-2.535250723098849335e+02
3.760248006549117861e+01
-2.221967454437614151e+02
1.082264344361030339e+02
-2.996984009487045242e+01
-5.178741786221756911e+02
8.696424187692620933e+00
1.051875341571096527e+02
3.492375727099080791e+02
2.758715234365253082e+02
-6.275795598216134863e+01
3.659027508097308328e+02
1.249657599028932822e+02
-2.646912788168069710e+02
1.762341335816658159e+02
-4.494303677818371057e+01
1.127079648321035243e+01
-1.450855601908277492e+02
4.613292192520830071e+01
-1.672409592594843559e+02
1.772455541719963321e+02
-1.226560995676259154e+02
8.754528014252275625e+01
-1.294358315678167912e+02
-1.733312553207514028e+01
1.863054580069901434e+01
-8.362229533070397736e+01
-1.853404047523732459e+02
4.069621292206172143e+02
-3.017486127256282202e+02
2.535107258570115505e+02
-2.507622238034319935e+02
-3.663887989360221127e+02
7.264092592179038377e+01
-4.404213998558587946e+02
-2.038300283711999725e+02
-4.755096671933087826e+00
2.426012799798254349e+01
-1.557216690436668216e+02
-1.702473369291286360e+02
-1.135686958772994188e+02
9.148903300643799241e+01
-1.196447593944796495e+02
1.854471533580550329e+02
7.063891361920545364e+01
4.202677738343712122e+01
-7.736042563622368107e+01
-8.947377666487504655e+01
4.645822804528096839e+01
-1.344754025073267485e+02
-6.084613371352809708e+01
-3.900596963978103986e+02
-2.903277320112422331e+02
6.097601966919370398e+00
9.123577547511690966e+01
-4.003519517400552274e+01
3.775260334900694659e+01
-3.018276589197622428e+00
-7.322915915390939290e+01
6.102927946106242416e+02
2.999542049797092318e+02
5.279415588958238459e+02
-1.146928485695059976e+02
1.731448702165722295e+02
-1.496718855756584503e+02
2.490734919569678851e+01
1.306344608276176977e+01
-2.312709716175574783e+02
1.108034680809278854e+02
3.723698125257865144e+01
3.163305522293566696e+02
-1.010339500574554279e+02
-4.360226892529443887e+01
5.966524141241057322e+01
1.127560863741481825e+02
9.673837430894565159e+01
2.595810944007927219e+02
1.760045990339466186e+02
-2.224706618730500054e+02
-1.337231383181310491e+02
2.963457097038037773e+02
5.971711309688902247e+01
-4.347725609829158770e+02
-4.153852808872385793e+01
8.050742037030464360e+01
9.028068819319042859e+01
1.597407367357422743e+02
-1.017209102923835928e+02
-2.113731172380589953e+02
-2.189393141668600151e+02
3.459951798782221886e+02
-1.504468975722163293e+02
7.539432533990286345e+01
-1.634425687649298098e+01
1.121678391209828618e+01
3.154727316389177005e+01
-9.589916699732525274e+01
-1.429378000502452721e+02
4.365107337244759833e+01
9.673385801518175242e+01
1.726674650537671880e+02
8.546401731228843346e+01
-1.381072089260628211e+01
-1.997700397780332793e+01
1.251366887848695200e+02
-8.037683954223304283e+01
1.932897316221529422e+02
-4.035558490018898681e+01
1.820990844872465573e+02
