-5.171846162849208667e+03
-1.353434019469123541e+03
-2.547360467213346510e+03
-1.921233457160938656e+02
-2.709529725563490501e+03
-2.171198813051086290e+03
-9.401443676532589961e+02
-1.186087249176605383e+03
-6.827065172754912226e+01
-9.406409755590314781e-01
-1.413552359256241743e+03
-3.769235550248643449e+03
7.535034245271800728e+02
-3.122853837068428220e+02
-1.467715202807244395e+03
-2.230570970903051489e+02
1.428450344770059928e+03
-4.541454428889538235e+02
-5.679256085653459252e+01
-5.113884700483782240e+02
-9.415687994395864280e+02
3.804720753078452731e+02
-1.443641003512325369e+03
1.251044983146886352e+03
4.541613087736308785e+02
-4.474499132328882069e+02
-2.703804165740438492e+01
9.179515656632055425e+02
1.626228368915352803e+03
5.129468891539278275e+02
-5.514801029758060622e+02
-6.728847101610105028e+02
-6.611327857782945330e+02
5.338535721816977002e+02
-5.487417259080575604e+02
1.820259348235113350e+01
-1.329418181879240421e+02
2.872026057640554768e+02
2.235285919296379120e+02
-3.100522696989189626e+02
1.218596489690849694e+03
7.601021215222262981e+02
3.903472509072765888e+02
8.238202571869646818e+02
-1.869680880138694761e+02
4.812934810301820789e+02
5.270149045006156712e+02
3.081608000263464646e+02
-8.359867601351045323e+02
6.753444601283573547e+02
-6.911312033215496342e+01
7.775632743760544372e+02
1.422344746131015256e+02
-3.977249010738555626e+02
-1.741173231034074149e+02
9.533122310668244381e+01
1.084679095844566518e+03
-7.198888749899773529e+02
9.622231931686785344e+01
-4.005253407789625157e+02
5.357311619527987432e+02
-5.156814721135543778e+02
-2.743794491038852357e+02
2.634201515825980664e+02
1.976110303270629913e+02
-2.048704389649493294e+02
-1.201035880427011620e+02
5.077063019249037552e+02
4.970306277115589211e+01
-7.693188643359891330e+02
-3.755714350941302087e+02
-1.219205165888539995e+02
-5.152117349330445677e+02
-2.086926050730516522e+02
5.909645776273426918e+02
-5.301490016355768375e+02
-1.347162637663311102e+02
-4.330413504230243120e+02
3.023963272990516771e+02
-1.061044871881442333e+02
-3.239508138455977360e+02
-9.193567165363125469e+02
3.560377041254416497e+01
2.414344056880072742e+02
2.702637595696443782e+02
-2.840083821170171632e+02
-6.081115231629773916e+02
-5.282713110791238478e+02
3.236890604122509671e+02
-3.045361418664730735e+01
4.376135465895294487e+02
9.231235226839690711e+01
-2.300438368937432756e+02
-4.187072695355929142e+01
5.787862732046181691e+02
-1.600192004366729748e+02
-4.051380676796585334e+01
-1.081142388429826724e+02
-2.098724242933151061e+02
-2.239745537849267407e+02
-4.296312707193605434e+02
-3.041990721198926622e+02
3.963173105873145232e+02
-1.044124044045875621e+02
-7.121704944316994101e+01
3.810301144949725938e+01
2.485402300589041715e+02
-8.337400713992494161e+00
-2.151717451859142116e+01
-1.082225766882649509e+02
1.946266081197072708e+02
3.646838905727014435e+02
2.297412241738948637e+02
2.129172696790710688e+02
-4.413521066191292448e+02
-9.148587658917865895e+01
-6.492815669469925410e+01
9.210899105399964526e+01
6.423484081138378770e+02
3.000466680157203569e+01
-1.356679046262495092e+02
2.589467817376024072e+02
-4.860858268380400915e+01
-1.408304623413387162e+02
2.219369422294228400e+01
-2.800551417148346900e+02
6.204440663863559280e+01
-6.644816698682626566e+01
-3.502829300347552248e+02
-6.370063938238892121e+01
2.768952747526048483e+02
1.611214367100758409e+02
-1.308194969228865148e+02
2.220735053391070153e+02
-4.937814410985230751e+01
-1.006559317094673673e+02
-5.355689378049643778e+01
-9.561257829589827395e+01
-3.199058242361365956e+01
-2.689822661286965513e+02
-1.018191669578649616e+01
3.822478493284488081e+02
-7.287168743631301027e+01
1.891487681560184342e+02
-2.893778381798807118e+02
1.339345435732860778e+02
1.036490516539128350e+02
6.280453864119288454e+01
3.744193821631350971e+01
6.386328766882722903e+02
-2.372218520039762097e+02
-5.797699266014350883e+01
1.102309466946058194e+02
-2.835331494978181581e+02
5.414981711259336095e+01
7.977691371913904561e+01
1.660492003419719031e+00
-1.779764540271613384e+02
-1.261318108384686099e+01
2.733450553887515184e+02
-7.040249666976382059e+01
-6.544584725351640486e+01
-9.042290495664748562e+01
1.118418484249692710e+02
6.606107382608502121e+01
-2.872677500431232716e+02
-2.058038849668366765e+02
-1.119843061967065845e+00
1.621927091049178102e+02
-1.022662400206962019e+02
-2.967877556004449389e+02
-5.224973485635621273e+01
-2.696125114774796216e+01
-4.087472324848731375e+01
6.823546927211279467e+01
-1.862641883334958948e+02
-4.355160311097254748e+02
-5.332336807404124102e+01
4.041553335153766113e+01
-5.693766512554678627e+01
5.481947543299208547e+01
8.980560752850652761e+01
-3.118484522665573877e+02
-1.761386353391340549e+02
1.621806244292336316e+02
-5.919976456390783426e+01
3.915968516388707599e+01
7.243140092038527200e+01
1.905728837147196089e+02
-2.028189499893071002e+01
1.250442646819367667e+02
-2.357621369540076444e+02
2.406847448969300842e+02
9.825426112477968843e+01
3.392205813216671828e+01
5.615742598782720307e+01
1.846046681742137991e+02
-1.145169456691266419e+02
2.345024273680954536e+02
-1.744126396104951198e+02
1.447577537949876216e+02
1.575194278894764182e+02
-9.414977382457999511e+01
1.780829905469533117e+02
5.636168050845604682e+01
4.371370076263471560e+01
6.858959082567390908e+01
-2.083888591988310779e+01
1.023065206114840890e+02
1.308671567070306985e+01
-1.969700434119716803e+01
-2.263362300925235502e+02
3.595048567703159392e+01
-6.417984355608651548e+00
1.280280148480796640e+02
-1.888059311312040620e+02
-1.516396644267005911e+02
1.638368912721610968e+02
1.371629566834303375e+02
-2.618169166894601574e+01
9.127159100905726064e+01
2.986595097044280056e+00
8.106765761353968003e+01
-1.815880489686798569e+02
-9.509534568574301261e+01
4.466665112758180101e+01
8.809419506567869007e+01
-1.372635695164538845e+02
1.032717429637259841e+02
3.952800576675597366e+00
-1.303991115643556213e+02
1.394590114577011377e+02
-3.783409529495683188e+01
-7.444574617136197503e+01
-9.453144827492721447e+00
-6.741733779309249996e+01
8.078562242006704253e+01
-7.928696876692816886e+01
1.370109980281247033e+02
3.694391886258730295e+01
4.866618040951662749e+01
4.201433196943117565e+00
-1.935755566562040713e+02
4.595910863627779008e+01
-2.986024649818837418e+00
5.576407881694670721e+01
-1.884115927056092232e+02
7.571915763122670739e+01
-1.836433738858508846e+01
-2.968386481028226953e+01
-8.333047122189026368e+01
-7.522224085158109119e+01
2.361889680299017158e+01
7.519696206041723485e+01
-6.815636157364065184e+01
-3.295450760652267519e+01
-1.790809168922918460e+01
2.426347719151095816e+01
9.257236664353433753e+01
1.430058647103260228e+02
-5.956888704761453823e+01
4.264484118795095924e+01
-2.720138224692463780e+01
-1.128636280851155931e+02
-1.327297435046456364e+00
-2.065314292464432100e+01
6.723580164695829353e+01
-4.926330167310893415e+01
-3.281616467857922714e+01
-4.845547881929515199e+01
1.847495141414503053e+02
1.173905350014913438e+02
-3.275466331151065447e+01
7.002507140826648424e+01
-4.796006748395214458e+01
-2.250239581902227570e+01
-1.308903277667499765e+02
-1.115683469929384586e+01
9.196179259266867234e+01
-1.109176137260636352e+01
8.535262253569671032e+01
4.016499795021272234e+01
2.491893399310086181e+02
1.550749573335741083e+01
-2.534129984872188501e+01
-5.665500829084405154e+01
1.262130573672143612e+02
-5.305558845556822689e+01
6.573392923534042609e+01
1.023426002668721395e+02
3.703731941284851104e+01
1.174297088592328606e+02
3.764372345185311985e+01
-1.394457916492017890e-01
7.062800216333573644e+01
-8.984018145835334224e+01
1.350720253384536385e+01
-1.327430675008564833e+02
6.626104813349351730e+01
5.561737099020063368e+01
