-4.514490920398117851e+03
-4.420482681856680756e+03
2.287297124299157531e+03
-5.537077703588864352e+01
-9.439995182074886770e+02
-1.236024934447274006e+02
1.256719944606114495e+03
-2.347629916077210339e+02
-4.951379065607628718e+02
-2.586765947564276303e+03
-2.229413329874485328e+02
8.108521385518523630e+02
-1.499903442982067872e+03
2.056941090897180857e+03
6.642690706972050521e+02
1.699168275789352720e+03
-1.709916255588145759e+02
-6.146353264772230887e+02
-1.189124808324024940e+02
-9.664535437752273310e+02
5.565611374579450512e+02
-4.654326015652825532e+01
-6.495844779691185522e+02
1.099971483170842021e+03
7.225276000454397263e+02
-3.454984018116070956e+02
-1.050238453668792090e+03
-8.894097929547069725e+02
-1.307238931026020964e+03
-5.533578634438465542e+02
2.175996435834762451e+03
4.433310844066858181e+02
-1.284201066496116255e+03
1.432132558999143157e+03
-1.198638323961889910e+03
-8.180542700068903059e+02
-2.037840779263124887e+03
-6.436629719895137214e+02
1.762078620176625350e+02
-1.838359912445448856e+02
7.793548625669775447e+02
2.517718610930856187e+02
4.837125398503035285e+02
-2.095129313123814541e+02
9.638992234070250333e+02
7.137778703766522312e+02
7.349294791120221362e+02
2.989028867253298927e+02
7.078761066544101368e+02
-4.187666187762783210e+01
-1.517836070327719881e+03
-1.554492790144840683e+03
3.331148494071210280e+02
1.833652887893915135e+02
4.371254087295507134e+02
4.379686065475374335e+02
-1.239380408832142848e+03
-9.364893311280084731e+01
-3.040988309946745858e+02
-1.978790950784909342e+02
1.110606317257025239e+03
5.746215809000851777e+02
1.493935085492720873e+03
3.495831121438236551e+02
-1.681781124751662730e+02
2.651639310091687207e+02
-4.586204944251001052e+02
-5.038333598310431967e+02
2.733916656948882107e+01
7.185895631330523656e+02
-2.756706443003112668e+02
-3.758156265764415593e+02
2.551158685553476175e+02
-4.779101963424294013e+02
4.085543991298439437e+01
-5.497895798444070579e+02
8.752485170748143162e+01
-1.025912144668890278e+03
-3.810815909648035245e+02
-1.225322370367760882e+01
3.429070141973937780e+02
-7.567011713164400817e+02
6.859542266738335456e+02
4.850783419463610358e+02
-6.287037089805090773e+01
3.260673620167041520e+01
2.110681082109937279e+02
1.381672311340425097e+02
-1.035622784701228056e+02
4.095374414535136225e+02
9.248539353055098218e+02
2.388655156651553852e+02
4.210738600137934782e+02
2.175495821750252503e+02
-6.390969958089020793e+02
3.133000929222447439e+02
5.399976021223334328e+02
4.059784302550950770e+02
2.732932671023394278e+01
3.850935082434792776e+02
5.637390717216054554e+02
-2.871296157415924313e+02
-8.063110219782461741e+01
6.259061715137426063e+02
-2.287019398264049528e+02
-1.722994618690104573e+02
-3.783428458367182543e+02
-3.788665282613126806e+01
3.246767169323695157e+02
-1.408038708959932421e+02
-6.641102004773424596e+02
-6.057161398147375166e+02
-2.790139594523913047e+01
-6.545116566102630884e+01
2.180956823279867365e+02
-4.779291755280692655e+02
-2.624714988450716646e+02
9.097282495049735189e+02
1.404461455170769284e+02
8.844015035336423125e+01
-5.830064994499883824e+02
3.972324670336384855e+01
1.196498415721520701e+02
-4.222862375022568813e+02
3.874959393251577922e+02
4.887208208433439722e+02
1.155018489101494481e+02
-3.236130601692217397e+02
-6.813861679382100967e+00
5.842340813551579259e+01
-4.639023085820044656e+01
4.297149074386025092e+01
-1.284604657143422060e+02
1.631261943964172545e+01
3.908594599490321002e+02
-1.764563807095858294e+02
5.367037111419968909e+01
-2.259094739229036861e+02
-2.852861319328641230e+02
-1.282413346099187379e+01
-3.890079208264199337e+02
-3.483326364729684883e+02
3.386586992438761285e+02
2.352061700381516687e+02
2.184565237450466384e+02
3.038027192958081173e+02
-4.302639539493134890e+01
1.845318486513467917e+02
-1.375758917322040134e+02
1.023985908259948729e+02
2.020738664097457615e+02
1.509675996010097947e+02
8.604512695171915482e+01
1.230081191589638649e+02
-1.341561733769084981e+02
-4.454788592582528572e+00
-3.366778129728165592e+00
-9.055989471463439600e+01
4.909983345433379753e+01
-3.433709292202149186e+02
1.091637764251557741e+02
-9.372875353554246658e+01
2.117117018668619437e+02
-1.670068613083616071e+02
5.885822341037732031e+02
-4.935345484765075064e+00
-2.375972542793538196e+02
4.213944346291794432e+02
-5.690273538535240050e+01
3.952497812173172065e+01
-9.488754995741838627e+01
-6.630443288881726005e+01
2.112903879640913942e+02
-9.914954914606784087e+01
-6.530178703532921247e+01
-1.191946310025278848e+02
1.460969171190491522e+02
-3.940986063842993303e+01
7.549033582499818351e+01
1.655042981019052206e+01
1.870700825871259099e+02
-1.390771322429722545e+02
-7.931664470201317840e+01
4.821522852377952262e+01
-1.288371507091229375e+02
-7.108668273667912274e+01
2.943054147397147631e+02
-4.340061574376402831e+01
-5.258490199522860848e+02
1.681897240219030891e+02
3.154059264321379601e+02
1.220396516570294523e+02
1.891772704766521542e+02
1.295279605150324471e+02
-1.532306179602449276e+02
-7.080479518275518558e+01
-1.396542191552587724e+02
-1.850335674366494629e+02
-2.961758879125451216e+01
1.338645478932301955e+02
-1.932444286157343356e+02
-4.948299915947966809e-01
-1.407532099368883678e+02
-6.293905598911865695e+01
6.647779689114166501e+01
1.422823034334758141e+01
-2.136019134200953147e+02
7.093034378568790999e+01
1.592789531341304041e+02
1.354354000253093915e+01
6.885886976164908901e+01
5.489920859196708136e+01
1.251905349162387893e+01
-1.159370534504644645e+01
9.095494218557137245e+00
-2.198771861951294682e+02
9.621512427770601050e+01
2.377976848567562840e+01
8.235750866939972070e+01
-8.071530092427883574e+01
-3.077953902870931557e+01
-1.258686909035338175e+02
-4.578639471007704032e+01
-6.117401313585374112e+01
5.567398287548582658e+01
1.117615868374059431e+02
-1.445272536367634189e+02
3.655771319328295021e+01
-1.844705946008158737e+00
-6.949433763869600966e+01
1.281189543936963560e+02
1.929710179972275341e+01
2.000356521450014782e+02
1.033929031363655753e+02
-2.873673991731278576e+01
1.121406407452145260e+01
5.585611309587473983e+01
-1.125238960261044099e+02
-1.049148078045627557e+02
-2.494233991630143166e+01
-1.179726160732099487e+02
9.374198504293060807e+01
-1.090945274777825214e+00
-1.676063576438431255e+02
2.879478027528221240e+00
6.354762695179643117e+01
-9.416646634401391225e+01
-1.734819054517769814e+02
8.122074313947163660e+01
1.509616324858593828e+02
-4.151077622413728108e+01
-1.377198012040659876e+02
2.790194742218330859e+00
-1.110753298429031446e+02
5.135418973140789234e+01
6.658330432384268249e+01
-1.990239707590576757e+02
6.425200246535166571e+01
9.082984063435566213e+01
-5.587087512670515110e+01
-1.688033710516385213e+02
2.747934251712623777e+01
4.212436078654580740e+01
6.793812799268613389e+01
-8.401553946676553863e+00
6.891121956063503973e+00
-1.581428563412331414e+02
1.141715587800283203e+02
-1.153860351045376547e+02
6.217886845213035585e+00
-1.806811637364272372e+02
7.587020379387342928e+01
1.932005255118859566e+01
-1.543038406505867499e+02
-1.336056895251898595e+02
1.164452133723521712e+02
1.022525306827645641e+00
1.473173027630278398e+02
-5.830797008527271430e+01
-2.142772362867665237e+01
3.617356281809077245e+01
6.971552999279529317e+00
-5.911935165371180467e+00
-1.293684113621910399e+02
1.771518348564979988e+02
-7.206646051043986745e+01
1.635062784167745633e+02
-3.256178837800709402e+01
3.611801679016602407e+01
-6.637586923758548529e+00
-1.285679197294211349e+02
1.377821537101555691e+02
2.967256841962289116e+01
1.152031471741131554e+02
1.931263377304368589e+01
-1.117449484045552452e+02
-4.975267103700810623e+01
4.667277920625306820e+01
-1.554288946668775573e+01
-9.667174497162863034e+00
