-5.993645966085186046e+03
-1.644911723689928749e+03
-2.266240734712764151e+03
1.827674279128857279e+03
-1.243991700283346063e+03
-1.881645009786202309e+03
-1.702588331060489281e+03
-2.054239713848162410e+03
7.791481783956817253e+02
1.019171346650869850e+03
-8.944529204019756889e+02
-2.435668657440824973e+03
-5.408292407470100898e+02
-1.888255616863012278e+02
3.496952292227591670e+02
-7.436721687329217048e+02
-1.076097915101677927e+03
-7.910335807642612735e+02
-1.386463593691013330e+03
7.198988267317827194e+01
-1.453743164300806711e+03
-8.859037993175155634e+02
-3.623471700700778229e+02
-1.782309545122640429e+03
-1.242545113025552155e+02
-8.614959756502848620e+00
-8.743172622401660874e+02
6.554891045006610284e+02
1.256717355008781567e+02
-7.840378590532011458e+02
-4.689577169235946030e+02
-4.304073376568920395e+01
-1.513132455477260464e+03
-9.016358412279065249e+01
2.862041633185009459e+02
-6.738126447811938533e+02
1.214618544927007406e+03
-9.352041408282038901e+02
-2.800307718485669284e+01
9.332768669617981061e+01
-1.276424353672722702e+02
1.224365674109145807e+01
5.681346150021296353e+02
-2.617599319652462668e+02
-2.553037578463118606e+01
1.382307835849080107e+02
4.897485065300878659e+02
-1.921253565666098382e+02
-3.870048922554038313e+02
-9.075784066854222374e+02
-1.484271785115237208e+02
2.195769428073063239e+02
3.208328122420195427e+02
-2.965484908571302753e+02
-1.094543613332056538e+02
-1.955074242817506160e+02
-3.267235384009438803e+01
1.114832132362179209e+02
-5.465224427955547526e+02
-1.445508533957038821e+02
5.650725063447404182e+02
-4.809675408520362225e+02
2.644962050599309009e+02
2.695977666091814626e+02
3.373886982507758034e+02
5.845543552045995028e+01
5.419946888128798719e+02
2.052756250666503774e+02
-1.658516956683636678e+01
-6.439621983274766990e+02
-5.772665159627633784e+02
2.347146620985053573e+02
-1.706281315623378418e+02
-1.530512141861840973e+02
-2.973998771806839159e+02
-2.444330262514593812e+02
2.773503761849188436e+02
3.922608107520712650e+01
1.331065159613247673e+01
-8.224603327035774214e+01
-4.246833586526189919e+00
1.242780534981945522e+02
-1.306297649262676259e+02
-1.903104425684550449e+02
-3.712377718564059137e+01
-4.298714692878875780e+02
2.326332305572074119e+02
7.105888481456536283e+02
-4.572920645335341874e+02
4.339867644872283137e+01
1.039506344759139296e+02
2.452035289718220952e+02
-1.594789500206487105e+02
3.147640001226590130e+02
1.624813450699770385e+02
-3.941508936157712029e+00
3.118883039225549396e+02
2.453463471659589743e+02
-1.719448203946303124e+02
-2.809834954686143078e+02
2.166439800175540711e+02
1.203482146565877997e+02
1.033800263650518758e+02
2.289962589052748001e+02
2.423441313583288377e+02
2.079607547972154578e+02
-3.070516571558578107e+02
-4.073334000747180994e+02
1.448898866636769185e+02
2.623744879041497029e+02
-1.424370246604786416e+02
1.501242193714047062e+02
-1.177426366183158990e+00
4.162681932076475988e+01
2.080106590809901093e+02
2.917646520212231849e+02
2.215528008521725098e+02
-4.160968160905508739e+02
-3.253853017263698462e+02
6.237701598633217515e+01
-2.483352773713815225e+02
-4.674701711415233518e+01
2.378097360726535783e+02
-1.408990651056038814e+02
-2.868315020951490624e+01
2.154314877663481127e+02
-1.525533470333967614e+02
2.253040364699565146e+02
-2.803085328276055677e+01
-2.594565346010303486e+01
2.088353800180131827e+02
-7.564549550793884691e+01
7.980610036031474408e+01
1.315563988108255273e+02
1.312671849544827865e+02
-1.572761561368157288e+02
4.746219590534032307e+01
-1.794747898674900455e+01
-9.561279055965945872e+01
7.359769102907476324e+00
-9.139368017462690830e+01
-3.350772944881427406e+02
1.496134088186564384e+02
-1.112903000758132492e+02
1.944424634005978589e+02
5.967421427503288633e+00
-1.853411104078813025e+02
5.575407576271815202e+01
4.789031241317407535e+02
-1.763587812533920953e+02
2.221475299398973959e+02
1.187973532811299719e+02
-6.679819645104224435e+01
-1.023324194500126367e+02
-1.333235517478192662e+02
-8.813484199643470163e+01
2.328131903928245947e+02
-1.320160673940430627e+02
-1.494356762340578939e+02
-2.235102576786806310e+02
-1.362056201291696027e+02
3.116458898945595024e+01
2.636571151932493535e+02
-1.569325867449170744e+02
3.340432642651526152e+01
-1.050759727330068216e+02
-1.839698507189722818e+02
2.839197929847094315e+01
1.556928699868745696e+02
-5.673355908626438548e+01
6.806863648250987353e+01
-1.906752493174507777e+02
-1.439526250443616675e+02
5.064392336528230487e+01
-1.359035976037728410e+01
1.288426114430883445e+02
5.082926980672159090e+01
4.150530762099035087e+01
9.247633082892158995e+01
-2.267531710421390869e+02
2.184615200260468626e+01
2.072913163519789936e+00
4.669905136664013412e+01
9.964881780910299369e+01
5.362358056923810778e+01
-1.770997802380647101e+01
-1.874581917823500632e+01
-2.322763250136078383e+01
1.477696787369351625e+02
6.194803227502337961e+01
-1.113866623961439046e+02
1.478514424045760336e+02
2.156371144748447222e+01
1.141480636950036995e+02
2.059288478474084272e+01
4.027270258510776557e+01
4.089014258553315528e+01
5.499124290491563727e+01
3.234808202766140539e+01
-6.056377563450037371e+01
-3.855518167518832939e+01
-5.201696880384195509e+01
-5.450009039608509909e+00
-1.988144686530287686e+01
1.636930096108086730e+01
-4.903753665724715916e+01
-9.908265404931607634e+01
-6.925986102343501649e+00
2.353457561836774303e+01
-3.125192292819955853e+01
9.993890747287245802e+01
8.468489570586274340e+01
1.621917910013793573e+02
-1.820933744969980950e+01
-1.514636193222492579e+02
-4.417367810838503317e+01
1.389658742702060010e+02
2.754510273537824361e+01
-3.570423225119709798e+01
6.667644074685482281e+01
9.280272959734038807e+01
-4.714044753942692267e+01
-8.974690839264350473e+01
-5.799861255895951473e+01
1.471302496181895947e+01
-4.464282006703078309e+01
-9.080632182788237117e+01
9.309565794837654096e+01
1.937455813870541022e+01
-4.164346417238057541e+01
1.480294277646569334e+01
5.162258935212588540e+01
5.098670477836683546e+01
4.037185958116410234e+01
-8.776664025686940818e+00
-1.067876075458536036e+02
-1.958630549377572549e+01
-6.175893598239298399e+01
9.906812539201496293e+00
7.839941256009055337e-01
9.580402488027682750e+01
5.131788716513676007e+01
-6.410864910542710504e+01
4.832829083450010899e+01
1.730667744451782397e+01
2.948031965611378524e+01
2.081952354600694388e+00
1.645826875885165741e+00
-5.696050620697182154e+01
8.792326334819163947e+01
3.178930070084810211e+01
3.566485966947857378e+01
1.190017107983249787e+02
8.605727700209129694e+01
8.199231306108819695e+01
6.493462844485250685e+01
-1.655946463369083332e+01
5.803785660995106355e+01
-2.749937303838453673e+01
4.667166792797904407e+01
7.971403387938106277e+01
-1.026413092645743852e+01
7.504715358720997642e+01
5.870101905951649002e+01
4.419822826414389993e+01
-1.431314205773258230e+01
5.695027981151711316e+01
-4.119354606120909779e+01
-3.926361228665012248e+01
-7.491935006359568661e+00
9.002336573567580658e+00
-6.558394046241741648e+01
1.739384457988306920e+01
-1.466481138798262407e+01
-1.051036672019553464e+01
-1.041923480083811171e+01
3.846899773075452345e+01
4.296494393243933274e+01
-6.815136081372118326e+01
-2.083726223829786761e+01
-7.378212308276975762e+01
9.955004306300923034e+00
-5.005583908248902247e+01
-1.746104745626631427e+01
1.112288663351268241e+02
3.149243082824279227e+01
6.260695949600126653e+00
2.497802847482244104e+01
-8.428130358941861289e+01
-6.982464213434957934e+00
-8.129675746206170572e+01
-2.092292126321889967e+01
-6.965477222529666790e+01
7.994120276364233746e+01
3.164048892066604424e+01
7.885130386473964847e+01
6.924300663946077350e+01
-5.453611552806114560e+01
-1.016768399752252776e+02
-7.846413809229132674e+00
