-2.586529430100494665e+03
-2.237272793941350812e+02
5.068154896012534323e+02
-8.971294779766092233e+02
-6.092782291518960847e+03
1.918264020291581801e+03
-1.246310949625015212e+02
-6.727116323452326014e+02
1.075820335067694941e+03
5.027024193362673941e+03
-1.531108587995532844e+03
-1.328951438149707201e+03
-1.081290741239420640e+03
9.800919066411881886e+02
-3.220537493713790809e+03
1.466643884970302452e+03
3.267509540857350885e+02
2.703624023400809619e+03
3.220602804665800249e+02
-7.446590526396972791e+02
-6.061127948659536457e+01
-1.900026017165527719e+03
-2.182799848297710469e+03
1.377702021556896625e+03
-8.472455311124850823e+02
-7.367506579299290479e+02
-8.044998479224447010e+02
2.064267419730779238e+03
-2.942229981917919304e+02
1.227509573939640433e+02
1.010609184494391002e+03
-2.117620841611183096e+03
-1.464055374863496581e+03
7.571731176841824436e+02
-7.274172628374975602e+02
8.324429136378703333e+02
9.171853959760907173e+02
6.078249653758819022e+02
1.168453310552950626e+02
-1.077759745095021344e+03
-1.275863503186345014e+02
8.473399350210867169e+02
-5.782453852468719333e+02
-1.251042285851531659e+02
-9.079546946265450060e+02
-1.212966663005048758e+03
6.471096365341021510e+02
5.516406240995432881e+02
2.049130717305690723e+03
1.224156378903397808e+02
-1.346775259527153366e+03
3.813157557265191144e+02
-7.228458764053075924e+01
-1.037761199042926137e+03
1.592343586255998389e+03
-5.927956395752172511e+02
-9.410939299713242008e+02
-1.598147111447098041e+02
8.619562225372352486e+02
-2.432395100435650761e+02
-2.183620170535425871e+02
-2.317122799983108052e+02
8.012925636961160762e+02
1.906260996840289010e+02
2.171872962441207733e+02
8.369653507248159485e+02
8.782665399788921832e+02
3.581821162960245601e+02
-1.005294981371328760e+02
-2.833090951367330490e+02
1.975151336660041466e+02
-3.833574622249877848e+02
2.556129544565492324e+02
-3.963871466365696392e+02
3.813540390318413529e+02
7.133645696617018075e+02
6.575998927030369146e+01
4.445615335217067923e+02
5.579442317382641932e+02
3.545408449963358066e+02
-2.086541948005271934e+02
1.474109425661424439e+03
8.562129172542694278e+01
-5.174718492610824114e+02
2.887137826186656184e+02
5.507893648387378960e+01
1.495205288025328230e+02
-3.781950145698768893e+02
-4.378135477230686092e+02
-2.530550772513379059e+02
-1.451084963259522631e+01
-4.426699097994692806e+02
1.034844128380771195e+02
-1.062404792725268550e+02
4.205980936333499187e+01
5.433709731548829041e+02
3.860676972433629430e+02
-5.184258171159369795e+02
-4.780991449338823145e+02
4.784612682411995479e+02
1.013990770035996206e+03
1.783659000328582067e+02
3.231809195402141768e+02
2.542920138254173423e+02
1.226360700515526077e+02
-1.840066974746133610e+02
1.526840611332474396e+02
-3.572748098511718808e+02
-2.728780418803434031e+02
-2.540640768499665398e+02
-1.729182951906562664e+02
1.991818642040107079e+02
-1.016595988403965123e+02
-2.325695276622178369e+02
3.164856021203980276e+02
7.638686612411601518e-01
3.983760167041362479e+02
6.710457293634138409e+01
5.934815249832411155e+02
2.312434222082285089e+02
4.894655466310632050e+02
2.375157516892037393e+02
3.344710253207931601e+02
4.130172944396099410e+01
1.291117196429669178e+01
3.881602933865865452e+02
-9.166434087061095681e+01
-2.757246679559860354e+02
-1.995810943434385933e+02
-1.682691162656584538e+02
-1.877012108217714399e+02
1.254782774635664737e+03
2.143092391168870279e+02
-6.471278013541384553e+02
1.494566299959752769e+02
6.662869692421919581e+02
3.498876147204164795e+02
-4.042419992935174378e+02
2.049599226884157872e+02
-3.955364295804664607e+02
6.009832259340767990e+01
-2.302346773925786465e+02
3.906999726562492015e+02
5.029637669775765652e+00
-5.719831746071084666e+01
-7.430474898690287944e+01
-3.657798720773808441e+02
3.441466697266390611e+02
7.647516191083499280e+02
3.722963226611612413e+02
-1.314104795285370244e+02
5.305127275666848163e+02
1.239708294269695443e+02
4.973613140366012999e+02
-2.400723985637165185e+02
-1.967221999929167850e+02
-5.894300013027096696e+01
3.809457923095292813e+02
2.373712774543648152e+02
-6.000506910132403391e+02
3.620849939238625552e+02
2.760779689202226450e+02
-2.718061850968633308e+01
-4.266785584938430134e+02
1.563965586979792306e+02
-8.739236415269033387e+02
2.119662578681046057e+02
9.560508160393716537e+01
4.299051128633517465e+02
4.781861955992986282e+02
-5.707862319023636246e+02
-2.747095857371024863e+02
-5.321658897795446137e+02
-4.698030006478770133e+02
-5.170836038356305835e+02
-2.512016622057498978e+02
4.799758175805032465e+02
2.903199903019442445e+02
1.741159661202325140e+02
1.267504844688897236e+01
6.474797097935826287e+02
-2.045531635181363299e+02
7.430818864677405600e+02
5.825428666507031039e+01
4.518972322882763706e+02
-1.468475467145218829e+02
1.026038853260916852e+02
2.044492762355908155e+02
-1.366215129196919520e+01
1.135274234618143083e+02
3.219521961960032854e+02
-2.384702343532157442e+02
1.657602321926930813e+02
-2.498769752817246115e+02
-3.522215951991555016e+02
9.738047288226941589e+01
-5.070886266170170416e+02
-2.655214315064037010e+02
8.616680954959637972e+01
4.129203129808751669e+02
-4.414798704243849556e+02
-1.601568604615537197e+02
3.469429933867751288e+02
-1.017387518068748165e+02
1.764803400545514194e+02
2.410324586215880345e+02
-2.499973929759391069e+02
-2.694162746092884220e+01
5.240174775297636245e+01
1.831546572336460201e+02
-3.677636309201500922e+02
1.827878124000735340e+02
-3.438111128804998771e+02
2.865923775973219279e+01
-1.801704692354031465e+02
-1.244521202043425667e+01
6.373789639999717593e+01
7.132285154240459235e+01
-3.880936942613573706e+02
-3.794117368815779656e+01
-1.280553566183054102e+02
2.437358285554090855e+02
-2.531903777415496961e+02
-2.818181421652878953e+02
8.074175164340510946e+01
-9.394223493783010781e+02
-1.941581903514473595e+02
-2.258002160072566937e+02
-1.890813761271443809e+02
-3.594107236098558928e+02
8.634715588772168360e+01
3.547906742102517796e+01
-2.786718093650322885e+02
3.980543241422173395e+01
-8.473664699211919071e+01
2.908129366228060508e+00
-2.906137055692632885e+02
-1.638994857584463603e+02
8.962030153495449269e+01
1.868641419865597300e+02
8.756659300173110694e+01
-1.126799833870407497e+02
-5.083907224050761897e+02
-5.559868177637848703e+02
4.893989885955200947e+01
5.032658650476753905e+02
-2.777627955309980052e+02
-2.522735017605920120e+02
-3.752854975143367824e+02
1.966540898574429264e+01
3.621010549476723099e+02
2.156321302902595676e+02
5.736975453025521574e+02
1.736912760072768833e+02
1.546907493114814258e+02
-2.569793645001032019e+02
-6.086664413778044747e+01
9.085827318523163854e+01
-4.314895841196274091e+02
4.587793625976808585e+02
2.846455772155058739e+01
2.340428273914840247e+02
-4.385326438037766934e+02
1.793011180654753502e+02
6.526903591753573153e+01
2.074948850287690334e+02
4.466845651958529970e+02
6.312512507251295801e+02
1.519417007662780179e+02
-1.106924123688920218e+02
2.723243046278707311e+02
2.104257100560188007e+02
5.874448329996211271e+01
-2.307704342774144379e+02
-7.830093246252459949e+01
2.512687319066394593e+02
1.268833356633088414e+02
4.393475242882116163e+02
-2.815026992096058507e+02
-2.139745508427090925e+01
-5.772692485444633803e+02
5.616225890951776591e+02
1.527103060460705990e+02
3.025256790289218145e+01
4.086370591968860566e+01
-1.468288785816892243e+02
1.985389043988879507e+02
-1.045788832864239168e+02
-3.402022299011646282e+02
2.137677303924954799e+02
-2.542647596396753613e+02
4.915394422519650419e+01
1.055973784338736010e+02
-9.490065074738073747e+01
1.501503364272485328e+02
-7.438092408466560812e+01
-2.649747948079036632e+02
1.536741272519908108e+01
-4.924366462420532002e+02
-6.807664864967293283e+01
