3.324601342280031986e+03
-3.574299338426804752e+03
2.222554606018663890e+03
1.164059278524823640e+03
-1.236060886370247545e+03
-1.213144704496653048e+03
-5.578894650778406685e+02
-9.181845828245596977e+02
-3.332141120217054322e+03
-1.678407740087105822e+03
-2.556502157234010156e+03
-1.027281495328769097e+03
-5.804643470694151119e+02
1.991122755980442207e+03
-1.141612035495016926e+03
6.363519785322656617e+02
8.297761591571204463e+02
-8.776284509726367560e+02
1.203917533805553603e+03
-3.983142559395540161e+02
-1.348063776259081123e+03
7.943372783123637646e+02
1.087565548264025637e+02
-1.465179163278317560e+02
-4.309609027186541397e+01
-1.757086833735220353e+02
-1.345843418499928703e+03
1.305778529671654837e+02
9.740762497189559781e+02
-2.104390569568400622e+02
1.454284085738929889e+03
-5.340862668556641211e+02
2.210174616567982412e+03
-2.162193008096666063e+02
7.789424114010679432e+02
6.290174358314524738e+01
4.758021639785793013e+02
4.187444825319099664e+02
3.735899389177684498e+02
5.006880859961187298e+02
5.863157107437998548e+02
1.310222055330360149e+02
-3.985069980594731760e+02
1.635963080286971945e+02
-3.334920736569313249e+02
1.200801485107117742e+03
8.190405546377753865e+00
-6.963166092914660794e+02
1.540715950550782622e+02
-7.674820016868270045e+01
1.358304056060316327e+02
-7.363630028932084315e+02
-1.355335221919935123e+02
1.075722036926199365e+02
-3.019069478521763017e+02
-5.221709714459946099e+02
1.339670286681979121e+02
-2.565820050716404239e+02
5.403998913391861834e+02
4.195878504093778361e+01
-2.064109562464046803e+02
5.091816422982197423e+02
-8.677496760129724862e+01
7.355611194804106390e+02
2.633983769172907614e+02
-2.407812366293000537e+02
-9.474259234773541039e+02
-3.478163662409835410e+02
-7.939224123054134452e+02
-2.947509619798959193e+02
-2.606492550437149021e+02
-3.889942720175040449e+02
8.016338461518527581e+00
2.176837631556510644e+02
-1.376205172913291506e+02
-4.097657553894759985e+02
1.772028389007879525e+02
-2.210366843336219631e+02
-2.950445077653530461e+02
3.177970022806395036e+02
1.422407235811526220e+02
-1.176610959342951475e+02
1.417030598346600243e+02
5.747041670387189924e+02
-1.658051668697228536e+02
1.643165805925579832e+02
1.283299026753452381e+02
4.051450016969471335e+01
-2.938357381233690546e+01
2.920008045062739370e+02
-1.184790178544880916e+02
-3.145030017311396975e+01
5.354703960324702621e+02
-8.321801419452920356e+01
-4.269188879714418050e+01
4.662425614072138558e+01
9.177628230776244322e+01
8.789530452066837540e+01
2.837983473528885838e+02
5.362798336776305632e+02
-1.617355968373019834e+02
3.191910585704353593e+02
-5.113475828469350726e-02
-2.228102178946544711e+02
-2.849423005634351966e+02
-5.415820562689138029e+01
-1.639174084614822391e+02
-2.615333260348072741e+01
-1.298366078570387288e+02
-1.932834879832811623e+02
3.353131759222183064e+02
4.502854545405875228e+02
-2.231476157330684487e+02
-2.461983881710590438e+01
-3.097922722835030029e+01
2.064100501963813983e+01
4.044812810550958915e+01
1.596806713537049518e+02
4.176467745051940597e+02
2.445566038043574224e+02
-5.917042036777804270e+01
1.738897762926638961e+02
-9.183487449195510521e+01
-1.553254243547696660e+02
-1.274504132740705700e+02
1.199815935802617872e+02
2.955598148107584962e+02
-4.527238917408457297e+00
-2.351293067986101093e+01
-3.578758384432798039e+02
1.027064887372595194e+02
-6.805411093788632115e+01
5.732560031196151584e+01
-1.484313887299366002e+02
1.717381187075311288e+01
3.223702788117535079e+01
2.203969908177503783e+02
-1.249115135367590170e+02
3.149121970719843588e+01
4.890664307542872535e+01
4.418880022367136462e+02
-1.706733995699283639e+02
-6.841409480632576390e+01
1.098155628421688235e+01
-1.881259097758444341e+02
1.161835261505492269e+02
4.659712064160402889e+01
3.931977220623279834e+01
1.134997743043922043e+02
3.836765361521780733e+02
-7.495276928754050516e+01
1.954757802556927260e+01
1.263874533394759681e+02
5.835029512885258285e+00
1.353097605415381111e+01
-8.749597720858406547e+01
2.060777967714368231e+01
-8.189728246007074119e+01
3.017424241234041347e+02
-3.812719841927290787e+01
-7.282059570565083106e+01
-6.085188683663059095e+00
-5.681958795900639814e+01
1.430844945488549058e+02
-9.116369933391473523e+01
-1.932862773235176519e+02
2.694031824430259690e+02
-3.660202027540580616e+02
-5.727819821835450398e+01
1.297203891186691465e+02
2.004771746167305224e+01
1.165639663901543344e+02
3.958778089746373041e+01
-2.193714177128910876e+02
-5.701034350783956484e+01
2.347400052030054596e+01
4.493416054152999806e+01
5.003986196956277865e+01
-9.032953142136248914e+01
-2.510196307946402072e+01
-1.595453601365727820e+02
3.557051778139135223e+01
-8.203407015717475304e+01
3.114564506138962940e+01
-6.035093583204386647e+01
-1.647166702954162076e+02
3.089177502453454167e+02
-6.329501272355328467e+01
1.165702483853358729e+02
-2.143721069807581898e+02
-1.934064106654517161e+02
1.021247365264426605e+02
-8.863148700679833070e+00
-2.003400423515634259e+02
-9.492955649671101170e+00
4.078640833908821151e+01
1.099678198823730213e+02
-5.312354222637643630e+01
1.122956023198648694e+02
-6.044831647569137800e+01
-4.611627423114633473e+01
-6.804835028112779582e+01
-9.365508335603459500e+01
-3.679710085339616654e+01
8.427153423044062208e+01
1.212557286654943738e+02
-5.561529652159027393e+01
6.076891474016581363e+00
-1.379773715240760907e+02
-1.124594202287719327e+02
9.392723985712468959e+01
1.251774544899081576e+02
-1.599912571499220881e+01
-6.821082725746148867e+01
-7.094800060986354140e+01
-1.632744143821513489e+02
-8.665494940818358316e+01
1.330945601261852858e+02
-3.770548208809456980e+01
-2.620082824329026039e+02
-5.722016331786213783e+01
1.454755194261377449e+00
1.055317409443664047e+02
1.241868295782910963e+02
-5.907075230419471978e+01
-7.596495517083654647e+01
-1.211814206885913450e+02
-1.894606950725233219e+01
1.699130791937637071e+02
7.996556911045675520e+01
-9.555925113319010222e+01
9.022058443315924592e+01
-2.457108166403506289e+01
-1.134394954322600455e+02
-1.640050575587133892e+02
4.395019290649204891e+01
-2.889362853457287272e+00
1.521145648957802905e+02
-1.505282307391145480e+02
-1.217045584426978877e+02
-3.570446519078859637e+01
3.826812835332932394e+01
3.960697071286347182e+01
1.901154737747152623e+01
3.291975999236149164e+01
2.886044189984187724e+01
4.512057822836218257e+00
-3.371645151705293131e+01
8.670062549641468763e+01
-1.512443027801440110e+01
-4.020224201650319884e+01
-5.292839190659179849e+01
-1.925523861937087489e+01
-1.366407010680993324e+02
-6.890762445283566251e+01
8.646792070337321334e+00
-1.623286479661905801e+01
3.895771452291373294e+01
1.287903451353478879e+01
3.668143590019304412e+01
-3.498313776020111732e+01
5.404214771785409255e+01
6.071194193635513159e+01
-3.271798808135647363e+01
-3.434510627260033289e+01
-9.454759827654365623e+00
1.258646091777684539e+01
3.783762222172208567e+01
-1.810670287106394127e+01
8.819401367036685713e+01
3.430162539347700346e+01
-4.482733710871806920e+01
5.891902298881215216e+01
-5.052677646095391495e+00
-3.747573857610018422e+01
-8.877979168684639433e+01
-1.195773163944239599e+02
2.909177716159110361e+01
-3.265268666483680704e+01
-1.932658732284100722e+01
8.639830421982570385e+01
6.926844770363587145e+00
-7.567389967195153133e+01
-7.618724558578538364e+00
5.292175686731577855e+01
1.984774280964082749e+01
-4.965886232374644749e+01
-6.928821197936142084e+01
-2.788386105021656292e+01
-7.590519781127464505e+00
7.212133771741264354e+01
1.669698066711533357e+01
-4.438458878240775007e+00
1.712108951896296816e+01
-9.125772944519690100e+01
7.890358266040196611e+01
1.108525696172288662e+02
5.419739466247621351e+01
-6.194690526905870342e+01
-7.333998084952705199e+01
