-2.605831452625075599e+03
-2.074836714022526849e+03
6.659615518200376755e+03
4.291108395828098764e+03
7.892589646789381277e+02
-1.408995318542077939e+03
2.302274757697150562e+03
7.864660427604503639e+02
-2.692450375997208994e+03
3.605565743407869377e+02
-1.264440476531678854e+02
-5.492127923125962070e+02
-1.252691971159515560e+03
-7.853107715173883889e+02
-2.872638728095099054e+02
-1.972811063172069623e+02
1.299842095657483696e+03
-4.937661105618884250e+01
2.484997868799326284e+02
-1.504119342057764243e+03
-9.928971475347764226e+02
1.514565729638587982e+03
1.362158610980638059e+03
1.211492092494828512e+02
-3.424631861349479891e+02
8.021741030786615738e+02
5.121246685544365391e+02
3.915140323961587114e+02
1.172961453950230634e+03
-3.053908909753598522e+01
1.218236033384852590e+03
-7.397830855321022909e+02
5.554678615039443912e+02
8.957151405361776142e+02
4.390021750065029664e+02
-7.306143622855885269e+02
8.345709724906805604e+02
6.179849583938907926e+02
-1.690650661112296689e+02
4.686235835135679508e+02
1.145384271439667145e+03
-5.049088095920984642e+02
3.977213919427307474e+02
1.691697380333440833e+03
2.516458272162283265e+02
1.174481987329527556e+03
-5.278758871770883161e+02
-4.253303007856163163e+02
-3.394853904480706888e+02
-7.142565646739989234e+02
-5.882178783460432214e+02
4.123801201923448616e+02
-7.572478842286932377e+02
-4.639871166117138159e+02
-6.893581978943976196e+01
2.352562726568690437e+02
-1.779715363851677523e+02
6.034768187276692970e+02
7.350675653145619890e+02
-3.502749264818409358e+01
6.407571032390319488e+02
-3.858420439520903074e+02
-5.266472248981903022e+02
-7.806155491416220684e+02
-2.888059590508627821e+02
-5.688761046870627069e+02
8.707569804802852786e+02
-3.190101275910453182e+02
6.986584798542405679e+02
5.368364374624759421e+02
5.341797466339978655e+02
5.360746342560057656e+02
1.032305714520292952e+02
3.865082502118269190e+02
4.715517919812044170e+02
-9.120051095218018418e+02
4.792837791664617271e+02
-7.730740005705084172e+01
-2.903408340696207546e+01
-1.943741664389211792e+02
-5.085761556423988168e+02
-4.806616404166076109e+02
-2.766898754460170267e+02
-2.340959166219720373e+02
8.793274262394246534e+02
-1.179420838973249062e+02
-6.583402286566155226e+01
-3.038001765449814684e+02
4.382927211646922387e+02
5.024431405523918670e+02
-1.242111696470797852e+02
-1.607205708530209165e+02
-5.659385817251747994e+02
1.892298540303488608e+02
1.181250181167476967e+03
-2.371008263780915470e+01
-1.966657393140832539e+02
-7.318310662864710991e+01
-2.382326345791359188e+02
-5.475154724307963079e+02
-4.457219881097444159e+02
5.308968616752642902e+02
6.356633442210401199e+02
1.836739071575493938e+02
-1.004980525464847148e+02
5.288308985871308323e+02
-8.255040874509562343e+01
9.774878229740160407e+01
2.453826546633818850e+02
-2.095965694216218651e+02
-4.548147134232058306e+02
-5.170273114444196239e+01
1.649804496024153195e+03
4.805419328679912496e+02
-4.540298991846843251e+02
9.456657350864929867e+02
-1.014730334946455912e+02
3.119099511440420542e+02
2.367785550182152576e+01
1.337878514799398886e+02
6.722874014795328890e+01
3.623049644228017740e+01
2.187147666509339672e+02
-3.635709221741943225e+02
1.369547151536804108e+02
1.156377027254799117e+02
-3.089237273280951399e+02
4.267847980612803838e+01
2.777717840369396640e+02
6.292097425285718373e+02
1.906795518383343619e+02
-3.793730807784822332e+02
-2.220820035613606080e+02
-9.886124108853316939e-01
3.877179283510651544e+02
1.784937166456880675e+02
-6.546311435924586419e+01
2.264682475438454503e+02
-1.537423669551522387e+01
2.928056314609477795e+02
-2.939974968535748303e+02
3.174407593530669374e+02
-1.401272327392369164e+02
5.709009388908381197e+02
-1.312958088899779696e+01
-1.040923600223697747e+02
-5.337844033909943846e+02
-1.602517565229217098e+02
-3.545547109494453508e+01
6.684135922545519293e+01
-5.144217680769836534e+02
-1.596401579011071021e+02
-2.582220736742167944e+01
4.572523730314686219e+01
-3.650772258971265387e+02
1.614940959301138719e+02
1.837630602298189899e+02
1.109044391175815925e+01
-1.208215786726364058e+02
6.001477719712487868e+01
2.043494735002304594e+02
-1.708327460593928890e+02
-4.063390154543861286e+02
3.890122706432738369e+02
5.300492458420382036e+01
-1.601061057326088530e+02
-2.268572014205622907e+02
1.817373332921628446e+02
1.070091606511281412e+02
-2.249951296646472940e+02
1.331395338153189414e+02
-1.002588568665614019e+02
-1.900774615831431333e+02
-5.946337257708986499e+02
-1.995433541758095828e+02
2.601572426680947387e+02
-2.393572390913817287e+02
-8.186674356069019609e+01
8.148473007094604270e+01
-1.281937961357013194e+02
2.400369578514921329e+02
1.598623868719186980e+01
3.053222430604954525e+02
-3.527602626018068577e+01
2.006154688414340796e+02
5.503427101907474395e+01
-3.120686936212694036e+02
1.075550611465534345e+01
-1.316867818108417509e+02
-1.647751896117488855e+02
-1.463738290351455760e+02
-2.459026963961190972e+02
1.405245838144236359e+02
4.873104408958162281e+01
-2.369000715550703973e+01
-6.514931725429053522e+00
7.606052537406957192e+00
3.431746839723378883e+01
-1.322706696846736918e+02
1.604446631727340389e+02
-4.361095076398652282e+01
2.699243780840090423e+00
5.975798746285453689e+01
-1.413761848078311800e+02
1.147268332093854752e+02
1.004228064444671560e+02
-1.611138856722004107e+02
-5.706144345526585937e+01
1.230112112077740818e+02
-4.758958410431362296e+01
1.839736874410571374e+02
5.147410475645230576e+01
-6.310803458836777224e+01
-7.912490126959042414e+01
-3.001541394470267576e+01
-1.080933814666368704e+02
-6.913790624918321726e+01
1.140333942790899329e+02
-3.411252423787324801e+02
1.456395976137994630e+01
-9.917945242625003743e+01
1.278045407757199001e+02
-2.316200474057009018e+01
1.018736065028966031e+01
-9.276787413167154739e+01
-1.052396596038766887e+02
8.218891033468682394e+01
-5.911904030671936994e+01
-1.081490010781789977e+02
2.383353767600885647e+02
-1.590581847076582811e+01
-7.117652986035270857e+00
-3.771639377109034967e+02
8.464222679547292572e+00
-7.356415989378893983e+01
1.961029885087791058e+01
-7.563537922693063820e+01
1.480260813213729989e+02
-9.141949015762183706e+01
-2.330816598408410130e+02
1.059190223420484074e+02
1.284915459614431370e+02
-1.084600149659027437e+02
-2.458890927172707208e+01
-1.839989005825508741e+02
-4.925390382318603599e+01
3.771465154123642805e+01
1.042987345415360920e+02
-1.020953858705904054e+02
-1.174819716738211071e+02
-1.836576628641298043e+02
-2.531654979733936273e+01
6.641722019047250569e+01
-1.669397831767988976e+02
8.077928803624475051e+01
1.347425792869452854e+00
-6.312404486800893011e+01
-1.184783776299684206e+02
1.024570368617006579e+02
1.409188804404153359e+02
1.569033742591376495e+02
1.853135730235117933e+02
-1.748765844156966409e+02
2.193289208252163291e+01
1.405417650335195390e+02
1.244165956810155507e+02
4.226360004065136309e+02
-3.213160371973899743e+01
-1.573552991385552957e+02
-1.335347530166598062e+02
6.591130095035629211e+01
-5.253908225427449707e+01
-4.988086746725212350e+01
3.712582487393610364e+01
-9.870319509613044318e+01
5.922640448011997449e+01
1.603389826491030590e+01
1.792461681640585027e+02
2.989043509345338379e+01
-9.094728192905909836e+00
-1.359101572216992571e+00
1.316805669996595043e+02
7.301510429448966022e+01
1.262558032743926617e+02
1.639395591469053102e+02
2.973762157187926647e+01
1.435142412460609478e+02
1.052603224765202015e+02
-6.913056689544663413e+01
6.327128524247864760e+01
-1.096145036277086859e+02
7.477382510374283697e+01
-1.259993635751809649e+01
-9.767236164736601278e-01
-1.716403545121139018e+02
4.551802014805733165e+01
-1.569474141136293213e+02
-1.471764349053649212e+01
3.563356562747186018e+01
1.411842464288631902e+02
