-2.663409103986446553e+03
-5.514378314934623631e+03
1.708249078784368066e+03
5.051262479501795497e+03
-2.508800927271538797e+02
-3.122491784415582060e+03
5.209267433506423913e+03
-8.721880905009479648e+02
-3.371461009821376138e+03
-3.321055725549338604e+03
2.828977064419044382e+03
-3.109436424566009464e+03
-8.704077223896326814e+02
1.042308817772000339e+03
1.227451510673487064e+03
1.491106052042113959e+02
1.115631621788283610e+03
-1.433926949957575061e+03
6.894093214487519390e+02
-3.083024786529410832e+01
9.641402610218743803e+02
2.487141645621731527e+02
-3.855937478643715622e+03
-2.038855086627900732e+02
5.066140134404434434e+02
-6.220322393655309270e+02
-3.646020120113125813e+02
-4.131453864879512139e+02
-1.564791912942402860e+03
-1.318844547168736653e+03
6.540968620844396355e+02
-5.750047685044835362e+02
1.817014878635657624e+03
-1.226045095714612216e+02
1.225984275911951954e+03
-5.729639790546788163e+02
9.366503579231608683e+02
1.224973233815192373e+02
-9.354352375433013549e+02
1.029248394390464455e+03
-1.869034250446716214e+03
1.134732885890400212e+03
-5.867168717432557514e+02
1.001064451153084292e+03
-9.458280603451599973e+02
5.826769192985342443e+02
-6.055508723866502123e+02
-3.349858397843921693e+02
1.283929894141956538e+03
6.722359698594873407e+02
-1.498480945627229858e+03
-5.363405968143263891e+01
-3.768404972578794627e+02
-3.226173980700194193e+02
-1.051213171220416370e+03
1.229849580932854565e+02
4.164148275494207496e+02
1.640548213037730818e+02
-4.239811913812613966e+02
1.091696877502785128e+03
3.327997834147333833e+02
-4.378224306733395110e+02
-7.693054361444097822e+02
-5.613016487737925218e+02
-4.073289809935142785e+02
2.706657044941840127e+02
1.396231196240223881e+03
3.099870674140693154e+02
-3.922410827931935842e+02
-1.194586296180038332e+01
3.679868969255867341e+02
3.296852289318763951e+02
1.165681563096563877e+02
-5.934330684179234368e+02
-4.486936655646205736e+02
-8.543394793263407792e+02
3.077755309480335768e+02
-1.749048824062988388e+02
9.967163382374617413e+02
-6.020103878080855111e+02
5.612199915848224236e+02
1.294887152252910596e+02
-1.035189979272746967e+02
1.240538205458095945e+03
1.245758404206140540e+03
4.577072477448010090e+01
-1.362518473414208074e+03
-4.254890003905666163e+02
-9.229839668054552249e+02
-2.114316121565240678e+02
3.486884763465020853e+01
2.695928587894468365e+02
-3.306671409633342478e+02
-2.957807192252886921e+02
5.200434357638964684e+02
3.004558304292518756e+02
-2.745481634211397477e+02
3.640842339623674775e+02
1.269613980942313560e+02
6.567051952977662665e+01
5.847126879925559706e+01
-1.735887040371679007e+02
1.113941746345943784e+02
2.272170452876352726e+02
-4.533473934707396893e+02
-1.189623262208693522e+00
5.947307464040295599e+02
-3.233890945239297707e+02
-2.517752834395436139e+02
9.919888932304780838e+01
-1.232351937312404857e+02
-1.904076161062152153e+02
5.764738326531320354e+02
-8.758308515292442280e+02
5.000976108372975659e+02
5.404914005904497571e+02
-2.285470126357859044e+02
1.379827965305559800e+01
-4.658418249214038269e+02
-4.163780076304036726e+01
4.511050799529185724e+02
-4.628270501920710700e+01
-1.932893326600317039e+02
-1.652216260194656456e+02
5.551045441221654073e+02
-7.244339706810359303e+02
-4.287789596684142452e+02
7.934964637853036074e+00
-1.232618423823977167e+02
7.773324438105053105e+02
-8.472246481318221356e+01
-2.667665159634794918e+02
-6.933164192828571686e+02
5.104317604944999403e+02
3.210330163299803985e+02
-9.489407294656989222e+01
-8.238906156203699993e+01
-6.372011125191695413e+01
-2.748296170976644248e+00
1.093889977196000928e+03
2.167266919266165246e+02
1.676527435795887584e+02
1.298644853328191573e+01
5.078170576631236486e+02
-4.957752307002788825e+02
5.922821703803865603e+02
4.088446766001986248e+02
-2.680617028434734266e+02
-1.905591809054348005e+02
8.654747979198116070e+01
-3.580325925399043854e+02
-3.301133375604612752e+02
-5.138786922755974729e+02
-2.287304345336285678e+02
-7.491883192916681082e+02
-2.160844880076086838e+02
-2.264767463699867278e+01
-1.726979880677656070e+02
3.806072644470262389e+02
1.280637127339729204e+02
-8.817663412605966755e+01
-4.239892283147292460e+02
-4.359646232357048348e+02
1.148352130092035850e+02
-5.561862158382432426e+02
-3.162231602888064117e+02
-5.607317325445879987e+02
-2.350531263921713432e+01
-4.064127306846432930e+01
-2.635849462709528552e+02
-3.146932607933988493e+02
5.623920034804539227e+02
1.480124523266929089e+02
-3.973551371689800362e+02
1.658199310731966705e+02
-2.847603619072978631e+02
9.978052632302164682e+01
-6.993606527711901890e+02
2.788628080744840645e+02
-1.018577623426733396e+02
2.337037275099266651e+02
-2.131839356148668969e+02
4.898671801018443261e+02
-9.930108144695383032e+01
1.836196244088710330e+02
2.829065066482243083e+02
-3.986387205053851517e+02
2.099114751626430007e+02
3.176740556950819609e+02
1.008156704729779136e+02
-3.305220312502612501e+02
-3.834093268098421277e+02
4.625118056064065399e+02
-3.059628086278627279e+02
4.642367088111664089e+02
-2.447856315015798998e+02
2.771189659294840908e+02
-4.570490900502279601e+02
-4.593903356411908021e+02
2.016606266627474042e+02
1.015504382219786379e+02
3.857148474628717736e+02
2.830077419865240245e+02
-3.036726352303431327e+02
6.252462826458824452e+01
-8.000281774490018449e+01
-3.953732093161173822e+01
2.662419364974737164e+02
1.081143466665021151e+02
8.555990183549060646e+01
2.269594863713997768e+02
-1.295283308497489259e+02
2.062810327964912176e+02
3.700230793230448967e+02
-2.788341750307496270e+01
-1.761243690738737371e+02
2.843532284535285726e+02
9.566743319226835851e+00
-1.867839365074181330e+02
-2.726560686727359553e+02
1.205497268320662840e+02
1.018473639409815092e+02
-1.673630080150050503e+02
3.961058685579413918e+01
-2.124576993554739701e+01
7.293288634447160135e+00
1.041980756570832227e+02
4.851507740896259691e+01
2.899096062685269715e+01
2.132648284016402727e+02
-1.988383839727679003e+02
-2.256899184587199727e+02
-2.130192587419569179e+02
4.542301891868909820e+02
1.025160920703324763e+02
-1.144274722834508822e+02
-8.503037875814544577e+01
4.007885961541741722e+02
-4.258550661757202249e+01
-7.433218182865484778e+02
1.470148851264015377e+02
3.101350290068259028e+02
-2.260885112342949697e+02
1.823971961652370055e+02
-9.477726745365511363e+01
-2.069364928774670886e+02
7.174848916829226653e+01
1.443114935485111516e+02
3.606374500565640346e+02
-2.127367506211282375e+02
-2.317201689815576060e+02
1.403383035943087123e+02
-9.942891222172224275e+01
-1.867674066222312490e+02
-1.636342590111792461e+01
1.639469784114496349e+02
-2.004229398906068127e+02
-1.907536749467019206e+02
4.240699969746280118e+01
1.252890666368345904e+02
-1.891189571975315786e+01
2.735924165590070629e+02
2.256900109024347145e+01
-2.935376981123737892e+02
1.046728637941147610e+02
1.860269437102433585e+02
4.561483048215509939e+02
-2.138785183239037622e+02
6.579634380804203886e+01
-3.429754348988305992e+02
-1.696445510228356284e+02
-1.501693277366868244e+02
-1.979477460204936534e+01
2.947602385798571163e+02
9.245935851311783438e+01
-2.780617722201452011e+02
2.991966467344009857e+02
-1.835702012782339807e+02
3.230224836223909506e+02
-5.026822800895245535e+01
-1.528397682764917818e+02
-7.685358164177338836e+01
-2.032185036248204142e+02
2.154411084030454049e+02
-1.398395581194700412e+02
-2.117787382522276474e+01
-9.290349725984222573e+01
2.288722334593179255e+02
2.128634626645200569e+02
1.189876843875005363e+02
2.268622580550030534e+02
5.916673915930393690e+01
1.095888707800058768e+02
-1.012079311814044758e+02
-3.241697268121465072e+02
7.996018127279430132e+01
-3.631982404410076271e+01
-4.600652761715510763e+01
-2.140876039642117519e+02
3.732448853424672848e+02
