-2.802625306502291096e+03
-4.632454687036894939e+03
-3.058291180338046615e+03
2.082822903379643321e+03
-7.982370193636857891e+01
-6.441471667314382330e+02
-5.455196855444092762e+03
3.857422344252200475e+01
1.817309646472705481e+03
7.076307799084517001e+02
-1.326329834150276383e+03
6.442803483404487679e+02
9.320379367166635802e+02
-4.521478917279742404e+02
-2.287163748539308017e+02
2.993913100261462432e+02
-1.809158708435385563e+02
7.787286952606449404e+02
-2.289279793469037543e+02
3.307726666347318201e+02
1.673301443315602000e+03
9.205943914675233373e+02
-6.167725916180364720e+02
-2.323357288427561684e+02
-1.175066583681020347e+03
1.691338307607198033e+02
-6.530409446338061343e+02
8.463348980047645682e+02
1.332084735080353084e+03
-2.292217716056456425e+02
4.646597503245826033e+02
-3.456035142899983725e+02
-9.691570940908114551e+01
-9.554554825080966793e+02
-3.177209552853442176e+01
-6.322714711460879045e+01
4.740894545458407379e+02
1.326149522934023707e+03
9.094785689323636291e+00
9.127798802686520503e+02
-2.685061280716249712e+02
-1.012411306829398768e+03
3.734018408396228210e+02
1.666018690875155698e+03
2.740781799726631789e+02
1.222917263170169917e+03
3.223669706741893606e+02
4.584785655489545775e+01
-1.425510224127301399e+03
3.018984872711754974e+02
-9.689848875544240627e+02
5.001944026692198122e+02
-5.759982198638198270e+02
-6.564610108443299623e+02
-5.198767300259810327e+02
9.496074245525247761e+02
1.314364075775602316e+02
3.005713610373416600e+02
7.217933510986824786e+02
4.922746107382307628e+02
4.617793826298124031e+02
-7.064757317003129629e+02
-2.787737779449921618e+02
-4.873535455739501998e+01
-1.774619813534088735e+02
8.838717014402885752e+02
1.267236559374200056e+01
7.509612079812349066e+02
-2.883327313409641874e+02
1.037128822159078396e+02
1.374483042039462646e+02
1.129034277043060229e+03
3.049134258254082042e+01
6.561761150040108532e+02
6.437647200627017128e+02
-1.664563034383157003e+02
2.582491958885107124e+02
-1.062588929398008077e+03
4.365316102011453268e+02
-6.295224784984754933e+02
2.797881763523423047e+02
-5.159690579153693761e+02
-4.542254070882255519e+02
4.380410028953900223e+02
5.320992005575394614e+02
2.238529847184780976e+02
5.117184761710383896e+02
5.968367610253091016e+01
-3.727212103540715589e+02
1.998039326076683722e+02
-4.541172673601836891e+02
-7.867601548813750014e+02
-1.012530343133091151e+02
-1.685613013016432546e+02
6.090464244590345970e+02
2.890026186588065684e+02
-4.566909815782140072e+02
3.926629566866876075e+01
3.095814603047417108e+02
-6.563205223123306951e+02
1.829850794834259489e+02
5.578441631086642616e+01
2.376735398949135174e+02
1.493809586347976506e+02
-1.239645001475537072e+02
5.139246521100823202e+02
1.146295223376525740e+02
-9.883127976608571430e+01
-5.133369415867755379e+02
3.009619433883532338e+02
-8.182340741012001217e+01
2.066847108073371242e+00
5.705225982519656327e+02
-1.461704628415842251e+02
-2.252757591539258328e+02
3.655449905393977019e+02
-1.623159367090961496e+02
-2.229332666384499362e+02
8.639181653243531400e+01
2.611232224640014010e+02
2.121669942628216745e+02
2.890161785057989050e+02
-1.815094884089955585e+01
9.313020676469517412e+01
-1.830878717799335575e+01
-2.100321983769564440e+02
1.905499109435615708e+02
-5.720402277090573762e+02
3.041053022787729674e+02
6.190601985186802949e+02
-1.925960692162043131e+01
-2.976695707035491409e+02
-6.449342497488543131e+02
4.655578152522588766e+02
2.578442038515385661e+02
-1.334593842085634776e+02
-1.104261938234649136e+02
-6.558998846014715411e+01
4.078546939961960902e+02
4.731384886291105545e+02
1.630950178392529182e+01
3.907945210623814205e+02
-4.000984842168121531e+02
5.053446467892516125e+02
-2.580534607428016329e+02
3.341166501872951926e+02
5.675097799106176808e+02
2.730455416819304446e+02
-4.477962629603853628e+01
-1.481453171012530277e+02
-1.224045735053364439e+02
-1.194597605124887423e+02
7.320432844556127350e+01
7.237404536251496268e+01
-1.777062545362823869e+02
1.995528321266336889e+02
1.331531788699435026e+02
2.699486071058768744e+02
2.745280000185084646e+02
2.119689627177122588e+02
-1.222297887304205233e+02
-6.628365986391715481e+00
-4.675056660184426391e+02
1.191915210588760488e+02
-8.043221797758720015e+01
-1.003060691092043868e+02
-2.778369651590555733e+01
-1.430600637316665598e+02
2.381744860807833106e+02
-7.942804756763000285e+01
-8.886921399561178703e+01
3.217063852048779609e+02
1.336300910766312029e+02
-2.390581113306166969e+02
-4.594615270934399831e+01
1.543152651312411479e+02
-2.581038812901888377e+02
-2.092712089486665263e+02
-1.023073919614398051e+02
-1.161640716743895041e+02
5.153890978983945104e+01
7.425082922186361145e+01
4.549764152241530724e+01
-2.087344600059857385e+02
3.517315342392084432e+01
3.272396712613361274e+02
-2.623129785974923678e+01
-2.649497752653692260e+02
-1.195751228197592653e+01
-5.669618554452605963e+01
2.045566123796051556e+02
-3.637048522923088285e+02
-1.796031507089753916e+02
-2.441151447029687631e+02
7.259285229433599795e+01
-2.654021278227046423e+02
1.021378122486070765e+02
-2.818960919664407356e+02
6.666687199260809393e+01
8.209380731660415265e+00
-1.912604857330294124e+02
6.197694390041093015e+01
2.343705147150650134e+02
-1.680630511839455608e+02
1.372020638997732078e+02
3.668566672341165713e+01
-4.021436718773629337e+01
2.782299975326641857e+02
-2.167155207708262878e+02
-1.068411355516194874e+02
-8.555328880933389257e+01
-3.148836418029119955e+02
2.723393219966730072e+01
1.591818427996747687e+02
-7.133611062923169754e+01
-3.606928427297550570e+02
-1.692140769353305814e+02
1.218363901648937855e+02
-1.812031448809759695e+02
-7.857391303240966351e+01
6.124430347494937621e+01
1.733870971108274261e+02
-1.872440152742042301e+02
-1.183643794701412162e+02
-2.876444874735588542e+02
2.203649131054988430e+01
-1.376964078686896471e+02
1.797955096318108659e+01
1.848077717388100609e+02
4.482694041842704702e-01
-1.992838985725985594e+02
-6.659531686314191745e+01
-1.984100851321965706e+02
1.571589247221743904e+02
6.119790484399727859e+01
-2.829745394839250707e+02
-1.275190715043489149e+02
3.960831481742589517e+02
2.771589593257128925e+01
-2.896599656912686100e+02
1.201778445846456407e+02
2.113852824345896977e+02
1.041701725790677102e+02
1.654017507340715909e+01
-6.365257501867644407e+01
-3.382359608757131468e+02
8.159532465855789951e+01
-9.776775389902761049e+01
1.387602957201273455e+02
-4.770186899445248230e+01
-2.309043468031095188e+02
1.154599132470051082e+01
-1.112643017577703972e+02
-1.097725242309485054e+02
-6.097364833487666402e+01
-4.363446985138345013e+01
-3.383929816442939682e+02
-1.607371939344385225e+02
7.346474963557015769e+01
1.948358638166970422e+02
3.526116659602319459e+01
-3.188920381543908178e+01
-7.663456260042549317e+00
-2.289085475328923565e+02
3.295998371754982372e+02
-5.301793301236102707e+01
3.819789886280454425e+02
-3.823299877241245781e+01
-8.920009748282470241e+01
-9.719954618910969657e+01
9.590790495589359921e+01
-2.016902311145679789e+02
1.648213872549023051e+02
1.299418851882893478e+02
-2.303588144879923902e+02
-1.997633908671762413e+02
-7.095356124813461918e+01
8.134867464104816293e+01
2.258889418321089408e+02
-1.291002776663586076e+02
-2.846117593095818776e+01
1.141852754277829263e+02
2.450329686693634414e+02
8.270374624519233464e+01
4.858257109534930152e+01
4.429616853082971595e+00
-1.886249607642020720e+01
1.104262881171851802e+02
-1.767860563897701454e+01
-5.259587021191633482e+01
-3.123187299257563510e+01
4.419982424371439400e+00
5.402388833127786683e+01
-2.841899490021575758e+01
-2.688402439333952429e+02
-9.185880481789368446e+01
-3.123930879060438759e+00
-7.514991735532861128e+01
-1.376050730955071231e+02
2.799760044008041859e+02
