-4.755443098157353234e+03
9.944356704107707401e+02
4.468899949230934908e+03
3.785779960585698973e+03
-5.118747428153703254e+02
1.562177294067802677e+03
1.224392493302997309e+03
4.683838028167498351e+02
-1.485253443859891433e+02
3.045476957492424845e+03
7.018540863473169189e+00
-5.126187126105086236e+02
3.375123921107163483e+02
1.020277391624278607e+03
1.006989596762452379e+03
-1.661543537464030578e+03
-1.205792193228342057e+03
1.217005035142896361e+02
-3.627970685308783914e+02
-6.559480748438373894e+02
1.008528369086411089e+03
2.746852476757446482e+01
1.471569046747206130e+03
1.973046012228126301e+03
8.792495903315856367e+02
8.779146215131768827e+01
1.243449826871711139e+03
-4.938619405571295715e+02
-6.729593841635619356e+02
1.792217278810918970e+03
6.497893267308588747e+02
-4.354556918827306617e+02
2.842554047276566394e+02
-3.710030651276227331e+02
-1.177702062270782761e+02
-2.631998806119564733e+02
5.443182734803674521e+02
1.124770930394635570e+03
-1.209226353095525610e+02
1.813532572319477595e+03
-7.663562953371178992e+02
-6.942001103584520934e+02
1.649851271146683871e+02
1.139800904655688100e+03
-6.820602996040530570e+02
7.970023449076112456e+02
2.915603540246027023e+02
-6.878040601295466558e+02
-3.825511304017989573e+02
4.437753508795791504e+02
2.823596546429254772e+02
3.935729468849471147e+01
-1.093248015230926057e+03
-1.857616365780618537e+02
4.599970660284528634e+01
-6.886673968121932603e+02
7.554411955600523143e+00
-4.040943448326465841e+02
3.871684670000149708e+02
-2.656539872815977787e+02
-2.029226156238314331e+02
4.183796740221973778e+02
-1.074269537848008440e+03
-2.220191620516559965e+02
1.752423912504076782e+02
-6.162913254164715227e+02
-1.791832659678826474e+02
-1.984769716673334301e+02
-2.532943760873357348e+02
-7.978203253066939737e+01
3.861566874929964115e+02
2.137498026732975802e+02
-5.603233586924886822e+02
3.696554716605208455e+02
3.489084038344169016e+02
-6.814422520346297460e+02
3.469168901894064447e+02
-4.006719576523800015e+02
1.372186226819816000e+02
5.681391737459358637e+02
-2.687479337819958687e+02
-3.740805627351598446e+02
2.870287379814901101e+02
3.058794479853135613e+02
1.619255681386087247e+02
-1.897005007959259615e+02
2.807853068104896579e+02
-2.944349509764052186e+01
3.719908888303797312e+01
7.208770268071897647e+01
1.568803997614724111e+01
-2.503371914216075425e+02
-1.206296814032127998e+02
1.671888710534718143e+02
3.644688386489166305e+02
-4.845252651960846038e+02
-6.474096353798430528e+02
-1.831752713826420802e+02
4.257914162585915392e+02
-2.628361107996911414e+02
-6.066175737749105679e+00
2.198147528326122995e+02
-7.925553972817503734e+01
-2.599011665333314909e+02
1.849992313239515340e+02
-2.002699436868679186e+02
3.287855106168163388e+02
-2.033723213521283526e+02
1.307092430278473785e+02
1.423914585230472483e+02
-1.234212614705454172e+02
-1.161571661450149264e+02
4.181236010152123299e+02
2.332977898572022113e+01
-3.710542635654834953e+02
1.343520300502235614e+02
3.888515459813098687e+02
1.297096447838753761e+02
3.835766546023800316e+01
-3.736074257390416733e+02
-6.213746737647465324e+00
-9.471998469463815695e+01
7.789845936420945804e+01
-7.650238323126572482e+01
2.166967184929179666e+02
-1.303881029240168061e+02
4.385767618446497522e+02
3.587392432363320154e+02
4.011834675283866147e+01
4.505931384256075489e+02
6.783581210546770990e+01
-3.443881645593313579e+02
-1.144972246476075100e+02
4.612567267620001132e+01
-1.604367646299261878e+02
8.602123701165511704e+01
-1.314424486303749404e+02
3.366299029845647510e+02
-2.835859136638680411e+02
7.025076584638068766e+01
3.520800598482635024e+01
1.408077945577695971e+02
-1.431060343496990015e+02
3.475991991935802616e+01
-1.972154574706413541e+02
1.601406420841983334e+02
-9.226269478573712490e+01
-1.875591037190704355e+02
-2.918458006156728288e+02
3.052032324780325325e+02
-1.102059683913012407e+02
-7.369205259127625141e+01
1.182059444178086522e+02
-3.575386435920569852e+02
-9.434254961951087637e+01
-7.021656226871266426e+01
-1.512007028229319339e+01
2.852254989169069859e+02
-1.928875364388179605e+02
1.504408573048025630e+02
1.613939697473883541e+02
-6.036833687784663738e+01
-1.469443853148376604e+02
3.083631523798113605e+01
-1.115605610388390687e+02
-9.775019808369187047e+01
-2.586013684545234241e+02
-7.189412530460306527e+01
-1.009932587558473038e+01
-3.765069702172315260e+02
7.079480332574175350e+01
5.518721985054590995e+00
2.196254335707962753e+02
-1.111306998149657375e+02
-1.469595540986323812e+01
-1.792632039198405494e+02
1.254304024511816067e+02
-5.286985630621946086e+01
-9.036380952362888763e+01
1.030558353576559227e+02
-1.190648676360583522e+02
-9.814879324879693456e+01
7.343325223834722237e+01
-9.939686856844089391e+01
9.189327520919781023e+01
1.599499382601933917e+02
-1.690904134149658944e+01
7.939636497311595598e+00
1.970058768442966368e+02
8.403495284800324328e+01
-5.654583521465180240e+01
-2.489945611517390489e+02
1.078892291196344928e+02
-1.525125332101146967e+02
1.371135906927804911e+02
1.852756784108565284e+02
1.222981444301989598e+02
1.695056139396017514e+01
-1.254929587176456920e+02
-1.126552536953574872e+02
3.499601175897909400e+01
2.546218155028541901e+02
-3.499215491700521596e+01
7.338260598393574696e+01
4.072361541504460725e+00
-2.218631642286879639e+02
5.840454555426478578e+01
6.888311269361841482e+01
-5.563190147568409571e+01
-3.766411317684555371e+01
1.927264165875376420e+02
-1.687070477117744929e+02
-2.397634647278675857e+01
-8.495877707509410470e+01
9.960848231341731207e+01
-2.231270179417264785e+02
3.194156410465927109e+01
2.275668277699431314e+02
2.508987034840554031e+02
5.418152889901165992e+01
1.428366151962120796e+02
1.269911910438795957e+02
-4.972075161468062277e+00
1.075061633895783189e+02
2.287648229075174200e+01
-4.770855262582269773e+01
7.819604143954670405e+01
8.274963677228078041e+01
1.182627065680215694e-01
6.307407289784708837e+01
-7.745989830821910971e+01
1.259771561678076079e-01
-8.673972970275886496e+01
1.330061878162424875e+02
-9.464100889523746218e+01
7.998319911704612650e+01
1.587684623867596372e+02
-1.008483496562071480e+02
1.431121588099228248e+01
1.669271486930614401e+02
-9.019516566506041499e+00
2.054216742010127632e+02
-1.183150778781478749e+02
1.752346211910462728e+02
1.442106652253414154e+02
-7.221851015218996395e+01
-5.209771822047833467e+01
1.439691267024890919e+02
5.677603615173457285e+01
-5.983840272564191309e+01
-1.176149852421077924e+02
-1.317594217088001187e+02
-1.345157135544644689e+02
2.500687949109382302e+00
-1.104503216856512324e+02
-3.210486920518698639e+02
-2.634684686051760494e+01
1.918611960732486077e+00
1.442813759086108689e+02
-8.150741907904416550e+00
6.503711612338511827e+01
1.456332597777064848e+02
-1.104855964136536528e+02
-2.610380304284802833e+01
1.790746520130694819e+01
1.224950788399901001e+02
3.138945398676554177e+01
-8.507047006186839155e+01
1.107896364497888015e+02
-1.445798140834523053e+02
2.934394948021457594e+02
-6.035385138624620538e+01
-1.787527721741716675e+02
1.103139749430793017e+02
-9.881664256887624731e+01
6.229307258404018199e+01
-6.431106070663962271e+01
-1.403200635558987130e+02
5.174887048072957185e+01
8.865863277054542380e+01
5.106109022457058444e+01
9.477786421863548583e+01
-1.976412754018626927e+01
6.110186706730808481e+01
-3.441265504551076759e+01
-2.304316599554812939e+01
-5.652124332490598135e+01
-1.670351454922906385e+02
1.394539465255442501e+01
-9.989060199828449527e+01
5.572248653257049966e+01
1.196315413028006844e+02
6.213064621731832915e+01
2.169928477121972890e+02
-6.670163179425314581e+01
-1.329122475739175115e+02
4.556376567740966976e+01
-1.489347961607003583e+02
5.152046334905170966e+01
5.884251595167710036e+01
