6.983269445887333404e+02
1.854844229540943388e+03
1.571805359128448799e+03
-1.958572391573278310e+03
-1.243659655938402011e+03
1.274967389838292775e+03
-5.228443641295407360e+02
2.980464660546790583e+03
1.301141747762937257e+03
5.244935761515348815e+01
2.108147580411854506e+03
8.773961524503719147e+02
-3.767189068338845118e+03
1.655932146129014200e+03
-2.438217530358718648e+02
3.326118607864851242e+02
-1.947907981707745876e+03
-4.689712445581854467e+02
-4.691072839078556740e+02
-4.717763460860826399e+02
-1.760603967258018656e+03
6.170270588912300127e+02
8.738447009249447319e+02
-2.113856341953811295e+02
-5.034788565384693015e+01
-9.307955677804374091e+02
8.773896648643165008e+02
-6.611341057838054667e+02
-4.652785247024674504e+02
4.582968789573701542e+02
2.704214431463297501e+02
-2.362939716093013885e+03
1.908904320951285172e+02
1.353082072265406850e+03
1.080345710663602176e+03
1.412394177277021754e+03
7.040589710277694167e+02
-3.963668745473699460e+02
-6.628830873975472286e+02
-6.398004201944132774e+02
-3.540663678232962184e+02
6.049249825682436494e+02
-8.698228039280692201e+02
-9.352276282976722541e+02
-3.572778745567072178e+02
-5.876871382152111210e+02
9.870735256393448935e+02
1.120710204792253307e+03
4.438251405727472729e+02
-2.166169138008949346e+02
-4.993685313751717558e+02
-1.149721389053749760e+02
4.287484457816158852e+02
1.223245285077111504e+02
8.618420624270107737e+02
-9.848922656434308465e+01
6.920968290453361078e+02
-4.702294037512832574e+02
3.906614331302741903e+02
2.365961575592453983e+02
3.780298372394596527e+02
5.360328392263114239e+01
1.483408285396670635e+03
4.592805240328628997e+02
4.102494822125132714e+02
9.874873187564098771e+02
6.666665514749436170e+02
-1.589553923097276034e+01
-1.346246215013635208e+02
2.536557816006601627e+02
4.272835569869997130e+02
1.293113708943103006e+02
-1.849848897047777427e+02
4.415389293688850216e+02
-8.345036433759682950e+02
-9.464245743929156163e+01
-9.738986261318369770e+02
-2.105132785442098680e+02
4.976586480559370216e+02
-9.714374465950176045e+02
4.513223203113507225e+02
7.200011558077840164e+02
1.952145567696294393e+02
-5.347658738063837518e+02
-1.179691284460072666e+03
4.080058410682477188e+02
-1.124978990066765334e+02
3.491989848850313365e+02
1.400350553313297297e+01
3.476082485359802376e+02
2.360138469721923471e+01
-1.827432711821994005e+01
1.431097942924974973e+02
-5.933546353342783277e+02
5.376991414143792980e+01
1.233659173331947727e+02
1.243098779617354381e+02
-2.915250267560420525e+02
2.606205388425584033e+02
4.525713912211838306e+02
2.542409968066385488e+02
-1.289041662130944985e+02
2.978931814261139834e+02
-5.073705656839750873e+02
2.590392654584752563e+01
-9.793445438974035824e+02
-3.526296932482273405e+01
-3.508278917748185677e+02
3.208716722313926653e+02
2.782603385446352604e+02
-9.344410137738709210e+00
-4.313493999666137029e+02
-1.259363850243412799e+03
-1.830513749351007107e+02
6.706691635371172424e+02
-2.572215918063520235e+02
1.123071656984751314e+02
-1.008999780073143597e+02
-2.420513659607821637e+02
2.292057426204709145e+02
1.127592421302062604e+02
6.740521542476116110e+02
-3.231054587472667663e+02
6.963161137728260428e+02
6.626381118513594970e+01
2.999313718604890937e+02
-2.290471817415695739e+02
7.021293135121405840e+02
1.607847642160746773e+02
-2.649416824640616710e+02
-3.341622685058327846e+01
6.862027558714721636e+02
-1.987583705091336128e+02
3.640778356211194478e+02
3.847400770680156370e+02
4.329508792312170158e+02
4.972927219937936911e+02
-5.075603319699435474e+02
1.849620511756598660e+02
6.443613965473593908e+01
-8.167320365398065007e+01
-8.577798012336090494e+01
3.016075730633074272e+02
-2.413753927437468860e+00
2.836954427257800671e+00
-7.682078327894531355e+01
-5.374247242343610651e+02
-4.256298370326027225e+01
7.612170840289509215e+02
8.605376889145583164e+02
6.115481830866683310e+01
-1.064437757659998738e+02
4.743468613063703856e+02
-5.147542699954462009e+00
-1.220911732304224131e+02
5.052115167802862317e+01
9.944276251212286866e+01
4.475935782023627780e+02
1.379808787957877314e+02
-3.886034222322456912e+02
1.074354581273708789e+02
1.931965700639116079e+01
1.864977289469180732e+02
-5.820592527595058527e+02
-2.310348704369500581e+02
-2.695739376115121217e+02
-3.178345289917274954e+02
3.571665022017667752e+02
2.158690393347669385e+02
6.230144218832248271e+01
-3.525958720229872778e+00
-4.044771516733700878e+02
-2.723011497400781877e+02
-9.323116840663793425e+01
-3.523107294493872246e+02
-8.182005606899518568e+01
1.883378830183578998e+02
-5.490727116385650106e+02
-4.383649028903537328e+02
1.450652268515227092e+02
3.223216815295252218e+02
-3.050955983590897631e+02
2.454736293301239982e+02
2.863487691049432442e+02
2.515884755977413931e+02
-4.454109043692184855e+02
1.765384443853474465e+02
-7.865038409895117866e+01
-3.620144216360730525e+02
2.451018048885443363e+02
1.326583874834093137e+02
-5.400072953777857947e+02
-7.434206285280565396e+01
-5.267576049046773505e+02
1.918371309895633772e+02
2.734586068539299930e+01
-3.715633026008904380e+02
3.304063906079775848e+02
3.213319406154799651e+01
1.477612183742564866e+02
9.145291742590812589e+01
1.338271244827862176e+02
1.003550914776610966e+03
-7.139215188131389311e+01
-3.113458633885595184e+00
2.203185560261350417e+01
-1.774588628267600541e+02
9.800885359424351861e+01
-2.779141394202355642e+01
3.423960142120622550e+02
-4.512918183717022202e+02
-3.445173260163298323e+02
-2.311161042198711471e+02
-2.406183745498488236e+02
-1.873761245529025743e+01
1.524700613529358861e+02
3.131693680606555290e+02
-7.345724632370168194e+01
-2.715134916549268951e+02
-9.660040053125189274e+01
-5.023267970403958316e+02
1.792995179600189601e+02
-4.946618732328340116e+02
-5.139076801836465620e+02
3.042923995948921743e+02
-7.670282971850434706e+02
-3.721852818572136243e+02
-8.735434967562540010e+01
1.361714718476774806e+02
-2.369237065731148846e+02
-2.087273330609124287e+02
-7.579697548243645144e+01
-5.973544600561824609e+02
7.907379460944726191e+01
1.104012322396038428e+02
-1.530244632308624730e+01
9.541947302431617928e+00
9.248338262829099676e+01
6.917481617954531714e+01
8.353879352188864971e+01
3.191203454150981855e+01
1.087944070925558577e+02
-6.178030852161164148e+02
-3.162896733466101864e+02
1.970631665769612084e+02
2.221323596489432646e+02
-5.241339324608593131e+01
1.834669629170706173e+01
-2.041946322343474662e+02
1.630442400579329387e+02
3.954194047839111477e+02
4.556474834935866625e+02
5.216687010512649749e+02
-9.187753690830260211e+01
1.111740131413870785e+02
-2.115459190213353224e+02
2.435566331292121163e+02
1.290065357213159416e+02
-1.826469760804075406e+02
3.921589823296628197e+02
-4.576759183063293790e+01
6.351854254182707109e+02
-3.516317022642620600e+02
3.885335314831627329e+02
-1.513818731958076853e+02
2.702102500437155754e+02
4.197478929280393345e+02
4.657928737536102517e+02
1.722258453313976645e+02
-2.360842156116876254e+02
1.411261812186052680e+02
2.564233412171092823e+02
-2.576955583593811738e+01
-2.702276591914314281e+02
1.141652028013838986e+02
1.176079527832217622e+02
5.568036976534585847e+01
2.413329733189588922e+02
-2.902016468060623424e+02
-1.532611418082835257e+02
-4.405570186911936617e+02
8.285147591558936710e+02
-3.592300424997606001e+01
1.380801049046611126e+02
-1.063379843406154350e+02
-2.008600019359433304e+02
2.327826354740480213e+02
-7.583952468930519331e+01
1.197462180366927527e+02
2.049382563456498474e+02
4.942893625718249240e+01
1.944238068574859994e+02
3.205246297199793730e+02
8.935667713173909021e+01
-3.743246594330400256e+01
1.345847094065995009e+02
-9.381251466705998610e+01
2.841716674404368064e+02
-2.138917168272668050e+02
3.571616343111188030e+02
