4.482272612723711063e+03
1.056175953798427599e+03
-1.918094855403879137e+03
4.830614524655946298e+03
-8.692674272991973794e+01
2.383676389338254467e+03
-9.047027148244636692e+02
5.814284488649779092e+01
-1.581056755784132974e+03
-3.622801796490025339e+01
-3.962867746245669878e+02
1.364104165864485822e+03
-1.430564141604785391e+03
7.407249282399526464e+02
-3.321717379364804970e+02
-1.585332891366684578e+02
-7.968658378973250365e+02
1.002658700958441159e+03
-3.479530457344121714e+02
-6.217434825342942304e+02
-1.502278087818791391e+03
-1.993887686033742057e+03
-8.983327512734639413e+02
2.222825224562671664e+01
-3.429931674644406598e+02
-1.492026597641622629e+02
3.654990602848912999e+02
-5.207322414245860500e+02
1.444699562482665272e+02
-6.831747751732158349e+02
3.347239532842236258e+02
-2.423672188572767482e+03
-4.747691249517048959e+02
-9.857449001570513474e+02
3.309717596163886810e+02
7.957145141603997445e+02
-4.521961812502080988e+02
1.956576989332706091e+02
-3.709822025737743729e+02
-7.310048895446739436e+01
1.046762562462777026e+02
-8.845581399403181422e+01
1.229344888112618946e+03
4.269439130009503742e+02
5.586086320247627555e+02
1.455399164509359800e+00
-4.111005205805111586e+02
2.525344003974617237e+02
-1.655156232455499890e+02
3.142930917504655213e+02
-2.178512822881254181e+02
-2.476195978022310840e+02
-2.821666454565944377e+02
1.511019014249979193e+02
-2.111098534571854941e+02
-8.273113778120965378e+00
-1.666368921135038477e+02
-1.230339442859373520e+02
4.673847402940370444e+02
-9.770024489181244221e+00
3.733755398272251682e+02
2.511886588253993011e+02
1.042491739916243887e+02
1.929744999598886750e+02
2.121343447074290509e+02
-1.548133389121311509e+01
1.371757314490665181e+02
-1.892230237546659168e+02
7.494683126347136692e+01
-5.622707289870559180e+02
-1.856076119730320499e+02
5.154219534176537536e+02
2.061461178573145219e+02
-5.114692525297986663e+02
-1.469307463494695583e+02
2.099287813273013228e+02
-1.669666104296008768e+02
5.464490378491216234e+02
3.404577949298758313e+02
-3.580549544532521509e+02
8.791249397782913775e+02
-3.229215177026478614e+02
1.897680675723176478e+02
-4.302069504396976072e+02
-3.306977354238346152e+02
-2.541744677399490229e+02
2.264514517236781899e+02
1.368607611088289389e+02
1.463806120461663909e+02
-1.335234700887620818e+02
-4.334152219060692914e+02
6.702482823686418669e+02
4.337914965817809048e+02
-3.824473491429838532e+02
1.049485891414286840e+02
-7.804641305514194016e+01
-3.671436739267588791e+02
-5.033676099078650168e+02
6.579659881183722803e+01
4.629663565116137747e+00
4.581347927564799534e+02
7.110122653317409913e+01
-3.595690438022175499e+02
8.415138975112455455e+01
2.785356971380777509e+02
-3.538477755043153365e+02
2.308531350936604554e+02
9.604841190235400461e+01
-5.045323980169823699e+02
2.163823364088589472e+02
2.171097444543493680e+02
-1.856135126412823126e+02
-4.633797778432283963e+02
2.156404858470506625e+01
7.376862866786099460e+01
-8.100163366246104601e+01
3.060268938939946111e+02
-1.766427677395936939e+02
-1.511092990515448946e+02
1.056455506816148215e+02
2.336103099417855162e+02
2.395333672845910087e+02
5.539581469031028860e+01
2.680806778032041926e+00
3.617742507989004253e+02
-9.998820546015782895e+01
-5.490910189291855659e+02
2.903443249701263085e+02
5.331369050955948978e+02
1.246691445556187858e+02
-1.976068132865074460e+02
2.801868210693624519e+02
-5.349824788610883388e+02
3.619980530894957269e+02
-2.996272146997655739e+01
-5.540307097364451039e+01
-6.297584762990034335e+01
2.118145378805947843e+01
-1.168744806636578737e+01
3.095614625464105529e+02
2.552884571948754910e+02
2.077525906131480227e+01
1.480498879835086257e+02
5.017539960001771533e+02
6.380962394650730829e+01
-1.275773913011097704e+02
1.378989300096706216e+01
5.061303876520162959e+01
-7.900891945634120361e+01
-1.512985702153225454e+01
-2.228867018390746466e+02
-4.046216298771936977e+02
-6.813171221138323119e+01
1.200137524820823245e+02
-3.465946172439200836e+02
-7.555083193396018260e+01
-2.275232520620925811e+02
5.748555814569930362e+02
-1.314225820070935811e+02
1.712402375556550282e+01
1.910461488344519125e+02
3.029135241747788143e+01
1.507788770530209206e+02
-1.802248738687818275e+02
-3.790399367068991410e+02
3.145576744354312382e+01
-3.544565337377565015e+02
-7.929345920451139307e+01
7.476721310612487059e+01
3.550725009045825686e+01
2.209906280004977646e+02
-4.086957732737463402e+02
-1.657784217470443195e+02
5.318122236499543298e+00
3.531663493895096053e+02
-3.360086059643572209e+00
1.565431269680571802e+02
-4.428811988259567443e+02
1.995585995342102947e+01
1.488806499215572217e+02
-9.222279514650207943e+01
-2.691940098788659839e+02
2.413147530734566431e+02
-4.736175340428028591e+01
6.246331473686119296e+01
-2.436458071933080305e+01
2.438029822711959582e+02
8.193391822507958722e+00
7.963403903594118560e+01
1.899364498727651949e+02
1.423093041306776172e+02
-2.704991352459529139e+02
-1.489352515050564989e+02
-1.140579816908898039e+02
2.001248359966515409e+02
-2.093314196698206331e+02
-1.570663411507997296e+02
2.472552216103775180e+01
-8.716170351574685782e+00
-1.127069052593375353e+01
6.258269433870084164e+00
2.636954723043953095e+02
2.291281083800476210e+02
-8.124220596222527035e+01
-1.367190765555311316e+02
-8.474344760341841720e+01
-2.114851750136131727e+02
1.652520649456862145e+02
-2.479478892972420567e+02
1.447026944890025959e+02
-3.462201837379257086e+01
-2.897224893902069311e+02
-4.031021143469037327e+01
-1.658621541470972716e+02
6.097853740310463877e+01
1.883110561644441532e+02
1.719068156168171413e+02
-9.146392854698255803e+01
-1.493996337580221656e+01
-2.909894616783506027e+00
-1.710968146732942330e+02
1.846927764439771522e+02
-4.479062611522122239e+01
-1.187947350965904576e+02
2.706096131219849212e+02
-8.257235695154058419e+01
4.330498656587195683e+01
6.824962008337600139e+01
6.682898766907516119e+01
-8.142088281436306829e+01
-1.258310564849692668e+02
-7.920239465834772830e+01
-4.224484756286651077e+02
-1.440618262052726948e+02
1.891654443264367558e+02
-2.922733346236732199e-01
3.138996154449931808e+01
1.026612363612357228e+02
1.009906666786711895e+02
8.248339542908034616e+01
1.353692142970697319e+02
-6.065708023665683157e+01
-3.777015759659184369e+02
-1.060705162576888796e+02
6.970917070486453326e+01
-4.612328517825753238e+01
6.034145626508767180e+01
4.065200810786823240e+02
-1.230180444445915668e+02
1.010477103565969230e+02
-1.368607547038091177e+01
1.090957718281550086e+02
1.917363880248499868e+02
2.169918540281470314e+02
-4.269986160066856229e+01
1.540797056396948861e+01
4.974477253300904778e+01
4.051781145351543501e+01
-1.667780252957455218e+02
4.560960701497962333e+01
-6.196578117481023718e+00
2.337559692101582982e+02
-9.382272205413305244e+01
2.050032051315784258e+02
-1.325686109021542620e+02
-5.556741341650019095e+00
3.464078531262003366e+02
1.556246433537703524e+02
9.975089823483958185e+01
9.010654244447893291e+01
-7.687795488177727066e+01
8.088914344539765011e+01
-2.842881639264003013e+01
8.786519086403870915e+01
-5.681029025353680595e+01
2.705193944846243070e+01
9.609790094031315277e+01
2.044715836299332778e+01
-1.295846635644058438e+02
-7.372195164291265712e+01
-1.394036053759255651e+02
2.214366825175458757e+02
-3.485104941076544804e+01
2.319528864286689895e+01
3.046115856196200156e+01
-6.264454113876482921e+01
1.200052804427059243e+02
2.298212316744693506e+00
1.358214760840218673e+02
-4.141307448691866711e+01
6.004730801000650331e+01
3.868573537153150710e+01
7.692074084795230249e+01
1.500432085186668907e+01
-6.205199751592647317e+01
-4.631920140118395324e+01
2.756060207108446036e+01
1.250742233564564145e+02
-6.712447983796472784e+01
3.734809909841717257e+01
