1.755480402965026769e+03
-3.043525756790911146e+03
-2.373854563454921390e+03
5.001325175724986366e+03
1.744306064632227162e+03
6.496509759806438069e+02
-2.987860981102951882e+03
7.817376757912380754e+02
-1.617741938701502249e+03
-5.246871414258017694e+02
1.510280567573900043e+02
1.213076218499259994e+03
-3.020105033807589621e+02
8.033316211778750358e+02
-1.485492826472717070e+03
4.961630458310433482e+02
-9.534230909919421038e+02
9.782816848082434262e+02
-2.901899315045916583e-01
-1.524314345134438611e+02
3.412976417782377894e+02
-3.740418404607978431e+01
1.095139013435477011e+02
1.586116852205643454e+03
2.821867825331664648e+01
-2.191780874273732707e+02
-9.553107003433518685e+02
-6.799918215688387590e+02
1.343018213115082972e+03
-7.968605504769718664e+02
-1.710301889712677621e+02
-1.421760267805268995e+03
-4.000256210011002622e+02
-2.943981467410943651e+02
2.704071853411369375e+02
5.096075846771691999e+02
2.339226162237168580e+02
-1.425078258460203244e+02
-2.718653013775894323e+01
1.662173842354485487e+02
1.172918971846048635e+02
-5.490635673541166994e+01
1.132737015983772153e+02
-7.428472418680457849e+02
2.631777197999378473e+02
6.121433121254494836e+02
-4.659367470542882188e+02
-1.757808124858851500e+02
-2.966887465291591184e+02
4.824381911799934528e+02
2.730256568445502126e+02
-4.994173864843686488e+02
4.453424284863318690e+02
6.039899867913073876e+02
-2.928055643789900273e+02
-6.451367802260575957e+01
-2.829466199862468443e+02
-3.321263031990086461e+02
-5.451021410913692762e+02
1.751285854335216925e+02
2.400528635503274870e+02
-6.054887138760847165e+01
-6.202672720223326053e+01
9.055887040354610917e+01
7.714008923553819841e+01
4.239710450763711691e+01
-4.940841741216936498e+02
-2.040364424032080706e+02
-1.554360106401271082e+02
-2.082274887446453420e+02
-5.386617916357413378e+02
3.824899460416872188e+01
-5.382721663373042986e+01
-6.387839195276031887e+02
-5.991343445279949975e+01
6.047314768075880664e+01
-4.309189085284277354e+01
2.769724793483165399e+02
-1.149821286784011107e+02
2.504662885818675875e+02
1.295425567222640382e+02
-8.283155209228893057e+01
8.102880314132325168e+01
-2.528282705701858220e+02
6.776329255609715574e+01
-2.888014837318425521e+02
5.229372133408189711e+02
-3.132266743478556492e+01
3.527971322120245645e+02
-1.061207191031778621e+02
-6.906702317495028183e+02
2.070204643705138494e+02
1.946475029478554006e+02
2.023238775382608310e+02
-3.831756410048762405e+02
-1.571026502790786594e+02
-2.380964985686429713e+02
1.345920280198859302e+02
1.164299382294650513e+02
2.104658592168702569e+02
1.533962463210015983e+02
3.370462034714645938e+02
-2.047956633975652210e+02
-3.732091063000451214e+01
2.240817608546097119e+02
-3.917933794921815434e+02
4.964580353808638051e+02
1.934212695192097726e+02
-5.262737437205108790e+02
2.616840300468527403e+02
3.865673498795355272e+02
3.734171198568196814e+02
8.038418920672602042e+01
4.801143713955091812e+02
2.603769660886116526e+02
-1.178903699334827593e+02
3.521184565165223717e+02
2.755838430001049346e+02
-7.793218242495882464e+01
-2.259452659138483739e+02
-6.030649595179287559e+01
7.233496895722731246e+00
5.767123167134732142e+01
8.816066831545320781e+01
2.745983424192764488e+01
-1.675950515102536187e+01
-1.361442534385527026e+01
1.752989275362368105e+01
-1.841860481537770227e+02
8.560640802246653891e+01
1.878496511951931609e+02
1.484045810744039784e+01
1.607444944658348049e+02
-7.973949648307546489e+00
1.049618861320014247e+02
3.575004192599040920e+01
-6.788215591579765373e+01
-5.224000498447656682e+00
5.339831364225170063e+01
6.547932010506406186e+01
1.615253944720796824e+02
-4.511035083673706225e+01
-3.060433101636693465e+01
7.730693568368918989e+01
2.879233339827637224e+02
-7.653488214893167196e+01
-1.554348959747845242e+02
2.440187945145451920e+01
-1.094105301845570324e+02
-9.141172469937863809e-01
6.755836639497900364e+01
3.090537795298672918e+01
1.488682223670730025e+02
6.898366049481664675e+01
-1.522970299713234112e+02
5.247422410909662460e+01
-2.194556663378324401e+02
4.473985196540753861e+01
1.905239919820892283e+02
-3.972697112988127088e+01
5.490060535185094892e+01
9.107057006505894492e+01
-2.414167664075714725e+01
-7.792588275227875272e+01
-1.412152754188385195e+01
9.875513624962096060e+01
-6.273204485473655012e+01
8.704342173526093518e+01
3.139152444853957036e+01
-3.078301948302676649e+01
-1.366955592048718984e+02
-1.303535664888925965e+02
-1.014894222142564786e+02
-5.456076523421336333e+01
1.138065297982423516e+02
-1.139114915586742569e+02
-9.392072780965774825e+01
-9.461818347642537219e+01
1.986209095976073868e+01
2.046983666248493421e+02
1.156399885077376410e+02
-1.639373492020745573e+02
-6.730250192891567451e+01
-1.991208635873833259e+02
-3.685243122899596102e+01
-1.159577999641784771e+02
-9.062465082650959403e+01
-2.769253220138274685e+01
1.595622881095160892e+02
2.059727238701636338e+02
-3.337336023710904698e+01
4.607331670086483655e+01
1.034302397899987653e+02
6.781528025502753110e+01
-1.933857073005858496e+01
-1.640727713541712376e+02
2.974785760812607904e+01
2.348094995798644646e+01
-5.944384508842484394e+01
-2.494018451889550292e+01
7.186667732182520751e+01
4.459425062238355331e+00
-9.697598300145003236e+01
-1.587409537921688525e+02
-1.401225498884500666e+02
-3.119000211561339597e+01
-1.471068504371346286e+01
4.691356403413476528e+01
-1.594488822464107329e+02
3.102018754028759062e+01
8.021442497753416490e+01
1.035555215553996433e+01
7.294265155136730527e+01
-6.870219067754589126e+00
-2.713453501401368939e+01
1.205520132325471572e+01
1.089764793273031245e+02
-9.142368628125420571e+01
-6.758645779759544325e+01
-1.364263364274461878e+02
-6.674645203580993780e+01
2.773619498701649277e+01
1.963127140951099534e+02
-1.058285849123756321e+02
1.935666284250881120e+02
8.496344426600263944e+01
8.630629554015786198e+01
4.538659854439007546e+00
-4.605604977605605654e+01
-1.512257138571526882e+00
-1.182928039523144861e+02
6.746275712747990383e+01
-2.697538868198579820e+01
8.022261978002259752e+01
-7.278661673494362105e+01
1.956065539667061159e+01
1.595442488232697826e+02
1.909034905428494255e+01
-5.601436980248784892e+01
1.352609677349855986e+02
8.811005565571593934e+01
3.418180100277228206e+01
-1.297582976233021768e+01
8.015716742035210984e+01
-2.179496587604822366e+01
3.600873285693948134e+01
2.393902881505196945e+01
1.265673515342840858e+02
1.171393483072202990e+01
4.717467042049975134e+01
1.191728268805336484e+02
1.484387850008615928e+01
-3.989048884483862167e+01
6.501067256193157107e+01
-6.168808958753096050e+01
-3.593748475339867809e+01
7.359786201240348191e+01
6.230196200224547454e+01
-9.328369210986915050e+01
-2.749952523499852930e+01
-1.102770621876325663e+02
3.292368845775079933e+01
-5.823845988481952674e+00
1.085330978379251832e+02
-7.302315639374421607e+01
-3.585373223412828025e+01
4.551827365285841154e+01
-2.222769715946679625e+01
8.760909927731015046e+01
-4.172752520670810483e+00
-1.309202065698616124e+01
-1.033350155212915240e+02
-1.353455602039467109e+01
-7.531649307132239457e+00
-3.590836098824134126e+01
4.430655774725558160e+01
-1.560526350545651830e+01
8.127106966466500637e+01
3.409221969424262966e+01
-3.965898685735230345e+01
2.856873704075213638e+01
2.998251848569777067e+01
-6.753695856502876893e+01
-4.093403566629492119e+00
-1.314496801038790750e+02
-4.195701491870755717e+01
5.079183929483093607e+01
7.622510271983816921e+00
4.214611224139272849e+01
-8.532347945924389165e+00
-3.631449492598231643e+01
-5.466285108173670748e-01
6.906919176282187323e+00
8.331823843782157013e+00
-1.444934238365731183e+01
-2.104329094398575961e+01
-5.025209489338187296e+01
-1.988836972492958211e+01
2.920826754860592800e+01
-9.171382720221895823e+00
