-2.876803408129241689e+03
3.710811738567126667e+03
-2.426763308244141228e+02
4.894071850868531328e+03
-1.056099279350493134e+03
-1.872672550446244202e+02
1.981251453162247799e+03
4.069789927043066200e+02
1.265729277843744853e+02
-4.004485148582686520e+02
4.454690960393122054e+02
2.180079279321080776e+03
-1.458452461890037966e+03
-8.731249413715879371e+01
-5.198772113905328069e+02
-1.255458316482688303e+02
-2.232833539811170454e+02
-2.547503590362398995e+02
-3.787614189231283035e+01
-3.133981077557350545e+02
-1.390511414354415365e+02
-1.124180742909289620e+03
-2.266105670717468712e+00
-1.497275434903492396e+03
3.535100139181386112e+02
-4.117124422641295922e+01
-7.663785666938492795e+02
2.103095937206833455e+01
-2.946418935353486290e+02
-1.152553445260685521e+03
-2.477634972709505519e+02
-1.665543434342967203e+03
-9.677936883365279073e+02
-1.108650364794997131e+03
-9.559218226369370086e+01
-3.823276503542824400e+01
2.129864541614708457e+02
-1.818719838693981217e+02
-2.057333868664196359e+02
-1.281393676857586343e+03
-8.714770918902836456e+02
-1.041637850855456833e+02
-2.493628846488031456e+02
2.554212264845530740e+02
-8.005675828090643336e+02
-9.469654784749528744e+02
5.606446610667061350e+02
1.234032570687747466e+03
8.369104459453236586e+02
-8.541748864306931637e+02
-8.199377020248495000e+02
1.111973332105848300e+02
1.156416169787980834e+02
-1.280280357355833075e+03
7.712898227940227116e+02
-8.921057029460885701e+01
-1.785048655875145300e+02
2.243575746132533482e+02
3.271246854740216747e+01
2.677498371160108945e+02
1.751946846884345348e+02
5.083369198831193785e+02
1.194331600286423509e+03
-2.231889997911922308e+02
7.034226789295659046e+02
3.968177455858217968e+02
1.435632262325253350e+03
7.998652785938028273e+02
5.932561809255771550e+02
3.436648658233262381e+02
-1.804035855918612015e+02
2.933656269268436478e+00
7.972248324335471636e+01
-9.708484403783883465e+01
-6.139722291106594412e+02
1.398222566705924521e+02
-5.928119419035972442e+02
8.400556764580636582e+01
7.873310257357726414e+02
-7.201137414032729112e+02
2.103944319187002918e+02
2.283724242168439957e+02
6.412946573201590184e+01
-9.845024269445757454e+02
-6.596943750061171841e+02
2.887346307783642487e+02
-3.173723629241671915e+02
-4.041929797542484266e+02
-2.766682066724525271e+02
-1.824478965549573104e+02
-1.653088803400701465e+02
-7.646113264238822183e+01
1.005726029556919343e+02
-6.949915685074842031e+02
-2.583662439258772565e+02
8.914307186574325215e+01
-1.986274467447591974e+01
-4.557443327935963566e+02
-7.137422709698146264e+02
1.313656223463693706e+01
6.996388041574302861e+02
-2.104670021115763632e+02
1.441216283142893815e+02
1.738589387630057388e+02
2.032624389125774371e+02
-3.192874260591792108e+02
-2.567335817448970943e+02
-2.597429399636741323e+02
3.515269059747300844e+02
-5.328836115831148135e+01
-6.743394082464609482e+02
-5.766534989479411024e+02
-9.665172105524774224e+02
-2.834877346535572542e+02
2.157588187057289417e+02
4.635089127563362013e+02
-7.084626167745142311e+01
-5.438391494019068659e+02
-2.683269301898447878e+01
3.838537957107068337e+02
1.193330608422883756e+02
2.902932715662834653e+02
1.071955466913459816e+02
1.777865651935907181e+02
4.117697826280954132e+02
7.186229367304041205e+01
-4.346883570926677862e+02
6.252256688590828162e+02
6.703364968693636960e+00
3.190711993994783597e+02
3.851201256796887407e+01
1.174121583397423365e+03
-2.488323805501212007e+02
-8.634314714398952617e+01
5.844217862454479473e+02
5.899340220093259859e+02
2.973570326266410575e+02
-4.489785613408785139e+02
1.224910145324467834e+02
-2.200979200103261917e+02
-1.143791151696032244e+02
9.833763960093598655e+01
8.558901687918639709e+02
-2.024706452143430511e+02
1.672115550951641438e+01
-1.332786889195283777e+02
-7.522233059655713987e+02
-2.331518730341132368e+02
8.766385839368884945e+02
2.583306896103638906e+02
2.849012295435089186e+02
8.608743737993491152e+01
2.609436508272750643e+02
3.221018487723218016e+01
-2.825868968323317176e+02
-9.303987064965664899e+01
1.059113195813614254e+02
4.439771044155119171e+02
2.890979863553492013e+00
-7.328952429673549887e+02
4.529169395800398661e+02
1.488703978387974871e+02
5.269239911759449342e+02
-5.473204427192888488e+02
-2.494134327053000177e+01
-5.451997210549191095e+02
-3.352522161020998510e+02
1.087604733686565481e+02
2.375537852453946641e+02
3.985448115747867632e+02
-2.628742575352483755e+02
-4.798900193147562163e+02
-3.425214269794296911e+02
-3.236577955377762237e+02
-4.882877587568507352e+02
8.513975100394979734e+01
5.596395379321361361e+02
1.157086662594512632e+02
-7.699306401288234269e+01
-7.952607113180783927e+01
3.949513265816473790e+02
-2.749164817467893158e+02
6.266835793265596521e+02
3.988197293420123515e+02
5.282623410636754215e+02
-2.364216726882179955e+02
6.944028262996903322e+01
-9.159341476075083222e+01
-2.774549028101701538e+02
5.923269635739626615e+00
2.457615496078980470e+02
-4.765160069265297693e+02
-7.524494277082469296e+01
-3.742236587133364765e+02
6.614561208837901063e+01
8.229292885607478070e+01
-6.748463380530690756e+02
2.111730869318033399e+02
2.321507002996578706e+02
2.344408193064061550e+02
-1.140738992872486648e+02
-7.615198388084330361e+01
7.732249125525240743e+02
-1.778283763628373322e+02
6.301718833024928301e+01
2.254131511994459913e+02
-3.618288318932989114e+02
3.164441375410790442e+02
-5.708852108506265921e+01
3.941526167930294378e+02
-3.138203115002002619e+02
1.435577222880389670e+01
-1.438513497585535958e+02
-2.403481466369179032e+01
-2.397960259557800384e+02
8.200849134052158718e+01
1.838206102477006425e+02
7.319716224597790699e+01
-3.942021231932235423e+02
2.312357583635604783e+02
-4.323905571285275755e+02
3.109592063036689638e+02
-3.888622610079995638e+02
-4.296783147501494682e+02
-8.297076224097851593e+01
-9.153808192723270167e+02
-4.596283056030195553e+02
-2.681262696921918405e+02
-7.631995602500640530e+01
-3.814639834497048128e+02
-2.628766769078326888e+02
-7.733269912757191378e+01
-4.513724436163040536e+02
5.738741210614025334e+01
4.982794795734690751e+01
1.289321990102716420e+01
-8.720171507449934722e+01
7.759382573701514296e+00
-8.943309560636102162e+01
1.282245468368455192e+02
-2.246531385296677996e+01
-1.312889092095737986e+01
-4.792524195990356475e+02
-5.605392232979743312e+02
4.103500166176133490e+01
3.813457263289988646e+02
-1.109039083683995557e+02
-1.473054241575099184e+02
-2.915195972343195763e+02
1.473591035010096206e+01
5.455763078975843428e+02
4.750981926511884694e+02
6.250480547398801718e+02
-1.413437663419488501e+02
2.091380137646092976e+02
-1.351763267951050977e+02
-3.044124813812700481e+01
1.040516871858010290e+02
-1.757742898944933359e+02
3.839030063164172475e+02
7.933099107241667980e+01
2.784697810287950688e+02
-3.982233817475560613e+02
3.130418053320815943e+02
2.873112974864335811e+01
1.531046363610962544e+02
4.338234832751218164e+02
6.512426027831901365e+02
8.722525206334638881e+01
-5.272633435417905901e+01
1.505520365261257325e+02
1.264787160843792435e+02
1.753406518852242186e+02
-2.283507697738620834e+02
8.243828450727302481e+01
1.078561495218452961e+02
2.770330227558783918e+02
2.901211372429011135e+02
-3.277199035366368207e+02
-8.134253277210791566e+01
-5.417145625172779546e+02
5.458941009313459745e+02
6.867429078995156999e+01
1.250978136469880013e+02
-2.930653213962116865e+01
-2.312047055011608876e+01
1.169225926303608389e+02
5.598342845953405700e+00
-1.168379587576623067e+02
2.983815853214401272e+02
-1.385486756750556481e+02
1.529114533413893469e+02
1.424139899816928505e+02
6.675957472636260093e+01
1.117963846165887105e+02
9.397599483246050056e+01
-2.036471888354936937e+02
1.287849266130860713e+02
-2.462660556585310587e+02
1.995942960169807634e+02
