-2.583232404370931818e+03
-5.721795963270921675e+03
2.633879242704893841e+03
1.789324023652388860e+02
-3.263521080731407551e+02
-8.595209162523735813e+02
1.420366188007287747e+03
-6.113462406884634248e+01
-3.751521926502881570e+02
-2.534716972481814992e+03
-1.086683593649985937e+02
1.118110043104488227e+02
-9.962415878076579929e+02
2.614240749153843353e+03
9.165990570914370892e+02
9.059496685283054376e+02
2.303691852044343591e+02
1.663117475144738364e+02
1.179024275270571025e+03
-1.152921532003689890e+03
1.569856399333397690e+02
8.866925441719699847e+02
-1.178698019580175469e+03
1.280387310509277540e+03
5.515858609631454783e+02
-1.373956895852837533e+03
-3.264159712671598754e+02
-1.261178065896532416e+03
-1.238866242466733411e+03
-3.176361903423014041e+02
-1.559470989127462133e+02
-3.673155610827866440e+02
1.004080512315396277e+03
2.107868687674647390e+02
-7.186713890756291221e+02
9.530262065675883321e+01
2.771731034979968626e+02
2.941279401386329084e+01
1.172039422996758020e+02
1.617555909860067516e+02
2.427853749777665087e+02
2.778225036923630000e+02
5.736500969349685874e+02
7.764645715727486959e+02
1.900518939655374950e+01
-3.186121492368898203e+02
3.221939145741732204e+02
-4.117225910580170307e+02
5.828590085073386717e+00
1.883941141652109366e+02
3.100206188448899525e+02
7.066608165447765941e+02
7.632673855048982432e+02
4.760801617317328009e+02
-5.942512458037396073e+02
9.495860827144280165e+02
9.712204149057232883e+01
-4.700560731507857781e+02
3.710506412435336188e+02
-1.906740761726145763e+02
5.180806042657021635e+02
3.808402814886601959e+02
-7.195150558469692896e+02
2.019990423116668410e+02
-6.444442065797018131e+02
-3.572478442416027633e+02
-1.529538430033661029e+02
3.750738636257070198e+02
1.146802318576978053e+02
-3.487432265032473993e+02
1.050630021721843264e+02
1.076415765830274012e+02
-2.225343138418137698e+02
4.976903412146529035e+02
-1.207383454313145137e+02
1.121134856990545927e+02
-1.593551971590810865e+02
9.827572972367396176e+01
-1.364460498913902882e+02
5.197856705525888543e+01
4.771144779774540439e+02
-1.747193300996826792e+02
-6.139185000815045896e+02
1.941891393925573084e+02
2.423314550311775974e+02
-2.178344061476544482e+02
-3.902618828095781964e+02
-3.903592791231495340e+01
-2.871562181043118471e+02
-4.397768838762657992e+02
5.552684703080546313e+01
-1.504612994083194053e+02
1.332536332420768304e+02
3.201195797260126596e+02
2.341215294339722277e+02
-2.239403488517166068e+02
-1.743548007919590930e+02
3.738497953478910176e+02
2.737843126414870909e+01
-1.168614943499406778e+01
-4.936345309394416745e+02
1.428692154649668566e+02
2.101530548585402585e+02
-9.472418704470192097e+01
-1.974577401393093226e+02
9.612364068798116534e+01
-1.502139431831306524e+02
-2.816904939272912145e+01
5.380681734275004828e+02
1.751456556453829023e+02
6.516910525272776056e+01
3.240247644877858875e+02
1.054521571311916972e+02
-1.124558880067269229e+02
-9.718913290579085640e+01
-8.356888114187054839e+01
-1.428193869339770288e+02
-6.198393580813173998e+01
6.855444146607751144e+00
2.743075662942375175e+02
1.031238473711186856e+02
-9.770682376900616362e+01
-4.670745351749344820e+01
8.615013661651221355e+01
-2.228584122803730736e+02
-2.115729399447535855e+02
-1.312629839760097354e+02
-3.212007999157034988e+01
-7.548576277746118990e+01
2.766257045480798524e+02
-1.517203404786409635e+02
1.196074110989779626e+01
-1.236449195811894555e+02
3.272559146511541144e+02
-1.710277691991481959e+02
-3.954051309084447752e+01
5.501103904649698961e+02
1.732161980834035546e+02
-3.761285414491603518e+01
-2.207548474251754840e+02
-3.905341538147146707e+01
-2.971883298160233622e+01
-1.375337543195259684e+02
2.758003538141878721e+02
-2.340786734544636261e+01
8.305147668755438417e+01
-8.568321881754376079e+01
9.232193780460634969e+01
2.953655654810145279e+02
1.043478542913223492e+02
-1.743448706647904203e+02
1.311017976330141437e+02
1.817821692144544556e+02
9.346194562601074551e+01
7.608905358535977825e-01
2.489087568340656844e+02
1.482734282919896884e+02
-2.367378202517529076e+02
2.909498435320531371e+02
-2.916515268670970613e+02
2.032578632637153646e+02
-2.906137881439616422e+02
1.275502874676139839e+02
2.029312906391684521e+02
1.541738097907675069e+02
-1.144104944844722525e+02
-6.647760263693814409e+01
1.332384990022411273e+02
-1.634791690878103410e+01
7.889536500253770157e+01
-2.997817849047414640e+01
2.893819595927792321e+01
6.629304973487280961e+01
-3.931872616784552577e+01
2.796258952758078067e+02
6.999552569684878733e+01
3.419872364936347964e+01
-3.392335344374240549e+02
-1.403001527468939855e+02
3.334135225881432518e+01
-1.548817162654017920e+01
-2.267631015886479133e+02
2.112795677073734879e+01
2.969751470377134162e+00
-1.461626023264813945e+01
-1.755742994693521553e+01
-1.313844125021174136e+02
3.113590926505774092e+01
-6.314639276770898846e+01
-1.064544604657250915e+02
-1.881862361212174406e+01
6.018424251330744568e+01
9.456048579863370662e+00
-1.379671714612696576e+02
-1.138227880588190999e+02
-2.937166576860899880e+01
5.754521844941862696e+01
9.125195162966036833e+00
1.406982490363232614e+02
7.383070496147516337e+01
-1.178679919896321060e+01
-7.157705950885852531e+01
-2.187298562306820884e+02
-4.337638465165383900e-02
1.516010912233052466e+01
9.663082913818972486e+01
-7.304307945682836589e+01
-5.727672996419329365e+01
4.131506834969957964e+01
9.300542247048952049e+01
8.593002655138750612e+00
1.765096683332870953e+01
6.614730109669520175e+01
-6.327272475664886997e+01
-8.827400130747616913e+01
9.071298479889118482e+01
-2.728944336061634246e+01
1.209093522722025860e+01
-1.619567062279474214e+02
3.515368174004669299e+01
-1.184186140968126892e+02
-5.407618169786500317e+01
4.924400927907825576e+00
1.483556283927866382e+01
-8.638018129867911910e+01
-5.093939552317565500e+01
5.735304019967926337e+01
-4.253482395845468034e+01
8.699221575796337902e+01
6.071482180445193499e+00
1.206044559865381949e+01
1.523058517530964018e+01
-1.093896434183923674e+02
-4.553893326753592419e+01
8.268117533433186850e+01
-7.846296371808278991e+00
-1.774425570468904567e+01
2.631718619104202617e+01
4.103872182235863875e+01
-1.019227451636581918e+02
8.544239290567645639e+01
3.355179205249468666e+00
-1.531208077039423543e+01
8.499311159083697831e+00
4.987834064492341568e+00
-1.936419338139137247e+00
2.911304794557815612e+01
1.680978646532803680e+02
6.867176333555070755e+01
-6.952841734018179842e+00
1.498639937786964254e+02
-9.816219026173196482e+01
4.736136995546873862e+01
-4.822229883335096190e+01
-5.050117087081541431e-03
2.920232372296016621e+00
-7.698901253186308224e+01
-5.392592376163504753e+01
1.030977764584656420e+01
2.233478784063571254e+01
3.283041024013894571e+01
8.694563061503075119e+01
-4.617241638764399880e+01
-7.554564841495700023e+01
-1.591608509704420626e+01
-2.304949977717530274e+01
8.394601961649854616e+01
6.831328395790676211e+01
-5.324522170419454170e+01
1.808936164321325890e+01
-4.659014102498135657e+01
1.455391578054606061e+00
-2.983737879999171838e+01
4.713060040423922459e+01
7.613764627679127273e+01
-5.405426284451363728e+01
-4.662435469856878001e+01
-8.115110344017526955e+00
1.288081059485751645e+01
-1.103544571837168462e+02
-7.202367722330741628e+01
2.902611104281048071e+01
-2.777760454495336973e+01
7.530290688202123306e+01
4.650934836710165143e+01
-1.077998337671498632e+02
-2.644259658290845305e+00
-3.609429858537532709e+01
-5.942963239393394304e+01
7.759584839933143030e+01
-2.902186994357521499e+01
-9.872548483743997849e+00
-8.221296261643693981e+01
6.157537035454312502e+01
-4.515631769063495682e+01
3.805865761298950645e+01
-9.391020235182345743e+01
-4.310727151282492287e+00
5.205073652357575753e+01
-1.504990114927602596e+00
