-5.374672987443083002e+03
-2.917435046730531667e+03
-1.915589222648609848e+03
3.188509268249614479e+02
-2.978585236465014532e+03
-1.943474184537415567e+03
-4.877828507899549777e+02
1.192402320505762646e+03
1.207350386054821684e+03
3.391230935336203061e+02
4.550810288642387604e+02
7.051488706799913686e+00
-8.746556835270599777e+02
9.036161533524440301e+02
-1.524157833852997555e+03
-1.548535926579395436e+03
3.135052342133381558e+02
-7.942809674879881641e+02
4.263708766078606800e+02
9.459648771881467155e+02
7.718687822208212310e+02
-4.691618325078367207e+02
6.601435144043433638e+02
-5.267702883326479935e+01
-2.100362048838405258e+02
6.227048501395526046e+02
2.802393995490033944e+02
-1.316032329514590913e+02
6.625157208315262096e+02
8.721407986088557607e+01
3.897785860115696437e+02
-1.066444183402822546e+03
6.246066203139363324e+02
-9.378203868425122209e+02
3.783732890787509007e+01
-7.579367816473757102e+02
-9.385602250257316825e+01
9.111305648247320050e+02
4.882177741932545132e+02
7.909162331018619625e+02
-9.783702746057302591e+01
9.459093126091367765e+01
-1.654203628586575974e+02
3.855577411868839022e+02
-2.156011952901012023e+02
5.920782477505309771e+02
-5.700301097285699825e+02
3.760776010885035134e+02
2.844993268672889144e+02
-2.844372697918572044e+02
-7.163026201522558267e+02
-1.427582849620415857e+02
-1.059839016368707007e+03
-2.193580044946664884e+02
4.327940894815394586e+02
6.490859821342678515e+02
1.411955569613045895e+02
1.251783627795726090e+02
2.937438721123426149e+02
4.052125344437385479e+02
8.298319984167029872e+01
-4.472328826314667936e+02
-4.115701802833274883e+02
-5.559263238792182165e+02
-3.316573473386930573e+02
1.566251283549662787e+02
2.438123794992243063e+02
-2.737993983934259745e+02
-6.417835935659729785e+02
6.478719899583754938e+00
4.840950528072357884e+02
2.168115797604311012e+02
-4.480768378360357929e+02
1.981142068167741188e+00
3.565679470028326818e+02
-4.433745804251064015e+01
-1.148035244930859200e+01
-2.732184609956299823e+02
1.879891651887012358e+02
-4.052236738165601651e+02
2.976967831104818742e+02
-2.960772138083649452e+02
1.199150525017009699e+02
8.213902752657388362e+01
1.282681321019263976e+02
2.426757535993991155e+02
4.099068887119373699e+02
5.742458376373590454e+02
6.180298647969542571e+02
-5.602191487906549838e+01
-3.239600615153300964e+02
-1.123763632275853723e+02
1.569847749858029715e+02
-2.161539025056031846e+02
5.543132558406394992e+02
-1.574482286834174545e+02
-4.742445593976495388e+02
-3.896732799644266834e+02
1.222961543039892973e+01
-2.297741929513105674e+02
4.017084078660016644e+02
1.553039737387717025e+02
4.090519917416197586e+02
3.946690005584382988e+01
6.756714484555644162e+01
4.152240925398278364e+02
2.001892870983489559e+02
7.357409249331776202e+00
-7.130101474491641511e+02
-1.840730789150126441e+02
2.313140683519616232e+02
1.157270819292950108e+02
4.260899800544054301e+02
-1.801897550365107179e+02
-1.735274768461435713e+02
7.380400775059413832e+01
1.215207138475104784e+02
-1.076400594974674902e+02
8.651809920244311058e+01
2.202772272196528718e+02
2.300344711217522615e+02
-1.636872095403969070e+02
1.355209932332414269e+02
-1.958190780252770082e+02
2.516362650490197552e+02
-5.829409437991460408e+01
1.160106892218146015e+02
3.537993788320642921e+02
4.151403218516023941e+01
3.703813845566899090e+02
4.539790855520983541e+02
-3.909018079339629708e+02
-1.870527225457433360e+02
1.786286644165488440e+02
7.540068555846916354e+01
1.069682588517401634e+01
-7.465062164642034759e+01
-3.005165454289853599e+00
-9.738636600484776196e+00
1.276789942493368812e+02
1.900685469647447405e+02
3.206813248334896116e+02
-1.239961980495165932e+02
2.434146313568700748e+02
-1.460257298328653803e+02
2.123198906394774355e+01
-2.285072006959386499e+02
-7.690085461640420172e-01
-1.019150493788057190e+02
1.469104018919671546e+02
-3.267830574017850722e+02
-9.197175768437095655e+01
-2.656768531809400997e+02
-1.135913546483358658e+02
-1.307102410307284970e+02
7.550022364094242278e+01
-3.682728431436517980e+01
-3.426008380434847345e-01
-6.143770384310794697e+01
5.661020282974725433e+02
7.623241111573062767e+01
-1.224832918957702610e+01
-2.648750840570633613e+01
5.966625710684757422e+01
1.050607975388847279e+02
-2.782272665593156376e+02
-1.618229006766145233e+02
9.931560878935856351e+01
2.125676916815233710e+02
3.861425165146982863e+01
1.008015779312288274e+01
2.921789138974579370e+00
-5.019813654433896488e+01
-3.051511509072108197e+02
-1.102422241814638824e+02
-7.228069174296867061e+01
8.535166440435610014e+01
-2.097950515323605600e+02
1.457887679755154409e+02
-5.418356393033174356e+01
4.873679840987646372e+01
-1.276798636601678396e+02
4.297057422541178795e+01
-1.866036819166002942e+02
9.981001203149570244e+01
1.380167359678106322e+02
4.470859320016863592e+01
9.635926781750166015e+01
2.207469507800896622e+02
-2.118922948875715662e+01
9.293050774793682933e+01
-2.000474662620233346e+02
3.034808286809004230e+01
-9.329831627171681419e+01
8.275987275583321434e+01
-2.084031642714842292e+01
-3.073598753269755068e+00
-1.428823379283811903e+02
2.963588482842605121e+00
-1.843060438901864018e+02
2.425523594501145297e+01
4.141869514669328822e+01
-1.122711201811877544e+02
6.591173978404610523e+01
8.190566206863455534e+01
3.783548329185277392e+00
-1.285919520274077570e+02
1.117586618395259848e+02
-2.596787964276394405e+02
-1.789078289223938043e+02
1.770211001998470977e+02
-2.833440028729306164e+02
-1.854073362893019521e+02
-8.434727011789414064e+01
7.608630134860653094e+00
-1.326718625299915288e+02
5.828993046450681170e+00
7.876708467236910849e+01
-6.488429733830261625e+01
2.681101465916526649e+01
1.038673257420428797e+01
4.014040458770046627e+01
-4.500601765827040879e+01
-1.287780396234838243e+01
1.679139149464388083e+02
-1.080320383074645605e+02
-1.255727467852604491e+02
8.835534461657722716e+01
-6.379358851446394141e+01
1.127022733788936222e+02
-1.691898008509145939e+02
-1.353060143749839881e+02
2.081361712519480633e+01
-3.507988974726161047e+01
4.179021321637154074e+01
-1.178275809551046223e+02
1.590338493398294339e+01
6.222433369693037264e+01
3.269614205149470365e+01
-3.353329559500676993e+01
9.077490547328504533e+01
1.870679075209813504e+02
-1.295988529099930417e+02
1.560298303277864989e+02
8.268927749686608308e+01
-8.519209539595939873e+01
-3.383787699444751951e+01
1.212199106906007628e+01
1.632648058125902537e+02
-1.677824739784991550e+02
-1.933402600570174172e+02
-7.932344557199438384e+01
1.869406682592596169e+01
-1.816257590672629973e+01
-7.846492191315880405e+01
-7.914994342136336059e+01
-6.088430603686303044e+01
-9.342511727463797655e+00
-4.163495722150673650e+00
2.697578772039814510e+01
-8.165380106898214763e+01
6.416223494316734843e+01
-2.821819078109681911e+01
-3.788553445414488152e+01
2.289408900680124503e+01
-2.583192525597250544e+00
1.030490416466627721e+02
9.390285001431989187e+00
1.458293247537259560e+02
-1.935067892016361313e+01
6.083615463811936763e+01
-1.028207471641456117e+01
3.831386703160546414e+00
2.481402073875155168e+01
1.642397473951660203e+01
-7.257808170697119010e+01
8.832557372722827438e+01
-8.263157861723070141e+01
3.900261146181748018e+01
-1.321160951050022092e+01
6.269338069709728956e+01
2.543456461479471287e+01
2.291184497654874619e+01
6.854431762388361449e+01
-4.041766914931299226e+01
2.085099205068370054e+01
-3.373812856998072363e+01
1.747179236668123181e+01
-4.025010234649829499e+01
3.771550342233732778e+01
8.394797646480772357e+01
1.050687437303644884e+02
2.251669354620926811e+01
6.340984120887476649e+01
-3.427809801994607852e+01
-8.117310523128529098e+01
2.696078796940482647e+01
-3.199787304497836615e+01
-1.319282665323652459e+01
9.216894674623921446e+01
