5.251835473847565481e+03
1.936454380726589079e+03
-7.803117373927826748e+02
-1.388393794638763893e+03
4.525593294498530099e+02
2.986351786462728796e+03
-2.505002481704211277e+03
3.295595233573569203e+03
2.117739556314810670e+03
-3.976945071560078304e+02
1.579918967172765406e+03
4.427798132890529814e+02
-2.703448538307311992e+03
1.753227803352665660e+03
3.662704000742569406e+02
-1.523638786355660102e+02
-1.507415360698743143e+03
-1.300112548376562529e+02
6.718820171337212059e+02
-4.231876837342177282e+02
-1.567374131370442910e+03
5.582456658708390478e+02
-8.940718866120535040e+02
-1.241406958292537638e+03
-1.624572715900289722e+03
-5.811308706693320119e+02
-7.875010158449030939e+01
6.976716882322936897e+01
-2.385601465764285081e+02
1.314513031679897779e+02
4.900576780203138014e+02
-1.470837033826529250e+03
-5.533866967473908289e+02
1.927976065617272923e+02
1.071022404478158705e+03
6.643013757848294745e+02
-1.046060313743976167e+02
-6.983408999783273430e+01
-3.115770791067038772e+02
-4.217947080556937181e+02
5.406111360671486636e+02
-1.392722380862747400e+02
5.994000720695522588e+00
6.622450420343022870e+02
-1.835162193581207930e+02
-1.024175278621115410e+02
5.711966340465486383e+02
6.583071196543967289e+02
4.454463495259637966e+02
4.377886370075009381e+02
3.646915004951040373e+02
1.335259565175655894e+02
-2.493284100311224449e+02
4.329447541585427217e+01
1.789337384478711783e+02
-1.220847112715449896e+02
1.493448455135466020e+02
-3.374644503065184722e+02
5.181317447436343855e+02
-9.474393617307488284e+02
-2.357068725884889773e+02
-1.175340382616579689e+02
1.065545309521596664e+03
-2.907763140661612056e+02
7.314848321268297013e+02
2.221080841316556302e+02
-5.754204403922670963e+01
-1.330927657618742614e+02
-5.412735764834529562e+01
-1.006173628495442642e+02
1.611096906697472164e+01
4.210219139254306242e+01
-1.514625000135207529e+02
2.704925804846526489e+02
-3.195178425822070380e+02
-2.940391406531156804e+02
-2.564540997762403549e+02
4.719147432191135181e+02
2.281735433738105883e+02
-4.457885189103530479e+02
4.197346630798951992e+02
1.601642143824190896e+02
2.361976192157663377e+02
-3.202839034858866398e+02
-1.096520530881769275e+02
8.012034615412319738e+01
-1.943757084770227550e+02
3.058833389756331300e+01
-1.285795725193104317e+02
-3.409680466771939109e+02
-3.054765737454417263e+01
-8.860235425167239498e+01
-1.255438924117493258e+02
-5.209216803841330830e+02
6.098853608792739323e+01
-2.344330669349859022e+02
-6.241835001086133872e+01
1.156996678433461199e+02
-1.689355111547643844e+02
3.324651401183901385e+02
2.779477796211991176e+02
-8.897809967994312785e+01
4.807558067110736033e+01
-8.794440688316774413e+01
-2.172251891383401983e+02
-6.310010930979296973e+02
2.234583282475977928e+00
5.511005853969747648e+01
8.643333949626908463e+01
5.502422413534652179e+01
-5.716864032078208879e+01
-2.197230825273838377e+02
-2.553251811687198654e+02
-3.466242047645933440e+02
-5.364084274301563937e+01
-1.559723576050641469e+01
4.364876789310894196e+02
1.814310171065879729e+02
-1.838091015553487750e+01
-2.091803856654314231e+01
1.140253585743091520e+02
3.939389750778673260e+02
-9.089841122776518034e+01
1.330871018928006890e+02
-1.137094689042539954e+02
3.366131124265528030e+01
-2.472292008162395689e+02
3.713035168410595475e+02
-5.951439335555349430e+01
-4.617960418501401421e+01
-2.043949610052310391e+02
1.696288643807440053e+02
-1.429216410712028846e+02
2.168603203942276991e+02
7.850383328353458978e+01
2.004813878947617809e+02
-4.837719298104192944e+01
-3.746093069936608231e+02
6.166524330618425154e+01
1.552962553997310238e+02
4.737627381456419329e+01
1.038757161410664054e+02
-3.934637091600253456e+01
1.549257751349858836e+02
1.353894095736947349e+02
2.289083179350640762e+01
-9.640364920889999212e+01
-3.226421963978085614e+02
2.687774012021614567e+02
1.122946728461841417e+02
-1.583028340526238651e+02
8.386966394608819542e+01
-4.155811711334865066e+01
6.013751829401687843e+01
-2.371850789863285343e+02
-1.597489583430119922e+02
7.833728166042010344e+01
3.946890556611220404e+02
-3.374766884830567903e+01
9.642853410453624008e+01
-1.091425333813660785e+02
4.146884931390700046e+01
7.639140832972446837e+00
-1.559031714052057538e+01
2.919079449740039678e+01
2.192437992480135733e+02
-2.676183882709460704e+01
-1.740000268188442192e+02
1.646240973023094867e+01
1.397387052960149276e+02
4.188839203802152866e+01
1.022212679987306387e+02
-1.441172758827518123e+02
-1.053690082770920711e+01
-3.150759039554469609e+01
7.537382899344024167e+00
2.168659079938209970e+02
-3.003207390942642405e+02
-1.009319803499222985e+02
7.731582560584513431e+01
-9.745443565124693919e+01
-2.345594512170595465e+02
1.092054130536881900e+02
-9.834668283661549992e+01
9.266601906212615702e+00
-8.036282479183299188e+00
-2.098584558164358214e+02
1.393775451793833327e+02
-1.213650332084677075e+01
2.296591053084381429e+02
-9.871222535062376835e+01
5.445331759952402706e+00
-1.393457825819075993e+02
-7.680975011435616295e+01
1.356109438431134038e+02
-5.066140205261921636e+01
-1.058208041222777922e+02
-1.220892408539203977e+01
1.443989030885241505e+02
-3.604797562560095514e+01
4.462783327859680327e+01
1.653990492644060453e+02
-6.819928612225051978e+00
-1.359714380341702800e+01
-1.071476464856166189e+02
-1.044927758176916797e+02
5.497317423282327553e+01
5.484870555143317716e+01
-2.597694050521723241e+01
1.435487308238195112e+02
-1.512040486048607306e+02
-1.145951261693730885e+02
7.524399663183511677e+01
-1.691930655597582245e+01
2.768661053543730155e+00
1.257959250251432621e+02
1.998933252800097193e+02
-6.676917667028969561e+01
9.494344118785994624e+01
1.500546344879353633e+01
-1.725288208183947347e+02
8.038094629650328216e+01
-3.118464621167067108e+01
-3.147632650442363200e+01
5.907678201402238471e+01
1.844324686833804350e+01
-2.523042863928836539e+02
-1.288908141127448346e+02
-1.249400608934039809e+02
-1.149654383687568640e+02
-2.718126929093260102e+01
-1.681047065206399571e+00
-9.936924015786286191e+01
1.120496305938177706e+01
3.922412277890906296e+01
-3.004007049401569773e+01
-2.233456348374841127e+01
2.914565197886127379e+01
-1.417162327183999437e+01
1.424911234921211722e+01
-1.115191780071396010e+01
-6.127619766808994228e+01
-1.072084284516075456e+02
-4.525128206152554355e+01
-4.794462587005374843e+01
-1.374849489595680154e+02
7.928238154399212867e+00
2.632528410987032075e+01
-9.000332019517127691e+00
9.050392330957221532e+01
-9.107544971147322599e+01
1.155056533086055026e+02
2.624783291976330091e+01
1.548671962142730649e+02
1.737293108933963026e+01
5.516172789021929646e+01
1.144017713788700945e+02
-6.622751480948944902e+01
-4.443198564950876772e+01
-8.224035075494607838e+01
-9.406516712904405608e+01
1.661836178302781093e+02
-1.876856776566630813e+01
4.248685145574241928e-01
-1.612984851274275400e+02
2.167540018138768509e+00
7.193352963701329372e+01
2.156872695821603259e+02
1.081543426181853818e+02
-3.133935390865724813e+01
3.992218005248540535e+00
1.542099700327532048e+02
-1.068902327424891929e+01
-2.285700442944856547e+01
-4.135310595383752030e+01
9.272181460958403676e+00
7.512916401319856163e+01
5.743144208610725343e+01
-7.476391114084121625e+01
4.601996222711363771e+01
-3.825617735818256904e+01
1.332643447026930232e+02
-6.947210190630785576e+01
6.757634331740758782e+00
-8.798073717305070929e+00
-8.776458854403078647e+01
-4.293319261014551103e+01
3.595908191164649281e+01
3.659715683617982762e+01
8.484892387377529133e+01
5.336688941435320999e+01
-1.225275319915105499e+01
-1.996527213520336730e+01
2.778944342978315518e+01
-5.238142739388637636e+01
-5.593063600718435779e+00
2.542661152253059953e+01
6.521311771535796709e+01
8.633491184679103014e+01
8.517305599453948162e+01
