2.496677649450939782e+02
-5.734791774989803343e+03
2.792211532697655457e+03
9.745287728347625489e+02
-9.469208502683910638e+02
-1.422393370869932824e+03
6.952139885932380139e+02
2.160609757424186682e+03
-3.921699339750326999e+03
3.869713463686336468e+02
-1.457486621682712666e+03
-6.061466932333916020e+02
1.308911757811031521e+03
-8.568955020415073704e+02
-2.194609612640438741e+02
-1.628060420271922908e+02
8.629758149178051099e+02
3.700889311818002625e+02
2.928499228270338222e+02
-3.270952585088833189e+02
-8.981047084815050994e+02
1.191178778770824778e+02
7.987421820386942954e+02
-8.418737832722919165e+02
-8.974979644064617332e+02
7.246541649454171647e+02
-2.074354404139932342e+02
2.960990251268005409e+02
8.239267987073272934e+02
-1.136757638976965154e+03
-5.352444503345783460e+02
1.223256718565701931e+03
6.303505394523232326e+02
-6.647892811319979955e+02
-4.665581773910192851e+02
-9.569870650880019411e+02
4.017628543663109895e+02
5.938384135125852481e+02
-5.616094210728000462e+02
1.070970799396840221e+03
2.922939318210316628e+02
-1.341996505536488485e+03
-1.052821825785114015e+03
1.478246848735935600e+03
9.858182618924466851e+02
1.071927639135648633e+03
-2.454669037451726581e+02
-4.062126590929642589e+02
3.581670469727340560e+02
-8.287554769701960140e+02
-3.453639823609430550e+02
4.900224611656213369e+01
-2.723206618827603052e+02
4.808239517301234969e+02
-4.861910172015860212e+02
4.894041912345868468e+02
1.091246170097324239e+03
3.837415933378325121e+02
2.057026947853458978e+02
8.696142515107171675e+02
1.133465462790467484e+02
-1.184095317985903193e+03
1.154238203970886758e+02
-8.236836366748431146e+02
-1.805662607809106390e+01
7.918668777601941144e+01
6.180904843652361933e+02
1.819220205451289303e+02
2.780617164308555189e+01
-2.688296954471585991e+02
2.661709213798646445e+01
2.806204610679365032e+02
-2.526274924139235907e+02
2.848035759440068091e+02
1.316442036523221191e+02
-6.398876423137294296e+02
6.244957409439264211e+02
-4.189676357061641170e+02
3.473912906973595227e+02
-5.733721834961863806e+02
1.824728269636823370e+02
-4.673242442766891145e+02
-3.471105736327702829e+01
3.445602130547657538e+01
1.793210040628819115e+02
3.211421695614131409e+02
-2.627485095368616044e+02
1.960082956252902306e+02
1.927787091059101954e+01
-2.107112677502768179e+02
-6.898961969003042327e+01
-7.483393403301204216e+02
-5.756296408543634158e+01
-5.436913921149722455e+02
7.703420659225854479e+02
-9.251031485586064207e+01
-2.534066333016694728e+02
-3.557483791039087606e+01
3.528797695676779540e+02
2.728198421639763183e+02
2.764506933283867625e+02
-5.609801340657548252e+01
1.479062109028013481e+02
-1.347929963858483973e+02
-2.018417166504373768e+02
-1.975956176914978641e+02
-3.186611645534232480e+02
-4.317986946296531414e+01
-8.386633703933283357e+01
2.315359241137787762e+02
-2.610590421842910587e+02
7.745293497970077112e+01
7.440987527595466418e+02
-3.290240663119584497e+02
-1.793678501609702209e+02
3.237520913658879067e+02
-6.973877174191374024e+02
-6.012097286589449823e+02
-2.749035865185350644e+02
4.492744877150723823e+02
1.555598339597497102e+02
8.070442720219496380e+01
1.341082901103051199e+02
1.231676551271468583e+02
2.610153178995135477e+02
1.749343595692018312e+02
-3.064346472675179598e+02
-5.946391605858735829e+02
6.712424303224225923e+02
1.869717648180269407e+02
9.471641476255465264e+00
-2.047742821571816023e+02
-2.880348610290240003e+02
5.668545636544823907e+01
2.510212656470154684e+02
-3.389126247498343503e+01
2.007505046786352523e+02
1.095668341067028138e+02
2.827894168821534322e+02
4.216697186930372965e+01
-3.668376437141652247e+01
-7.057818543722457605e+01
3.899231284601138103e+00
1.029348227025542002e+02
-8.833978769092790628e+01
6.877839892243531494e+01
-1.506317266478524175e+02
2.977076378913458825e+02
1.845248428121848860e+02
-5.650207736528952296e+01
8.180669909511465221e+00
-1.244368407218366741e+02
-9.470271489019002065e-01
1.825499439390118823e+02
-1.072333832308912349e+02
1.137163277087142319e+02
5.108276080903491589e+01
3.333354960397012974e+02
-1.409015147595098369e+02
-1.929680886118710816e+02
-1.852378746026513454e+02
-2.147776949644988917e+02
-1.067847892193695856e+02
2.720651217541325551e+01
-2.177054173356690399e+02
9.380268453435166975e+01
-4.256504190391663656e+02
-1.083460371897648287e+02
1.371594110514839144e+02
-1.002673920660127216e+01
1.033527958358821621e+02
1.244727629340142840e+02
1.031573049254118217e+02
-2.180047111754912521e+02
-1.458550500068207612e+02
1.705365745443110654e+02
-4.628075103026778692e+01
1.012143576211694551e+02
2.949959453949564825e+00
-2.073620667714743604e+02
2.774231295614865758e+02
7.471951372934658764e+01
3.707441837213276585e+02
2.940903964186237118e+01
1.493750387084985789e+02
-6.021559200315304849e+01
1.916220610534336233e+00
-1.059672402181157906e+02
-1.805203909828952078e+02
-2.622558451219016433e+02
-1.671144212161625546e+02
-2.792775713050376112e+02
1.143736196764826758e+02
-1.648865633071163828e+01
-1.988787970787566906e+02
-9.916233826053725409e+01
-1.226331711905039299e+02
-2.479195150581346923e+02
6.039744546349874099e+01
2.363314930692609721e+02
-1.193735084450917299e+02
-2.562193657629076782e+01
5.855482628683586199e+02
-1.098121632627893263e+02
2.750871083184381973e+02
-8.222854790148214477e+01
-1.822001312898865422e+02
-2.823307345432044713e+01
3.705815847124515727e+01
-6.280694636149615917e+01
2.377535213105541914e+02
3.504215391999115070e+01
-3.438240025034873781e+01
1.980260075639000377e+02
-1.620000246729423452e+02
-5.317577041555554018e+01
7.058905924639167040e+01
1.730673845814353058e+02
-3.507519985831234521e+02
-2.987043762133395717e+02
-6.709363764872966840e+01
4.246252510894374410e+01
-2.795621449268535912e+02
-8.746673249656895166e+01
-9.018502660757307865e+01
-1.110786781218539687e+02
-1.600256220231646296e+02
-1.457432097553078343e+01
1.167458411960090103e+02
1.267820644214780117e+02
-2.398515816758504968e+02
-9.987357732560579393e+01
-2.807563942684224116e+02
2.507323952380378529e+01
-1.416302012986873038e+01
-1.278759431753986036e+02
-1.443381851795561204e+02
3.943486396990593335e+02
-2.253707540817663713e+01
-3.580796054294185637e+02
5.350730910576285737e+01
2.566337864228416947e+02
5.327202130837687832e+01
-3.362058951974502463e+01
-1.312760407154258360e+02
-1.069024612915600869e+02
3.927612743157870767e+01
-1.065272630593108971e+02
-1.880591968612047893e+01
-4.177568565722863525e+01
-1.489132937498013121e+02
2.500616856072646499e+02
-4.502774982900892731e+00
-2.680809842715357831e+02
6.646777166111789370e+01
6.777420084098602615e+01
-2.267224937093741062e+02
-1.410790798895406795e+02
5.665057556364092761e+01
2.504029661358048031e+01
1.204453523241136281e+02
1.258724325633540815e+02
-1.911692102431680382e+02
-3.158278779864642871e+01
2.332630532112930837e+02
1.555960560259021577e+02
2.667721911525210885e+02
-1.165271519294649778e+02
-1.332940140506248383e+02
-1.209026922696123876e+02
2.119645812431301835e+01
6.567481534998708526e+01
1.634995152259907911e+02
1.130551873768131088e+02
-5.481539068865302511e+01
-8.284654430056970398e+01
5.512748486127195235e+01
1.421651100227624198e+01
1.845725523910432457e+02
-2.368811797559672527e+01
-1.646372528570244071e+02
3.324656097398710841e+01
1.124320865619533123e+02
1.607005310429094038e+02
1.218905086304741019e+02
1.702428512780316510e+02
-4.806839115581439614e+01
3.383856734696965987e+02
5.358189158935567775e+01
8.595007468243439064e+01
1.280459213399540488e+02
9.828372513906919039e+01
2.557265000770482288e+01
-1.200797171435089972e+01
-1.800911129348463930e+02
2.207135908585892281e+01
-1.505666509936483806e+02
-3.914846343342139789e+01
-1.519057345896232221e+02
2.826600919730394139e+02
