-1.686662533808017770e+03
2.728411577771969860e+03
-2.494732007175465242e+03
-6.660396368849056898e+02
-5.476444791606168110e+03
6.020605684559986912e+02
-9.068664725456056885e+01
2.293491771186410915e+03
3.709523937963822959e+02
6.319899004262264270e+02
8.551130015413625642e+02
5.533059746950231101e+02
-6.027390562468296764e+01
-3.118048732765613522e+02
-5.449543689360774579e+02
4.292952918556213717e+02
3.780646791777388103e+02
6.749046992950728736e+02
2.154702795142937646e+02
-2.303136154347864704e+02
8.517796931503543192e+02
-2.938184922627493734e+02
6.424463712563048148e+02
-1.323233346027528228e+02
-2.539776372340944590e+02
6.593178147055178897e+02
2.514487563291744436e+02
6.720917876441562555e+01
-1.740382424202962056e+03
-3.209989423332304455e+02
1.312512883552623180e+03
-9.002262190572008649e+02
4.827987634805607513e+02
-1.632441285584277182e+02
2.673385512107756199e+02
3.944992115318270862e+02
9.134272439079909418e+02
-1.008466929247927510e+03
8.533738252264878099e+01
-2.926760953150400155e+02
-8.544490118988586573e+02
1.227539460878060851e+02
1.821104188816009328e+00
1.478695766010182240e+02
-5.739862389819816144e+02
-6.882265622863095587e+02
6.609795681008675956e+02
7.863974167691305865e+02
7.452231280640771729e+02
-1.908768186343374964e+02
-1.017874535947526908e+02
-2.857841110768215458e+02
-5.662793730001281745e+01
-2.334941406837294835e+02
3.925289883100558086e+02
2.472949788463610332e+02
1.062691601637508825e+02
-1.428150672355468203e+02
5.452200580627880981e+02
-4.628482078795023824e+01
1.131081615568038643e+02
8.688301700271624384e+01
1.139296789237069163e+02
6.719465554527373570e+02
7.122679228646178444e+02
1.615323978197598649e+02
3.111425593694924032e+02
-2.132879008440988855e+02
5.449453812942816455e+01
3.934981470111682142e+02
1.436163774966201458e+02
2.562958941997787861e+02
1.852670025648766909e+02
3.734815949439669680e+01
-1.506182624043058809e+02
5.007666477234569591e+00
-4.092580465322903933e+02
-1.429755739908045200e+02
5.432910325318332525e+02
-6.081425256522469454e+02
4.107044595591658265e+01
2.416393491559901463e+02
2.253003435602394688e+02
-5.091130779715446124e+02
-1.807800376710345063e+02
1.224136112608906757e+01
4.719491316997439156e+01
-1.377864606790200526e+02
-7.753661386352501950e+02
-6.838472380820772401e+01
-2.597441428254126450e+01
-2.580028958049883769e+01
1.660084368208390515e+02
-8.645142690795786677e+01
-7.116775548162274845e+01
-1.727199186598948586e+02
1.383841320933790655e+02
-4.993538417544760364e+02
-2.816163924873440010e+02
7.875886859498383785e+01
6.412890122472704206e+02
-2.928769279906439351e+02
1.844056953354937320e+02
-3.470349488325637139e+02
8.033504185378386353e+01
-5.821013884481963032e+02
-1.239798618559034225e+02
-1.040362788270624179e+02
-1.753283223328592442e+02
-2.466213051673510392e+01
-6.894393540356726362e+02
-1.809608524710396864e+02
-6.679804182733334983e+02
-5.895264913641018012e+01
1.000863141057203336e+02
-7.389263704657369658e+01
-1.837199768123060153e+02
-3.146055262752657882e+02
-3.325754589713683345e+02
3.616530596975994740e+02
-5.458698030264208256e+01
3.924703798755095363e+02
3.470649066854360854e+02
3.438751543832568132e+02
3.145574311392529125e+02
1.925391990979734373e+02
-6.410256578726242651e+02
1.206681133348209727e+02
4.617578041643774895e+02
1.916908933221455769e+01
-2.984233199672351020e+02
1.184482868173825636e+03
-3.071132067958326957e+02
4.989731280554246240e+01
1.221865159065706763e+02
2.548336134758148148e+02
1.345268264200074100e+02
-2.613275737684083424e+02
1.636601552243549804e+02
-4.435810815946240382e+01
2.347960595475174106e+00
-3.224357866170473130e+02
5.009290961028734159e+02
1.902636769755462183e+02
2.017701977452855999e+02
-2.078345566817258430e+02
-2.044312865951856111e+02
2.436718331196067027e+02
5.769568071865212460e+02
3.235619822808479853e+02
1.790506856680374028e+02
5.286164161064687761e+01
2.735721609820290610e+02
2.648305720493837043e+02
-1.714913310164471341e+02
-7.033504294002915458e+01
2.304586935652845057e+02
3.579641867340357066e+02
-3.828747162713241181e+01
-4.339912206085728030e+02
3.497655041071436131e+02
1.640771495724671922e+02
2.780501313215470987e+02
-2.173569385577688422e+02
-3.854749983254122725e+01
-1.095345621731145229e+02
-1.478779652765766173e+02
2.033106607246313615e+02
2.322473581079825351e+02
2.463630693406479679e+02
1.816990015052434160e+02
-2.534252770097901077e+02
-4.080556903057232603e+02
-2.888710825552448682e+02
2.669918463406350995e+01
4.143428028050705620e+02
1.588582421096195674e+02
1.237728846067758184e+02
3.825355628222311566e+00
-9.880870943789180672e+01
7.872016533040020647e+01
-6.558073962169582671e+01
2.618299476568487876e+02
2.413336818073984205e+02
8.717560113122317489e+01
-2.920866301440647703e+02
2.387955171719012242e+02
-1.707543034254813676e+02
-3.313977744407634418e+02
2.328943645001472191e+02
1.650510717272621548e+02
1.532806038503932911e+01
-9.669136699617116903e+01
-3.484923497431441319e+02
7.713379966141326349e+01
-9.341241195212934656e+01
-3.848953717303232906e+02
1.441222297558839500e+02
2.430681991558345700e+01
1.075306378257450461e+02
-2.414713393815845848e+02
-1.869253188174956790e+02
4.766907430932685656e+02
-1.103456885562911367e+02
4.608212412734404495e+01
-3.628474567645504578e+01
-1.138073458306664065e+02
5.576526336548526075e+01
-1.857398597545383012e+01
1.216540296691053555e+02
-2.467159339378703180e+02
1.732740169980224323e+02
-1.303396314599922334e+02
6.205176062951129268e+01
-1.900022955668240172e+02
1.536121909930690208e+02
3.779983166481439838e+01
3.941416902495198826e+01
-3.872512503667472856e+02
1.331635520713298604e+02
-4.408149861611940423e+02
9.929917778379233084e+01
-3.428516009167178140e+02
-1.504663665807489110e+02
-1.143081322247725851e+01
-6.132669188045235842e+02
-4.382054219967821496e+02
-1.248781412319655857e+02
-1.258598990709192691e+02
-9.455098472429251899e+01
-1.127982790005277423e+02
-6.190893714960799343e+01
-1.588094046212770252e+02
-9.888834493580310436e+01
-2.607842234442887275e+01
1.896715891472424431e+01
-2.261587937665655943e+02
4.783817816570842041e+01
-1.341411917399837819e+02
6.865999597445022573e+01
3.613715006638835803e+01
-1.054079582872038259e+02
-3.843012476033846951e+02
-4.597887634393678127e+02
5.474176741299579163e+01
1.990642355281807738e+02
-1.618628559938788385e+02
-1.534408058050473187e+02
-2.058313546034737556e+02
-6.412036481341343297e+00
4.995665196801637080e+02
3.149010341170146603e+02
4.515289598103717026e+02
-1.051387360288473083e+01
2.160854183418211107e+02
1.319894750971891995e+01
4.730109450986895325e+01
4.094805665328753896e+00
-3.108502841054438477e+02
1.970537590996637221e+02
-3.470488965415474780e+01
2.303425577326244138e+02
-1.711680918030749297e+02
2.630525187350307874e+02
8.183275803025566120e+01
1.411469839719575532e+02
1.197213013090966456e+02
3.649785855942189414e+02
-1.309633420670009230e+01
-2.246237460693844668e+01
-1.181376099557382275e+02
1.330261122514067722e+02
2.848325246002513467e+01
-4.169872880283433574e+02
-4.709621678032348058e+01
2.471615769824375874e+01
8.504122058908986048e+01
2.073216640055573237e+02
-2.440919066134152615e+02
-1.009872248517956166e+02
-4.025911403568805440e+02
3.622766982373448172e+02
-2.799479973578813130e+01
1.103705805060159690e+02
3.202870627967489980e+01
8.232999059308536260e+00
1.555610904200171660e+02
-1.021472511098287725e+02
-2.035092871990023298e+02
3.702744581826657111e+01
-1.485395918377142550e+02
1.168333754958258339e+02
9.130813087457315191e+01
1.338702785009827423e+00
9.594051935705761025e+01
7.622907445656154835e+01
-1.945033227424009397e+02
1.038784090197082861e+02
-1.641739612393348580e+02
6.367069115301192994e+01
