-1.980349360327223167e+03
-3.168604743275309829e+03
-8.783528453018047912e+02
9.383823623310566973e+02
-2.316368841278051605e+03
-5.934125148058900550e+02
8.494635715107798433e+02
5.071339417211747786e+03
6.543455988638486360e+02
1.710036291597538366e+03
3.850747192734532405e+02
1.294337071170718332e+02
1.633604788211539471e+03
9.750405177732409356e+01
-1.928352156959234662e+02
-1.397873399430652853e+03
1.011326479590784828e+02
5.201514982470795303e+02
5.340719132318232596e+02
-1.747338508938940436e+02
1.432231316182623004e+03
1.770471321278496589e+03
-8.196081052220094989e+02
7.658232937041132118e+02
-1.407001824449110472e+03
9.614590158001594773e+02
3.284543138697668496e+02
1.200136430407661123e+02
-1.013783445253992113e+03
-7.109026820970516383e+02
5.692053051026914545e+02
8.497380940189271996e+02
-3.489849521844975584e+02
-5.002264275766433457e+02
-7.532298947943435223e+02
-1.572106121988099630e+03
1.420212844177040552e+03
-2.877475283326800763e+02
3.372608873109317074e+02
1.349080309073089893e+03
1.043018115412039464e+02
-4.169819186962233175e+02
1.255895562732409729e+02
2.463035906239042561e+03
5.018241041171600614e+02
8.494580824458633970e+02
-4.599849677525842822e+02
1.392981663797471299e+02
-2.051437987647548482e+02
2.879191395158667888e+01
-5.289401376876346603e+02
7.762206233277738932e+01
-1.081708611231446184e+03
-5.157635725586770832e+02
-7.844020889207214395e+02
9.031977640619801377e+02
1.098764961755956620e+03
9.714560787759983214e+02
-1.000041511513058055e+02
6.630339380458964342e+02
-9.446476749846775078e+01
-1.913503100838039472e+03
-2.295373323835011377e+02
-4.641203270381308812e+02
1.846601139340938857e+01
3.581379930049172344e+02
7.587014099288818443e+02
4.247455660663591743e+02
2.103130538453616509e+02
-3.333967059777017425e+02
-2.919249895839033115e+02
6.477845855261253973e+02
-1.397902614622658177e+02
6.623269511767742870e+02
3.067397242785346521e+02
-7.177898725442914838e+02
1.599795894678574086e+02
-8.376106285809911469e+02
2.936183861978714162e+02
-3.831183394321350306e+02
3.232854672162707743e+02
-6.045897580403006941e+02
2.554009169065336238e+01
6.445716472785107953e+02
1.079565769774978662e+03
-7.650714738098724865e+01
-3.977539786472391938e+02
1.643424464333379831e+02
2.701002716949245297e+01
-2.554908991447734650e+02
4.304599589126744377e+02
-2.282300473480068206e+02
3.286920027995464579e+02
3.106274055738510853e+01
1.065833456545166200e+03
-3.436008032025733883e+02
-6.613538546150624597e+02
1.363296409178096553e+02
-9.948638361029193788e+01
3.342436057425734361e+02
-4.619275213593629559e+01
-1.687906030697754716e+02
-1.584743542915057333e+02
5.135950422997741072e+01
-2.286828263475422887e+02
-5.003792460438687613e+02
1.706157989689583871e+02
1.296131574808881339e+02
-3.102833816410099530e+02
3.307126172825119284e+02
-2.889412870611236599e+02
-2.815213140551923630e+02
4.585615188395192376e+02
-3.339971270740962836e+02
-2.371580888642294269e+02
-2.675568267461672889e+01
-7.353505698933629446e+02
-6.611689040867823906e+02
-4.190419773484723009e+02
8.963654426655449470e+01
1.988932145661056552e+02
1.372557417656273913e+02
1.689005270072121050e+02
-3.270567001525645878e+01
5.672991363681467192e+02
-2.243535344582092605e+01
-3.621122896074646178e+02
-4.574659482190101016e+02
5.067578555725833098e+02
1.022294540124135892e+03
-3.716704792041851420e+02
-5.609658811666342899e+02
-8.535589393291936631e+02
5.502498470541306688e+02
3.246200091624115771e+02
-8.141108764648288343e+01
2.558160480652052229e+02
-4.851032775936651120e+01
1.728670418477741748e+02
7.297167429692960923e+02
-8.571317187722594610e+01
1.617142053301926694e+02
-1.206618692545974909e+02
8.401403279403292572e+02
-6.720737188800538888e+02
4.413543862540754503e+02
2.547740895436913320e+02
-8.640398916445178656e+01
-8.764023944401465371e+01
-7.469422410164115433e+01
-1.505511407865479612e+02
-2.398701610223406249e+02
-3.585172665502907989e+02
2.088911682426987113e+02
-6.695761846420139136e+02
-1.907867050543199809e+02
-1.355753834971569631e+02
2.401556063033592636e+02
-9.547642211932321743e+01
1.950393765287251711e+02
-3.059461317792238333e+02
-6.734518565189920025e+01
-6.802259801702626874e+02
1.780597265516376524e+02
-5.079382385598204337e+02
9.030573044907407620e+01
-3.320100207398051566e+02
-1.465147896019564655e+02
3.288104436983619507e+02
-4.948129909346910154e+02
1.474331177853157726e+02
5.170427609373429050e+02
1.692362915332547004e+02
-2.906332918491023065e+02
1.381028490950006749e+01
2.942864548677019911e+02
-3.013169049086034192e+02
-3.584659239056653632e+02
2.405154814733381130e+01
-3.818870206041609805e+01
2.416104472629426425e+02
1.710141737426159239e+02
5.874190663414888149e+02
-1.167796638904284379e+02
2.518194841193751756e+02
4.016924514483620214e+02
-1.287216213700250762e+02
6.853153014543698873e+01
-6.090040569242212598e+01
-1.315714526589792968e+02
-1.558749220069470596e+02
-7.937158696889802059e+02
1.795052606945913283e+02
2.474623168101062731e+01
1.297161139413520914e+02
-3.882651022821663673e+02
2.063357660213933684e+02
-3.525222775050553423e+02
-8.301193202418188832e+01
1.807780224031613727e+02
-1.387987455475287391e+02
2.043942985867278992e+02
3.711518029722190022e+02
-4.112033292188435780e+02
3.991102192691994333e+01
-1.528282034935436506e+01
-9.254432615117245575e+01
4.012760535461669633e+02
-2.055455915979741519e+02
-5.374338583266674618e+01
1.147525078638733476e+02
-3.463598937929789372e+02
3.816623516597724142e-01
1.276972826137934192e+02
-2.432884743629214483e+02
-4.988711110587977942e+02
-7.870530624452310064e+01
1.464320730539146211e+02
-2.566202070407616702e+02
-3.394466740103196116e+02
5.872696948296231056e+01
3.107956592577794481e+02
-1.809967527527053335e+02
-1.947759819855153864e+02
-3.712853815621513149e+02
-8.949335399480769127e+01
-6.857914152463337132e+01
1.298267989119473214e+02
3.215314899719468400e+01
2.904693027586565535e+01
-9.730616493841014858e+01
-1.570078933305615010e+02
-4.566313064757634379e+02
3.820805863391590265e+02
1.972743604442010934e+01
-1.831213092608123247e+02
-1.297513972064590462e+02
5.748401655567787429e+02
2.785809012494594228e+01
-5.859238640980506716e+02
2.660304756997620075e+02
2.454126955394218328e+02
-1.462859196841356209e+02
1.647381908522046103e+02
-3.783684436020749899e+02
-3.735724593215846312e+02
1.146838487783142284e+02
1.105405203993437055e+02
2.076920920042814771e+02
-1.751936854757267952e+02
-2.900643096293875374e+02
1.334527411269289416e+02
-1.903839150929435107e+02
-2.058873171420641768e+02
9.131773933536779353e+00
8.836411144378190841e+01
-3.467936952296738014e+02
-2.080128922185270142e+02
5.886745248972899525e+00
-1.952510313153501897e+01
2.187633966056434360e+02
2.097548539685917888e+02
-6.829697944486916583e+01
-3.275703118598098058e+02
3.495154865912957121e+02
9.045989729626873554e+01
5.255123154485722807e+02
-2.502068276238919111e+02
-2.003969859838970535e+02
-2.423731289992226152e+02
-9.355085506306720333e+01
-3.530405870748739403e+02
2.665405026200202769e+02
3.838100626424605366e+02
-2.345992956854065028e+02
-1.218680790891767600e+02
7.073336684848217715e+01
1.590133061744616043e+02
2.565281188299643986e+02
-1.932538455137292317e+02
-1.234294134531138667e+02
5.766516529280748316e+00
1.418476943916555228e+02
2.185297807022089387e+02
1.111834259617530662e+01
1.435244963377512875e+02
-1.888225970624816341e+02
3.523502679926529595e+02
1.426823817421791034e+02
9.974456446069788740e+01
2.393804389744835248e+02
2.160991873995752499e+01
-1.223995182295163602e+02
-1.594947719661757901e+02
-5.662291076432195496e+02
-1.244337243975064382e+02
2.773737172754093905e+01
-2.101797070177348132e+02
-3.004534237893002455e+02
3.130057005074367567e+02
