5.232937651281539729e+03
-1.092384767766024424e+03
7.213717704404119786e+02
9.177349090383955854e+01
-8.742379295239231851e+02
-5.543164368781126541e+02
6.389908869827429498e+02
8.183381348091471637e+02
-2.205141357413176593e+03
-2.206371712653248949e+02
-1.914723534617399537e+03
5.990361929010765607e+02
5.207033320447958431e+02
3.123389420732744952e+02
4.421544636611170631e+02
-2.750713796514368141e+02
4.214738486772335477e+02
8.739233387921043459e+02
-3.316824006945616929e+02
-4.978686924213043312e+02
-2.084520176580772386e+03
-1.924067924483577826e+03
-5.947137407073880411e+01
-1.525874847597314101e+03
-7.760384723153645155e+02
-3.823341019857962237e+02
1.061292604976052644e+03
1.561068883675346974e+01
6.693282023074542622e+02
-3.829082836039443123e+02
-8.059724648954664872e+01
-1.214588044630171225e+03
9.375006924324966349e+02
-5.789433100556163936e+02
4.391552413697229440e+02
8.647334476638038723e+02
-3.246219059820055008e+02
3.910786788971303736e+02
-6.035916221362862188e+01
-4.411376143752913777e+02
-6.351443590194863873e+02
-1.049272900468756120e+02
4.599739034116569201e+02
1.154378082463645683e+02
4.365343591299123318e+02
-7.666617062166012602e+02
2.724463682148872294e+02
-1.649666798078871466e+01
-1.613487116602856304e+02
2.869555215382433175e+02
3.224046843925658550e+02
-6.210115604121554043e+02
-2.544792447971067020e+02
5.372791395271111696e+02
4.525193395829130623e+02
-8.265981589423370224e+02
-1.230576921996573532e+02
5.780709239457090121e+01
1.030200891866627870e+02
-8.967279846005966704e+01
1.295764371367916397e+02
-3.015039326171419987e+01
1.002979018932588247e+02
5.163692151135255699e+02
-4.026603902155282526e+02
-3.714674450095132556e+02
1.988384111813697430e+01
-4.478996164500375130e+02
2.008765141517531561e+02
-3.700046930186913983e+02
-4.079470064970016097e+01
7.073373847096156908e+01
-5.560570962365353864e+01
-5.481907840465632944e+02
-1.604920353217486308e+02
2.740757300376574790e+02
-1.524673563568448742e+02
8.106672442214763805e+02
3.340577185389509509e+02
-3.008956869471452364e+02
2.713271769003787313e+02
-4.910604282607040432e+02
4.901790130743289637e+02
-3.546887887713579346e+01
-3.316213582649615432e+02
1.612651906685896108e+01
-2.518506939754161635e+02
3.008059510038922895e+02
1.439866951266033084e+02
2.324763037779639774e+02
-2.101698014012034719e+02
7.059481257223334296e+02
1.117163042341437063e+02
-1.235478379076720614e+02
9.980853366386291725e+01
-2.266732718583377348e+01
-2.125909060836196574e+01
-5.408257241271207931e+02
-2.138577262214927543e+01
-3.431518307371555210e+01
2.723129900370620362e+02
-3.195032252848498615e+02
-6.362662474079211279e+02
-4.389132411130375289e+01
1.876692132201243339e+02
1.471610179716526829e+02
3.270520524100923012e+02
-1.878827933265396766e+01
-3.261158818269387893e+02
1.501466047544340938e+02
-3.837290838148919470e+00
9.965985290147568776e+01
-3.506378148961698571e+02
3.784752647852655514e+02
-1.720506856253478247e+02
-6.629670869884759554e+01
3.040138341677046583e+02
3.008690650464367877e+02
-5.165791326929644356e+02
-3.530674361506110017e+02
-1.325977407107100987e+02
-2.869199580084937793e+02
1.164687463137513816e+02
2.527365934820448388e+02
2.279398340924964828e+02
-1.862145444207096432e+02
-1.040312050649580584e+02
2.067053988562018390e+02
1.840893693271341647e+02
4.082817132110431402e+01
-2.655045813431846469e+01
2.732869067996453509e+02
-6.487326183842935734e+02
1.381452564426320748e+02
5.142696809185648021e+01
-2.257982947546152275e+02
-1.958879923834280490e+01
1.822880407223878194e+02
-7.394394262344690993e+00
6.926314227100222354e+01
2.469614828952896062e+02
2.187794011629430599e+02
-1.504185105067004429e+02
5.229462786835428005e+02
2.203998143529204583e+02
-7.910150117820774085e+01
-2.386919354291502771e+01
9.785803990479001868e+01
-2.365495820225584680e+02
2.378965549466627465e+02
-1.254557262073320771e+02
-3.212962440156760522e+02
3.951286030785536951e+01
2.697970102259088208e+02
-4.310370035876790666e+02
-1.996210709970694097e+01
-2.075605936340914468e+02
3.091591464282336119e+02
-1.888243250168624172e+02
1.004852215763490619e+02
7.404963542522996534e+01
1.784132061475036579e+01
6.461783212896250461e+01
-1.736352676495651224e+02
-3.272560035428434162e+02
1.780728317641394938e+02
-3.449149623696139884e+02
1.090702216398762943e+02
-1.037469089096111077e+02
1.289838052342864216e+02
1.886687779913312966e+02
-1.922189521620003916e+02
-2.340247697158669098e+02
-9.968014779422138361e+01
2.968610847501747685e+02
-1.095714021432421390e+02
1.730816068022163847e+02
-3.441943646580929226e+02
6.410147025976247903e+01
4.002698661282755666e+02
-1.720294100490163203e+02
-1.256931585531830109e+02
2.009386920454585734e+01
-1.608321679654366676e+02
1.334645437704116091e+02
5.082665406936559549e+01
4.125080697115595996e+01
1.394886489969152876e+02
3.859936314422661496e+01
3.021111975318364102e+02
8.902312793818002490e+01
-1.525902040681532412e+02
3.459164568616661484e+01
-9.835808870698288331e+01
9.546288121011114924e+01
-1.691995550799366015e+02
-4.766246299525543861e+01
2.194437949264841450e+02
-1.044808759990815616e+02
8.665429380124876957e+01
2.137794186215993761e+02
4.067196626206094265e+02
1.382018173249239510e+02
-1.463859324231144967e+02
-5.750480038140281636e+00
-9.254836851136748521e+01
-4.262438950488181177e+01
4.197948068561177593e+01
-2.647739123930270466e+02
8.597508396170431411e+01
-1.526759006837955113e+01
-2.424742672392036127e+02
-3.597668437314068512e+01
-1.303455544209407719e+02
-1.782242464521797487e+01
9.874544741571484963e+01
1.802971374181996680e+02
-1.284643450009946264e+02
6.870660260885514958e+01
1.212095023419658730e+02
5.579998971942750075e+01
9.841771530243646282e+01
8.419786174884266927e+01
-1.530592190610828709e+02
2.122107178957755025e+02
-6.588350442203049795e+01
-1.415026649529345271e+01
3.517208740002413947e+01
-7.331201764406837640e+01
-7.065320528161845459e+01
-7.586161279223587428e+01
-6.972201261252065763e+01
-2.575849650307180241e+02
-9.149160465362184880e+01
1.722938949710419649e+02
5.813015427363798437e+01
6.990212572514620604e+01
1.499687760661649349e+02
7.716189468430277998e+01
-4.539791363327802998e+01
-4.864176624236507429e+00
-7.138599694180844324e+01
-3.914401093429007688e+02
1.076073379770643754e+02
3.904351564849679157e+00
-1.336101320049505432e+02
2.487353325003982008e+01
2.771875920860453562e+02
3.794092865208074272e+01
6.919113739427548637e+01
8.816360234999501699e+01
1.147691739019661261e+00
8.199452836774926823e+01
1.769269941740167269e+02
2.663641023508679950e+01
-3.895631811014832380e+01
1.031016565247049925e+02
3.980587342295875430e+01
-7.920974441620782613e+01
5.150535325999370251e+00
-1.199965532445405358e+02
2.442416257156631616e+02
-4.791218726347032231e+01
2.329541885649627488e+02
-1.853812347679777019e+02
-3.515559980649999972e+01
1.760892990504351303e+02
7.601458606490281511e+01
1.082156327433313407e+02
-2.221702166948523427e+01
5.364682427516627428e+01
6.022583195501588449e+01
-3.410394350817424680e+01
8.335144385036352332e+01
-4.333490218898816693e+01
3.562878740069979244e+01
4.745622912083701017e+00
3.423663075523539590e+01
-1.236596014338594074e+02
1.012942235053561513e+00
1.766390992718721620e+01
2.491390665081922577e+02
-6.682532568824565544e+01
1.897513730803286336e+01
-1.716956145666362588e+01
-2.001649626701398859e+02
2.194460180992082599e+02
-4.917807592979046660e+01
2.711776336946865626e+02
1.290488035464442440e+01
1.088123180908704910e+02
1.577870458365900230e+00
-2.583037501707013206e+01
-2.103444071153021611e+01
-1.079298137334425292e+02
-1.434602100133574432e+01
-3.315578807720221022e+01
2.021265014536015201e+02
-1.292055822607437108e+02
-1.648093523683906625e+01
