-5.935070128035635207e+03
-8.079570737266055858e+02
-2.464535960419780167e+03
-1.549941661118886884e+02
-2.725894899680176877e+03
-2.425244777644417809e+03
1.464897186523599828e+02
2.193866120477226104e+03
-7.743661327920443149e+00
-4.968119021011485756e+02
-7.086900851238580117e+02
1.797397604186482454e+02
3.629772796356634217e+02
-2.731233884682557687e+02
-4.931017567920346778e+02
3.912490258078627789e+02
6.990544172564726750e+02
4.963336402712574369e+00
6.282326682520886152e+02
-1.116697254198741263e+02
1.382645031265630223e+03
-1.576724897717909357e+01
1.825060155189115392e+02
-3.650786136739722565e+02
8.426818595103547693e+01
8.128197418431545884e+02
1.320984720569677506e+02
3.241567121316849125e+02
-1.809581525566503046e+02
2.281622865775187279e+02
3.911473948279834190e+01
-5.596291571530136935e+02
1.100988646915557325e+02
-1.151492006074454139e+03
1.102938355192659827e+02
-5.010117292323780021e+02
1.747144827611013227e+02
6.352130566464029471e+02
-2.711941501978087672e+02
1.084152775322327443e+03
-1.042896075341698634e+03
1.010459495954009697e+02
4.151238423014349337e+02
-1.322741831312779368e+02
1.048253835057031864e+02
5.263997520469981737e+02
-1.198728909993616156e+02
8.789693841088356407e+01
-5.581279772938563610e+02
-4.805116012617135084e+02
5.143658383434067218e+02
-1.518260715426598608e+02
3.020160770435787185e+02
-2.419326085971835028e+02
-5.219298997640034941e+02
-1.982839680192821845e+02
-1.511087272527236678e+02
-1.016160836764621962e+02
3.287267119834921800e+02
-2.446697335737533763e+02
1.106118200948274222e+02
2.806786303073485556e+02
-3.356443747770834420e+02
7.349044292516741450e+01
-5.480198609166667723e+01
-1.370298181990610260e+02
-1.024337102925317566e+02
4.793629163925547942e+01
3.728799495232921686e+02
1.662222579581697914e+02
1.917491014074149405e+02
2.231589551739103570e+02
-1.308965475064568977e+02
-2.662256321370552214e+01
3.995505107944454153e+02
-9.883549594129807758e+01
2.346675299283927885e+01
-2.284148282418182418e+02
7.282785431872467541e+01
-9.800690401580206546e-01
9.037866681984800721e+01
-1.689699327411308616e+02
-3.842735761721509675e+02
-3.528824916273799062e+01
2.808289256988793454e+02
-4.312375540419354891e+00
-2.899228823901041778e+02
-3.471051347027730571e+02
-2.742252202473838452e+01
1.590330005107625766e+02
-8.688185774799589467e+01
-4.093761758647291913e+02
2.301566893971667938e+01
2.158562429709370178e+01
-4.919646279130243016e+01
1.027977799697711845e+02
-3.783910250219419140e+02
-8.118404192967490474e+01
3.258954383362801650e+02
-3.477689273825965870e+02
-5.908929283585901970e+01
-1.924636720198451769e+02
2.828264744764992500e+01
-2.886271584702013229e+02
-3.672688876786148171e+01
2.905240757812104491e+01
-1.283479812912621014e+02
-1.711707369393626834e+02
-1.714506408985859309e+02
-3.101301451848518695e+02
4.994533433040807324e+01
1.755753892352245202e+02
9.183542730840697743e+01
1.410670440670511141e+02
7.117450456591632246e+01
2.059647965432714898e+02
1.279588715201585813e+02
3.787439946715733896e+01
2.113506845840208825e+02
9.244176578515816800e+01
9.753523579029192092e+01
3.378632853654643782e+02
-6.707800227232461054e+01
3.625136509312848148e+02
7.848563314293647863e+01
-1.287080548725768665e+02
1.734518657509320008e+02
-5.322644787224739815e+01
-3.890228954870524802e+01
-8.883139901957706286e+01
3.617364868329693763e+02
1.023936810198488843e+02
-1.605449049001360606e+02
1.961201996206096112e+02
-1.531999674172728589e+02
-2.843854015232626509e+01
-1.514801613808810998e+01
9.613084772395436062e+01
-6.771828554203520412e+01
7.204723426021537591e+01
2.331956750318823168e+01
1.899314947479115858e+02
-1.720797117346850200e+02
1.226945497440464834e+02
1.999688127102232897e+02
1.320037395029416061e+01
1.656338283656257602e+02
8.282632249541471481e+01
-1.124028468176117599e+02
5.073080880231183443e+01
1.159618632638254923e+02
-2.052104771942516663e+02
-3.804194624730229890e+01
-3.164554899084064346e+02
3.471454943775035673e+01
1.008626688316493869e+02
-8.150488784241112228e+00
-5.142340189776382431e+01
2.927958115045910858e+01
3.297780715360517547e+02
-2.083127646008469469e+02
2.668383743798463570e+01
1.470359721227296390e+01
5.659739815622994996e+00
-8.647808869419813504e+01
1.842223788191810385e+01
-2.952948835662775764e+02
-1.616459391902868390e+02
-8.934370437641736373e+01
-2.124143080782278901e+02
1.574086932810193105e+02
2.538361476815830429e+02
5.246148509738051757e+01
-2.317016361778145495e+02
1.870192885153460338e+02
-1.195562911397203578e+02
-2.331768982925587608e+01
-1.258243402904407873e+02
-1.204029246281327801e+02
1.719395217820942605e+02
2.315042892404442298e+01
1.025291916787070789e+02
3.986194459720261563e+01
3.159899436657104843e+01
-1.205546392388187229e+02
1.146595803831219662e+01
-1.867638959274005472e+01
8.011188318893519522e+01
1.248810345893199667e+02
-1.871012405445454760e+02
6.972429703236976195e+01
-2.554230974187440211e+02
1.209716597169257426e+02
1.029030196551501461e+02
9.634056368139681581e+01
5.336797721260132477e+01
2.168809430224648906e+02
3.086117391075375949e+01
8.701175684374574359e+01
-1.053375145239557611e+02
1.559082243273397523e+02
5.137556011537943590e+01
-1.234682564123009172e+02
6.969633023379994086e+01
1.152217343467123527e+02
3.397324369372837216e-01
9.634283900446854432e+01
1.188799800749671221e+02
1.865656023027599630e+01
-5.796195395930459426e+01
-2.370053735089359748e+01
-2.183294556845341390e+02
-4.330874411159112469e+01
4.403718155986138783e+01
4.583638959354456688e+01
-1.137551291897478478e+02
4.061267153628345561e+00
1.197769563316154375e+02
7.742203233338619839e+01
-2.777393447623529710e+01
4.495182769970281100e+00
2.046425418425125287e+01
6.397830943836322604e+01
-4.404500930916631773e+01
-9.422958056811125971e+00
2.448909518844626376e+01
1.489347653487668133e+01
-1.401958534840448465e+02
6.740437241985664230e+01
9.997625395852560359e+01
-3.533292525243742688e+01
1.676719542299515240e+02
-4.824231335277362831e+01
6.477835623277997001e+01
-3.136047863452459339e+01
1.496074748735507143e+01
1.370164432643677230e+02
7.574978131294232142e+00
7.931847414944526520e+01
3.068400607879242514e+01
-8.346247811533309857e+01
-9.100618361157734171e+01
9.259533657255725814e+01
1.097671997539132178e+02
-2.110343048231577967e+01
-1.405815405531569162e+01
-5.718328856457097942e+01
1.507051707755964856e+02
-2.387713694983219170e+01
-3.246085559543926991e+01
-5.665037308005477001e+01
-1.240702184238272423e+02
-3.432556787887299521e+01
6.120231448663008678e+01
6.958804350968697428e+00
-1.733175844570168636e+02
-2.962172146820346441e+01
-5.931581768620802109e+01
1.149843180836250127e+02
1.394654925174877178e+02
-1.184589929136777755e+02
8.210018985571934991e+01
1.483401769563246830e+01
-4.463524557985378038e+01
-3.335577397328887628e+01
-7.561268143749268589e+00
3.594910463266154466e+01
1.284977965054933513e+01
1.885143000645387801e+01
-1.158403698683573424e+02
7.923333818375667192e+01
1.243435381952453866e+02
8.985966302534565742e+00
-4.449148496264258057e+01
-1.945942510429978967e+01
6.262266625832280909e+01
-1.358863328476785171e+02
-4.745382702449484924e+01
6.431636196575985309e+01
3.893589396942897451e+01
5.717831764481631041e+01
1.160399054590417478e+02
1.863716046745970090e+01
-3.918706657591986442e+01
2.269713001308198130e+01
-8.002212295674628706e+01
-2.356708460226774715e+00
-3.510537076996559591e+01
-4.796014854428150187e+01
7.056286150762939258e+01
5.556476191494409989e+01
5.046526763104389524e+00
4.462127246445361095e+01
-1.476185110351243335e+00
-1.005052496085429503e+01
1.194646613526521328e+01
-4.251392676379435187e+00
-2.553006835509159345e+01
5.922387946329453001e+01
7.372231553518712843e+00
