-1.471290766627148969e+03
7.414239088497710327e+03
3.007187074178367311e+03
-3.219695023491266056e+03
9.218702141480678165e+02
3.570379393073203119e+03
8.023663651241754451e+02
1.585987876334158727e+03
6.096646140658797322e+02
1.389231408401020644e+03
2.791500374998281586e+01
-4.661858033201420994e+02
8.404152283486391752e+02
-1.033437951461916811e+02
2.162249445820511937e+02
-1.983301964181395363e+02
-1.243017867395232315e+03
-1.117260457852529498e+03
-5.591612603231426419e+02
1.219227609392376507e+03
6.529218346733600811e+02
-7.653482609828793670e+01
-1.388676293461147452e+03
-1.003690047715645846e+03
-3.164314619791850873e+02
-1.065148133109124046e+03
6.668570360732941538e+01
-7.146877087577371412e+02
-4.172524224380550208e+02
6.565587612186183151e+02
-7.783827326333745305e+02
-3.940220428176110659e+02
7.753405558622952185e+02
-6.182759623806721265e+02
-6.638806611234264210e+02
-5.799145552489396493e+01
-4.658476879477863974e+01
-8.452856500844657148e+02
-2.161773981967033080e+02
-5.851527663528837593e+02
-1.128135617531953301e+02
2.444232009950777638e+02
-9.304534280692597576e+02
3.083507165238539187e+02
-1.393299728903372170e+02
-1.200049377614784362e+03
2.118330822197868031e+02
5.407141413047421565e+02
1.825802265787330612e+02
-3.796694100650204859e+02
-1.169094685059622861e+03
3.955190182290556891e+02
3.376457908803168948e+02
-1.656073643823616521e+02
7.991272488332888315e+02
-5.344731685297232389e+02
3.021264040473380987e+02
3.920837468991142032e+02
4.335515888413556240e+01
6.378242371262401775e+02
8.324952382691435560e+02
-5.596889431799487511e+02
2.139186386502904611e+02
2.675401397495174933e+02
6.069101609547002454e+02
-4.036067624813435373e+01
2.970792946180532113e+02
3.820373850297287532e+01
2.160224792450601399e+02
2.490619009122606542e+02
-1.236468982211464294e+02
2.329395744197636589e+02
-3.022862217806639364e+02
6.914933528403054197e+02
-2.882043063191313763e+02
-2.447841357056634024e+02
-6.645235414633491189e+01
1.746908377280227000e+02
2.150817111003432274e+02
-6.021432312832022262e+02
4.021339765942106226e+01
-1.104810962411352193e+02
7.530359010747791615e+01
-2.488782717171033312e+02
-3.031943284438038404e+02
3.080727867171445951e+02
-2.702861578183762390e+02
-2.036788557198079843e+02
-2.104683315821265523e+02
7.310307811646183040e+01
-2.098777408586863942e+02
-2.629000404991416318e+01
-1.018410238390098641e+02
2.143652262041561016e+02
4.212674573882806612e+02
-1.338065530053455063e+02
-1.889435141329485646e+02
-2.835373762245623652e+02
-1.872994502422064613e+02
3.370543813647537945e+02
7.038278753242254879e+02
6.376839467102128367e+01
3.527651559416199802e+02
-3.274177232656147680e+02
1.557920234709714862e+02
-2.392035034805661837e+02
8.852918819299445374e+01
2.043939917956828367e+02
-6.092241035875131416e+01
1.967223808764611590e+02
-3.702652907072343282e+02
-4.501322421516992449e+02
-4.890422647765977331e+02
-3.305281254839980676e+01
9.041497561178594822e+01
1.243148662420554018e+02
-5.060775269562686844e+02
-1.442713209317267911e+02
-7.803046802792145797e+01
4.028560187485820876e+01
2.541719947995071038e+01
4.955408364018103953e+02
1.283814998613047464e+02
2.281178253376142777e+02
1.068643796594659818e+02
9.473780623548725188e+00
-1.016450303881068464e+02
-5.708979375367109554e+01
2.411492728880044751e+02
-2.809736989339272668e+02
-3.048162724844143554e+02
9.442203625922862784e+02
-4.991586031424770198e+01
-7.758535409165391172e+01
1.897981539767881713e+02
1.474900354029692551e+02
1.493771730799601869e+02
7.462106330755160499e+00
2.255319695427391764e+02
1.890328134913625391e+01
1.951008775068970635e+02
-2.709041242536200684e+02
3.198359638774330733e+02
2.189450791251802002e+02
2.612253476486362729e+02
-1.229237060696726758e+02
2.224890508385319432e+00
-3.175687963938212022e+01
2.849239487669370305e+02
-1.543036258321452294e+02
4.298100496289765715e+01
-2.258100417876305244e+02
4.688192215567181620e+01
2.060979889063021631e+02
-3.216008298386426532e+02
-6.030996512043950730e+01
2.405118870697306761e+02
8.791854023922020644e+01
-1.001923056584750782e+01
-2.423570575475642386e+02
2.562336504028217519e+02
-8.366878584752099357e+01
1.768319892216473761e+02
-1.292678024054708317e+02
1.016529071271561548e+02
-8.893879506335983010e+00
-3.043351205734469289e+01
1.331542941002083182e+02
1.272055225815695536e+02
1.557083249385828765e+02
1.060783975159942969e+02
-2.312366696121789289e+02
-2.085745728593676915e+02
-7.863939351676104650e+01
1.673321381233671730e+02
2.978280502825505209e+02
1.085759069669498018e+02
-1.488122367201279417e+02
1.304832516332237162e+02
-1.967318169775755052e+02
1.074906342356238156e+02
-6.201963581845860318e+01
-2.899619529520207450e+01
3.916739707476973109e+01
1.732138490814889664e+01
-8.164122118299064823e+01
1.443053380351470594e+02
7.590419287733344333e+01
-1.329181204531393519e+02
2.006817742839175480e+02
1.256499203987090851e+02
2.741059044454597142e+02
-1.404865680079740571e+02
-1.788827298838857018e+02
7.782475633380082058e+01
-1.499096959980949464e+02
-2.764998346383782746e+02
1.999298419982875430e+02
-2.105534994467883791e+01
8.500667150276801465e+01
2.878215528955862013e+01
-5.556105460365819226e+01
3.169223149262238621e+02
1.373387786627661455e+02
-7.531585202163793724e+01
-2.543328634209590433e+01
4.026556863036486078e+00
-7.221095043321471785e+00
2.342352862275600689e+00
1.267197051020907139e+02
-2.831553474772234722e+02
1.025967860646021705e+02
4.789680133112828031e+01
-1.838847340167016009e+00
-2.160196204017171695e+01
1.067647825170496816e+02
-3.272418279114087625e+01
1.014439903629922100e+02
-1.402924315019249093e+02
9.489078885901707849e+01
-4.866725101059530516e+02
8.512815049076708362e+01
-2.490796126801975845e+02
-8.799394604597715386e+01
1.687132554814062857e+01
-1.700251449252156135e+02
-2.183748107902810034e+02
8.711285502203098474e+01
5.147381296489958658e+01
-5.366006851047011850e+01
-2.397706079937287527e+01
-3.208714291346100822e+01
-5.922659913734880632e+01
-1.717355106606857191e+02
-9.884233894169375390e+01
7.991585336683800778e-01
-2.229434752076059567e+02
2.051596090765457348e+01
1.942723798922370904e+01
-5.789173573569436115e+01
-5.328314667664330528e+01
-2.561178973804198122e+00
-3.363319960561316435e+01
-2.565938710602683273e+02
-5.527650501962634166e+01
-1.313052149201452323e+02
-1.114881201043123866e+02
-4.611572210000826999e+01
-1.056128199131917142e+02
-7.199015127538172010e+01
2.611732706034071043e+02
1.012172414966244105e+02
3.911120382481169031e+02
-2.166629278384191650e+02
1.308471301255168555e+02
1.410699752416686579e+02
-8.341075773585291842e+00
-1.317200503727788998e+02
-1.894706527396164404e+02
3.526911951317902805e+01
-3.100863471941094218e+01
-2.220413578399702104e+01
-8.818092641895201211e+01
1.655420121636273620e+02
-8.728895892205139262e+01
3.758619554878015911e+00
1.094921338686939833e+02
1.571933621919401958e+02
-3.571024948671941246e+01
6.680907198426935167e+01
-2.622269280898952957e+02
-3.190476362714303704e+01
-4.401490337161388311e+01
-2.368765157711283393e+02
2.240180573341978487e+01
6.133718778932141902e+01
-3.919044417223081922e+01
1.855890781804887979e+02
-6.011707853786512601e+01
2.305418489024295425e+01
-2.444582841385096117e+02
5.960076861071399179e+01
-7.979898624583384503e+01
1.127042455763232454e+02
-2.250240386144430715e+01
6.969372346853884892e+01
1.278340147380538383e+02
4.876284695003593583e+01
-1.257436482413768175e+02
4.176057391305043609e+01
-9.702758926612865764e+01
4.177091532452404010e+01
5.363653348943343957e+01
-4.534076249642519940e+01
1.639533657641268576e+02
5.591827816146636820e+01
-7.064912082454249287e+01
1.136535271265107738e+01
-3.826693059298853683e+01
6.466425859942725651e+01
