-4.983731563054720368e+02
4.983914644444216719e+03
-1.437763618797271647e+03
-3.058151483844809718e+03
-2.621954337387680880e+02
4.682029226070324512e+03
2.521274344887353436e+03
1.798202151008286592e+03
7.656420361086961179e+01
1.159583325808179097e+03
9.663068831165219308e+01
1.812817556141266550e+03
-1.561521262123991164e+03
2.457826139937441212e+02
1.936024336269331343e+03
-6.843278683946815022e+01
-1.393467444079598863e+03
-3.480101607760196316e+02
-8.388830467333713159e+02
-2.789049319655497357e+02
4.408478712167266167e+02
1.183724840900021945e+03
2.294615576049262273e+01
-8.349725859223041198e+02
-3.566273567929364390e+02
-3.497814890262748690e+02
8.133299188849786105e+02
5.079831107492153706e+02
3.298596761153597754e+02
2.186916201848323453e+02
8.041670514113993704e+02
-8.181831146574669447e+02
-2.282739816778794193e+02
1.708756278844112558e+03
-4.443270313262378863e+02
4.246307677730919750e+02
1.011881561263104459e+03
-7.683499236457940924e+02
1.555287970969392290e+02
-6.133183038841758616e+02
-7.995724224871930801e+02
1.045029658523196304e+03
-4.521692800198401585e+01
1.288365347288741987e+03
-9.806645328443934204e+02
-1.302159159629222813e+03
1.034747432537316172e+03
1.224787177580767548e+03
7.240265648531702709e+02
-7.107703837970760219e+01
1.866825512456210845e+02
-2.284193654203272672e+02
-4.982131211604964278e+02
3.981400361581352740e+02
4.884567408384796749e+02
9.308049586369850203e+01
1.707190481461832121e+02
-4.123171433493696441e+02
6.733218551183717864e+02
-3.739166671095638321e+02
9.982679415901255027e+01
-2.910637618656896848e+02
9.935042796972736596e+02
-1.392964370515835242e+02
1.053949874119564583e+03
3.066841119542547176e+02
3.176519365736233453e+02
4.671557229954960349e+02
-8.837982110430687044e+01
5.614232360929560173e+02
2.508347462020444709e+02
2.327653213808611952e+02
3.922229770822224282e+02
-3.988283638661520740e+02
7.194261202303033009e+00
-1.996753695337113754e+02
-4.786139804643682396e+02
7.296524193332004415e+02
1.211263518418210197e+03
-1.070144884154549118e+03
1.897940212555201072e+02
4.875827733307116887e+02
-1.024819427855991449e+02
-8.172193520797997053e+02
-2.015034201603472042e+01
5.579130117066273442e+02
-1.589135546590331671e+02
6.820877454575065713e+01
-3.831311293325316569e+02
-2.635849002454050378e+02
-9.498771164067962047e+01
2.401759194069866510e+02
-2.067436362910518710e+02
-8.020077566124066379e+02
-2.034345314489324039e+02
1.395870800097831363e+02
7.808115944896111671e+01
-5.793946979882355208e+02
-4.415005588843451392e+02
1.050037876959109582e+02
5.255122745251970855e+02
-5.406189281685830110e+02
5.137378908499712082e+01
-4.613970207869940054e+02
2.833378825969041941e+02
-6.427005823012582368e+02
-2.502182527119214228e+02
-3.949182458941123173e+02
-1.855943721029760809e+02
2.881471429558920363e+02
-5.667783624800182452e+02
-3.446309589173326913e+02
-8.022788055676884369e+02
7.966993815381240296e+00
2.270125632787564882e+02
1.838327457528729383e+02
-8.563007475249317224e+01
-3.133629335510966598e+02
-2.963394108986555580e+02
3.478929874307499404e+02
3.234736949208403871e+02
5.462370621224117713e+02
6.297574633604309611e+02
2.297224136856856660e+02
2.935648023863136586e+02
-2.846306140836684904e+02
-4.825781019518352082e+02
6.128842829104781913e+02
3.044015859261867263e+02
1.953120237702757436e+02
2.469079871065256881e+01
9.502357147249534819e+02
-3.946220734324286923e+02
-1.110402804723531887e+02
4.454192731960554852e+02
1.525897020372493103e+02
2.263558935450838590e+02
-5.388887965183510005e+02
1.561896128265293839e+02
-1.647551749092758655e+02
-3.190812734598434020e+01
-2.575995950161061288e+01
2.516239597935512222e+02
2.179393779679857346e+02
1.816971208635430344e+02
-5.272526280801286447e+01
-2.290438904613629916e+02
1.354796324528646778e+02
7.287215061922257746e+02
1.936723038916870507e+02
1.652046272755674181e+02
4.703973547004353328e+00
1.771621358055325288e+02
2.024723949202732740e+02
-2.231151057127669333e+02
3.821164222383315234e+01
2.482191024889974642e+02
5.876758224473984455e+02
-7.337111242551218027e+01
-5.241977580789967988e+02
2.863181713520327207e+02
3.811132925429400302e+02
1.726539304932159666e+02
-3.476259369641733201e+02
1.521340152906988941e+01
-2.180485554954210841e+02
6.456349523647052990e+01
2.990914394393025191e+02
6.703449675448368339e+01
3.145317833654140713e+02
2.472494876986029908e+02
-3.443496438589579611e+02
-8.283686556873556128e+01
-2.461794900382919309e+02
6.346930093564505881e+01
2.864485591598424890e+02
2.778916407681990677e+02
-6.678166597821871164e+01
6.626678363983303655e+01
-6.973013782557715956e+01
1.738763751534914093e+02
-4.223009538831166196e+02
2.950396099026136767e+02
2.209877733948186176e+02
3.265078775833273994e+02
-3.239471144618474909e+02
2.010874546684771929e+02
3.731212188463928214e+01
-5.837007490481128116e+02
7.781768784029398489e+01
1.740038438624163177e+02
-1.685136102844847983e+02
-2.476491193583778454e+02
-5.333868949647068121e+02
1.405005179024249742e+02
-4.423632158604718967e+01
-3.786170044430227790e+02
1.935780447587393382e+02
6.730952998612923466e+01
3.902216158752498387e+01
1.026574223062042712e+01
5.080144409236433489e+01
6.710842658900323840e+02
-1.416818084033747880e+02
1.305852584371472176e+02
5.663965200803203004e+01
-4.372805714708240998e+01
-2.069923300513195841e+02
-7.874557201130309103e+00
2.156460637921124430e+02
-3.870927262681490220e+02
4.174904297561437971e+01
-8.804641341858592796e+01
-1.594063051200436689e+02
-3.520827651058854713e+01
1.399193582131809706e+02
3.435567963090160220e+02
-1.549486583801413797e+00
-3.009416146957691467e+02
1.239544136617089976e+02
-5.284565903589724485e+02
7.296520565949457193e+01
-2.943870501946185527e+02
-3.566272707607820394e+02
2.171345665678919374e+02
-7.372808059228109414e+02
-4.342444901399122728e+02
3.502584867474165264e+01
1.185471568414913435e+01
-1.786497843730225554e+02
-1.278018401771569899e+02
-7.511890166879524600e+01
-4.852957583545527882e+02
-1.160234210391548260e+02
-1.296105814277066486e+02
-1.347404201032518642e+02
-1.502650981810012354e+02
1.192383056249711046e+02
-3.688112900937973393e+01
6.029693390378390205e+01
-7.130648009361613582e+00
8.118929820645229256e+01
-5.589565316222640377e+02
-3.275465741610241253e+02
2.651260318516091843e+02
9.004726827109408305e+01
-1.592528950913762742e+02
3.827329748113160512e+00
-2.038351910991925706e+02
-2.294624705518697994e+01
3.590444419520679844e+02
4.185893772117589151e+02
5.357796385309134166e+02
-2.373427666807830150e+01
8.037132095709776536e+01
1.227600583785596555e+01
1.658948038894272372e+02
5.440034385390097782e+01
-3.174728815736821161e+02
2.653732924479425606e+02
-5.479698522681578510e+01
3.693802138619826110e+02
-3.291820965192756603e+02
4.137893755646840077e+02
-1.574043292201724000e+02
1.918903403925245357e+02
2.482820543584297184e+02
4.018420306836363238e+02
5.568188143056935502e+01
5.857547720649899503e+01
-2.346925414397252325e+02
1.791163848752761680e+02
-1.037539328009437298e+02
-2.954401504223704364e+02
-3.121144600674787029e+01
5.239719094034488478e+01
7.304133272955476741e+01
3.482131970029740273e+02
-3.046317497315672540e+02
-1.663032325251450061e+02
-5.126887950632357160e+02
4.879911863969142587e+02
8.977277443344668484e+01
2.097143657968258310e+02
-2.422987971019912123e+01
-6.706142814670633356e+01
2.467477797494856873e+02
-5.498341373955270939e+01
3.173418565730660035e+01
1.519336564245676016e+02
-9.502686328641651414e+01
5.047706191071682724e+01
1.387562120793072040e+02
3.572016668871964384e+01
4.678904959270403907e+01
1.123183128504209520e+02
-1.736851403423045213e+02
2.003753667423978584e+02
-1.628306481666086825e+02
1.717913463591389984e+02
