-5.250647710161942086e+03
-5.481395872518204442e+02
3.934283701011442190e+03
-8.556752912924887369e+02
1.461200228268470255e+03
3.732562630026427087e+03
4.071140504891134697e+03
8.439929159987624718e-01
2.095315898208738417e+03
8.733986915725357676e+02
-6.192522008027796687e+01
7.579942597438902112e+02
5.964000484964714133e+02
7.279694819935294845e+02
1.135533373623057287e+03
-1.556451785757801190e+03
-1.280259927840368732e+02
-2.620013891602076455e+03
-8.552850920246165742e+02
-2.050971620561956286e+02
7.075281030239304982e+02
-2.645465632052622368e+03
-9.778943560841252065e+02
-3.234283308289888055e+02
-1.416889619849686426e+02
-3.334540857803232825e+02
-8.585793427171280428e+02
1.379705592513556894e+03
5.296941600221765611e+02
-6.192951490601830074e+02
1.326766781922755172e+02
-9.829543918756427274e+02
7.353431489506094749e+02
-1.964609659897374058e+03
-6.052951505881663934e+02
-2.626897186020205481e+02
3.095354854326153600e+02
6.081790299860521145e+02
3.398226855591964863e+02
1.038571244361698746e+03
-5.030589868707341452e+02
-2.180619022779164425e+03
-1.657718160929598298e+03
-1.061806467670646271e+03
-7.629513842579464153e+02
6.874052840114043192e+02
9.519107341841922789e+02
1.842895145836362474e+02
1.737866481168018481e+03
-6.671024155288699831e+02
-8.071805578750966106e+02
-3.139481781146812622e+01
-3.044501056916296875e+02
-7.901954124951753329e+02
3.590989563894514731e+02
2.015481132644196407e+02
-1.672330556164160726e+03
9.670300187220508406e+02
-1.324857807723800818e+02
4.423740906949691407e+02
-6.257780942846773087e+02
3.225707848399304680e+02
-1.070113738303537048e+03
-3.537279541969979846e+01
1.683080706055128303e+03
1.968115275336772640e+02
3.268338783196896316e+02
4.626112756475927057e+01
-4.943361822037468301e+02
-2.541652051647784560e+02
-5.272274312152219409e+02
2.519494191241075782e+02
-2.449168349969117457e+02
-8.676281827506314812e+02
-9.746489163389144323e+02
-7.106982495332891858e+02
7.451260813821946840e+02
-1.813245167959587434e+01
7.234873521777625456e+02
3.249838513937677931e+02
-6.631432898508926144e+01
1.464156232805972422e+03
6.864876767034421619e+02
-4.664033146637326581e+02
-4.940131847389632185e+02
-3.333678615561883589e+02
2.076849531385305738e+02
-3.373160394100380586e+02
4.182744158840012716e+00
4.166798908821036918e+01
1.692462230805298020e+02
3.256479732592474079e+02
-5.397998669699759375e+02
1.344436794589959732e+02
-1.953473001314089075e+01
2.647832399976928741e+02
-2.775872842183839850e+01
8.502671206866461944e+02
-1.440556634143426322e+02
-3.476950820900331109e+02
-5.843878165631897446e+02
-2.133249413772492460e+02
7.110409867204998591e+02
6.017416242421498964e+02
-3.937044396664495594e+02
-2.732197522889085803e+02
2.507471978591645154e+02
3.100748108724246777e+02
5.253665728405044320e+02
1.289776023721979072e+02
2.142109354936932277e+02
-2.330649475895912701e+02
4.297185399236132639e+02
-5.159273944535947294e+02
5.771395365340319827e+00
-6.655300151711951457e+02
-1.378566222083723858e+02
-2.641386843706557670e+02
-5.741905823068785821e+02
-8.478705606770631675e+01
1.291564846238358371e+02
-4.315166128433315862e+02
3.076632523034039650e+02
-6.948415444841162980e+02
3.366538702323068151e+02
2.386355881365087441e+02
4.690541973304492274e+01
5.376742767686129127e+02
-3.912596116008489666e+00
1.434555697570769723e+02
-8.483066232192373946e+01
1.666377454650574919e+02
-3.793960339177953500e+01
4.718062034283231299e+01
-1.369519582033939002e+02
-1.463359500644302784e+02
9.175316148671380745e+01
-8.686515608238536288e+02
2.466908955709135967e+02
8.691296223931111342e+01
1.680505787622778939e+02
-7.894175109553448522e+01
2.018264476043203715e+01
4.150224588830526500e+02
2.053431628122710890e+02
1.681452956579260416e+01
-1.754491278682976656e+02
-3.830776555017386897e+01
-6.803968811343654011e+01
-2.320425469555428606e+02
-3.199821069695599931e+02
3.277951453954667471e+01
4.620825727440468995e+02
-5.089873567644418131e+02
-3.793370994967488627e+02
-3.798290652879960021e+02
-1.690293738110388411e+00
6.576231245907880520e+02
-1.783463070119054805e+02
-8.722307656881753246e+00
7.850072947289831404e+01
5.453390689199553663e+02
-7.608464935791690209e+01
-1.097530842919109659e+02
2.252890195592674729e+02
9.577655047114932430e+00
1.494653236085879939e+02
9.581678581060465660e+00
-3.122144506441821363e+02
4.581779312124846228e+02
4.049708686787298006e+01
-1.739531776321359189e+02
-7.237110848312758549e+01
-1.925060851665023449e+02
-8.273031104575090922e+01
-1.851537434602830103e+02
7.480172094713422837e+01
7.847706787338900085e+02
-1.107306790805089634e+02
3.657202812435629653e+02
3.317467813839747919e+02
1.091918118120199495e+02
5.581304888604491765e+01
2.493720202821888563e+02
3.270831262542488389e+02
2.441258035513194500e+02
-2.240895327077047341e+02
-3.314016006831639061e+01
-2.529548926753364242e+02
8.698698561410176922e+01
1.689288152049848009e+02
1.031381316404669661e+02
-5.324083120986569106e+00
-1.776313020377685916e+02
2.958217965638688156e+02
-1.333326425425160267e+01
-1.874810662879208394e+02
-1.981752904557606030e+02
2.642209844086857373e+01
-5.951668747579773822e+01
8.398369384470049681e+01
4.079063710181130773e+02
6.792675810243016485e+02
9.752523885294228023e+01
2.860471421477938065e+02
4.577547163250605955e-01
-2.059260964038013526e+02
1.249637974539721341e+01
-1.862232420184836599e+02
1.719141767487725758e+02
-7.892834999473741675e+01
1.156051230870026387e+02
-1.667196849745634779e+02
2.930201085720112246e+02
1.407908778250842090e+02
-2.921411007724749993e+02
5.320641944244592025e+01
3.183713489716508320e+02
-1.280257654608213436e+01
-5.215333590086722815e+00
-1.204411253041368752e+02
1.543125472307046380e+02
-3.410889409947908462e+02
-2.392794569689886544e+02
-4.509055616254705967e+01
-4.449686483388253464e+02
-1.663708928054329022e+02
1.614394357450613313e+02
-1.841080091599183675e+02
-1.673639155008307000e+02
6.480689263721941984e+01
1.626630359641267489e+02
-2.779541104967784122e+02
1.905748550811973132e+02
-2.465272265242158198e+02
4.848975606274917993e+01
-2.919702166424437451e+02
1.135659578451747223e+02
-1.435680554846532004e+02
-1.621891265796026289e+02
-1.624162081563657978e+02
1.761569643098920324e+02
-2.151503827185799480e+02
-2.910349271196178051e+02
-4.463714107260555153e+01
-8.053414933109036156e+01
-7.848577754741070578e+01
1.798757176631381185e+02
-5.807197972829106902e+01
-5.313576811340888639e+01
-7.328110961306396121e+01
1.012046569353913306e+01
1.968544788371099230e+02
-2.522112534983951093e+02
4.062492039532316568e+01
8.460491559493844704e+01
-2.011282207620990619e+02
-3.031000630004614393e+01
-1.585065605805261839e+02
3.713542658450698468e+02
-1.301481208763443078e+02
2.007150781167368621e+02
-3.502781956553258169e+02
3.317726889548230247e+02
8.619987319549355220e+01
1.062081867504656962e+01
2.333269512618756778e+02
2.254189669863228858e+02
2.963244514864505774e+01
2.053512200912145431e+02
6.292964293879086313e+01
-2.891813779985624944e+00
-3.194735277042158827e+02
-1.476506861747032531e+02
-2.903067130018455373e+02
-5.916530305708444359e+01
2.240984585513659226e+02
3.793074215688308186e+02
-1.649287469463281752e+02
1.045308609965310040e+02
1.117895359017824575e+02
2.095944455818794836e+02
-3.280717669674195314e+00
-2.095372139389314725e+01
1.421040075719579363e+02
-2.136255927047326395e+02
3.110737009388786873e+02
-1.172731979522620520e+02
-9.697564357615067365e+01
6.524908744186961762e+00
-6.588676348021284923e+01
2.606767044837889102e+02
2.427009537425121266e+02
-1.700024389583799973e+02
1.551795898128619058e+02
2.131589031015316777e+02
-6.737985769962122617e+01
1.521752795302450920e+02
-6.743918017428957512e+01
7.508468985281550090e+01
