-3.550478655034145959e+03
3.064615315507625837e+03
-1.429706586339024170e+03
-5.334887101579754926e+03
-1.834740783488229681e+03
2.106106048420047046e+03
-1.196554676422857028e+03
9.908735764015342511e+02
8.951979269034154640e+02
2.067451213791096507e+03
8.553967936733364468e+02
-2.568551889184445827e+03
-1.053282535198909045e+03
8.694046913266250840e+02
1.112360932356281609e+02
8.898880726883795660e+02
1.122344906129428182e+03
-9.117929025727589760e+02
1.511609673229812870e+03
2.124177699514914821e+03
7.894771880085146449e+02
-1.127803305674149442e+03
1.132548722412160032e+03
-1.191214893695318779e+03
-2.224818747240922789e+02
1.621954718727441559e+03
7.572537885352747367e+01
-2.218688258043590338e+02
-1.671152989946453772e+03
1.498275247085930175e+02
1.753201248583281767e+03
-2.112383277316038402e+03
-5.150112435317878834e+01
-3.707214321873186691e+01
3.708263550361276657e+02
-6.732229862355723071e+02
9.444378925952157999e+01
-8.362587138771222044e+02
5.828637215890398693e+02
-1.135765268089538949e+03
-1.388071256978924112e+03
1.042408856865711186e+03
-6.514311494153271269e+02
-6.443821496668268765e+02
-4.359379360592481021e+02
-8.521939496564579031e+02
2.305753454778861169e+02
2.126601938425022240e+02
6.618673236196149219e+02
-6.260309320008927898e+02
-7.766142522059776638e+02
1.050809794205063668e+02
8.775306408013345845e+02
-2.645604071179102448e+02
3.757053195091566522e+02
2.018795328349091562e+02
-3.796623246950122166e+02
2.013771835095499085e+01
9.389220820620453196e+02
-3.934716388795882835e+02
1.454514077446042677e+02
1.642699219768737180e+02
6.251010044812197748e+02
2.415931715278627792e+02
1.093271082402787215e+03
8.651409385890456178e+02
9.294820852619758398e+02
4.035231729708826833e+02
3.535430107118657475e+02
-3.768570079519905391e+01
-4.813920907886027578e+01
1.208530302792100173e+02
4.255729114004834059e+02
6.256976514808472984e+02
-5.120039328183780754e+02
-8.789477452331523466e+01
-1.776234925012673500e+02
7.195709760338314709e+02
1.171196329923028117e+02
1.409203090858407563e+02
2.852146106919625979e+01
6.418942408635114134e+02
6.369664911017849818e+02
-4.028079657746563953e+02
-2.781463356682845642e+02
1.389604212234534373e+02
2.357901881630843945e+02
-3.852105951953938074e+02
-2.919099056113482789e+02
-5.357983790711769245e+01
-1.987190077604764724e+02
2.512754404967124060e+02
-1.781823474336253526e+02
-1.150676267300034112e+02
-1.635857161123390142e+02
-4.485568179411370124e+02
-4.743224762395663419e+01
-3.625959671397682200e+02
-1.480263723712172066e+02
-5.914323988611835148e+01
7.209700480854646685e+02
3.298855212836625697e+02
-1.961139205625086390e+02
1.288755591126640354e+02
-7.327247666144844906e+00
-2.887244362333877916e+02
-2.348205753934802260e+02
-1.797587109499485436e+01
2.060788943169427512e+02
-2.844544221687423828e+02
-1.428734167184339583e+02
-2.266987751100662649e+02
-2.170235432371267450e+02
-2.500596243660278049e+02
-2.495851673792100769e+02
9.636782100043696175e+01
4.542703869658458302e+02
-2.782411068496774078e+02
1.462285489092512023e+02
7.715944422087554813e+02
8.602945226636241216e+01
5.759688495885558268e+02
2.786718317131543472e+02
-6.165897308548832711e+01
2.863622032783804912e+02
2.206335083598736162e+02
-3.696280550439064427e+02
4.010986815922763071e+02
2.018040438624922217e+02
1.373026007146304437e+02
-4.617707864523588341e+02
1.437565113958302845e+03
-4.154110415752266761e+01
-5.310151647199423905e+02
2.760262386173495202e+02
3.330088107513720388e+02
-8.034098710216895256e+01
-2.999499828518444815e+02
4.006849124100668860e+02
-1.078776873397398077e+02
2.444438848139791958e+02
-2.237096267954100028e+02
5.414150579137215118e+02
1.839214035660889124e+02
5.562216274964482636e+02
-6.325668645373360732e+01
-4.528560749755045549e+02
-5.974736913279690498e+01
8.262851445604470655e+02
6.722470244650561710e+01
2.488701066955788690e+02
6.827087879337787513e+01
2.853394707102694952e+02
3.648360915720413118e+02
-4.111049510408578840e+02
-1.748397014994642404e+02
-1.077015140453219573e+02
8.475971589231714631e+01
-9.047299482251878189e+00
-8.799390009783991218e+02
3.030442418114864722e+02
2.273606446181805154e+02
3.503456961314141722e+02
-2.577331947934601430e+02
7.526397179471317145e+01
-2.350928624406342919e+02
2.662116714051916233e+02
2.355530907918046637e+02
4.763329261876801866e+02
5.962620063177704424e+02
1.317696909402398546e+02
-4.447030909564903141e+02
-6.716228337792171033e+02
-4.743886679382437137e+02
1.195952415012452263e+02
3.434889451462155563e+01
3.330967470851405778e+02
3.471115015324717774e+02
2.089038045682706013e+02
-2.455722934346569843e+02
-1.254395676377072633e+01
8.140207274451871911e+01
1.791510140757629301e+02
-5.763857333294059693e+00
3.889884501552389793e+02
-2.937829859336531513e+02
3.162053408104084724e+02
-2.258479842801309871e+02
-2.069461934414613893e+02
2.415034973099873810e+02
2.880724641555751191e+02
1.583540405920622050e+02
-2.403127502333849748e+02
-2.210960783239997909e+02
-9.047551371750938642e+01
-6.851805806992305747e+01
-4.923116212804778229e+02
1.282915037413288530e+02
-4.710356713045256782e+01
5.586748197966676344e+01
-2.752199730333251182e+02
-4.474194255455000757e+01
5.358086294592740160e+02
6.352679089468158935e+01
8.649254419284014261e+01
5.842773335242267763e+01
-2.090547790465117544e+02
9.916781287323932759e+01
-2.364674729202374692e+02
2.386256003832593535e+02
-2.929231629209627386e+02
3.889963349634652445e+02
-2.749945235573756008e+02
-5.673953332402003014e+01
-3.704810633789227836e+02
2.776389815352719665e+02
2.741496108402354821e+02
-2.016931811560160526e+01
-6.339873852300673889e+02
2.522038188019526785e+02
-6.023048798737320340e+02
2.857498660521433749e+02
-3.499387176850842707e+02
-2.801249372695808120e+02
1.463810977767217594e+02
-8.755202095594638649e+02
-5.705642044473511305e+02
-3.060037233351662280e+02
-2.979428909424694893e+02
-1.775894223670005374e+02
-1.637022753951102629e+02
8.550794923263268288e+01
-1.665782091591011920e+02
-3.306229636840685089e+02
-1.753358387080256477e+02
8.689039152948187450e+01
-4.357464408466232157e+02
-2.747661364744743082e+02
4.936297577145545290e+01
3.022501071354795386e+02
-2.184343323217607491e+01
-1.549701242851374730e+02
-3.881783665730055759e+02
-6.656476236574396808e+02
1.263451280973794582e+02
3.630948146041068298e+02
-2.922378397176167368e+02
-3.442642707227295205e+02
-4.047007067888807228e+02
2.251120919062547330e+02
5.493503493332873404e+02
2.899390851508752007e+02
6.016075841988723596e+02
9.046263303708997228e+01
2.565634392880393762e+02
1.005807421793512191e+02
-3.745678467209068430e+01
1.331224447165886033e+02
-4.930192567282257414e+02
2.320420719474547013e+02
-3.255534724057063301e+01
1.559214590564649505e+00
-2.624051371980726799e+02
3.488556662409758360e+02
-2.423427903009186579e+01
2.165685179372449625e+02
1.906750319007442727e+02
5.910562021091343468e+02
2.614970690140299681e+01
4.104059000514836697e+01
2.785645940972961512e+02
1.375496390754579181e+02
-6.359465891987621688e+00
-5.331700546257898168e+02
9.562907692805589477e+01
8.378702043264655686e+01
1.638545761854850014e+02
3.991699682742545860e+02
-4.457719576255631182e+02
-6.869868009575947099e+01
-6.095004577293160537e+02
4.572081662828364301e+02
2.340691654992832227e+01
1.078253393673894607e+02
8.840259654532927414e+01
-5.688275386560669489e+01
1.631268292665635613e+02
-1.008505071788667884e+01
-3.299936061861888561e+02
7.389954380853357918e+01
-3.789759529584272286e+02
1.142581515608498250e+02
-3.579226466332752210e+01
-2.688637107115292579e+01
1.813645162388675374e+02
-5.298571073707795165e+01
-2.655978279768658012e+02
1.614500264266776242e+02
-3.921893579904599960e+02
1.138077426053548606e+02
