1.215102764897397037e+03
5.382015442321414866e+02
1.571177137051274258e+03
4.779776999039373777e+02
-3.822185601637174273e+02
6.939451192583880584e+03
5.810720690499433658e+02
-3.541006031556840412e+02
7.424373245134624995e+02
-2.370389767910602586e+03
2.916606202834523742e+02
8.712444403870327392e+01
1.325032933712896863e+02
-1.178120838607151654e+03
-8.548954508031256410e+02
-9.610882323842798769e+02
-3.250375133334292059e+03
2.416889940440818464e+03
3.959574722205152284e+02
1.577506945232316866e+03
4.414202177861507153e+02
-2.082696133866273613e+03
7.824956945904996246e+02
3.412706472864075522e+02
-1.611515091344943812e+03
-5.968414889414179925e+01
4.953636232947056897e+02
-1.891953218476310667e+03
-8.788553110217601443e+02
7.470910177704711259e+02
-1.549341370529718688e+03
-1.120982792548489897e+03
-5.830232731561859509e+02
4.124451198281395818e+02
9.025796225988025299e+02
1.019530838151547755e+03
4.395252330987850087e+01
-3.718927314379397586e+01
1.835880951406167299e+02
3.267895850620259353e+02
3.241479746579282306e+01
1.175728497096435149e+03
-3.625595386941422049e+01
-6.618736445048923542e+02
5.864459808543884947e+02
1.756448965810391201e+02
1.870195370050539054e+02
6.753720105542403189e+02
-1.929293149854080269e+01
2.001595359501554015e+02
-1.695773718130577663e+02
-5.869514207801533985e+02
4.781582896088314669e+02
-4.608321638104137037e+02
6.035817792051666402e+02
-3.014838972191380435e+02
3.981003208261688542e+01
4.396474793360306990e+02
8.867346109501379487e+02
-8.143712235109466064e+02
4.107643829686662684e+02
-3.927663010804596979e+02
-1.429703370875734265e+02
7.964693354566644530e+02
4.417180159299155093e+02
5.744148075538665807e+02
2.890025175675679634e+02
4.447700433913876736e+02
3.968630718462334812e+02
9.667718956087034599e+01
2.121903133328350464e+02
5.174948394417734931e+01
-1.241002124949470726e+02
1.481180951893112763e+02
-2.679913892814874430e+02
-9.306289686765038596e+02
-4.893166943233484290e+02
1.074775664803773623e+02
8.098049625253740658e+01
-3.978481100482033526e+02
2.707498136571198302e+02
-9.672720703570670153e+00
-6.179475256689050866e+02
-7.017884845112751009e+02
2.688403531422625861e+02
-1.456990211444676220e+02
-4.205708463355408639e+02
-2.203279753192599912e+02
1.035548646181651264e+02
-4.519071010593129927e+02
2.611495114223061478e+02
1.406121231085308523e+02
1.254358154511231760e+02
2.641001109934238684e+02
-3.886475412427969331e+02
-6.831018241979029426e+02
6.376602988733250754e+01
-2.486338096210457422e+02
7.891937725375218804e+01
4.966288171695086362e+02
4.042069668986121087e+02
-1.279707818976657734e+02
1.520527758873841719e+02
-5.717380417219330866e+02
2.669779084566437746e+02
-1.616177630529137730e+02
-1.442734515304358922e+02
-3.176037885728181323e+02
-2.446825946683043753e+02
2.530447417199053461e+02
-1.432041850291028879e+02
6.408577246777429082e+01
-8.956447481543519871e+02
-8.721895594518612427e+01
-3.024356559778523206e+02
-8.791308102259168322e+01
-2.427339043782034196e+02
-3.536433396576395012e+02
-2.760967703369387038e+01
-3.598260846896576481e+02
-8.950477581186363807e+01
3.136362448903224163e+02
-3.288510428789950168e+01
-2.811814925207416422e+02
-9.158661020252752394e+01
-2.034391552305215782e+02
-4.187089157638812935e+02
6.919873792131276957e+01
8.848848188106948101e+02
3.565073834136370579e+01
-5.028833493509828401e+01
4.946703706301935881e+02
-2.067068825930944342e+02
-9.669587544044178173e+01
-7.478780565961346838e+01
-1.900453097225977785e+02
1.268984731374162012e+00
-1.252484170266100278e+02
-1.451645379749321876e+02
2.236349160362976818e+02
-8.720089991642909411e+01
-2.684261302740574706e+02
2.701485422101851555e+02
-1.849450510624679964e+02
5.469788144995139874e+02
2.617348198008272675e+01
1.937976551394343616e+01
-2.917677503587393630e+02
3.792704026020759898e+02
4.329700157796705753e+02
2.867009545227591616e+02
-2.244114020852903195e+02
-1.148065026959443031e+02
-1.205389185704422914e+02
1.207983863500255381e+02
1.386676517628062300e+02
4.832480854699920059e+01
5.987244906851984183e+01
4.085054630648519236e+01
-5.800697958249864996e+02
2.746104567997106756e+02
1.503991306468499829e+02
-2.525069518520562184e+01
-1.019575450246231441e+02
9.855648815071579349e+01
-1.615439771410507603e+02
2.597965237996505152e+02
2.893813805277628717e+02
1.137583583140890298e+01
2.795041246370550425e+02
2.824512854846940400e+02
4.156862126482150188e+01
-3.109430135499778203e+02
-3.731519001390232404e+01
-2.904494097440676725e+01
-3.823061571289539984e+01
1.460468942034518136e+02
-3.407815417235978543e+02
-1.134613330771918811e+02
-8.804764866256554967e+01
2.855484223966298174e+01
6.923951281568334082e+01
1.444305753019352494e+02
-9.709284283151748696e+01
-1.513886279926210321e+01
-1.401650007209920545e+02
2.270423465714619056e+02
-9.676598367961103975e+01
-2.083360823341796504e+02
2.710724087046240243e+02
-1.671566946682922890e+02
1.690460912142550569e+02
1.869592620820950799e+02
-2.784639747509591245e+01
2.504810513170084789e+02
-1.668821841775697123e+02
-2.101024174513054277e+02
5.529734947341125917e+00
1.675380720045972112e+02
1.140829046194616581e+02
5.210234511060432538e+01
-1.611649650583784421e+02
3.186871977548304358e+02
5.811171944067425699e+01
1.096414792654068009e+02
-1.826528443051086725e+01
-1.662693632787618299e+02
1.366779518131275495e+02
-3.597304389119926338e+00
-5.477187476230680829e+01
-3.358104890478601874e+02
-4.593003620679652954e+01
3.335053946911934020e+01
-1.310986963077029657e+02
1.178553818509144122e+02
1.874012124672310620e+01
2.273303306347611397e+02
1.376379045717291376e+02
-6.848277173546489394e+01
-2.497098986756131467e+01
-3.139045532190773429e+02
-1.391471753538930045e+02
-1.739914097088247900e+02
-1.068432563202552075e+02
-2.795993089524609942e+01
-1.478863338229184023e+02
-5.148809191215576675e+00
1.095285001013568582e+01
2.856591089736616595e+01
-1.541043834783844488e+02
1.814810778883352427e+01
2.742152818577396545e+01
-1.238577463193944936e+02
6.839499745217357152e+00
7.632765666937314109e+01
-3.670066416633099493e+01
5.566163700342900000e+01
2.543696795691561192e+02
-1.185816461202704204e+02
-1.414352218967747490e+02
2.431367186787167043e+02
-1.163754351992759979e+02
-2.253545777215117596e+02
-2.542123518481604663e+02
-1.259628957797631728e+02
2.755976080969183784e+01
1.667612473915379212e+02
-9.756868018441723223e+01
-8.823078535444352610e+01
1.586803634953808206e+01
2.984189493790939878e+02
2.398396783570602224e+02
7.023022540320015139e+01
-2.621394897971549653e+01
-2.758513344400659872e-01
1.907901194284356006e+00
-1.189613342911891749e+02
-8.952231562451615332e+01
-1.278265254460432914e+02
1.096782347091614298e+02
9.952748906607789081e+01
9.804923021527665128e+01
4.133431556432998377e+01
1.692862184824829797e+02
1.063020920697968421e+02
1.043810689851472233e+02
3.577644242833100918e+01
1.466045840158062674e+02
1.178685018425818214e+02
-7.895022901408964344e+01
-1.039804405213796628e+02
-2.827895654781408918e+00
-1.093465506674540251e+02
-9.949147263169516009e+01
-7.665059105802977513e+01
-2.028066088508077769e+01
-9.387706207964487248e+01
3.216043586748913441e+01
-4.477255497698540410e+01
-9.191430970338255690e+01
-7.690246152720291661e+00
1.431034370751698077e+02
5.782445129167319919e+01
1.111891544272954064e+02
-7.580805435772278145e+01
1.999574409620598558e+01
-6.504978857666489489e+01
-5.943413648709943686e+01
8.480639245173350105e+01
2.517817248371115113e+01
7.425885685865601715e+01
-3.351825031575010172e+01
-2.289333618908131029e+01
-1.155279718236569586e+01
6.080473738326686473e+00
1.182729958345136652e+02
1.171489756163266271e+01
-7.933135082641085489e+01
-2.540631191695105073e+01
1.134030477071817700e+02
