-3.409107011139859424e+03
-3.574850273104070766e+03
4.308687171087385650e+03
-2.426284821020421987e+03
1.596808013331248048e+03
-3.381929364478990010e+03
-3.499136443146057445e+03
1.299109188539707702e+03
2.123275681262438866e+03
-5.786865844521623785e+02
-9.471325705676362077e+02
6.207828916128871697e+02
1.299656183802746682e+03
-1.098585850737311603e+03
1.501439692915361775e+03
-3.837475252213851945e+03
6.739442490962095462e+02
-1.516536145226404642e+03
1.854254768831404192e+02
-2.658284106430145357e+02
-7.253478823576280092e+02
2.226950018965723757e+03
-5.073287170909419785e+01
-2.129749343821627576e+02
-2.923829959144800910e+02
4.290544822055136933e+02
1.213433709298914209e+02
-2.903136445689684138e+02
-5.825964335969124477e+02
8.373466250322719588e+02
-1.157449573995472520e+03
-1.778113423335194511e+03
-1.205171543765195565e+03
-4.691939219453616374e+02
-3.384882571472762720e+02
-1.486252464977752652e+03
6.590077325000195287e+02
-1.308890175070456507e+02
1.615956310918782947e+03
-1.919825746499527952e+01
-2.497996571798330763e+02
-4.431974882792235348e+02
-7.161788987012026837e+02
5.503778673651478357e+02
9.190576960285441146e+02
1.493609594251896340e+02
-1.124340541781318734e+03
1.149268111419007028e+03
-6.174473425112080349e+02
-3.138788890034830388e+02
-4.034963763294862247e+02
-2.745641236891244148e+02
-9.190691599282836250e+02
-7.795903321048675707e+02
-4.947572037924360870e+02
-1.806158648597516958e+02
-4.390278482932178576e+02
5.144107910549669214e+02
3.460650846819262938e+01
3.345923654744408964e+02
2.001687659296589743e+02
-1.696181169942065708e+03
1.210489464796250019e+02
-8.570313063663523963e+02
-6.097441734948233716e+02
3.445810740812883068e+02
7.839389699029924259e+02
1.391690904635350535e+03
7.795563228509462306e+02
-3.899707571670386983e+02
1.198015400755937890e+03
8.115000679638656038e+02
-3.878963068400932457e+02
-1.577575156616363117e+01
-7.779277330445614780e+01
-2.842185203846975696e+02
1.056052203370316647e+03
-5.924075842652609936e+02
-9.115531225216909661e+01
2.782502432371557575e+02
1.307162290481176967e+02
-3.668814226518874761e+02
-1.564878461782542445e+02
1.607249336335626822e+03
1.544452845981222936e+03
1.319168611173302565e+02
-8.819239485819894071e+02
1.885906102418465764e+02
-6.281792708065345323e+02
3.149870866384880586e+01
-4.153287094127686601e+02
-2.377894481268506013e+02
4.217045694750966049e+02
-2.495597751479502620e+02
1.291664824633825901e+03
1.627056517198871575e+02
-1.720360831795496210e+02
3.518464351831497652e+02
1.251515172893100640e+02
1.096573287558326456e+03
3.372048241550155723e+01
-5.126132041475101460e+02
-2.794277746578455890e+02
2.136266754802907712e+02
5.047715884788695462e+02
2.289326361272429153e+02
2.753252309323390818e+02
-6.748185076682185581e+02
3.358187708133488769e+01
-2.889552499698910282e+01
3.896309222370144312e+02
2.892331627063887254e+02
1.129191111203942000e+03
-1.329775891094464839e+02
-1.609315192347862080e+02
2.056318883364975250e+02
-4.155800287988344053e+02
-2.503726172935602676e+02
6.041818671271041552e+01
-1.517602572133149579e+02
6.427823721914842281e+02
-7.774218664747608045e+02
3.213022683361585337e+02
1.169956599895104290e+02
1.217480496048987561e+03
-3.375305686540036163e+02
-5.334207420845680190e+02
-2.475272006848923922e+02
9.092593796503039130e+02
6.680131013622741420e+02
2.132958477944183784e+01
-6.459918913972939158e+00
-7.871069095731162406e+02
1.987022433764919640e+02
6.059001870996807781e+01
2.861406865309285195e+02
-1.677105196225712120e+02
2.377632859787185851e+02
-1.471085571556987190e+02
5.429212292959845172e+02
8.090564489829400741e-02
-2.324588851318529237e+01
4.350543843255650813e+02
4.442712425041764845e+02
1.236518661210484851e+02
3.003523231773763769e+02
3.610014706619232356e+02
6.882332801017438442e+02
1.703002752877717114e+02
7.823394834061831205e+01
-3.179201012714019043e+02
1.104915190709028661e+00
-1.549345690921366270e+02
1.831277443700307686e+02
-1.526372011984235996e+03
-4.734965089157664693e+02
-1.104138411548931060e+02
2.976670654984753028e+01
4.374158612674892765e+02
4.522112730626538450e+02
-1.238964522503166705e+02
1.343574965996325545e+02
-6.772120855309429999e+02
7.169174930242350285e+01
-8.213478634576086961e+02
-2.668627774322695245e+02
-5.035535784958454997e+02
-1.461582482833054826e+02
1.832917833070830227e+02
-4.809526554735958825e+02
-3.070240949084185900e+02
5.048387741664590180e+02
1.167672456247499291e+01
-3.387307981066107345e+02
4.039339264426112095e+02
-2.044421015347772652e+02
-3.151265116318326704e+02
-1.073588487243890540e+03
3.845626094669925692e+02
-2.629445275739425725e+01
7.447529468027966004e+02
6.575586789169206270e+01
5.721854943575903008e+02
-2.941664002158887001e+02
1.462067018224676884e+00
2.835121936441996695e+02
-2.974679759114928288e+02
3.588909612579858504e+02
3.966751785660909491e+02
2.910084755258293967e+02
-2.546550589405075868e+02
-1.611670896563321662e+02
3.544012610468658977e+02
1.187469059348387788e+02
1.615630392495520766e+02
-2.326196058198641765e+02
3.756141539238442419e+02
-2.859701116079205576e+02
-3.872543939681037273e+02
1.321165343565490780e+01
3.872522715964642543e+02
3.251414279457081875e+02
-9.765672542059421346e+01
-5.075570078453340557e+02
3.822647812432451246e+02
1.430091447377834868e+02
3.410160222200082103e+01
-2.635765940429640963e+01
-9.215996478373526202e+01
-2.929800790668613875e+00
1.933316893313036360e+02
-1.585208772997631854e+02
-2.227793335151336862e+02
3.644258925541564622e+02
-1.549220914613359810e+02
-2.560929839318479253e+02
2.440136823374698736e+02
3.340744615765415233e+02
-1.527167996509661663e+01
-1.325777191145908773e+02
4.132754453861742263e+02
2.441772834880548260e+02
2.945417421873040098e+02
-2.305998067323446890e+02
2.869878040770497023e+02
2.445782480353154824e+02
5.737486990994337930e+02
3.165691762177727853e+01
1.225426143251540054e+02
-1.873306022590051327e+02
1.365432381743524282e+01
-3.701490944261475846e+00
-1.638468293131253404e+02
7.858477349114033359e+02
1.465914729792581852e+02
-3.009454002749936308e+02
2.074782368199619498e+02
5.426799160436140710e+02
-2.519500226258485327e+02
-5.196468067526619734e+02
-7.280257808004418507e+01
1.760840190568273442e+02
1.865975474441105675e+01
2.395647396686378272e+02
-3.899432302963215307e+02
-1.929287994727555713e+02
4.105690398347936707e+02
1.826574790648603539e+02
5.799818002993548589e+02
7.443161229178541305e+01
-3.336083280511708153e+02
8.730511333789375783e+01
-3.909421579557931068e+02
-2.382296684182351214e+02
-4.428904988753837557e+01
-1.427024985260131551e+00
-2.044541359496993209e+02
-2.414614931756335920e+02
2.352252175974225565e+02
2.934435347086705193e+01
9.166025912532050768e+01
1.856285586641508871e+02
-7.589230696251791031e+00
-1.232808939767663787e+02
4.283464923081805864e+02
4.491866364740783268e+01
6.683970573544082754e+02
-4.220773087139864401e+02
1.878544429612847111e+01
-4.518250564594308116e+02
-4.477176477259207843e+01
-2.063675952101136772e+02
9.508867608394010063e+01
4.296736091060312219e+02
-2.165223706285539862e+01
-7.024778785880009480e+01
3.504854231255973218e+02
-1.558194027392144960e+02
3.486965225836401601e+02
-3.136562009771739099e+02
-1.580493847270706453e+02
-6.199991694566113409e+01
-2.296544318820194803e+02
3.725411931881341161e+02
4.328191044966599321e+01
1.179715441015333113e+02
-2.312272581493608357e+02
3.917538643858990781e+02
2.300139503393097584e+02
5.144202439840974961e+01
5.014543302177778514e+02
1.202962865479117482e+02
1.070527193004590885e+02
-8.796778475607155201e+01
-5.015770560170177532e+02
-3.169877270636811772e+02
-3.602241377431074909e+01
-1.776167675595300466e+02
-2.136723936040847320e+02
2.848447020038800588e+02
