-3.018582870203910716e+03
-5.618343998543928137e+03
2.456850746163052463e+03
-1.690940956000457618e+03
1.169676812460288147e+03
4.087293738137715081e+03
-4.663940079051873909e+03
7.857655893113009427e+01
-8.851483273752292007e+02
1.360429196044628043e+03
1.898404301441121561e+03
1.229374085552125280e+03
-5.897433775287939852e+02
-2.211967184637210266e+03
1.624741867939150666e+02
2.027606629697898825e+03
-7.200999097122941066e+02
-2.065070085413007746e+03
2.491509132640454936e+03
-8.469819677569477108e+02
-1.608541613790640668e+03
-2.877668300492441631e+03
-1.526502413403350431e+02
1.140477488648302369e+03
7.069416280426963795e+02
5.869254596887354865e+02
-2.599954855034318371e+02
1.586373841165137151e+02
-7.144235701348267185e+02
-1.003899082348686534e+03
3.104348018173623586e+03
2.247087142726873878e+02
-3.502876182720590350e+02
-1.151380648372853102e+03
-1.559636844377307625e+02
-1.147935434326889663e+03
-3.007513038488769439e+02
3.264595488328268402e+02
-2.427246017277855117e+01
-1.056093486244355518e+03
2.455426942602610723e+02
-1.477362376307174372e+03
3.409060764100960341e+02
-3.611030263134027223e+02
-8.915529945323296488e+02
1.315822938350160598e+02
3.191102787244447541e+02
5.127426252911824349e+02
1.149450888136506819e+03
-9.355227061619874576e+02
-7.283815074098093874e+02
5.296192292529502055e+01
-4.362039158897904940e+02
-4.202380272656726561e+02
-5.132211327888951473e+02
-4.999640158674973804e+02
-1.067162184417313711e+03
2.815237644436766686e+02
-1.121467418747220563e+03
2.101622024340535120e+02
-8.897311693310375631e+02
-6.310011701114190146e+02
4.539678278334085917e+02
6.150597016209510457e+02
1.163467711221202990e+03
1.227231001847416337e+03
7.176245682262293712e+02
6.699180262861884216e+01
-3.865767271637053000e+02
-3.213226560945255414e+02
-6.733074649218432342e+02
-1.196084788517811859e+02
9.749950935563576877e+02
-4.946184776101952707e+02
-1.238380882141855864e+03
-3.066616235728751008e+02
-7.176648621662319556e+02
2.757161450963982361e+02
7.356150388559935891e+02
-4.711573914689189451e+02
5.903803219997048473e+02
2.183103118346601832e+02
5.520095458009559053e+01
-6.193341128881168345e+01
-6.283999010713610005e+02
2.577570411201849083e+02
2.577179263166175929e+02
-3.595354553974424334e+02
-3.083466265796906782e+02
-2.707245433456926094e+02
-3.590803363264706149e+02
-4.907634503186822599e+02
-4.321035581030374715e+02
4.614288590477169691e+02
3.889314694983062850e+02
6.353948262282746100e+02
-1.690830613068634136e+02
1.521164563213021665e+03
2.963493646204767629e+02
7.114931713046898949e+02
1.055969777748661542e+01
-1.618975444562966288e+02
6.103452527534767569e+02
2.142870750053349980e+02
-3.920971659457863012e+01
8.313755369268174036e+02
-4.486709081260431553e+00
6.111168551993845313e+02
4.802789539915185060e+02
2.191592619164450184e+02
-6.033955508277507533e+02
4.770069231097540978e+02
5.949616562117454350e+02
2.707286037558793268e+01
-5.562197036941256556e+01
-4.463595732372113503e+02
7.520962539833956839e+01
-2.052218935589467037e+02
-3.262117905261324040e+02
6.711651975493300881e+01
-1.516908800106444346e+02
-1.118414480602362886e+02
5.458825986848672756e+02
-5.916904841677920786e+02
1.082622907283937082e+02
-2.853664401072132364e+02
3.765026160659975574e+01
1.821988099113386284e+02
-5.579499909207783048e+02
-6.214145448587476039e+02
-3.239091697285580835e+02
1.389034920164478137e+02
-1.060308429585292487e+02
1.503916376242901549e+02
4.317653278807528636e+02
2.426061743837513518e+02
1.213641422254228814e+02
-5.330016746762593129e+02
5.023489922240437409e+02
-7.809820581151952013e+01
2.555894425733079061e+02
-5.338655913533232251e+02
1.553584411589079934e+02
7.682426582553101468e+01
3.468804957873780950e+02
1.791488929401323276e+02
-1.846360340995121874e+02
-3.069516045193942091e+02
4.737130838185753987e+02
2.950554593415105842e+02
4.342909537684253678e+02
1.935863783800338211e+01
2.104095915201739331e+02
1.335020669589700049e+02
1.414347036101531501e+02
-5.129272040413362674e+02
5.659366950615423519e+01
7.217293236175858056e+02
-3.768253588857635616e+00
6.148161678497115190e+02
-2.138286501191369666e+02
2.712309883831601951e+02
9.596367516028135469e+01
2.772360882947334559e+01
1.226921669001413022e+02
-1.829959912677252305e+02
-8.376097402229958107e+02
4.807586218275388887e+02
3.477921609649926893e+01
2.880873640306115817e+02
-9.367153306578683214e+01
1.696653440796344796e+02
-2.640851651445502171e+02
-1.604098439220083492e+02
-8.698880816112081504e+01
-1.607243092806761808e+02
9.369896967152043032e+01
2.483578789539951117e+02
8.916996912526633423e+01
-9.746321558051324274e+00
1.528869126131115195e+02
4.221760846324244199e+01
-2.879173549599768833e+01
1.853196611710665209e+01
2.953254486177318583e+01
6.955337770368790018e+01
-5.430848566129550363e+02
-4.022443861869589909e+02
-1.793560505207052813e+02
-1.615760885046569797e+02
4.520167298366794171e+02
-2.641573952581456410e+02
-1.593297620317003407e+02
-2.193794476341238919e+01
-3.639085992411551729e+02
2.791202401349659681e+02
-9.147838864132057779e+01
-1.857328255155246950e+02
3.883267858296662212e+01
-1.811775278551169208e+02
1.859479378319022942e+02
1.451446705899122946e+02
5.307825485062697908e+02
-7.958258228257976441e+01
4.761494364742735570e+02
8.877581940563192120e+01
2.143853273540240068e+01
-7.544223624508543935e+01
-1.207779862890461686e+02
-2.340057827713037852e+02
3.888931652868237165e+01
-1.001294918553657709e+02
-2.795261227018363570e+02
5.373434995879331666e+01
1.391143687334851791e+02
1.147693616451233112e+02
-1.199904507652817500e+02
1.637317439969954762e+02
-9.271452642361322205e+01
-1.790293304232592675e+02
-1.611620816724685668e+01
3.322059360199128264e+02
1.063632259516911489e+02
4.066303353281901423e+01
-7.365561279651639381e+01
8.115609094640882759e+00
-1.540698337684773200e+01
1.454257000928697892e+02
1.499513837512252792e+02
1.120357348942672502e+02
-1.075596643310513087e+02
-4.983780840922747757e+01
-9.373138187365577778e+01
-5.545103212598760223e+01
-3.926142810541742278e+01
6.075848636837404371e+01
1.881080727237544181e+02
1.049620662295535709e+02
2.382145244685124297e+01
2.768457767263773235e+02
1.346271656863897874e+02
3.018807725479282453e+02
2.706606403846879516e+01
-3.357819814562761280e+02
2.125158159414195325e+02
-1.485548396604734762e+02
-4.670780265237998208e+01
-7.541042557115768830e+01
-7.980182898463232277e+01
-2.479525022516734367e+01
-1.963967536976217616e+02
-1.127130080123670268e+02
2.147629417152566020e+02
-6.159524675234479218e+01
-1.012661109149603362e+02
-3.030810784739408792e+00
-1.927742529737022608e+02
-1.495579665925644406e+02
-2.807320985163323144e+02
2.943799978252546339e+02
1.231616789716605354e+02
-2.229430907161779771e+02
-2.048327529984196929e+02
8.480174475248244903e+01
1.344831975121708183e+02
4.682079617001664928e+01
1.329372102945666256e+02
9.927707376191703759e+01
2.059804651132467370e+02
-2.759028462356980071e+00
8.644233319339793553e+00
1.030352570634478440e+02
-1.298818813401411205e+02
-2.461622753881464121e+01
-7.827071315232670656e+01
-1.645390438149727288e+02
1.377002891178395885e+02
-5.101437767323072592e+01
1.989228726969622301e+02
5.418294187473155432e+01
1.478203936690765907e+01
-2.114816394576854108e+01
1.700594121431767007e+02
2.417301319344986155e+01
1.002201265485421118e+02
-1.974623057359644918e+02
-2.264275466285103633e+01
2.847563003360581746e+01
-5.905134562311055646e+01
1.119106353252909685e+02
8.446818869670018159e+01
-1.049387635171891304e+02
2.099348670717268703e+02
-1.306702252933563386e+02
1.370279204506315374e+01
2.781676568313752682e+02
1.024057115807153053e+02
8.384394699332632683e+01
-1.061393214813769248e+02
3.436865680600045891e+01
