-9.092540592188453275e+01
-1.526633487229071307e+03
-1.151148284805669391e+03
1.098253231135520309e+03
3.794351233731656066e+03
-3.037375154732007559e+03
-6.291384898235659193e+02
3.637632139571134076e+02
1.494319580953455670e+03
1.788408413386088114e+03
3.048296645737122617e+03
-2.124177837654164250e+03
2.855394988634202036e+03
-1.188232319017319298e+02
-1.828734819210177193e+03
-1.366895444227478265e+03
-9.572356710805172497e+02
4.798958424700644514e+02
-2.961833828774407493e+02
-1.372446857853939491e+03
1.864588867213056801e+03
7.047611775199519570e+02
-9.784894260639931645e+02
-3.498514891380166318e+02
2.861934672198674434e+02
-6.960553852455528840e+02
-6.175119769422784657e+02
8.357829391038860649e+02
-1.343672255474538701e+01
4.154763927797539509e+02
9.887420383008030740e+02
2.335145613575994958e+03
7.083739806630694602e+02
-5.214496660464164961e+02
2.035599254296103595e+02
-1.251878767671395281e+03
8.368535788791119785e+02
9.498263218165802755e+02
-1.761693611116357943e+03
-3.530451887519009233e+02
-5.961557082474631670e+02
1.213222880704032463e+02
5.457269009572061123e+02
9.334728596998812691e+02
1.214564577498655353e+03
9.821702030868505062e+02
-2.008974620370065054e+02
-6.535323234918834032e+02
5.994522241675330179e+02
-4.848273892125593534e+02
-5.319721413988529548e+02
1.184723702523367734e+02
-4.526871442881358121e+02
-2.879578298845091808e+02
-1.172874358221044076e+03
4.535162420579226819e+02
1.328407698849693134e+03
7.765731009411153707e+01
-3.264920745997353606e+02
2.015434844095627795e+02
7.497924817236142871e+02
-1.139334987894458436e+03
-1.743534183690453290e+02
-1.110481188301843758e+03
1.237990374380156027e+02
1.241146137830576208e+02
9.639395596739487928e+02
-5.506419395568774462e+02
2.868374970671974893e+02
2.991610079813556240e+02
7.748563204570018570e+02
1.189308475982231130e+03
3.590467630575685121e+01
2.702450601576339864e+02
2.457214655870067759e+02
-7.400105615822961909e+02
-1.432148932848113816e+02
-1.001439110616393805e+03
3.025994857083690590e+02
-4.073266031011669952e+02
1.492428776302779170e+02
4.380707155089910430e+02
-5.447733012596752360e+02
-7.236203966209018290e+01
4.125520592019938704e+02
3.096911508035558427e+02
-9.669007746993084993e+02
5.115322894315418125e+02
-8.301698101205128069e+02
5.032903516110142732e+02
5.097485597924681997e+02
-2.372409348962303852e+02
-6.643772609691000071e+02
-4.475508617071983508e+02
7.952781118167546310e+02
-4.232009334996762462e+00
4.657296031507980842e+02
-1.503929869152203196e+02
-1.916955768667198470e+02
2.291520072365190117e+02
8.603008702071147695e+01
-1.449267696118787114e+02
3.198153182240782257e+02
2.236338389001805638e+02
-1.637655330456871354e+02
1.321137362506389934e+02
-4.383960492354508176e+01
-1.795722264347579369e+02
-1.895666844552834505e+02
-6.739096049499067931e+02
5.589463753692924364e+00
-8.277338461206931015e+02
-4.825260098068888226e+01
-5.191525648788012859e+02
1.030086966006145133e+02
-4.271107512443247600e+01
-3.321864632781589535e+02
-1.001485515250772323e+03
-3.871174818292001873e+02
1.516546410422064355e+02
4.501097483814115208e+02
9.864349223047129556e+01
-3.026724600242714587e+02
-7.676953655449479186e+01
4.256764483834325006e+02
-3.072938428433797071e+02
-2.200398865723915094e+02
-7.572467525183101600e+01
2.291008399417896158e+02
3.797092077107158730e+02
-3.088934726343833290e+02
-2.415359909029014602e+02
-6.720073442552993583e+02
4.398809996741140367e+02
1.410853550673248833e+02
1.577282979071009947e+02
-1.751695763241598627e+02
-1.782741678155587977e+02
-9.411847638057916754e+01
5.162168249362368897e+02
-4.794425586319921706e+01
4.702565334177752021e+01
1.424364108919401417e+02
9.755973406290758021e+01
-2.161839490536100641e+02
1.474127864155585712e+02
1.102714820769132587e+02
1.677325699877015097e+02
1.776600381305277665e+02
-9.186239817090913107e+01
-7.952148116389250276e+01
1.777885662044235815e+01
-1.930148288049810219e+02
-1.062632381548985734e+02
-1.487878896024665494e+02
-3.111294283735729778e+02
1.453323037710236747e+02
1.009898077995612482e+02
2.636374837905298705e+02
3.396691137520814152e+01
8.526333331252433823e+01
-2.713579409991388047e+02
-2.994261241455555478e+02
2.713611724165506871e+02
4.765073602451080603e+01
1.631181024861945446e+02
-1.835977664935949178e+02
-2.338669638735762817e+02
2.169354149598052217e+01
-2.110887680508058395e+02
1.307152361163313685e+02
2.247437610721347596e+02
2.876346790803828526e+02
-2.302551834554797097e+02
-9.518452079372373476e+01
3.761502683232760660e+02
-9.635224212666159360e+01
-1.022467332585085984e+02
-4.287094667621567510e+02
-2.868334552492229932e+02
1.577056278488811358e+02
1.460428550952780142e+02
1.598564990778068875e+02
1.485175647995133659e+02
4.727652951244748891e+01
9.409321838942061333e+01
4.545482349598682958e+02
-2.545816696066490294e+02
2.412107888433659184e+02
-2.595131762447170587e+01
-1.798457626536918141e+01
-3.575531465494003101e+02
-1.911852292610931840e+02
-6.312246662113159346e+01
-3.138601293987015595e+01
-3.493555669077777814e+00
1.417620104046696028e+01
-2.000481145815147102e+02
2.973908548231490272e+02
1.432480670223898933e+01
-1.940407069208566213e+02
-7.997066037591379484e+01
5.765285644022651468e+02
5.853302829972504639e+01
1.737612624160931034e+02
-8.910547608580455403e+01
-1.694467600279523651e+02
5.697083804440237742e+01
-5.770590874069717557e+01
-4.821722238149996898e+00
-1.943967045336891175e+01
1.568108806499008381e+02
-4.736682543956381153e+01
2.008928519848810197e+02
-1.850451169703149503e+02
-2.415232915045847335e+02
-9.710374016800820129e+01
1.388883609312237866e+02
-4.196498413496153717e+02
-8.859890930453339308e+01
-1.216179464093198419e+02
4.660336249762023186e+01
-2.684091461422210045e+02
-5.964093343323411034e+01
-3.475959418652251998e+02
-1.312362393678052968e+02
-1.848111237989525364e+02
6.199093820883855699e+01
3.668669439461604043e+01
1.785767692997966378e+02
2.444599497831477564e+01
1.917605318303764932e+02
-2.158260349274460168e+02
2.002667373488190492e+02
4.951879082093270767e+01
-2.323051707512159680e+02
-2.740959649659542379e+02
2.924444513677350415e+02
-4.882625051461378973e+01
-2.213349236788338885e+02
1.153114171977425002e+02
3.286927632441200444e+02
-1.093306212374724566e+02
-4.812644253914389481e+01
-2.111519653537741590e+02
-1.468786951041760744e+02
4.007155503813390851e+01
-2.718149800191919212e+02
8.163399642460989014e+01
-2.397479502336447155e+01
2.282665795085110361e+01
1.743427303228781113e+02
1.027772864552372596e+02
-3.265957156319281012e+02
3.231054075443270079e+01
2.561348123085064685e+02
-3.102498944345907148e+02
-1.479681621347405382e+02
-3.284381791397705364e+00
-4.069531167127453841e+01
3.298889163494326340e+02
-6.516414041790108058e+01
8.925589540728660154e+01
-3.049704264169091630e+02
3.174445974362295146e+02
1.463606928597431818e+02
1.864931196652207177e+02
1.095097277854332134e+02
-3.729335045061120582e+02
-8.142161093856869059e+01
-2.063884206888552058e+02
-1.974796442639117799e+01
1.471997396166289889e+02
8.685098613475994966e+01
9.609014019157167752e+01
1.006908630178164117e+02
-2.649959743316318850e+01
-1.056872552263499188e+02
9.688988501834897704e+01
-3.997889312023025354e+01
-5.510755820059461030e+01
1.346429281134790124e+01
7.907952811792456771e+01
7.508437647596968745e+00
-1.947533998019736856e+01
2.335151278373829200e+02
-3.067828067863355272e+02
1.810353220504229341e+02
-4.603841460683501907e+01
1.004319000039003811e+02
2.453489952466122190e+02
-6.979477105919990265e+01
-6.881513222850641398e+01
-1.066905266792949760e+02
-2.081138549210617725e+02
-7.906208825796726103e+01
-8.125164291081429724e+01
-1.898803776453731729e+01
-1.720954771529783613e+02
1.786837214194312651e+02
