1.222406755089895796e+03
-2.078993408955252562e+03
-1.931079852320580130e+03
1.776971107976943813e+03
2.252511233871707191e+03
-3.465209862173187503e+03
-1.819975158010582390e+03
-1.443189703427864970e+03
1.620035564911514939e+03
4.017483114258533988e+03
-1.160908385619861747e+03
-2.161412094311139640e+02
2.477257795778958098e+03
1.375369868461822534e+03
-6.392646171016996277e+02
1.411535765940961937e+03
-1.337114026295894973e+03
2.135960798618186800e+03
-5.346598054897705197e+02
2.393469324584200919e+01
1.507733851468278317e+03
3.383640384397900561e+03
-6.870317826015436822e+02
1.097645271215247703e+03
-4.371859335320526725e+02
1.419752707440058202e+03
-1.386407044263780790e+02
9.914518074100502645e+02
-2.936982082693605207e+02
1.610249064610070718e+03
-8.430507226717796811e+02
1.465456853836099526e+03
-1.366177341415681497e+02
-1.970768922561069985e+03
-6.969810458651768386e+02
-2.888182039380201900e+02
1.187064615324442514e+02
-2.788388945664308949e+02
-4.160560342003847722e+02
2.346082042649086077e+02
2.561069240882229110e+02
-1.262195895236693104e+03
5.767316739338756406e+02
9.927314178154690580e+02
1.443211841366044382e+03
8.401852735043707980e+02
-7.462220907835545631e+02
3.154257176157915410e+02
2.506413768940354601e+02
-1.633184979366063203e+02
-3.226565172505156625e+02
-5.509505466411299039e+02
2.604221414164526323e+02
8.263913948566923295e+01
-9.962562989521265990e+02
9.094146183628106428e+02
1.077262649099575810e+03
4.285093300130450302e+02
-8.273326587117259123e+02
7.976113359395462510e+01
2.155996347919372909e+02
-8.056004183052468761e+02
3.101541487951784575e+02
-1.160758235848122240e+03
1.885579186344448601e+02
5.999150917047926441e+02
7.535525138117216102e+02
2.429232673006541745e+02
2.816025290963118550e+02
-2.038466824184491770e+02
7.720836584527907007e+02
1.362640724405629271e+03
-3.748127612088468936e+02
6.109676548923300743e+02
6.994471572767831731e+02
-9.341517082154709897e+02
1.077274238117697536e+02
-1.054305153667037303e+03
7.383089384269710536e+02
-3.741979141048427095e+02
2.857057607296533774e+02
5.619277991578965157e+02
-4.200422756694590731e+01
2.524515902694334955e+02
4.012643304412564476e+02
5.692302040671243901e+01
-2.958687080496414410e+02
1.898825907088055658e+02
-3.484764416524305375e+02
3.911655385568823817e+01
6.163137189131615514e+02
-1.422819523576803249e+02
-6.829124973980406139e+02
2.269000212655561199e+02
3.367742491055513483e+02
-1.013419233754109001e+02
2.231669426483668701e+02
-4.720224805049807770e+01
3.231748961010439416e+02
1.066474945445608142e+02
1.666145083613905911e+02
3.803264831858171533e+02
5.883697368303734976e+01
-8.942635045094029920e+02
7.540775755025273952e+01
-2.293693095043666688e+02
-2.141242717898553281e+02
-4.843906702516071050e+01
-1.508018301896178741e+02
-2.788481907102374180e+01
-9.319629942126842082e+01
-5.010718817279445716e+02
8.847871056500099485e+01
-2.539521030751756996e+02
1.694086638167317176e+02
-5.505644995933381125e+01
-6.503565434104117458e+02
-6.029112842143235866e+02
-2.495764827761434788e+02
5.380779215256609405e+02
5.078856734001873861e+02
1.854740820422399850e+02
-4.941389716252194830e+02
2.695441872025890007e+02
5.495701084777006145e+02
1.059786491567338231e+02
9.524037587585996789e+01
3.635498696116378770e-01
-2.637632111369059658e+02
3.628629801365764251e+02
3.148261239983804103e+02
-5.067189890190199435e+02
-4.555040706531834189e+02
7.688229171744242194e+02
4.556642378813338041e+02
-2.923788350902455591e+02
8.317968825008209421e+01
-1.139510123452569701e+02
-8.629112104821588858e+00
4.305292744286767856e+02
-9.706114338762536420e+01
1.737574154121353729e+02
8.086352767474616599e+01
3.609756759572728697e+02
-2.228404583630664888e+02
4.351849970127902907e+02
2.053968442125496097e+02
-1.541573958472875461e+02
3.771824122173499632e+02
9.034127378980457479e+01
3.541892231274388791e+01
3.168941271581255137e+02
-9.164363980787508979e+01
-3.517623010969788311e+01
1.513042693040254392e+02
-3.183257472620001067e+02
1.243712274036264063e+02
4.028961883036520675e+01
1.656557000373158530e+02
2.071668034861586705e+02
-3.946875042549341117e+01
-3.625725975544244761e+02
-3.046410961320466981e+02
5.633822892728582019e+02
1.333034731601154874e+02
2.310256213684351678e+01
1.561868699632307056e+01
-4.327793979716434478e+02
2.488752414964503146e+02
-1.552947805619541839e+02
2.468962707698592567e+02
6.710930318343425824e+02
2.928684215006000500e+02
1.353889642223244572e+01
-2.185507941797974070e+02
3.837778404553785094e+02
-1.491386142874231382e+02
-2.032501892853359493e+02
-5.650051814483762200e+02
-1.143449305827576552e+02
2.362276501657533458e+02
2.015041946983848220e+02
-6.692387892155674933e+01
1.844303915886298739e+02
-1.608224247441732189e+02
1.129774405148148873e+02
1.954127404700396937e+02
-1.500321892386184288e+02
9.001057091793225595e+01
-7.834408101832445936e+01
-1.152600373891189189e+00
-4.117498580960944423e+02
5.361534612789055743e+00
5.210272437938657930e+01
-2.537102836062170184e+02
-5.661728537407808659e+01
1.424394871946915657e+02
-1.289113332257166178e+02
3.682169094879836280e+02
1.654530431386839666e+02
-1.079952748933176707e+02
-6.711575854779394490e+01
6.698259461611428378e+02
1.604438020106124441e+01
1.308715669105502855e+00
-1.506608384386181854e+02
-3.678627688856042965e+01
3.052065746687381420e+02
2.312597176146658455e+02
-3.741084842151852285e+01
-3.238560163068388675e+01
-1.413170353280743257e+02
-9.404697321559019940e+01
7.183645932108348120e+01
-7.042981245831060733e+01
-3.505086375168030486e+02
-1.574146688196263426e+02
1.901359779905752134e+02
-3.983505265995025866e+02
-1.511503363804318383e+02
-1.902071339498702116e+02
1.188904077087656219e+02
-5.516685158034581349e+01
-1.570272937303047058e+02
-4.736320501914617012e+02
-1.162763870729335025e+02
-4.310345472972907714e+02
6.070011480363523049e+01
2.004916881963026469e+02
2.085783700417591149e+02
-2.033698590335209744e+01
1.141161217964320826e+02
-2.598157147892760577e+02
2.970786885634548753e+02
1.987045321671278373e+02
-3.016205316111521029e+02
-4.023516382216273541e+02
3.684471455989045126e+02
-1.712126001664727823e+02
-1.589234088982239257e+02
5.329158042470666601e+01
3.841112504453339511e+02
-1.046413898183363500e+02
-3.179596000901051411e+01
-2.358255847330255790e+02
4.397975103503689809e+01
-1.258406827867162718e+02
-2.580540101046362338e+02
1.056034260600915502e+02
-1.390438651429595325e+02
1.280895375580240056e+02
3.053946212780895735e+02
3.726040490752324530e+01
-2.247336258218340106e+02
1.227218018386893039e+00
3.966568581391982207e+01
-1.689386275879056143e+02
-2.299938050325339702e+02
7.803692512014748672e+01
-3.345808437850603667e+01
3.307721655232805915e+02
1.550728794829638346e+01
9.275792276145505610e+00
-3.519187057004716621e+02
4.976684303668264420e+02
3.530572054418075112e+01
5.820896689930447110e+01
-2.513349644629186841e+01
-4.372835443205299839e+02
-1.743428802223088212e+02
-1.975732997201060073e+02
3.406846273894279165e+01
1.782475921665869123e+02
2.512603476449436641e+02
2.090571973931310197e+02
1.695106654908117036e+02
-1.515493588143748127e+02
3.334174978158863212e+01
1.502026337389358730e+02
-1.334359471295281310e+02
-9.131549607439394833e+01
6.150325659671929657e+01
1.295740634952623793e+02
-1.034573735546937456e+02
-3.884644632182367729e+01
2.732638739299295594e+02
-3.165950738748562685e+02
2.318124115235231102e+02
-7.912990175747071930e+01
9.026147020739541915e+01
3.184511597450789395e+02
-3.551370417602777962e+01
-1.080565465809532952e+02
2.352733586598847637e+01
-3.332615653470294887e+02
-6.172757380136699368e+01
2.286249966599554995e+01
-6.962486083622589206e+01
-1.229201887678415339e+01
1.485394078559648108e+02
