-6.103921407730097599e+03
3.731440583044911818e+03
3.735634147597505034e+03
8.996065571000273167e+02
2.052278317655031969e+03
-1.945183570656723759e+03
2.141272545886984062e+03
9.123054232707610254e+02
6.484410265243378717e+02
1.600378522997257278e+03
-1.047476500870968266e+03
1.996102112106332243e+03
1.039714098204687616e+03
-5.446972261945940090e+02
3.222860650545156886e+02
-1.150672209798858603e+03
9.844065329989922475e+02
-1.120830390167112682e+03
-5.032680761444263453e+02
3.965160552033805885e+01
9.196000784418576757e+01
-3.101882083523129040e+03
-8.988994174509884942e+02
-2.059685637626313110e+03
4.217826627980936109e+02
-6.911428806510187997e+02
7.058924557843852199e+02
-9.371097439518197234e+02
6.931799620274937297e+02
-1.335826788380372591e+03
9.623850025307466467e+02
-1.590494668483208443e+03
-1.270308117884158037e+03
-2.126050465006980872e+01
1.177368986946543430e+02
-5.645464108000649048e+02
-8.754807630669213268e+02
8.773854468178269599e+02
1.322229363699097462e+02
-1.229046753763582956e+03
-2.316355046737814689e+02
5.698771712351688166e+02
-8.467203437029450015e+02
-4.353891459267983350e+02
-9.634677310227144744e+02
-1.132887009489059665e+03
-9.861306842423070975e+02
-3.601108991132355754e+02
-1.579579735440138961e+02
-1.445672037522970413e+03
-8.211272096380117773e+02
-3.053866738204483227e+02
-2.014856213176887678e+01
3.158810311675798062e+02
5.516441755288678905e+02
7.159878074190690995e+02
-2.852237973427020279e+02
2.095998135110268663e+02
-2.083100643776685956e+02
-2.275708860857772038e+02
6.786975856169941608e+02
-1.062692548613391210e+02
-1.592874302972965097e+02
1.734678583166055432e+02
4.140262954291762867e+02
3.990355223525893393e+02
9.812519364309700904e+02
1.577816110337319060e+02
-1.224247345558762490e+01
-3.899654514394787270e+02
-7.216967706700567078e+02
1.124205504951062125e+02
1.205545032983076084e+02
-5.701579656934533347e+01
8.104504188955149857e+01
4.983033667983474970e+02
-4.908712465778994556e+02
5.135259297151809506e+02
-1.183463856664691747e+02
3.390146600006754056e+02
9.472970127777114158e+01
5.234733852203062270e+02
-1.434673798701056455e+02
1.809468861302321443e+02
9.564818031105758678e+01
-1.193087293013141874e+02
5.377256206638687672e+02
-3.782267173590694256e+02
-5.754651451628823224e+02
3.907147788464737346e+02
1.899275555337384560e+02
1.616888894415682500e+02
6.835632905897152796e+02
1.278347810417473056e+02
1.480676767366601325e+02
-1.274875808138246640e+02
2.981103030981942084e+02
2.825252904343385580e+02
-1.792813718741022910e+02
-9.591091880107474310e+01
2.140410789112792429e+02
4.397770610570300391e+02
2.322689388130522445e+02
1.799432766878306325e+02
-3.911131024678696804e+02
-3.628378245953084615e+02
4.046546576672519109e+02
3.984933801710361081e+02
-8.395015475053860143e+01
-2.905238580898324585e+02
2.304732703767780038e+02
-2.386494311538524755e+02
-5.653659811059937823e+01
-4.811619754981216346e+01
-2.628291429899043692e+02
2.256228083382312093e+02
1.280937240631459133e+02
2.222388003190191057e+02
8.971873883723667120e+01
5.502917587205504901e+01
1.137324210587592290e+02
5.183341925479812744e+02
4.011854861310309843e+02
-3.829802679412565567e+02
6.572399512751852058e+01
4.412045416700391911e+02
-3.516217129482539008e+02
-2.069079867071621663e+02
-3.040735803760804501e+01
-9.739937313028706001e+01
-4.749628773101505885e+02
9.501159888931024398e+02
5.027255014894355440e+02
-8.462086965864578758e+01
-1.653132335894765674e+02
5.073096023557047829e+01
-1.873230567097955941e+02
6.468162201184898663e+01
8.498471624021446758e+01
2.411307405289994961e+02
4.289238560405210023e+02
-2.642730942094621582e+02
2.029349382688942569e+02
4.775267645322995236e+02
2.480283841528066944e+02
2.779700338822955246e+02
-3.554687297607399614e+02
2.784945841515821385e+01
3.754895936941311447e+02
-1.295343801827616801e+02
2.692075840922752832e+02
-1.426546193473731705e+02
7.496823276256445467e+01
4.219401507859159324e+02
-3.266419231151972440e+02
-2.703758989016299665e+02
2.971532008404759040e+02
3.326301846726569238e+02
4.189439662843104628e+01
-2.438658137010024518e+02
2.737323283637008444e+02
2.948188900115953288e+02
1.741376487819242982e+02
-3.088936925531505153e+02
1.752277805813144198e+02
-1.437251202983060239e+02
3.708257346515092649e+02
-4.023303400788306838e+00
2.264622180462979202e+02
3.615156450413109610e+02
4.990901818635704501e+01
-5.855308234183105469e+02
-4.019031275875070151e+02
-8.261671696905676754e+01
1.298131851556092897e+02
-9.181423792170004106e+01
2.726772260101343477e+02
4.581309247759902519e+02
1.325035059151968255e+02
1.696593580122660967e+02
-1.139997226174461886e+01
3.520274532412714734e+02
1.002743207712252769e+02
-7.873221512814582468e+01
2.284186348300296174e+02
-1.075866232240613414e+02
-7.579036501936414538e+01
-4.480222482409640605e+01
5.981640138187997735e+01
3.345272553616777031e+02
3.532771871450235324e+01
4.347551310802688818e+02
-2.860546482789708378e+01
-3.297278563646378391e+00
1.624068480844432472e+01
2.176567273007468373e+02
-2.205971422723030457e+02
-1.203951688359262562e+02
-1.895240660145807681e+02
6.553340434172780249e+01
-9.799830196716202124e+01
5.455420255060329993e+01
1.063307214026590657e+02
2.110998832814894968e+02
4.169463745763925999e+01
1.319374549344381364e+02
6.214390403014734332e+00
-3.084004816406961069e+01
-2.486018400637468062e+02
1.076186295163631996e+02
-9.657722428710451368e+01
2.382724803563447438e+02
-9.279460267977950139e+01
9.858078155844674484e+01
-6.788424646577598764e+01
1.219733913001956971e+01
5.942873119990505160e+01
1.071402877930602386e+02
-2.720153796407360005e+02
3.123821435375751410e+00
-1.951607886621620196e+02
6.665063399755057105e+01
-3.443198830741464178e+01
-2.297450676328766406e+02
-2.084880530305292368e+01
-3.897281937568583317e+02
-2.422295348786828697e+02
-1.305631857193551468e+02
-2.626320844232485001e+02
-3.077153979682791487e+02
-2.479863838996280734e+01
1.899025015123613116e+02
1.071408875507761991e+02
-1.394376064156490997e+02
-1.396079187794419738e+02
4.278821785115075826e+00
-5.851527925736270674e+01
-2.236396468519531027e+02
-7.193377085013086969e+01
3.006236925674155032e+02
-3.462423249678946746e+01
-1.115838684025084007e+02
-1.499126267358982432e+02
-4.024924033444298743e+02
-4.919899215135892945e+01
3.057452184635206436e+02
-1.064494295457381128e+02
1.969964975228880277e+01
-2.546668865337872205e+02
1.365569140776454446e+02
8.786982818406539053e+00
-6.560734968914498211e+01
1.812354261575997043e+02
6.958945100672065109e+01
3.355489071625621023e+02
7.504050130362087145e+01
-3.359563178545325712e+01
-2.336204442709304274e+01
-2.294836162768199017e+02
1.221027688213188895e+02
-9.475350604812356892e+01
-1.703022922324034880e+02
-7.907999241455611639e+01
2.514459020826170104e+02
6.721896168781313463e+01
-1.967271744159673972e+02
2.141936050835792571e+02
2.957100195381008234e+02
1.551829297278932529e+02
1.309496699055088698e+02
1.212505284473828766e+02
-1.035220060875618771e+02
-1.306881910911077114e+02
-2.459554807755683896e+02
-6.929749115554538719e+01
1.569961598611027753e+01
1.916648129897629360e+02
1.257804346609948283e+02
-1.565674805290097424e+02
-5.521010147157234371e+01
-3.084473691439133063e+02
1.141156208210670542e+02
2.471827502099650076e+01
-1.627474204079690026e+02
-1.672156013358058146e+02
-2.369682076098356163e+02
1.177179427826319937e+02
7.654391832142840713e+01
-2.773377964815622363e+02
-4.783119758675216104e+01
-2.706294155663725292e+02
2.734392279205485465e+01
-8.620019882579302362e+01
-1.099161697907132833e+02
2.431400729065468056e+02
2.780356504965219244e+01
-1.894151439597398223e+02
1.612556667883080195e+02
-4.436931795265056735e+02
-8.825159556070627787e+01
