3.209234548752607225e+03
-8.534379926264274445e+02
-3.581656780803616016e+02
1.956230174346235344e+02
-6.439642570179486256e+02
-1.967044054995910983e+03
7.924163897261213378e+02
1.076396689240273190e+03
-2.959147445456798778e+03
-1.985836476311857723e+03
-1.471603233924287224e+03
-9.261757026716087466e+02
9.461216764815775377e+02
-8.496474133280161141e+02
2.336363993590058271e+03
-5.991127583801638821e+02
3.036509530395416050e+02
9.074372908374867848e+02
-2.099157849709779384e+02
6.596764341291385563e+02
-2.289492799718007063e+03
1.698119607513295932e+02
-1.308032394545178079e+02
-2.815111745521419380e+03
6.225699681528046767e+02
-1.511718565767002929e+03
-6.701780187860804006e+01
-1.008383559022279655e+03
1.555252600583354194e+02
-3.671994654380129646e+02
5.303477839621041312e+02
-3.719633899324543904e+02
1.318783027586328899e+03
4.220695403494403308e+02
3.175687950877926369e+02
6.651221313106232174e+02
-1.582400640536704032e+03
4.264741353622288784e+02
3.482988958217654840e+02
4.695766635086862379e+02
-5.828434609343779584e+02
1.859205235797892044e+02
1.106835192708327668e+03
4.295693199979898935e+01
-8.680577339824432102e+02
-5.345894691356015755e+02
4.631784759934397471e+02
1.282138482741261896e+03
4.240067496255257993e+02
6.410879648682363268e+02
-5.059151135095407170e+01
-1.093595565530781641e+02
-9.151661423735630478e+02
-3.393153157711304289e+02
4.996534708892894514e+02
-6.909931982592249824e+02
1.605521695704786111e+02
5.002866988840589784e+02
-7.847172333519484937e+02
-2.051107271921523989e+03
2.935445237462793102e+02
-4.556741745979981602e+02
-1.069611910425494671e+03
6.306068056622349332e+02
-2.356793749580192241e+02
-5.046939346077077175e+02
-5.193556732205595381e+02
3.055708200882551751e+02
-2.222979707615740494e+02
-1.731197620836172746e+01
-1.246005115604309822e+03
-8.895498984766522881e+02
5.210099783185685283e+02
-1.265003421789131153e+03
-8.366936846548142626e+01
5.026708581897645445e+02
2.511982392041519674e+01
4.083334563319225481e+02
-2.046587828903641366e+02
1.145135296780326826e+02
-1.994255699833495044e+02
-3.771531162114631570e+02
9.513009799950580145e+02
1.276540631327785604e+02
-1.077005212754379954e+03
-1.702589802864142712e+02
5.449243037030929599e+02
-2.700496779291194827e+01
-9.424102968129787428e+01
9.976344669772471363e+00
-3.498639968021576578e+02
5.573588911594587216e+02
4.436481160872259011e+01
2.567391682346274706e+02
-8.230297053207884801e+02
2.478803612226848330e+01
-2.592462035895428016e+02
-4.689480410009584261e+02
-1.152604649041957474e+00
5.141567078747621053e+02
4.556951385167076864e+02
-4.560726496437589503e+02
-4.281200693113150351e+02
4.074869142953981509e+02
-4.381598288237952943e+02
1.146475823349615979e+02
4.726716961189525250e+02
-4.565127056852874716e+02
-1.220946371307217930e+02
2.620365753766785133e+02
-3.349908204464079517e+02
-2.177737650400209475e+02
-4.885224089837150530e+01
5.532040914632273143e+02
-4.182322986639409805e+02
-1.385003179394860240e+02
5.146697411234471247e+02
1.521399646787897950e+02
-2.910994911369352280e+02
-4.328407670085497330e+02
-2.321096799262373622e+01
-4.507857342853594673e+02
-7.122858550172122705e+01
1.967977716977482601e+02
2.156043598574669033e+02
3.547683860834624738e+02
5.023336544420929783e+01
2.637861638500711479e+02
4.492288630884402778e+02
-1.441088147334802727e+02
4.784453787045945461e+01
-6.525195170339129902e+01
-5.013340985851278901e+02
1.891260614003855949e+02
-1.517408552814664233e+02
-1.022622382520080322e+02
6.777444761709413967e+01
1.439707529912163011e+02
2.640428051574744472e+02
4.500504290217508014e+02
-9.329207422853305332e+01
8.043086578035259038e+01
-1.859512425557044537e+02
2.277130248092391867e+02
1.375651753691039687e+02
-1.715195419861392878e+01
-1.566155549773856706e+02
2.047048676817669559e+02
-1.553660116176386907e+02
8.985532182012748592e+01
-1.047705676140735420e+02
-4.656668593699028520e+02
-1.706745144691413429e+02
5.707079202663592099e+01
-3.097533563941107673e+02
3.003794302086513426e+02
-3.674763316874701786e+02
1.334270182964597211e+02
-5.458701093534264004e+01
2.344000095766691629e+02
1.733211668519343007e+01
-2.679394481560960912e+02
-2.235241201352711187e+02
-2.003970320437786370e+02
-3.633421227410871097e+02
2.823913271765905506e+02
-2.185031480701471196e+02
2.150117262711524972e+02
3.062590870358344546e+02
6.518093871965440655e+01
2.828402796400163766e+02
-3.853652791423785970e+02
-3.833922726188590673e+02
2.415563285460435594e+01
3.508493014918584549e+02
-2.266281289397317096e+02
2.393155552139742781e+01
-2.458463766656177825e+02
-3.556005741215833460e+00
4.111894605107009966e+02
-3.154789646611914691e+02
-1.018926264593612956e+02
-2.056025314528989867e+01
-2.862091533040003242e+02
6.592141593827491874e+01
2.182406312907255881e+02
1.648217495052282970e+02
-7.206448428855085631e+00
-4.719144317553531209e+01
1.758387675017190759e+02
6.451859994547864119e+01
1.412956357364517856e+01
7.613688745601989183e+01
-3.992043212063467905e+01
2.068759653165441534e+02
-9.089134246583853383e+01
1.500725296117115306e+02
-2.513304519965580397e+01
1.662044699145164728e+01
-8.426528311185366249e+01
3.655921595868871918e+02
4.613317369347738008e+02
1.773914888697436254e+01
-1.127130117743523563e+01
-6.034572914167809188e+01
-2.504149790121362287e+02
-1.465264545111433563e+02
-8.991557673146878926e+01
-1.342845156202646706e+02
-8.521032089956665345e+01
1.787327054102991895e+02
-1.604442055258957112e+02
7.533920483609355756e+01
2.556412253478735863e+01
6.737029979390430867e+01
-4.339809733388994317e+01
1.069224376893118489e+02
-6.040248410098813281e+01
1.657273480754217303e+02
2.835070660489497385e+01
-2.362734773979462410e+00
1.085438049400689131e+01
9.966188828564682467e+01
5.028227663331924724e+00
9.423135461292021375e+01
-3.120459664144378564e+01
2.868316962577237064e+02
1.942879489953138261e+02
-2.115181660717376531e+02
1.226297125769585605e+01
8.254901895721518201e+01
4.996943080305317864e+01
-4.621713329314768970e+01
-5.324255295406126010e+01
2.002498461110317507e+01
1.247113315512986276e+02
2.923007667246557730e+02
-8.718847822768140077e+00
-6.628179663741688898e+01
9.446161303111043139e+01
-2.123992735290384459e+01
-4.167085710863191395e+01
-2.837311090775513094e+02
-2.717953528035363675e+01
1.589820395238766935e+02
1.617507133355848055e+02
-9.611202303159407734e+01
9.130100887773566853e+01
2.090939808412494756e+02
1.942119317162488983e+02
9.340178047938474037e+01
-5.872087119050964077e+01
3.256828439969543609e+01
9.552069841852569709e+01
1.093393921693631228e+02
-7.413497278785655453e+01
3.137994408715878194e+02
1.067485419889554947e+02
-3.608001532332846182e+02
3.582121058420211313e+01
9.663836417159396674e+00
2.052151161279797407e+02
-5.107877907221374869e+01
2.766181447074942525e+02
-2.293131021395820142e+02
-1.123727501659514019e+02
1.503893592699202486e+02
6.612592581783736989e+01
2.236128328184274494e+02
9.818842718548765447e+01
-3.268502527173575700e+00
2.950451660040874913e+01
9.573525735028064787e+01
9.455442196007069811e+01
5.671109331767523543e+01
-8.965525651202962365e+01
-1.387785583462681238e+01
9.062845045043310677e+01
-5.325205523137785235e+01
3.081229727025833398e+01
8.970122622967296877e+01
2.996832928143616073e+02
-7.199388123707812781e+01
-7.415488003342832712e+01
-1.695058333321014743e+01
-6.607466938666357237e+01
1.524512042610065805e+02
1.016516415237885838e+02
3.055357019883985359e+01
-8.259092453078511653e+01
3.312704950600806342e+01
1.269245340956520067e+02
-1.135797136104486782e+01
-5.476782561024204199e+01
-1.682663698839329669e+01
-6.124442993275560099e+01
4.090890631863552507e+00
1.167997896320136562e+02
-1.375962829028845569e+01
2.146804057112225550e+01
