-6.562152592667048339e+02
-2.123097745175027285e+03
-2.885786766769774204e+03
8.171048464326133853e+02
1.494674261885324711e+02
-3.720711368507076259e+03
2.243412438865605374e+00
3.663357069596444489e+03
-1.488116116983676875e+03
-1.804564405972248096e+03
-1.647879926421016535e+03
-3.796886580889984657e+02
2.665200039550000838e+03
-7.096560477427877913e+02
1.582576792611049996e+03
-3.404146885818080136e+03
1.040411728886826040e+03
2.978566884954820466e+02
-1.259397443543024906e+02
-1.369890791309095448e+02
-1.003878785665166617e+02
2.210580491984025684e+03
-7.411025771854643835e+02
2.132180366904498442e+03
8.797643685413723347e+01
1.345125271948799309e+03
6.759833207946029177e+01
-4.064375160812762289e+01
-6.343363622404778823e+01
1.616770694336132237e+03
-7.359482329301578751e+00
1.467632742724367290e+03
-8.813598922660618200e+02
-1.103157363266767334e+03
-9.411229287032507500e+02
-5.775717121506288549e+02
1.093478596270236039e+03
-5.795362876277151827e+02
-4.357667807393085013e+02
1.791545443536692119e+03
2.829783902764188497e+02
-1.710684754654632570e+03
-3.723838499702633271e+02
1.049059865822108122e+03
1.709364977918016848e+03
4.177580350390896342e+02
-3.617323700264853414e+02
3.158857850508745173e+02
-4.377177263399274807e+02
-3.042670461983574910e+02
-6.680061822694485727e+02
-7.491839371862106134e+01
-1.895716821164323562e+02
-4.200550032805263072e+02
-5.209905510031769609e+02
5.942100396944966860e+02
1.155343928242349421e+03
3.718955615231430443e+02
-2.977222302382239505e+01
-1.679970134662049759e+02
3.309757528684406935e+01
-1.815647456024536268e+03
2.036982627914024420e+02
-9.352003116811945347e+02
-3.040727518285161324e+01
3.440633609386486569e+02
5.841793822121729818e+02
5.551320409917051393e+02
1.392272976700656955e+02
-1.517808339139033613e+01
9.980195670957550647e+01
1.656547047909201638e+03
5.514503705489842389e+01
2.673080151497733823e+02
2.535044143713547840e+02
-1.034317994793721255e+03
5.206574803850485296e+02
-7.836657714897086180e+02
4.321149160607475892e+02
-1.415866096800871787e+02
1.853956135822276394e+02
1.497032971339148730e+02
-3.625533221774175558e+02
4.320272007057062069e+01
8.342874356635486492e+02
1.381054524794120937e+02
-5.191566184086588009e+02
1.426820809088274018e+02
8.163493140692946781e+01
-7.973388309029228083e+01
1.294345179016007990e+02
-4.640945359629006362e+02
-5.281341849706047924e+02
-2.184096991143786681e+02
5.680563412861189221e+01
8.591612869892688309e+01
-1.815340182911805869e+02
1.431480096530802371e+02
3.034747795510146489e+02
3.660831334044910079e+01
-1.238176266325521624e+02
1.107746449973715102e+02
4.422778978849583496e+02
-1.588298222266422215e+02
5.625504862677708218e+01
-3.371056536789565143e+02
-2.331497656646674272e+02
2.293462766619181803e+00
-2.215246533025180042e+02
6.382793972885041711e+01
-9.039258734267860973e+01
-1.478025712828374481e+02
-3.299781775400386863e+01
-3.355378578425154501e+02
2.916424592336405794e+02
4.300543788519969013e+01
-6.527190541220489877e+02
-5.567407355400478082e+02
2.095787261310719884e+01
-5.670826387719966277e+01
2.314232258854376312e+02
1.633523106944921608e+02
-6.361740308336656824e+01
2.045618664957239901e+02
3.314712480426027241e+02
7.300538189551764390e+01
-7.933594741061254751e+01
-3.717847494000558868e+02
2.003600608795318294e+02
5.793651780544063286e+02
-6.360960992415550663e+01
-6.941543503842520977e+02
-7.263197771692956621e+02
5.355000915088186275e+02
3.217972225223911096e+02
4.473816780884115829e+00
-1.220549135824933416e+02
-3.900643707367559614e+02
1.137185937856095705e+02
2.855951035706380026e+02
-9.959689204862333156e+01
3.043739251787578155e+02
-3.406397332854556481e+01
2.051718912552836116e+02
-6.439352360981093852e+02
5.544790967634555727e+02
3.267675212367437894e+02
-1.923248108539910390e+02
-2.397457846123396763e+01
-2.043561914939286623e+02
-1.569525539612993441e+02
-7.196099407393555225e+01
-2.978748256011936633e+02
9.783720125035597448e+01
-3.824944556986579869e+01
-7.213999193610821692e+01
3.137215628460011203e+02
2.253529750394304756e+02
1.213494621905230986e+02
3.773618327028124781e+02
-2.382177080456366411e+02
-2.354275573163113222e+02
-2.871871595654544649e+02
4.049470262927791850e+02
-3.712926349006967826e+02
1.864775512290317749e+02
-5.172776454831436155e+01
-2.258894686370523459e+02
6.060827164618634555e+01
-3.065252085592931053e+02
3.224896320920993986e+01
5.485045609693477218e+02
3.100946335477061098e+02
-1.426115537767632588e+02
-1.985244973632246968e+02
2.836502195759719029e+02
-2.463654294715041999e+02
-3.616960387846634717e+02
-2.622614231456745415e+02
-1.893912510848735167e+02
2.132202193902306817e+02
4.467490460566597221e+02
7.106049241294159913e+01
7.012458841363411466e+01
-8.256157951271661943e+01
2.740098567949827384e+02
4.822497854809863149e+00
4.736371373500382731e+01
-1.856972374143970796e+02
-1.638801807636843932e+02
-2.963992025412047226e+01
-7.386990908061483196e+02
1.807290591897470904e+02
2.623780947923159346e+01
5.776762424849253819e+01
-1.017541085133856313e+02
1.101953829641565790e+02
-2.066253305413287080e+02
2.791626907206731971e+02
1.421274880611327660e+02
-1.773361032118116754e+01
-9.137408686709220262e+01
7.669707895765139938e+02
-1.041947709945292928e+02
8.542190086433674878e+01
-3.395097821081513416e+02
4.122077882363669232e+00
1.284438251698337012e+02
4.193780702839107022e+01
5.673522617403061474e+01
-3.214776218368702132e+01
-3.046558422626744118e+02
-1.079425446450980246e+02
-1.524026992619853615e+02
-8.343204887371274481e+01
-3.264366383825080220e+02
-2.295398515941602113e+02
2.296244156709707696e+01
-2.204358735837708707e+02
-1.594691837140978805e+02
-1.726438358292555222e+02
1.816203042104743304e+02
-1.237807471405625677e+02
-1.612489682055930302e+02
-4.995180269413560268e+02
-1.886511607836683879e+02
-3.247416674586418139e+02
2.342193649525348178e+02
1.997481430276968410e+02
2.214638475832898337e+02
-1.236740154089606278e+02
1.099834447666823820e+02
-1.423252769326641101e+02
2.293326175890451850e+02
1.318778377722755124e+02
-2.508003231036676084e+02
-3.256932645380233566e+02
4.568782576804568407e+02
-8.112404339375812867e+01
-2.647773209214337271e+02
1.026920434347781423e+02
2.474815069703768415e+02
-8.234412499005816244e+01
1.729080811640390891e+02
-2.139029178646296998e+02
-6.546767201697522864e+01
-5.332859609922439859e+01
1.723269221712340737e+01
-4.557928461101305118e+00
-2.587601093741985210e+02
-6.064968922868256840e+01
2.587417196010131875e+02
-3.108352139463497465e+01
-3.038147391337412273e+02
7.700634225236645136e+01
9.078138001340249064e-01
-2.004846256230193262e+02
-2.224477314312513556e+02
-1.171155658820490970e+02
-6.958227660757718525e+01
4.504928023932130827e+02
5.866165071235044337e+01
-2.733577440988537077e+01
-3.369004220364306548e+02
4.442106889104983907e+02
3.222047512660113711e+01
2.072046647851681769e+02
-2.337879349971737142e+01
-4.653866079783265945e+02
-1.366874638317204074e+02
-1.655456008754838422e+02
-9.591323043349868271e+01
3.129829833573950850e+02
3.549584954258636458e+02
1.372950355189558991e+02
1.270885690507286228e+02
-8.128203428226396454e+01
-1.254937648941618633e+01
8.082734027141766830e+01
-1.144446975119549421e+02
-1.112065692297456536e+02
8.517147877272350343e+01
2.260248583292863884e+02
5.691889082338368766e+00
-6.711236736633402700e+01
1.476464117363358923e+02
-2.315551644542487963e+02
1.463245597570141285e+02
1.592141783598268567e+01
1.127058212800278483e+02
2.551048203824813925e+02
1.206390945884009014e+01
-5.958367424783276078e+01
-2.194751563688056422e+02
-4.089021343633305037e+02
-1.439589048214515969e+02
-7.636294784109284706e+01
-8.290184446497109150e+01
-4.377375218644500876e+01
2.038392529142813885e+02
