-3.607591985441988072e+03
-3.727949919873213730e+03
5.790020919051096371e+02
5.924202871259726635e+02
-7.567729802622136503e+02
-1.040559831700457380e+03
5.760316371678590031e+02
7.510789146790827999e+02
1.728006581766366708e+03
1.127403250482091153e+03
1.681189839173049734e+02
-7.819678308341818820e+02
3.074280241713500459e+02
3.031762560283800212e+03
-2.814153025387768139e+03
3.395790317188287645e+03
-3.387647989939494551e+02
-3.228776757646568058e+03
1.342678934848936251e+03
-3.032542353137190730e+03
-1.435000031974499052e+03
-7.569414993921742507e+02
-1.256441947434433814e+03
2.379623943681541277e+03
1.290628236981457803e+03
1.293651301493527171e+03
-5.374782884484529859e+02
-3.119275198490904586e+02
4.708479658391755720e+02
3.246813240966320677e+02
-1.156079589653949370e+03
-7.309143518504380381e+02
-3.703658129707183093e+02
-4.469681594361681505e+02
1.885147809297890547e+02
2.697785826570084851e+02
-6.994965090792272804e+02
5.415298143653733405e+02
-4.608711673554490176e+02
1.029448144759931438e+03
-2.915773101089881720e+02
-3.441286608921918742e+02
5.602166853030885250e+02
5.948051289664744701e+01
8.010678929616207142e+02
-9.922484941492759845e+02
1.137702068806533362e+03
2.158986984360769839e+02
1.869370282424111736e+02
-3.787187528675263479e+02
-1.452234248261690084e+02
3.739253839556500907e+02
-8.704034430736447803e+02
-9.447650926363101007e+02
9.075771893152686971e+02
2.982312273118599819e+02
1.195534563366571547e+03
-4.369990071215145804e+02
3.272823481132936081e+02
1.354573644658177329e+02
5.421897656862930717e+02
-4.742088583376203133e+02
3.273942617831569351e+02
-8.384838976943019588e+02
-5.414356408385027635e+02
-3.711885582273839077e+02
-3.642858980979256671e+02
3.296921998757815118e+02
2.280611706855976024e+02
-1.257600192965314960e+02
3.046126899152315204e+01
4.653593140168559898e+02
-3.014535560195506605e+02
1.804036133854652917e+02
5.816316850773480382e+02
-2.503666864025965992e+02
7.742011847113074055e+02
3.448980381027333806e+02
-7.699811167638575853e+02
3.693666510617484846e+02
-1.696124507816190601e+02
-2.415394119328647449e+00
5.544911465424811468e+02
5.766560732436768149e+02
-3.195098041665338684e+01
2.844598120910193728e+01
7.202990400904246826e+01
-5.741067804094199367e+00
-5.532204970025136390e+02
5.326018911596069927e+01
4.004605843404667667e+02
-9.158406702993968906e+01
4.070753486737172580e+02
1.017469346666565002e+02
-9.349311447315689350e+01
5.137093873301016522e+00
-2.803538936501110470e+02
-1.513733747879686753e+01
3.191701288085622537e+02
-3.529963657803438082e+02
-2.575821419754274757e+02
2.521467709628179250e+02
2.024942294930247400e+01
-4.714582469431414324e+01
-2.110579850990679063e+02
2.267409806709805054e+01
-3.170526896784323867e+02
-4.308521776465771040e+02
-1.110272313409630698e+02
-1.846466691994670839e+02
5.061847989859927566e+01
-2.200701233321305210e+02
-7.718363009820352261e+01
-1.259407500152572226e+02
-6.026295734091487333e+01
3.479178035132041487e+02
-5.340956913954847352e+01
-2.723755533993145264e+02
3.053658147645587633e+02
-5.177812939474956977e+01
1.617314772874900086e+02
-4.457869430015252021e+01
1.760196327045234321e+00
3.285553531410766368e+02
-1.908709384016356125e+02
1.735698222302076132e+01
-3.251841181557702498e+02
-1.103752549982357465e+02
1.764792486245259227e+02
8.256817161023369067e+01
1.940486604780410858e+02
2.200465730429326925e+02
-1.236342599417556869e+02
-1.548003185041531253e+02
-7.627445491426358615e+01
-1.314662680132409776e+02
-1.023836147994237109e+02
-1.896260985376202370e+02
1.232276221575808108e+02
-1.576777338190541684e+02
3.493389521511829798e+02
-9.682619477690737497e+00
-2.080245003289385295e+02
-3.455325757020526112e+01
6.297272112054994864e+01
2.154446949048211195e+02
-1.443062756311745432e+02
-2.304358321617860383e+02
5.178591270680999514e+02
-2.081911114762095494e+01
-2.207499335244042982e+02
6.120199580405491702e+01
2.572196898628749295e+02
-9.673944524545375145e+01
-7.357391777799757904e+01
5.905926962666787716e+01
-4.189487450078317465e+02
-1.105391072906744085e+02
4.730864867025895393e+01
2.385779046934670760e+02
5.888565831478171475e+00
-3.204004036179351829e+02
-2.857737683376019504e+02
-8.189787389922503280e+01
-3.746675740701597590e+01
-3.125052552088212465e+01
-3.041464853077937391e+02
1.972136657671022419e+02
-4.019471690555731413e+01
-4.552102418901899483e+01
8.774734306293478880e+01
1.130423799543055026e+02
1.022975278267597474e+02
2.338668140041135768e+00
5.687317236408886600e+01
2.576491794641405022e+02
-9.701662685788065232e+01
2.893048927428139017e+00
8.238241581595775642e+01
-3.792570595613968720e+01
1.836916559619105840e+02
1.566653473064973525e+02
1.526997812910002494e+02
2.162843475869240422e+02
1.692671802528498972e+02
3.470666103293145852e+02
-1.149102609705013265e+02
-1.101914545649705701e+02
2.077257392792297708e+01
1.209266652335778360e+02
-5.126395756696863515e+01
-2.994386541877009904e+02
7.570508734183085675e-01
1.563593161132102409e+02
-9.868410267029658200e+01
8.268351772422866119e+00
-7.202305206480208710e+01
6.177495121110351306e+01
-2.799995844133977396e+00
1.964254455751180899e+02
1.228049707460061910e+02
3.923703164772457086e+01
-3.570069164614328994e+00
3.284741189244240900e+01
3.546222821127915203e+00
-2.885776744961071838e+00
8.665403569541174988e+01
1.082715082043097965e+01
-1.923879290929270525e+01
-6.683845367854372910e+01
5.058441182091925015e+01
-9.506007643283494346e+00
9.065161620181515900e+01
-1.030364021975845361e+02
8.327989985182522048e+01
1.521140715910470931e+02
-6.835235673542639745e+01
-9.713532032653377257e+01
-2.287212923951174730e+02
-7.524327613372759060e+01
3.294236917801298858e+01
-1.657641440751706909e+02
9.808319550914703200e+01
2.129728611302578400e+01
-6.209204035974007496e+01
9.854657024148929167e+01
8.039457067213071184e+01
-1.994855833618402485e+01
-1.423324933379231254e+02
5.997401790400203936e+01
4.748630346161567317e+00
-1.394976610836485804e+02
-1.042836290926466489e+02
-7.404747020790797762e+01
-2.075435300237814715e+02
-1.162340464435655463e+02
-3.186514155763519263e+00
-4.160602090326638347e+01
2.507585662924533665e+01
-1.118402196716874499e+02
1.755742292842248276e+01
1.153963028639505062e+00
2.169888684095198528e+01
3.666059100486266686e+01
1.217838938652774488e+02
-8.019067156181900202e+01
3.990990301989955924e+01
-1.659502748544834390e+02
8.701219207413859635e+01
-3.329106363201700702e+01
3.797681090526866399e+01
-4.682779349317919837e-01
-3.443947646896176451e+01
-5.089030424136905140e+01
-7.649345794122106668e+01
-8.930986430515950758e+00
1.111575745347833788e+02
-2.576863625650164735e+01
1.400147650775981489e+01
6.105473396807396824e+01
2.321347337235553141e+02
-3.336838803744031168e+01
-2.537366399984403387e+01
1.289100786187894698e+02
3.747490202081829835e+01
1.403513121362284437e+02
1.272660275152363880e+02
3.946955349576146688e+01
4.906416213679278826e+01
1.233118425674539331e+01
1.023268588519807736e+02
4.884668040077078999e+00
3.036757393554123396e+01
-2.438490366075366822e+01
1.063450906007903001e+02
-7.368302293893995625e+01
-5.419625241855768394e+01
-1.073605508791823695e+02
1.093816748259727234e+02
3.147841954045732038e+01
-1.064930823160892714e+02
1.512831274131980308e+02
-2.148016352748298274e+01
6.879043665339754909e+01
2.967683939234078849e+01
5.030801852768330207e+01
-2.834376524058503222e+01
7.510290898705668461e+00
-1.660392315885212327e+02
-1.280758643923816464e+01
5.585917652341068163e+01
-2.012137586045944104e+01
8.781098143180255278e+00
-1.423559110154797906e+02
2.849189317187158821e+01
-3.375603297105481460e+01
8.349642911723509542e+01
-3.934770054767414393e+01
2.764732082451780215e+01
-3.975470917229895917e+01
