-8.706137822606715417e+02
-2.223544212879443876e+03
2.445729195372174217e+03
6.643362366434064370e+02
-5.806800788131159607e+03
7.525670912432410660e+02
3.385043088177016557e+01
3.966328305413945600e+03
-2.327273945840216129e+03
5.377220233845876010e+02
4.662797107599595279e+02
2.359086015739079812e+03
-1.514227512144579123e+03
-8.985438922664725396e+02
2.712432087748073627e+03
6.426743455671787615e+02
-1.971778953950382402e+03
-2.665067521086675697e+03
1.612575016767259513e+03
-5.593227151524143892e+02
1.797670412876257615e+03
-2.018998612554936926e+03
-1.928039204384966979e+03
2.848695967312079915e+02
-9.601664004444538136e+01
7.817086832614792229e+02
-1.131017811536987210e+03
1.458908112008206899e+03
1.599528144540000994e+03
-6.363979956190134999e+02
1.503235515044129443e+03
-4.444952941112993585e+02
2.448522565072451584e+02
1.289747780497113808e+03
1.585744418839077298e+03
1.057216460257362542e+03
-1.274630852547541735e+03
-1.629767937459233508e+03
6.499856733703965119e+02
-7.421872244901936710e+02
-6.350610820011793294e+02
2.145565935365117980e+02
9.114231207791078759e+02
-6.492214185335774346e+02
-4.281041797978140266e+02
-2.365499158932140745e+03
3.729181156231091450e+02
8.383140257217784210e+02
2.373552291957336706e+02
-1.070245223111020323e+03
2.161738535459426487e+02
-1.634297170569944058e+02
-5.586772799212128859e+01
-1.193289195110776291e+03
1.224248040686684362e+03
-6.203041185205447619e+02
4.391826015801858603e+02
-1.035813644487721376e+03
-1.357268891921481202e-01
5.412504033332268136e+02
6.825823423535583743e+02
8.317880753925217050e+02
1.919821097138432833e+03
-3.386113403154071761e+02
4.041509211693546035e+02
1.658556687113560429e+03
9.048625702162596554e+02
-6.252101000420092305e+02
-1.034914492554616174e+02
1.772722622274462623e+01
1.350973977903346395e+03
6.856467507226582256e+02
3.085515247061055106e+02
-7.275700478000441080e+02
5.226243882026983556e+01
3.867942485635382468e+02
-7.534101974644903521e+02
4.378511106451242085e+02
-2.082796920248222250e+01
7.359331791161778824e+01
-5.458745260996543038e+02
2.272753638617051877e+02
-1.396886019821546938e+02
-1.039411074611307129e+02
-1.379052045770572249e+03
1.294520248334503378e+02
-1.796437220289762493e+00
4.211798451686406679e+02
-2.722518571637560854e+02
-1.001525930308111434e+01
-5.366476144264022423e+02
1.061550903198483695e+02
1.758321973024309841e+02
1.227010199914249000e+02
-1.795834036460574055e+02
-4.795635048899459321e+02
-8.385507521249977572e+02
4.619364148560105718e+02
-2.076109664927584220e+01
1.554964263617185338e+02
8.188281190480379337e+02
-5.655279173081781892e+02
-3.465270671323734746e+02
-7.256653369338329185e+02
-3.414430976503845159e+02
-8.971170207964936480e+02
1.858465598292875711e+02
-2.945967310645094699e+02
-1.072079132139952264e+02
-2.831709573496664802e+02
-8.160110923762090351e+02
-7.500764226010824132e+02
-6.831266517978372121e+02
-4.752815332472350747e+02
-1.210659260496076541e+02
-1.137476755615214756e+02
7.340962207643808597e+02
-1.870854283952856179e+02
-2.159757419261036659e+01
7.284585340806742124e+02
-1.993361794784450467e+02
-2.120452064448630267e+02
-2.755989411499412540e+02
-3.232556481291329078e+02
-5.591639685471319581e+02
-5.469520956620443712e+02
1.688801310547519847e+02
4.618024082518998057e+02
4.493767020755591943e+02
2.131991180923877494e+02
-2.818406957436163225e+02
1.096941767016584890e+03
3.152567488309258259e+00
-4.989602817332637841e+01
3.252806918539473600e+02
-2.501874216591003517e+02
4.105772802919691458e+02
-2.030728312665368662e+02
1.130307753448630450e+02
-7.836015832470782243e+02
-1.327093633320263848e+02
-1.815050006821827253e+02
-1.641392632452226223e+02
-1.710130195520982568e+02
2.849908700724311075e+02
1.038750791090576939e+02
9.711349752992833828e+01
4.049221057506620127e+02
6.815890121055899726e+02
4.600935108947043659e+02
-5.457100500840140285e+02
2.575935924949138212e+02
1.991436547782269315e+02
8.765629761979663499e+02
1.640122557710523097e+02
-9.696444810622905663e+01
-4.097884864268806950e+02
2.337919629700189716e+02
6.662611691478346074e+02
-5.658331861500190598e+02
1.530585083035391563e+02
-3.192872747577519590e+02
2.139603047793556456e+01
-3.930297101690716772e+02
1.267134699787848291e+02
-5.975860756254382977e+02
-4.115300119385354378e+02
-2.313629176216665257e+02
6.333357806308912359e+02
3.279199071777686072e+02
-4.659351491933844045e+02
-5.645550941825503060e+02
-1.540866959233081843e+02
-1.788889409008880591e+02
-1.838982242336931847e+02
3.037966956511530725e+02
5.244840651457421927e+02
9.092290396547136311e+01
-3.095589282262388906e+02
4.678425832006632845e+01
4.902240968581738798e+02
-3.377728988590247923e+02
8.175105202546444616e+02
-8.585630649880187093e+01
5.220948001696129950e+02
-4.328021052919351064e+02
9.067076878149119068e+01
3.904647106747727747e+01
-2.857877449349216477e+02
4.408503890913119250e+01
4.696459009466308885e+02
-1.932002951384532423e+02
3.698038219534621529e+00
1.382218981951468528e+01
-2.995079354194717425e+01
-9.404485423609332884e+01
-2.417272265429653260e+02
2.289830790202163087e+02
4.489693486822913826e+01
1.905170021545058319e+02
1.510152694910438598e+01
-2.040040592849455550e+02
4.480359052909835214e+02
-3.394410959409775614e+02
1.231777318702047381e+02
3.623586314194791669e+01
-4.241491107027474072e+02
1.268663148125737763e+02
1.323799887485950819e+02
2.527475437590971126e+02
-7.820068575968160758e+02
-8.209276448585133323e+01
-1.782465813460114532e+02
5.479194015621030189e+01
-3.734039068647130080e+02
5.385855422214696091e+02
1.680853458025042642e+02
-7.681420519190029950e+01
-3.563993154804402934e+02
-1.752394816963705750e+02
1.742432486663197722e+02
3.379739277680150167e+02
-3.543295937054465981e+02
-5.249037702910468397e+02
5.622102652847090098e+01
-5.316357235486063928e+02
-1.727479564778699626e+02
-9.953907290764917093e+01
-6.523496999338834712e+01
1.816676856993309173e+02
-3.467098003411170453e+02
5.583534237925046284e+01
-2.576578995144478412e+01
2.992109698873052253e+02
1.678069275986043252e+01
1.828164780198568451e+02
-2.334493047280968483e+02
1.035259191528651854e+02
1.263905395536835208e+01
3.411334014561290928e+02
-1.647559846952690066e+02
-2.164793205942689269e+02
-5.337267830228252024e+02
-4.246767679658440215e+02
3.222285507357978531e+02
3.953933571404427312e+02
-1.059115279177886322e+02
-5.916420152895172535e+00
-2.018672275181909583e+02
-3.698698989101106349e+01
5.428892118082253546e+02
3.918454775678054602e+02
5.635780820346689097e+02
2.312363304402026287e+01
3.091694306524092895e+02
-2.730884422627481740e+02
6.245898822845786924e+01
-1.995564937033900037e+02
-2.190344533144905199e+02
4.697975001896310800e+02
1.412867094325210644e+02
3.027154990050456718e+02
-4.167164122995321804e+02
2.443508945868824469e+02
1.159044870177157804e+01
1.878205259201116348e+02
4.052632561114235159e+02
4.906202260814175133e+02
1.094698199308988649e+02
-3.075167487409991622e+02
-1.299059383635312370e+00
2.306946772230816123e+02
2.021840103876906767e+02
-3.822829122557854475e+02
-1.774575922465205622e+02
3.054563471093531462e+02
1.973806242778948956e+02
4.251433210717725046e+02
-2.861106768393468087e+02
-1.787126289709594573e+02
-2.835404307909173554e+02
3.992932632947253637e+02
4.998828254357399459e+01
1.842775873791755430e+02
-2.991940934332606616e+01
-8.709115549205058926e+01
8.510566755565035635e+01
-1.305165359666915776e+02
-2.415524226103186720e+02
1.810617378290467627e+02
4.845811890548195322e+01
2.815628878107930859e+02
-2.709946043180407571e+01
-1.701563926927057366e+02
-1.237487997708311980e+02
2.665151297137354547e+01
-7.836923041896601205e+01
7.193501354739909459e+01
-3.940941715096133748e+02
2.306065423657513520e+02
