4.797168169146061132e+02
1.406920770090596534e+03
-1.858346221627775094e+03
1.610097841748135465e+02
-1.247956617886095216e+02
-1.575125866759372457e+03
7.942188099219523565e+02
2.972337345585169714e+03
1.036353541947720259e+03
2.222713501774473116e+03
4.959680395726610982e+02
-3.335559938861636056e+02
2.471231405854547120e+03
1.508527597665564826e+03
6.650684886248055818e+02
5.025269604547767130e+02
-1.182808580445972950e+02
6.027528198305079741e+02
1.203729225309057256e+03
-7.698720530653720289e+02
2.930986532308245529e+01
2.103906126033753935e+03
5.476687386164813915e+02
1.039838877845826573e+03
-1.371318640277161478e+02
-1.344596417413002030e+02
-5.763758065742163126e+02
-9.052061005869187511e+02
-5.633440340211345756e+02
-3.895371770192999179e+02
-9.465409854799268032e+02
1.744578035974654313e+03
-2.052175000494084998e+03
-7.958806337676624025e+02
-6.824104512216556486e+02
-1.185025917454884393e+03
3.255396662112098056e+02
-7.805465004365146342e+01
-7.342463913394744850e+02
1.213266588098217198e+03
-4.949269312418728077e+02
-9.756680356707314559e+02
3.761780473292039915e+02
1.194028192797060001e+03
6.382063597573779816e+02
5.372826554730075941e+02
1.850490693472212058e+02
-1.166335279169542900e+03
-6.831721526448870918e+01
1.973798904437795443e+02
6.972124487390250351e+02
4.916051894114725656e+02
4.950161518617819638e+02
1.800254048049499715e+02
-1.252290143598189161e+03
8.707999454691009760e+02
5.874995836369820381e+02
2.718689973502804378e+02
-9.197390709907996325e+02
2.015458303926918120e+02
-5.603625637775767245e+02
-3.007452036028833504e+02
-2.332222289533717685e+02
4.309543210122674282e+02
-9.578919295064758899e+02
-2.977679609219250096e+02
-1.406986232819043892e+02
-5.684860607350698274e+02
4.926001845143932769e+02
-3.977552859403573962e+02
1.489933749285213338e+01
-8.977967426828833197e+00
1.289990195505872919e+02
6.009981218949808834e+01
4.178853860295101299e+02
-4.660868090039882077e+02
8.667624076354305540e-01
-9.518494820537105170e+02
1.783461433202986939e+02
2.893839586588815678e+02
-2.965994423237558522e+02
-3.231649514054568044e+02
3.260558474823019992e+02
-2.654499002282381070e+02
1.566166263356489310e+02
-4.643202031089771822e+02
1.242296632270384720e+02
2.377944706824300454e+02
3.347061169638848810e+02
1.556516580767546429e+02
-2.300393771503021298e+02
-4.288949100391765796e+02
-5.852528744688557936e+02
-1.546014656251793156e+02
2.289783095201425454e+02
-3.166294599897038893e+02
-3.421016810454220263e+02
-2.360339130588181433e+02
-3.524981912006384732e+02
1.724407931156709708e+02
-3.632577106870343187e+02
-7.775182667764862288e+01
4.608877475830532262e+02
-4.240462661231866264e+02
1.220843433882108225e-01
-2.567392116983613164e+02
-2.191788551183215077e+02
-3.287336565752083573e+01
-2.400574369682551321e+02
-5.145446993991144780e+01
-2.614914871007217130e+02
4.998491370383143817e+02
1.560371870630522153e+02
-8.234262255634094174e+01
-4.831216109031251449e+02
2.898962071475443167e+02
2.352903012339716895e+02
1.095464822151842270e+02
1.096413115342196676e+02
-2.293142280649195186e+02
-4.112060162154858034e+01
-1.848489288280253788e+02
1.069919718475083101e+02
2.777020191528812916e+02
1.779990065132044208e+02
-9.712254558164289120e-02
6.982463572041018551e+02
-1.534070948390555600e+01
3.433028655410222427e+02
2.393799515051395304e+02
9.854424018105328287e+01
-3.961354440584651684e+02
-3.204637674985721674e+01
-1.348446668603766518e+01
-1.601899724459373715e+02
-1.930123265454551529e+02
3.480225935577851004e+01
3.143529501056858066e+02
1.967626501532151906e+01
-1.885984319796808677e+02
-7.413076835280581633e+01
3.523430018371140591e+02
-3.124411294659680038e+02
2.727877281416455162e+02
1.236124435923356231e+02
-7.402579121741690926e+01
2.101742229056041253e+02
-1.844458790221995628e+02
1.802426961919368011e+02
3.515708855782293654e+02
-8.666246322642345490e+01
2.153353826093823784e+02
3.737702265610439554e+02
1.190669543912731854e+02
-4.356732563019923532e+01
1.549764673423589727e+02
2.041424179801865364e+02
1.740282548084385894e+02
1.172861883394843403e+02
4.064743769658931001e+02
6.163611084528515960e+01
-2.593761841522302802e+02
-1.384265083364512634e+02
3.550116778311432313e+02
-1.279238181711556734e+02
-2.147064725994789569e+02
-2.377622745070944745e+02
-4.223176559853709477e+02
4.729789858919386347e+02
-3.960139402717321104e+02
7.469187938824123307e+01
9.943839799626628917e+01
4.369899929524482900e+02
-2.225423827411315187e+02
-1.264928503341789252e+02
-1.491497568739089274e+01
-1.094962383352776527e+02
-7.307185413788279504e+01
-1.241885136628666260e+02
-1.493723401117569516e+01
3.685956126828489232e+02
2.523706012154441680e+01
3.740633725330101100e+01
6.803276073314199834e+01
-2.459111102073471216e+02
2.884040265581081144e+02
-3.667691453370677124e+01
-5.622659665280257002e+01
-3.381698840714901166e+02
7.117864128423418890e+01
3.956936259444691473e+02
-3.844497703649060441e+02
1.325711331592931970e+02
1.738002263277415693e+02
1.578948853997924040e+01
1.240623916789730572e+02
1.432214952292913779e+02
-6.132563948518290431e+01
2.361205408207672747e+02
2.517439884106188686e+02
-2.957597249746940449e+01
1.788567117977962084e+02
7.508555175418162264e+01
-1.552690364799016365e+01
3.333325460344430979e+01
5.990740824809734733e+01
1.151007195839859207e+02
1.064246935985628966e+02
-6.907032075261244586e+01
-6.388573704511502171e+01
5.638680677013552156e+01
-2.088776012309182022e+02
-4.795522581125789685e+01
-7.544232845255052666e+01
3.350565062541387107e+01
-1.839691112194880986e+02
-1.423864268141770992e+02
3.916188888936085846e+02
-1.698890869692220917e+02
-1.479770583049496508e+02
2.118508940583129743e+02
-3.254920263317801243e+01
1.716490188952733575e+01
-3.532906191830429066e+02
-1.658376538408647036e+02
-3.635087087951498575e+01
4.698354314906755036e+01
-2.099416488470249931e+02
-1.369918747079952652e+02
1.417922532723727329e+02
-2.535744136071087595e+01
-8.414905553629182577e+01
-2.608900835504582574e+02
1.430338370594010087e+02
5.047000324977004571e-01
3.581261245693942641e+01
-2.341076070097481931e+02
1.611329175953101469e+02
8.116802365247480111e+01
-1.937880110362060577e+02
1.507116294888409982e+02
3.383074749038812001e+02
-2.470591598193312777e+01
2.444558478307473948e+01
-1.048188661854501902e+02
3.496622451730187464e+01
6.963241681999400079e+00
7.823864108814106544e+01
-1.132307077338403332e+02
2.069696405523336225e+01
-4.243603521441679760e+01
4.129672793823458932e+01
-9.109413632225066237e+01
7.271440329635967714e+01
4.059390030273623751e+01
-1.375160883766753273e+02
2.193968790794834689e+01
-8.934443700012737111e+01
8.791890418035924881e+01
1.806080073444818268e+01
1.212390974494016547e+02
2.233454044664068761e+02
-1.926996378485978312e+02
-8.819655019563302289e+01
4.059327341546148205e+02
1.331675089361212940e+02
1.505740618342664163e+02
-1.750289390363526820e+02
-3.484981007088413918e+01
-3.003466756374288025e+02
4.759322093866356340e+01
1.142025093966948504e+02
2.265278165856898340e+02
1.120865895252247810e+02
-4.009093335363327526e+01
3.291700343588589703e+02
-2.136390745838877194e+02
8.542100185791913702e+01
-1.085587070985372407e+02
1.741509527219087943e+02
1.430006746853740829e+01
2.544790167549844284e+02
9.481735853861869145e+01
3.529186015840845414e+01
2.855885488620704109e+02
6.868179183535717414e+01
-7.312869520075271623e+01
4.442909629164779517e+01
-1.169792499388923801e+02
-5.060957100248680263e+01
1.825439077191749959e+02
-1.086969331393738614e+01
9.396146209457678822e+01
9.134458742622980765e+01
-1.565590394125314617e+02
-1.809677065320276199e+02
9.118469087123260408e+01
4.574278489022359651e+01
8.866394772441556427e+01
1.118954566512309725e+02
