2.465249249375122815e+02
6.966930000148113322e+02
-1.720708964546118068e+03
-4.395873635706620917e+02
-3.758711108692321886e+03
2.203715922050303561e+03
1.807144000129283768e+03
2.146150833824574875e+03
1.822380512629663372e+03
-5.733308039566428533e+02
7.763270254948023421e+02
1.026143321743797969e+03
1.561194839768194015e+03
4.616065123493942792e+02
-2.528300180845093905e+02
6.821816724643784937e+02
1.050384917094814909e+03
2.372517507959357772e+03
-1.940183085534072518e+02
-7.846866859567360564e+01
-1.980348074224408720e+03
6.463417555583715739e+02
-1.158231727063020571e+03
4.822248665973347101e+02
-3.722792697886497990e+02
1.870831813499463578e+02
-6.289300303857752397e+02
-3.493655673643507953e+01
5.941842842592753868e+02
-1.379401178359708410e+03
-1.721303675397426105e+03
1.670318535615008159e+03
1.639025840190248346e+03
7.044451919457668509e+02
-6.492202884716518838e+02
8.371206721517652340e+02
6.887361777879027613e+02
2.220711599843569104e+02
1.477311505608420248e+02
-4.629410684274171217e+01
-1.536784302345762626e+03
-3.221835002472055294e+02
-1.286172444809768649e+02
1.694889337990317983e+02
-1.190395619943248221e+03
-4.745614231624660562e+01
4.327914820603483008e+02
7.909835177704021589e+02
1.840957508222857086e+02
2.004662958871469982e+02
4.584639864252434336e+02
-7.340544668515627791e+02
-1.115132011973174258e+03
-2.014632051652671691e+02
-3.808687050566241510e+02
4.457546073100789954e+02
7.069126812433169107e+02
7.560364123913035428e+02
-3.349535422238314908e+01
-6.669309512257182604e+00
2.430068173883012719e+02
-2.256080085848321346e+02
-1.376338233519099852e+01
1.314541885422626422e+02
-9.545198453608628597e+01
-1.960842073735510098e+02
-3.688093297228372762e+02
-1.733285090015400840e+02
-6.678642567223819526e+01
1.911388396599125201e+02
-9.973577626221612036e+01
-1.479120488601154477e+02
1.128586057304012371e+02
5.537913024211024293e+01
-5.997018712313732749e+02
-5.520161610157792893e+02
-3.961861320073107322e+02
1.310644908861259523e+02
4.676660773633211079e+02
-4.349710304878580587e+02
2.226556305159941758e+02
3.801126744857010635e+02
-2.686948832634524820e+02
-6.713809376066908499e+02
1.627550981676522213e+02
1.567031706092269303e+02
-2.365258962770370204e+02
-5.369415839318091912e+02
-1.012232724781196822e+02
-2.985128827212109854e+02
1.265457570825599021e+02
-9.862401023785055543e+01
-1.298684577306324570e+02
-2.353962798038340054e+02
-1.091539201267956827e+02
-1.323892462077992604e+02
-5.909710983125050632e+01
-7.496551236529818141e+01
-2.051502432574274337e+02
-3.324462174741593401e+01
2.426223038964253078e+02
-7.045423348652680318e+01
2.145600032103297039e+01
2.004229506613853005e+02
-2.305767662137367324e+02
1.482830663198601542e+02
-9.254922865127325338e+01
2.250054345443448085e+02
1.373442035789743727e+02
1.580181217338545991e+02
-4.099776582600832739e+02
-3.246309021037577622e+02
1.724037394006266766e+02
-2.002910261943083725e+01
2.101995743184487822e+02
-2.902044142780858920e+02
2.838063081375214480e+01
2.855533730683649196e+02
2.836045266886094964e+02
-9.760204926779617551e+01
3.227570596158438576e+01
2.180088559643156643e+01
2.346139527960171449e+02
-5.460484030461864791e+01
5.128313826820068755e+01
-7.073443748334925374e+01
-2.148158932000553989e+02
-4.399059577309928954e+02
-4.303410704551184267e+02
-1.853089127087997667e+02
-5.343787662965973340e+01
3.321621531602283284e+01
-7.876145883974220396e+01
-7.481902438418701706e+01
-1.100194034007052011e+02
-1.471117636975862126e+02
-1.031682756493208188e+02
-2.405133503727574009e+02
-1.214361732722861120e+02
-1.111631193792686467e+01
1.339479279848837905e+02
4.962921256556514038e+01
-2.885683764498836581e+02
2.690311828126367004e+02
7.326805348956344943e+00
-1.910614904154700255e+01
1.900769299409773083e+01
-8.765983648145059703e+01
1.863281120523835099e+00
2.292402014347791805e+02
3.908746444021236499e+01
-8.459067850663957699e+01
1.120409594685966503e+01
-1.238525689301555985e+02
9.038045817495628853e+00
-1.482616872858735064e+02
-1.632356962220935941e+02
2.958277472219707960e+01
-1.345940141542113508e+02
-2.378145232533451292e+01
-1.162455213855484573e+02
1.819739944376809433e+02
2.630065548453490578e+02
1.591345523457271156e+02
2.502877828728806708e-01
3.028741245508704694e+01
2.432828656701570083e+02
-1.083923354186198367e+02
-3.590539849914848958e+01
-1.773709144868246881e+02
1.281292323653556764e+02
7.175161283847333493e+01
-1.352566749397342107e+02
-1.577838812481083437e+02
2.066700315513535102e+01
-7.773182766358703866e-01
-1.296995115660224940e+02
-1.370708800615545897e+02
1.088861845161867592e+02
1.056359418258238207e+02
-7.004726850843258035e+01
1.981045438688793903e+00
-8.293899722144260522e+01
-4.892205489288159903e+00
-5.260670446717168147e+01
-1.162756455464374739e+02
5.443724144691439903e+01
-1.635253787190163122e+00
1.833047476799654021e+02
1.251519394981187929e+02
-1.741833997327183283e+02
6.191763759019343638e+01
-1.358945582062260939e+02
-4.813854985151218102e+01
1.880976152605970526e+02
-8.516196073526640475e+01
4.246765342968426893e+01
4.712085879436764380e+00
-3.382921180706032205e-01
-1.212514555172332820e+02
-1.474879583699934074e+02
-1.077376369543601342e+01
-1.650453534379075293e+01
-4.071608962853138536e+01
-1.331667035219372508e+02
-5.927040698284625364e+01
-9.437663141617240115e+01
2.845120080671095764e+01
9.688187917650299141e+01
-2.208373235676118895e+01
-1.755418972747912392e+02
1.123873838948900641e+02
1.973431422667413813e+02
1.511884145438487508e+02
5.894980949619729671e+01
-1.255753230758294734e+02
-6.570868028174423614e+01
-3.517224137622946500e+01
7.446223887561254173e+01
9.982347891159167830e+01
3.052692343605457737e+01
4.498660248411699314e+01
-3.898773208731954298e+01
8.293687328192277164e+01
6.231511533460393082e+01
-2.941818381544569050e+01
1.548976501040971421e+01
-2.609371783530789202e+01
-3.452006948870317160e+01
3.740127218855445079e+01
-5.101104739219228890e+01
8.719404359981760422e+01
3.846433866440037974e+01
-5.098591412186991789e+01
1.349462188349099279e+02
-6.435255506451626673e+01
3.947238094714035839e+01
1.182952926357170469e+02
-2.028854096749530456e+01
-4.984599320520385390e+01
-5.644697206045268700e+01
6.973473515111336951e+01
5.601909718757254808e+01
-4.213576135674352940e+01
7.458737378757781755e+01
-6.580839334719061640e+01
-4.168532778306050091e+01
4.437694189291041091e+00
-5.983909998520656970e+00
1.489719038734536305e+01
-7.385362150131433623e+01
1.304491653650699448e+02
4.768435537004273073e+01
3.748302389798319467e+01
2.990419550554339523e+01
8.305633499368521910e+00
3.964789097450233868e+01
-1.070529743618790235e+02
4.786103060076100491e+01
-5.793102937116839257e+01
1.185592761877223751e+02
3.595369827270006624e+01
3.634739638317869748e+01
-1.113978354324365796e+02
-2.366664704330429103e+01
-6.391251684023713864e+01
1.237057834997078913e+02
6.875135625343183676e+01
3.982396542344324075e+01
5.992512799739035501e+01
-7.016541494661225897e+01
-4.305003609019374977e+01
2.229229558724768978e+01
-1.657846611585530372e+00
-1.411788140876266162e+01
3.942214549264839007e+01
-3.397151791059309289e+01
7.198097967125302432e+01
-3.556089899895825113e+01
4.119971081788078493e+01
4.368641687851545186e+01
-3.965227875409399871e+01
-1.592409962664331147e+02
5.600242647071517865e+00
6.050108900949729218e+01
5.614776046732281145e+01
4.191761108298212690e+01
3.878287120220511497e+01
-4.789212130132674616e+01
7.412802637009416173e+01
1.028041558504997681e+02
8.061924991834308685e+01
-5.633131114093954750e+01
-2.931154492795103295e+01
1.190965507281632085e+01
3.022442285272627771e+01
9.757240333013319500e+00
6.689909777775240229e+01
-1.438079049951350541e+01
-5.034345141080014230e+01
