-4.666119920379092036e+03
-5.933192162384926633e+03
1.387318341961499300e+03
8.470266826728570777e+02
5.282129546557533786e+02
-1.558765280318308896e+03
8.348470522364563067e+02
1.810609481909016722e+03
-3.746277571725486411e+01
-1.002814387377485104e+03
-4.342335960822443667e+03
-1.207733132885968644e+03
-1.190070140616876643e+03
7.480038760581045381e+02
1.550754040701084932e+03
-3.920260797765138250e+02
1.743837069452940341e+03
1.789248687358229290e+03
1.770526644862491139e+03
6.219207368682410930e+01
5.874473857120779030e+02
1.434470416372467525e+03
-5.650603023744736220e+01
-8.720980368433116610e+02
-5.866961439820595388e+02
-3.505161500796133168e+03
-1.505088331622176383e+03
-5.614684858156407472e+02
-2.177339863711330963e+03
6.484179502177363474e+02
-9.081297481852124065e+02
-2.057142615254666907e+03
6.244393784351085515e+02
1.338806573991361347e+03
-1.780880611370655288e+03
-1.014770700885752177e+02
-8.006582804693662183e+02
-3.423079957516611671e+02
-7.262938459399172189e+02
7.622845099733285679e+02
-3.832099597598732998e+02
1.687402146203599386e+03
1.927203502685410740e+03
4.898672646504231807e+02
-8.210465797392304239e+02
3.277462530233786993e+02
-8.284115277334640268e+02
-9.374162601597778632e+01
4.552181600333598794e+02
-1.633710435034415241e+03
1.748201119623357780e+00
1.389296454535809744e+02
-1.044499985735794553e+03
-1.371449974172712018e+03
8.625731539960111149e+02
6.746456773825366326e+02
-1.380664509338447772e+02
3.043024869729732700e+02
7.856878920785161426e+02
9.417338185933872410e+02
-4.704589478513556173e+02
-7.686871018439786667e+02
-1.054980744848397762e+03
-6.721544519567812586e+02
-3.599257273674700741e+01
-2.843543846225436056e+01
-3.142514397799113226e+02
9.979683775063306257e+02
6.500590216179904246e+01
-7.563850747432081789e+01
-2.999383569727957592e+02
-1.270899876878399226e+00
2.766020007593531318e+02
-1.923829837451937408e+02
-1.367478599420029923e+03
3.479260791546133760e+02
7.484956366531238814e+01
5.831838178328952154e+02
5.127155064334737062e+02
-7.273606846004440740e+02
-1.942507922407999672e+02
4.074471988788243380e+02
1.007911777866472903e+03
-1.366180887549061929e+01
5.111900406802726025e+02
-1.642706247094339460e+02
-4.059124882540359636e+02
-1.640021271151289284e+02
3.214319722576402114e+02
5.814740870201720782e+02
1.202739602297426700e+02
-1.065392754273537093e+03
8.968105050071491178e+02
4.594070929997865704e+00
7.427542799825059774e+02
-6.983128290061931693e+02
-4.697712579902260472e+02
3.318200382227248042e+02
3.307533155158844806e+02
4.823710342485618696e+01
-1.729591650851442068e+02
2.042184655714860639e+02
-2.232664705365594955e+02
-1.634781243474534165e+02
2.163579489687208763e+02
1.682464991601364090e+02
8.546318587736329846e+02
4.796790955055479344e+02
-4.877240008223155883e+02
-4.118035285925732865e+02
-3.133749188496853435e+02
-1.456194763998869348e+02
3.601968421686881356e+02
-6.113170175145222629e+02
-5.250954397268268536e+01
5.349546000305716120e+01
4.398189109566028492e+02
-2.502369114365799518e+01
-2.042166499139625557e+02
3.191416647223720133e+02
6.389092849903109936e+02
2.395996089037366801e+02
3.579022305372159849e+02
-5.785770601909038078e+02
9.918343933422849545e+01
-5.280956341564913146e+02
-7.693739468878820844e+02
2.547116682584872933e+02
-1.151450035071849101e+02
4.929324798620595516e+02
3.365040123486927115e+01
-6.050239652744969590e+02
-7.204128607254226324e+01
2.359023315757817443e+02
4.797603284796168737e+02
8.977434434956738585e+01
4.806579418319366823e+02
8.144777159129179154e+02
1.611434224737022305e+02
1.704149435759113658e+02
5.876037928706446110e+02
8.349293699703490290e+01
2.133475689524884729e+02
3.101240806096300275e+02
-2.565680518273265989e+02
1.524317993806234881e+02
-3.017008811364085545e+02
-3.756151566863193239e+02
-1.603706939159052780e+01
3.621131188429718009e+02
-2.309267367789341208e+01
-1.952402078120617261e+02
3.764506163263970251e+00
6.131339145980228977e+01
-2.473764482111520522e+02
-2.088185771492483411e+02
5.494644847924352149e+01
-5.239310622656214633e+01
2.162756741376961713e+02
1.067862370851997866e+02
-5.258902826688242271e+01
6.715889067224760538e+02
-1.374914546957100470e+02
-2.166801255465427687e+02
-3.028340916818780215e+02
-2.732193637493368215e+02
-5.294948674955994647e+02
2.152920312675705645e+02
2.703047953719621699e+00
-6.338725783065474388e+02
-1.402051990154847942e+02
5.316357873556338518e+02
-3.799234544617727920e+02
-4.821322379225585451e+02
2.823578018479756224e+01
-2.022030059747206963e+02
-1.960769701375304521e+02
-7.628584540280356805e+02
8.561589062884877421e+00
-6.218368891081549066e+01
7.970821448834662648e-02
-1.626053791190484219e+02
3.436109311551684868e+02
5.979919242346846886e+01
6.593585017774168477e+01
-1.637611529973745519e+02
-5.069819942722482864e+01
3.063545449133981151e+02
7.078070509314466108e+02
-7.453647874140699514e+01
3.101065279264623697e+01
-1.741850569246300040e+02
3.588408901314847412e+02
3.826850856817288218e+02
4.876247009747781362e+02
-4.194559542930274461e+02
-3.488162051660310681e+02
-1.329167010637092687e+02
-4.600086919040127782e+02
-2.936237432775535012e+02
-4.058247335903607222e+02
3.388862804272691278e+02
-4.317456919179367105e+02
3.039452559065393871e+02
1.550419088199983833e+02
2.195207673280622487e+02
6.645711064361754516e+00
3.050534962328950428e+01
6.255993039143473311e+01
2.515777992726879688e+02
5.062607209290889045e+02
1.988206602691156490e+02
-1.104187305487726150e+02
1.119766608700147401e+02
2.930450356239061307e+02
-2.775060439892581599e+02
1.034896444956902286e+02
-7.871461394133443434e+01
1.392253605373047662e+02
3.291310740773214949e+00
1.526767734360716418e+02
-8.204303146018652626e+01
3.321164789866653422e+01
-1.108792055615332117e+02
-1.853017990685891547e+01
-2.720178029607020562e+02
2.530865393149834119e+02
-2.005147033466963649e+02
-8.659048805934823179e+01
3.329266986826572747e+02
1.643381118146918709e+02
-1.060404930909030696e+02
-3.641283562023604503e+01
2.836030765576649060e+02
-3.126262796352282294e+02
2.049136114702959048e+02
2.658291789507077851e+01
-8.824300381528730952e+01
-1.466706894802329089e+02
-2.281579700752964754e+02
-8.218395633269506106e+01
4.833797944158306450e+02
-2.452658060290591777e+02
1.309502902938100988e+02
3.303715635652521598e+01
3.009133085891804171e+02
1.725852658506337889e+01
1.929507887388221263e+02
1.899946129320163095e+02
-1.593764727873039817e+02
-9.191610730374537752e+01
-2.645239043455490560e+02
1.277209495004641582e+02
-7.491329478650072815e+01
4.978831285716415067e+01
3.946938165062638149e+01
2.735924553148796008e+02
1.118002556256651019e+02
1.512098515972751045e+02
1.510083898849647710e+02
-2.094080658885881121e+02
3.509954427319704564e+02
-6.417835989191620172e+01
-8.166078176225865093e+01
-7.241545298903221806e+01
3.662179887880317786e+00
1.096350858741256786e+02
-2.569003634386858721e+02
4.595801848009801347e+02
-1.315777283731517002e+02
-9.735699046976256454e+01
-2.387635481271633751e+02
-3.011704927098499525e+02
2.296987520151171793e+02
2.112891004440560749e+01
-1.426875986583235658e+02
6.355776029407474681e+01
-1.546157559582025272e+02
3.478628141528630522e+02
-9.635884140594589553e+01
1.478297190422687777e+02
2.728095938822319795e+02
-1.619923603708296866e+01
2.859092133615747571e+02
-5.553700344955627344e+01
4.101341625861520157e+01
-2.023408024964359697e+02
8.443575445416361447e+01
-3.539307344946209355e+01
1.662733821470166049e+02
1.853668281051792803e+02
2.274258518305486518e+02
1.725573349566571153e+02
-7.713376951292364936e+01
-3.460330519287678612e+02
-1.544418068665106034e+02
2.085985338624466863e+02
-1.169146295105089592e+02
-1.286862425507285934e+02
-5.728443587949175964e+01
