-4.746169157171843835e+03
-2.546267082795233421e+02
3.467175732478048076e+02
5.703954513918973134e+03
-2.177316949737150026e+03
3.230298521669399179e+03
9.391767768585681324e+02
1.738499554562866479e+03
-7.811662517055067383e+02
1.940817434720056553e+03
-9.682914077529246697e+02
7.717451032348325271e+02
-9.905472198633573271e+02
6.911538477322073959e+02
-5.489200344138914716e+02
-4.638726875175519240e+02
-1.703107520731370869e+03
2.550490992612352557e+02
-1.494261708694437175e+03
3.453979472220273124e+02
-1.463337740595219429e+02
-1.206768957488888873e+03
-6.870721522812973490e+02
1.240717189189204106e+02
-6.861645808959420947e+02
9.550152118352594925e+02
8.581620349446855016e+02
1.047040850308985455e+03
-8.660102405594527681e+02
5.453793698422596208e+02
1.357317542865651603e+03
-2.071244542682483825e+03
8.319737665926058980e+02
-5.368172869484961041e+01
-9.004878044941700637e+02
-1.066445768846823285e+03
-1.434205130129643919e+02
-6.240462442451183733e+02
1.508905549322396382e+03
3.209344419386006564e+00
2.343561048134007763e+02
2.125187365653135174e+01
4.072143076512124935e+02
6.601493060268983299e+02
-9.987608916596434483e+02
-5.142808287466065167e+02
-5.943135398540963479e+02
-1.611360420724894595e+02
9.969891118332376436e+02
7.822419770212966341e+02
-4.472305877710377331e+02
-3.454835903066733636e+02
1.128532142984141444e+02
-7.471671176521915640e+02
-1.831310934774691646e+02
4.194667248609060550e+01
-1.025776612554357598e+03
7.412053194366058051e+02
3.698022725442955903e+02
2.434231741772543103e+02
4.614236815061629926e+01
-2.549918546979549490e+02
2.691917928050387587e+01
4.034798116408366013e+02
4.596005570181922053e+02
7.065544372154748487e+01
1.063667330377822964e+03
-2.966318060002681705e+02
-8.508653096612337094e+02
1.026330539072082537e+01
1.719589549719593720e+02
8.740077847433742875e+01
3.886871574975789940e+02
1.618710036961558103e+02
-4.493886246964857492e+02
-3.011114549915277507e+02
2.702300030768688544e+02
-1.769502067353889174e+02
1.161410691196900018e+02
-5.679652688858482179e+01
3.927810433875787908e+02
3.670268745841406712e+02
5.174927476472046237e+02
-2.319879834151828391e+02
-4.930587237419430267e+02
-1.048479521508230619e+02
-2.847764817953486158e+02
1.563784480703558586e+02
-4.192789907115200094e+02
-7.008621653597500654e+02
-1.796212573973001936e+00
7.456276079085156105e+00
2.238561584164687304e+02
1.528547494792041448e+02
1.711933343403705976e+01
1.416651498333273196e+02
4.628598632444757186e+02
1.092304772943177937e+02
-3.260137357934409010e+02
3.174645616434742124e+02
-2.940689552619701885e+02
4.252065358073699031e+01
-2.059782275345476137e+02
1.117599691892066858e+02
-5.452541580334711853e+02
-1.756321053739896456e+02
4.100634611503151117e-01
1.814419574526272072e+02
1.666853850315789600e+02
9.488539786941935006e+01
1.401944404299373730e+02
-4.426372160144248369e+02
3.744830339712480622e+02
-2.040929539182127712e+02
-2.427803839423224304e+02
4.406905895298531846e+02
-3.313630648576041153e+02
-1.136298519842437145e+02
-2.342242204597203852e+02
3.295118976551561474e+01
1.533087795035820591e+02
2.318421243630685922e+02
1.300056645611131216e+02
-2.959422010709644724e+02
1.265833721376062044e+02
2.520983986394504370e+02
-4.216008839196674103e+02
-2.126171009742263323e+02
1.144032802038853021e+02
-4.459777275688210807e+02
-1.397189648128628221e+02
6.140858463833632186e+02
2.593637161713614887e+02
1.470476699301222538e+02
2.515680649814435554e+01
2.163428690312440850e+01
1.191912235281941292e+02
-4.948659980937560476e+01
2.646190700006166594e+02
1.679563606142009178e+02
-2.091427519736195251e+01
-3.914078713919409438e+02
1.079179454424741635e+02
2.421912215371674506e+02
-6.433440447752911240e+00
-5.761398958761613009e+00
-3.541535001889766665e+00
7.621579370240593221e+01
4.435982607758716085e+02
1.195128889700632726e+02
1.502893811265562931e+02
7.441814993857263971e+01
-4.849657551487084817e+01
4.468307676198740523e+02
-2.663309438878147262e+02
-1.918210520625061690e+02
2.939485339617230011e+02
-2.591207549804350307e+01
-2.354645749550487324e+02
-3.369252445888314469e+02
-4.314198673938789170e+02
-1.883904484102680215e+02
2.665317259344411127e+02
-3.044417379201694303e+02
1.183053363982174915e+02
-1.581533701126943470e+02
-6.587711989384657407e+00
2.004962722810188893e+02
3.833287293776469795e+01
1.326245989467866480e+02
-2.523987199326927282e+02
-9.881137808891500640e+01
-8.345098610913710502e+01
-5.124572080973773609e+02
-2.685411906910591142e+02
-1.509448341688522817e+02
3.464852027487214627e+02
2.839402295986835156e+02
8.036066295057250386e+01
1.440927485339615259e+02
4.265716493324405860e+02
1.391022559193502559e+02
4.525977429766732598e+02
2.410997947473432248e+02
4.230251001933292514e+02
6.985451036729635632e+01
-1.321307719074595752e+02
9.915189813680886743e+01
1.235135340922921046e+02
1.866746652726551474e+02
6.127901285258556818e+00
2.661400211223258907e+02
8.711092057145423340e+00
-7.174233938454013071e+01
-3.890016484441959577e+00
6.982275416568917592e+01
-2.920635349338624565e+02
-1.958400874193126810e+02
-3.125377165870683598e+02
1.107052916235004858e+02
-1.334886119511959066e+02
1.201465891796421204e+02
2.399776510255600499e+02
1.379527273387160164e+02
3.330405256401731435e+02
3.458476037787356745e+02
-2.413429052836840469e+02
-7.941029551398791853e+01
7.598306524444626575e+01
1.071254291988952332e+02
-4.939823265850529310e+01
2.597911185824660834e+02
-5.628828240011897321e+01
2.345352089427295539e+02
2.079239618943155108e+02
1.595795036456671134e+01
-1.188229886821430981e+01
2.793322287138488491e+02
-2.085801767470168784e+02
-1.931279869434971204e+02
-1.267014750727893500e+02
6.938059449761838948e+01
6.296669896978539782e+01
-2.309564510083677078e+02
-5.012882699661739139e+01
-4.371902682355155321e+02
-1.819885060466168625e+01
-1.975627916091795910e+01
-5.520842487941863652e+01
-8.748801097493070245e+01
1.890704051893742701e+02
1.814885391307593920e+02
-7.747942510108374847e+01
7.369087351957207943e+01
-3.118338148467212179e+01
-8.926765623484611467e+01
-2.599935898359341309e+02
-6.108031405793600754e+01
-1.343911742831117522e+02
-8.972809455865468919e+01
7.429799933221980268e+01
8.420142010616316952e+01
-6.691077470886921219e+01
-1.638137436870582917e+02
-6.927453173888223148e+01
1.504436916301157225e+02
-2.699504730917295348e+01
-8.908443668383073089e+01
-2.579147361312994491e+01
4.843153383163829062e+01
-1.882132683891835825e+02
4.984995443631032686e+01
4.984163675071726374e+01
1.266931938404408271e+02
2.292188802185252712e+02
8.327479669629343562e+01
-1.443854091874807750e+02
4.740024778731995525e+01
-3.952243133638427963e+01
1.892631088590975992e+02
-2.502778547071517323e+02
-1.213627712705161912e+02
-1.145087427721309297e+02
1.734714674598002091e+02
1.600826598683817679e+02
-1.818132653919101358e+02
2.567107377090843556e+02
1.373375247817125171e+02
2.221776829997801883e+02
1.108378748828682880e+01
-3.557263254061150093e+01
-1.135179824546856935e+02
-1.420257330345062314e+02
-5.080701630756285425e+01
-7.472415109185358517e+01
-1.532879250832435858e+01
1.360207971404460636e+02
3.888657512986767983e+01
-1.281685924856285510e+02
-1.674768097027505576e+01
-6.716801442989255122e+01
4.633859597487000315e+01
1.898571487438477163e+02
-1.213241382965336612e+02
-3.110432463173188466e+01
-2.424500146475777456e+02
1.864138564549973864e+02
2.214112452819609018e+02
2.319447594984476879e+01
3.207968428798691463e+01
-1.746717333544251858e+02
2.236742509495459430e+01
3.827242075256303622e+01
-2.443515890151081749e+02
1.986022325844402872e+02
1.338670303071959289e+01
-6.847106789331311916e+01
1.221855818780930889e+02
-2.940507519027940475e+02
-7.853068217038568832e+01
