-4.303977233922186315e+03
2.967650547817286679e+03
-8.629114880069291758e+02
-5.157399293554703036e+03
7.866752819919619242e+02
-3.635688460522067658e+02
1.968812921708349222e+03
7.297237835335384943e+02
6.531050918545414561e+02
-8.869859056877293142e+02
4.935914295322668721e+01
-1.665481052339288226e+02
-2.237645677010622478e+02
-8.943984046578427751e+02
-2.692228495596961313e+00
-3.119527980140704813e+02
1.055788097664105862e+02
-1.343484033192611378e+03
-2.062484589465977081e+02
-1.317464427067008046e+02
1.801780678258444368e+02
-9.926752496498786513e+02
2.022226449621429765e+03
-2.479035600378341769e+03
2.081215611614659267e+01
4.832674477271548881e+02
1.967227798333295823e+02
1.150854592631570085e+03
-6.116120882167321042e+02
-1.379644552606603384e+03
3.332962384016682904e+02
-1.706046501258254011e+03
-6.676220217229296168e+02
-6.866284773322900037e+02
-3.228124077604730360e+02
-3.764461567798920214e+02
9.485990172605730777e+02
-6.954901762521284070e+01
9.647209451442245154e+02
-4.783626467869332259e+02
-1.507613594823511676e+03
-1.250860369424859186e+02
8.152061150787770885e+02
-1.014979404657455234e+03
-1.007478303221138276e+03
-1.474453298486046378e+03
-3.795731058703652252e+02
8.111338759936782026e+02
4.604558969895833798e+02
-8.185850620136061480e+02
-6.119602962061248945e+02
-6.309182889386895567e+02
4.033434080976658720e+02
-4.548417809260817535e+02
1.033357793884825242e+03
9.427904071114525664e+01
-7.726575782882927115e+02
5.065157351346491055e+02
5.890013602138074020e+02
3.084967838469787011e+02
2.102211292321701990e+02
4.186042318312308907e+02
9.552515882428003806e+02
1.232574732841123080e+02
9.187151186290196847e+02
2.803701940446335925e+02
7.780098915550079255e+02
7.980903207246311695e+02
9.177481921972918144e+02
-9.373932857277604569e+01
4.346477265222240476e+02
-3.512278153576206563e+01
5.151284846189527116e+02
-1.694945801081891190e+01
-4.763410382444984066e+02
1.573917418283540925e+01
-3.320762289824847358e+02
8.806964535874510602e+01
1.319559604004161315e+02
-8.193349805676531616e+01
3.932275735944767092e+01
4.139654725365799095e+02
-4.021069026875420782e+00
-1.062328539939420125e+03
-2.755235441438835551e+02
3.795483070870122333e+01
1.512442662827826112e+01
8.012821463819046031e+00
-2.884267017235784465e+02
-1.544832411444160982e+02
-2.877189798995389651e+02
5.970409567904015802e+01
4.158659269248686883e+02
-1.471603327375251524e+02
-1.210864429429405504e+02
-2.477480387389845475e+02
1.589363385394368038e+02
-1.635195466604204455e+02
-2.028346372323137530e+02
3.086229001565872565e+01
5.682475880213620485e+02
-5.321452702933132883e+00
4.702921690528024357e+01
-5.324772291906772637e+01
4.806326053967329131e+02
-6.436228163036018941e+02
3.375371042016728751e+01
-1.261347888943621598e+02
-4.551161499125366561e+01
-1.398753800635351752e+02
-3.370637397698976088e+02
-4.603408806229592187e+02
-4.250634206050295347e+02
2.426285974175282263e+02
7.806831522747772567e+01
3.830457956317670210e+02
-4.783865914299808253e+01
-2.282686849143861423e+02
-9.605047088569305913e+01
5.770438425102812516e+02
9.114012725753998723e+01
6.939001123019104398e+02
2.365581386229430336e+02
-1.280714992709966005e+01
4.323713608212156032e+02
1.598129060002246149e+02
-6.992452697796381926e+02
2.012617425567515852e+02
1.582122322537484251e+02
6.634158797834002996e+01
-1.875642244103945870e+02
1.160732799965822323e+03
8.203747509857301168e+01
-3.403694079987778878e+02
6.473079654184192577e+02
3.693449520053465562e+02
-8.295139610830133847e+01
-1.179712480866783721e+02
-9.916488426315898153e+01
1.327961084313733977e+02
1.213152908697332890e+02
-2.211799527208862344e+02
7.042851350383467661e+02
3.114549697600645572e+02
3.793295925322968856e+02
1.007214047680091795e+02
-6.226037626036497841e+02
-4.673081543348833122e+01
6.369687944364136456e+02
1.358614765952772530e+02
2.860795995925655006e+02
-1.609206505422267810e+02
3.633433346598638423e+02
-1.347863655927670656e+01
-4.150254305422886318e+02
-1.269516249245188249e+02
1.949561801253493343e+02
4.882249526359019001e+02
2.815109877743799771e+01
-9.215743501431048799e+02
5.983197936012516038e+02
-6.140093234663298460e+01
3.161203545823624950e+02
-2.205478849078572523e+02
2.248256135399625464e+02
-2.988780475314057412e+02
2.184782333417215483e+01
2.847941969156877349e+02
4.926127392613496454e+02
5.332277002382580804e+02
1.732987258614622874e+02
-6.398726111964780330e+02
-7.044631522774642463e+02
-3.627093565824782218e+02
-1.765496235378930692e+02
1.603668656910257653e+02
3.166319414977137399e+02
3.621404826598790692e+02
-7.671761659507454922e+00
-6.857695369712656941e+01
2.989825992127439349e+02
-1.610206800390573108e+02
4.072950727915083462e+02
2.710318958043043835e+02
3.082041999394892287e+02
-2.457263559566979723e+02
5.571130264937241350e+01
-1.874134147982292120e+02
-3.737453383877727333e+02
1.156122565822426509e+02
3.958895795436740173e+01
-6.900072306442444869e+01
-2.617598528121912977e+02
-3.234537311903650902e+02
-5.059726923080156524e+01
1.015993969134463555e+02
-4.223090821324343551e+02
1.232629460365789811e+02
1.380383901630592334e+02
6.131478655445626202e+01
-1.789814518627303812e+02
-1.679488140098465863e+02
5.688540992985780349e+02
5.285496502147095299e+01
8.355801607844507828e+01
1.250682266840304919e+02
-2.656181073161010318e+02
2.078825863985712203e+02
-8.567776877601856711e+01
4.341600526135809446e+02
-1.550924015742215829e+02
2.727985562166619502e+02
-2.433739049821638503e+02
-1.164119242854417102e+01
-3.504142457385959801e+02
2.145792166726833159e+02
-4.035426105532742724e+01
7.014453490175024797e+01
-5.404946877362341411e+02
1.957858558653756234e+02
-5.180932076363475289e+02
2.045616400574523084e+02
-2.746754989883918938e+02
-3.476580488186760931e+02
-1.705929542498468265e+02
-9.759559928439484793e+02
-5.435713119229794756e+02
-3.462062541659462340e+02
-3.213416538208330735e+02
-2.909212809741956107e+02
-1.607020090322936881e+02
-2.379096152677848863e+01
-1.309503981203140768e+02
-1.661792998380114739e+02
-7.707516169801451156e+01
-1.667612539647257108e+01
-2.465625780820822399e+02
-4.368939009561857745e+01
-7.621845587446711079e+01
1.429414758561426311e+02
2.262890417499479412e+01
-4.160604962402111795e+01
-3.964993636952685279e+02
-5.031736771749775130e+02
5.189170582041898427e+01
4.440444763544074362e+02
-3.279046683838905665e+02
-1.922538145550929300e+02
-2.861520098267212120e+02
7.031144131803631581e+01
3.776269137923250128e+02
2.296421130824622878e+02
5.540644648312695608e+02
4.917493309155868531e+01
2.878042172123475666e+02
5.924259214783763383e+00
-1.111809110331680870e+02
1.221512597107651033e+02
-3.430026320740582833e+02
3.471474665332932545e+02
7.151666143065716597e+01
1.462121519868544226e+02
-1.756407388880302562e+02
2.784228893040379376e+02
8.895761159932285977e+01
2.077300232160413600e+02
2.389025454768911061e+02
5.252778279806666433e+02
-2.602384557576896995e+01
2.095504412206641476e+01
2.001373335860955933e+02
6.662981249214061563e+01
4.177107497947901749e+01
-4.574792043580685004e+02
6.706226910159732313e+01
7.155637639356216084e+01
1.422884995447112715e+02
3.251541864978201488e+02
-2.218389507078129554e+02
-8.084513070391601275e+01
-5.558945900286623782e+02
4.644254600060127700e+02
1.950279416393677323e+01
7.844091468932936095e+01
-8.413372167660870105e+01
-1.488977879339353194e+02
1.562035843555678412e+02
-5.136289444333118581e+01
-4.066941919510595653e+02
9.384857966185082034e+01
-2.367244787064378500e+02
2.666810948403522161e+02
3.367714887137901769e+01
-3.812780862295308282e+01
1.868453785302326651e+02
7.579302675061811101e+01
-2.611636811931013540e+02
8.548351533985599815e+01
-3.618709485214171764e+02
1.374803380415761467e+02
