-3.703426818784762872e+03
9.544502285672668904e+02
1.696286170097070283e+02
6.135730050603614472e+03
3.792307124714784550e+03
-1.048037694773227486e+03
1.986774865657175496e+03
2.724519098087071143e+03
9.657018480625017673e+02
8.985647144551074916e+02
3.764867654354978868e+02
-6.053549323469179626e+02
2.064106296821377782e+03
5.283813790504754024e+02
2.208372673703837279e+02
6.591500153085191869e+02
9.768155568818204983e+02
6.162284015636365808e+01
1.165028076702586304e+03
7.327860275242244370e+02
2.006806951151459543e+03
1.853797306002245023e+03
-1.491082952457958754e+03
1.082896056714339238e+03
-1.454178060682767864e+03
-8.651374136194442599e+01
-1.267475846835559423e+02
-4.654839554180479126e+02
1.073167405373466181e+03
-7.638099869700284898e+02
4.412182731168680334e+02
-9.696832536489773702e+02
-7.144921131632670495e+02
-7.024718443029295258e+02
-1.231791254328270270e+03
-1.157926834838172454e+03
6.722176757730850341e+02
6.720368846511556740e+02
-1.727993767839966779e+02
7.246490699710176386e+02
-2.312222041296714394e+02
-1.498690591661160170e+03
5.857478239189910028e+02
2.194880505938403530e+03
9.235603508898533391e+02
9.152016454330962461e+02
-5.318248256398893545e+02
5.290101754187483039e+02
-9.838789719286204161e+01
-1.468173076138834965e+01
2.547763615994538782e+02
2.960566914136979904e+02
-1.103053278021651977e+03
-1.019541336217896799e+02
1.570188918891853689e+02
2.230657998598898075e+02
9.838371857407221341e+02
-2.131451177460833435e+01
-2.536913556297608618e+00
2.731556213882710722e+02
1.610665691328331945e+02
-1.255746303186880368e+03
-1.444059897981205438e+02
-4.832593671101228665e+02
-6.705815780273774180e+02
3.326919768529151042e+02
4.062620214960647331e+02
4.941257941262994109e+02
-1.022856028697858619e+02
1.135532071279588848e+02
1.737713811447984256e+02
2.551871838180738905e+02
3.356476016678510632e+01
5.015202426487336425e+02
7.350226401435062371e+02
-4.255377481152605128e+02
-2.889404742641546022e+02
-9.320037812296222910e+02
2.286305830474123013e+02
-5.048911882729805711e+02
2.805783256999111472e+02
-6.442515765841033044e+02
-5.181408084807723071e+02
4.012904033422624934e+02
9.342516187947123854e+02
-7.622564749846928578e+01
-5.925033438510300812e+02
3.539118379019682070e+00
7.775732427003268299e+01
3.739008574717988154e+02
5.601873676861252989e+02
-5.134493519226251692e+02
-7.055131905154449434e+00
-2.959048064701709677e+02
8.168627552054811076e+02
-1.956416769459797820e+02
-5.148794619738023357e+02
-6.511561481714149124e+01
1.082686744756783526e+02
-4.932055561554836913e+02
-9.929534948735160071e+00
1.464282987057568342e+01
3.864365444360451107e+01
-7.938680576457096549e+01
-7.287874580251902046e+01
1.055288906944818308e+02
2.103419198750192436e+02
9.618158964463788152e+01
-1.551896333803397567e+02
5.606429029367504882e+02
-2.201053839744812990e+02
-2.510072219834980700e+01
1.916831981502597557e+02
-1.231246566151979209e+02
1.288825209821346007e+01
2.305367064177342229e+02
-7.419649736246740304e+02
-6.971597950900506930e+02
6.089154239340436447e+01
8.060036977539763825e+01
1.259605130490310358e+02
2.205106256715243092e+02
3.394142235550385323e+01
1.264657356402605970e+01
3.978081186289752509e+02
-8.892331434426371572e+01
-5.051139823966161657e+01
5.018494429016146796e+01
3.611512359095225975e+02
1.178152846123089148e+03
2.213976560676842666e+02
-7.830237193686976980e+02
-9.374553284265213051e+02
6.282939381466883333e+02
3.655536500472305761e+02
-2.080164272780200463e+02
-1.785363989712012653e+02
-2.977642300702365787e+02
4.155491370416870609e+02
6.625868920482206477e+02
-1.731169395625236689e+02
3.216187203379635093e+02
-3.584188983161265583e+02
7.426505311976674193e+02
-6.800711403973660936e+02
5.154362556516117593e+02
3.474117699193547537e+02
-2.393440531413150438e+02
6.056029301562713840e+01
7.177109458494818739e+01
-3.807275806456788132e+02
4.421375523240612004e+00
-1.541956619384312432e+02
-1.990846846728831565e+02
-6.571336766969861287e+01
-6.554195626156369769e+01
-2.348223304616882388e+02
1.075712106356561009e+02
-7.705138623642849893e+01
5.288095207436332430e+02
-4.995874391258560649e+02
-4.530887219957023859e+01
-4.250123747786170156e+02
1.225361952862298267e+02
-5.380445371571584019e+02
1.730708307950482094e+01
-1.691598174144603206e+02
-4.182398504913204533e+02
2.652992726864558222e+02
-2.293209478941876682e+02
-6.844457775990902881e+00
5.165139417061424183e+02
3.782822848458177987e+02
-1.767120703173807499e+02
-8.089890138615210446e+00
1.772667959342454935e+02
-2.787104546217227607e+02
-3.457927176712022401e+02
-2.799610989241210177e+02
2.055629441888377187e+02
7.833568801989335384e+01
7.726733384437419261e+01
4.035281144183971946e+02
-9.684647887658091747e+01
6.167954078291089814e+01
3.228275094215640024e+02
2.190992963865215515e+01
-1.324429270077166487e+00
-9.646765616058142712e+01
-3.057805947598547505e+02
1.634441733563417998e+01
-8.527789726227673555e+02
8.875940854069476416e+00
2.775967093764155607e+02
1.129641631507306556e+02
-2.441060285718422733e+02
1.939935426851472755e+02
-1.325878160419303242e+02
2.784733796909347916e+02
2.365258994667751935e+01
5.342706600083479884e+01
-5.529048688727846894e+01
1.564595307311098793e+02
-1.797709883992064022e+02
2.590684235424525355e+02
-2.036349112605886802e+01
1.080781427773737313e+01
2.910791605242890796e+02
2.206069236015162360e+01
-1.650251815504730075e+02
-3.323478323973397153e+01
-5.307666097045070046e+02
-8.776494973380860642e+01
7.372582188105383239e+01
-9.041215608999607412e+01
-4.383791392963620410e+02
-4.731448404070242475e+00
-3.745835914295472691e+00
-1.075203854626425084e+02
-1.425647306425109946e+02
-1.545011773723831254e+02
1.302287164181275330e+02
-2.793963521355822195e+02
-2.117395225689328129e+02
-3.158704373951837283e+02
-2.002388593530880030e+02
-9.705040929251531168e+01
1.110309151725888199e+02
2.808423868272904542e+02
-3.248197725441156081e+01
-3.048278397007836702e+02
-1.596018944323719779e+02
-5.640190066374399294e+02
3.182204594773168651e+02
1.160408552004705598e+02
-3.532285837874110825e+02
1.309568373824507148e+02
5.699221625928189496e+02
9.365786484089397845e+01
-4.194989463842902637e+02
1.260015195100340861e+02
2.158090389177650366e+02
-2.166591457059831782e+02
3.232573075665637248e+02
-2.581287392273951014e+02
-3.246252545842885979e+02
9.309488902233884744e+01
4.310881054136444845e+01
6.134529191172918416e+01
-3.355072949845321659e+02
-2.779338488344776010e+02
-5.697761025399326940e+01
-4.160576714791017849e+01
9.151466877767686015e+01
9.292185895449811994e+01
-1.873186302810169366e+02
-5.194364032068226606e+02
-1.671998965547037130e+02
-3.334216657544871509e+01
8.439375006136386048e+01
2.125810015343960231e+02
2.139259429737842879e+02
-6.096878214274628505e+01
-2.635800136891473926e+02
3.317136297666407927e+02
-3.069709571364073852e+01
5.158467286717079787e+02
-7.592957808510401208e+01
-7.328643787239582252e+01
-1.619476987774862664e+02
9.357581440891802060e+01
-2.125081691122139489e+02
3.039355122287445283e+02
2.586410136276527965e+02
-8.016448463939595115e+01
-6.481727089000376907e+01
-3.970304806494481653e+01
8.464853739958920187e+01
2.603373759076039846e+02
-2.572182690257455988e+02
-7.198807864290115788e+01
1.017970849055282372e+02
2.033268365010622460e+02
1.969172515057661315e+02
-8.097235887363538609e+01
3.214545388769934675e+01
-1.538915874289564556e+02
1.613715018638533252e+02
2.631145337348117437e+02
1.042298872543873216e+02
2.953244630000360189e+02
-2.416132680956184231e+01
-9.850195204699562623e+01
-2.270564590305336310e+02
-6.222529780054630919e+02
4.167303771953093872e+01
-1.224126312099407272e+02
-7.502076564652266200e+01
-1.306449512576566860e+02
2.718966080466681774e+02
