3.341237166034500206e+03
1.122534882455006709e+03
-2.244017853406486211e+03
8.479313976772845081e+02
5.184878549266294613e+03
-2.431295731444416788e+02
-2.160719470621542314e+03
3.001104345119355457e+03
1.058464086145302645e+03
-7.716863115054835589e+02
7.353927319946177477e+02
-7.014634472147428141e+02
1.442910038667860363e+03
5.367178077728735843e+02
-7.241787530226530407e+02
-1.168303870632081043e+03
-1.537735913493203498e+03
7.394025746320427288e+02
6.339987280105749505e+02
7.902902867139839600e+02
9.511070958092853971e+02
2.150703742184952318e+02
5.888554777749745881e+02
-1.278086359285985552e+01
-4.783478951575626184e+02
1.333193068224568833e+03
-1.530037958852496786e+03
5.995254404635412584e+02
-1.979265473247998557e+02
-5.639571616947731627e+02
4.275270564224748568e+02
8.885027974855698858e+02
-6.329561926662549922e+02
-3.800713509173659759e+02
-1.609424764411976639e+03
3.852232960291854624e+01
3.036976585444088528e+02
-1.737164858093300950e+02
5.057206577198832065e+02
3.114780367093488280e+02
-1.573507700193616472e+02
-6.354413274318916365e+02
3.226154188903370112e+01
-1.301426526541459907e+02
1.699536260411995841e+02
2.257081069900092132e+02
5.359760280326112252e+02
5.060430101586188130e+02
4.571781108334588453e+02
-6.754653858509255997e+02
2.104786621387965440e+01
2.715089284910567358e+02
2.397482432965293242e+02
-5.033371049923248393e+02
-1.787236526816712399e+02
2.964967088645526587e+02
1.479657921842846235e+02
-7.214681706304087072e+01
4.647647032485716636e+02
4.698448346445356378e+02
-2.068652393303317183e+01
-5.717346384208320131e+01
-1.021689246745234954e+02
-1.164279665726826209e+02
-4.034425159710476692e+02
3.790561816644777196e+02
-4.943236071837831247e+01
3.597986237334566226e+02
-8.541139177125917570e+01
2.029873862588855786e+02
2.390591363019045446e+02
1.230041570316321753e+02
-4.021851422367171267e+02
2.946889661439024621e+02
4.559443212616436654e+02
-4.395599788267297185e+02
1.285120587728210069e+02
-1.826186680590870992e+02
1.524591753454199363e+02
1.887253984756278271e+02
-1.025391320771536954e+02
1.945939441966234256e+02
1.369894304803968339e+02
-7.654184364681724162e+01
2.302771890789151144e+02
3.194696086119060965e+02
-4.204027178481814531e+02
-1.199259460326757960e+02
2.996972403643856069e+02
-1.368883562678354622e+02
6.465456866295362488e+02
5.783350799395852171e+00
-3.977275317219258568e+02
1.224741455300291619e+02
1.027606710708546274e+02
3.077580177999911015e+01
-6.127354165208748427e+00
1.039040969459143895e+02
-9.727381605616825766e+01
-1.776844858063074355e+02
-3.902123373359701759e+02
9.037046684350627856e+01
1.029793513787018924e+02
-3.633585971360329268e+02
-1.840139725328344866e+02
-6.377895227920363119e+00
-2.463510558666067425e+02
2.909883648231247477e+01
6.299087503032567525e+01
-2.920623197161080498e+02
3.294367956162066946e+01
-5.943763211814476222e+01
-1.605822214000940562e+01
-6.468967800315770944e+01
2.521900074679575425e+02
2.060867738488851728e+02
2.233623662640362895e+01
-1.603818032421830253e+02
2.024784781280092147e+02
-4.607188227747140985e+01
-7.510895690775365097e+01
1.905841139801947293e+02
-7.488661909889827939e+01
-4.153190851938916950e+01
-1.599675426464203269e+02
-1.594335636932502496e+02
2.654464206184907766e+02
-1.287523317885780116e+01
-4.185959493217647491e+02
-2.652335286399469183e+01
-2.074125092679657101e+01
-3.176371101321789183e+02
-3.792990669850627938e+01
1.876940970728574314e+02
-1.414738951424490381e+02
1.656351762293612069e+02
8.414091308200242736e+01
-2.416473069292617026e+02
1.507943996521161978e+02
1.295318291086774138e+02
-1.287912725720790377e+02
-5.212931130369498334e+01
-4.032274815762859532e+01
-2.465648616758865614e+02
-1.686390630322361233e+02
-1.662016530467934103e+02
1.104615326480868021e+02
-2.226151943558110702e+02
-1.001392697982055466e+02
7.857026670489902642e+01
1.431519902273570040e+02
2.472070433083731587e+02
-9.381406226020418160e+01
-1.129574785411941917e+02
2.354170094182129560e+02
5.058931291383911599e+01
2.104646153110543594e+02
-3.856698710995460999e+01
-4.007985105343599486e+01
-1.565266052865477242e+01
4.607243559253799248e+00
-1.838901896207849518e+01
-4.661567331344286202e+01
1.535836413125150273e+02
1.896233059305334052e+02
-1.140812619583628873e+02
2.497820485238412687e+02
-2.578395543371213421e+02
1.279075839915842607e+02
-3.066163249205800057e+01
-2.370771564370903661e+02
1.178968143554190107e+02
2.336889454302479692e+02
7.888064376742823924e+01
-1.881264824119216428e+02
2.383678078031722691e+02
2.170818312806945016e+01
-6.929064337821944974e+00
-1.132837137503320264e+02
-1.355033278329542554e+02
5.383971784403718885e+01
-2.701431346170612002e+01
-2.813190526200412123e+01
-8.490101046418868691e+01
-4.894410252739978517e+01
-5.284604126508646971e+01
1.249085517253728312e+02
-1.130102082495576212e+02
-1.914492297230700331e+02
-5.536428423810516364e+01
7.696757429215582924e+00
-2.396566043933438266e+02
1.576435705808696923e+02
-6.491271678676427825e+01
-1.028899815946832206e+02
1.590441567659725592e+02
7.883515997086428229e+01
4.930513275783722094e+01
1.409376072558874426e+01
2.896476623204845779e+01
-1.301721948255607764e+01
-1.447041010367208855e+02
1.814432066553168283e+02
8.861456732295654604e+01
2.725358466010157343e+01
-7.145205633503614706e+01
-7.769092785082287378e+01
6.885178210613842964e+01
1.789727136479021681e+02
2.788537503203594881e+01
1.016148502442658597e+01
-3.259430269089452281e+01
-4.064824525088129192e+00
-1.671341893770351703e+02
2.140507259129448059e+01
-1.926944099962312862e+02
-6.270418639399748173e+01
5.696067117578368588e+00
-3.375191422702146582e+01
-3.156785439185981090e+01
1.228746362611592531e+02
2.210371734079506822e+01
5.303621578096582567e+01
-2.599414682619381978e+01
-3.200624580701380069e+02
3.732089827793318104e+00
-1.648624884118325156e+02
-1.782463772201773224e+02
1.175483899423696528e+02
-3.839902858578505374e+01
-8.128973202737411441e+01
-4.138952176719228504e+01
-7.002115481016655707e+00
-1.106869766115980553e+02
8.833511095187333240e+01
-1.190471124390893642e+01
-7.697842827717778391e+01
-5.844105715811011237e+01
-9.880124004061703147e+01
7.198265417127037047e+00
-1.771503312455269707e+01
-1.789226452186295546e+01
1.602164615261197014e+02
6.181772462538914681e+01
6.493804691940468388e+01
1.946254774500488227e-01
-1.574853715634409639e+02
-1.996481830867817919e+01
2.436555248503392335e+01
-1.682925348607798810e+02
-7.978566243863099317e+01
1.307496599006170470e+02
5.136047166562234878e+01
-4.137610404798439134e+01
-1.525937519098869188e+01
2.970513227519048272e+01
-7.592895195911552264e+01
2.569125313456720860e+01
7.308319558572496533e+01
1.041321193636169795e+02
1.883746424923993459e+02
-9.395344557617239900e+01
1.366082903907734547e+01
5.761881450169293650e+00
1.566257717702318644e+02
-6.358169723839733223e+01
5.188151563174249503e+01
8.904006046147095788e+01
-9.938694626944874244e+01
2.372990967122737516e+01
-1.307797961037994128e+02
5.983265274945696888e+01
1.015593080565376738e+02
8.322734487684516580e+01
5.115872690464068739e+01
7.941295537618112022e+00
3.255860941618954740e+01
3.011367115925700944e+01
-1.763616749840422271e+00
1.518362318674281255e+02
-1.074254652847076699e+02
-8.878376613403527529e+01
9.225593685434641600e+01
-4.270325541247545686e+01
-7.638935700698726805e+01
2.061608662589893299e+02
8.371643333627549310e+00
6.367063561956721429e+01
-6.967568075369928238e+01
-4.052499255856789517e+01
-6.141141490013075810e+01
-3.076763589230779417e+01
5.086128572754220301e+01
-4.594486124943627203e+01
5.999380647063389205e+01
-4.236594258176695860e+01
7.816998996284393542e+00
-1.030152241309771313e+02
9.651288581570725000e+01
3.999800066988594693e+01
