2.915616653233448687e+02
-9.417306032599098842e+01
3.326314711716125885e+02
5.803287664550166483e+03
1.243529883241179050e+03
-1.928977484219768428e+02
1.900238064049659897e+03
3.030855128911268366e+03
1.208154191313894898e+02
2.755435080504028974e+03
2.147705498545154569e+03
1.779868346125486482e+02
9.198629237089470507e+02
1.672765239890056591e+03
-6.378039194957108293e+02
-1.121378059043423036e+03
9.055760821858764302e+02
6.214957897444911623e+02
1.741930443573411139e+03
1.156208921030179908e+03
2.640046399950400428e+03
2.230274030505082010e+03
-1.350691333787741996e+03
3.123286005092458709e+03
3.145618023817716562e+02
1.977202480142707941e+02
-9.200751378707902859e+02
-2.238006039870217876e+02
-6.302125131679973720e+02
3.877559277849280761e+02
4.796976054290971661e+02
4.506978986036687047e+02
-1.743027981232260345e+03
4.609947013763124346e+02
-7.582086176420953052e+02
-1.138329952043520507e+03
1.520791742537742493e+03
-8.610462635459286957e+02
-5.650679463151931259e+02
2.063185271830758666e+03
1.103900840861509778e+03
-4.772457180823764702e+02
6.431265665283646058e+02
2.394890355171895408e+03
4.772215559682012440e+02
1.309878473918294503e+03
-7.297639995755687323e+02
-4.170127078667376708e+01
4.578411186578740910e+00
-8.676601117148366882e+01
-1.101188145481705078e+03
4.745268121494121942e+02
3.510467665347142656e+02
5.258094667084696994e+02
-1.135667779705055864e+03
6.282058910459692243e+02
1.481699890059431482e+03
4.944250941431151887e+02
-3.678394753396662509e+02
6.413003205165647387e+02
1.578307996490653125e+02
-1.938914125398324131e+03
-3.811742186709836915e+02
-4.909065060261962685e+02
1.481854620271427052e+02
6.712029829369161007e+02
8.376094401562785379e+02
4.500563563092959498e+02
4.371903599910960452e+02
-5.306921010739614530e+00
-6.760289987488502561e+01
1.152667642877221397e+03
-5.123789807852838294e+02
7.456450145304404487e+02
7.867530281256002809e+02
-7.509175388549874697e+02
8.052402508520949596e+02
-7.770853714182570684e+02
1.893148840851213777e+02
-9.054298268805092675e+01
1.302420159688242620e+02
1.314080561889757348e+02
-5.036213092234025623e+01
4.133789852802360087e+02
5.513576316138561424e+02
-3.447112961372102404e+02
8.666127132578891690e+01
-3.718100983778056730e+02
1.875771357523715039e+02
2.683376141296642814e+01
-5.445807357358034295e+01
-4.676702237829779278e+02
-1.596646975004273372e+02
-6.427413508125576982e+02
5.358696177025418592e+02
6.740778458758225611e+01
-1.555639232175744837e+02
-1.934264774422065614e+01
2.538828123897474711e+02
4.384767134528898680e+01
8.044443610255838450e+01
-2.667191629484351552e+02
3.028233826465931315e+02
-1.186813136684121162e+02
1.792270307743094122e+02
-5.051803561405242817e+02
5.766716269984969756e+01
3.201684870618025798e+02
-2.566600845117948779e+02
5.333580894409420807e+02
-6.152650235277249067e+02
-2.242886933881768243e+02
1.211749104322587414e+02
-1.300934676224632653e+02
5.340928250567971247e+01
-1.264101408200647256e+02
-9.381911128342123902e+02
-5.479621741027832513e+02
-2.011425344611397463e+02
1.590964685037608888e+02
5.480870707051075641e+01
5.319939197352422298e+02
1.166032484223882477e+02
5.120476959481017332e+01
3.434325553510392410e+02
1.264713873725091986e+02
1.880097104773580838e+02
-3.879342546025961838e+02
6.830107321979677408e+02
7.955095797619163704e+02
-1.968449665962854169e+02
-3.072587991957205986e+02
-8.368562663048822969e+02
1.528447535355527123e+02
5.498969670541565620e+02
-1.012971881103469087e+02
3.501318820174291204e+02
-7.807947753046387618e+01
1.687142466265684106e+02
4.002468471950610365e+02
-1.250681630799333810e+01
3.607336959603226205e+02
-1.992839137577296356e+02
4.311376051457686458e+02
-6.303267386076280445e+02
3.643321046924192501e+02
2.090580729876632518e+02
-7.481564343865532862e+01
9.651642686507382507e+01
-1.683301975941278528e+01
-1.348889571150600659e+02
-9.903623511674121005e+01
9.740626538447715532e+00
4.306852946926267123e+01
-3.530271320334308029e+02
2.069127629155923103e+02
1.769798075214724236e+02
1.805032732512133862e+02
-1.411161069936221111e+02
2.892651584686673800e+02
-3.531808633583675032e+02
-4.172269179320429657e+02
-4.991135633717618134e+02
2.359685535600432047e+02
-3.685520052422255617e+02
4.827515837570624058e+01
-1.996534518423199245e+02
-1.118156062781669533e+02
3.575487387225412022e+02
-4.099093755400189139e+02
2.552661526699078536e+02
1.764775190045745603e+02
4.211498481500045159e+02
-1.288319536934858434e+02
-1.915123197101970334e+02
4.267497308378213461e+02
-5.041809145422060965e+02
-7.947105518534537794e+01
-5.470258191565189776e+01
-5.645355221760027575e+00
3.378126405547087074e+02
-6.970493870182401963e+01
3.413028663178894249e+02
-1.570724689205596292e+02
-2.636459458857256521e+01
2.733592818096208816e+02
-9.594514647884855663e+01
-2.034783396498623631e+02
-3.683833069261104924e+02
-1.603401506284533866e+02
-9.474546638656111242e+00
-6.634932029351023175e+02
-5.785604865783837170e+01
-1.161618738582675263e+02
1.125932512424484777e+01
-2.579799131473861848e+02
7.360672214104306477e+01
-2.404679919058350492e+02
2.897093795879311529e+02
2.437730868775130091e+02
2.811319516048201450e+01
-4.945048955935456547e+01
4.760986804074703969e+02
-2.047005938742241256e+02
2.099933963230245979e+02
-1.182027833531156062e+02
-3.725787321587779388e+01
2.583998025850124236e+02
1.181967041356453052e+02
5.269436789724424841e+01
9.987591994945056229e+01
-8.380933102662388023e+01
-4.452609587206185893e+01
1.413276362132146176e+02
-2.841212488939211198e+02
-2.030748242745061987e+02
-8.047431218820031518e+01
2.166747441466554847e+02
-3.842165019776343229e+02
-9.983778980997412233e+00
-2.003373565679758030e+02
1.904439700726656213e+02
-3.612544695955206748e+02
-1.228277842640071782e+02
-4.732996278290146961e+02
-2.621904034910915016e+02
-2.126132219787900794e+02
-9.213285887600696356e+01
1.287117501924110456e+02
1.288072277065898419e+01
-1.526166813828688760e+02
-1.028935996352255700e+02
-4.633479333082026983e+02
2.032438528844749897e+02
7.728675562471588023e+01
-7.993104318237109851e+01
-2.318488832792994856e+02
5.404594402282269812e+02
1.262004187496575298e+02
-4.350761008839317014e+02
9.960943007781206404e+01
3.651178248183533697e+02
-9.362621825036782752e+01
1.958288178703574260e+02
-2.673926408315879257e+02
-2.264728791589013781e+02
-1.018341295113099676e+02
-3.906992716428268153e+01
5.647828063098057960e+00
-9.649477872956003921e+01
-3.726819736787934545e+01
1.943709340665967318e+02
1.181498546061192485e+02
-3.586986057710287241e+02
1.278469817387040166e+02
5.494527844573457998e+01
-3.201322601743121936e+02
-1.819841097079534222e+02
-1.026503153167945896e+02
-1.324446122015240519e+02
2.583805442245605946e+02
2.668588464710764470e+02
2.524215388504997648e+01
-2.194515055152105845e+02
5.308653443708917621e+02
2.173696614052431642e+02
3.045607843214451123e+02
-1.828790899706765671e+01
-2.534978220304215029e+02
-2.452176054601273734e+02
4.432036865575296503e+01
-2.447058335215662339e+02
3.473032794359705804e+02
3.545709868952056922e+02
-1.344384717017289290e+02
-5.615976508794168609e+01
-1.634864989819793379e+02
1.998874182576072371e+02
1.551990691911003637e+02
1.047935139143134791e+02
-1.106059636287140648e+02
1.414949490302900585e+02
1.891659223983037919e+02
2.724526523991821136e+02
1.741352216284622330e+02
3.515899742060692574e+02
-1.632670584968184357e+02
1.963518731067462966e+02
-1.151964559334470408e+02
1.356522142381711831e+02
2.999858115743102189e+02
5.586271410963399831e+01
-6.073599537176266949e+01
-1.024175100110188197e+02
-4.862491567839643380e+02
-1.457498228732982852e+02
-1.313256542640660030e+02
-1.116059941984455719e+02
-1.222479781987205172e+02
2.682266428756029200e+02
