-2.358520485466203354e+03
2.860948594809220594e+03
5.964727361846338454e+02
-2.284585720860846777e+03
-9.253726526965557468e+02
2.318351517761595460e+03
7.299134924093370955e+02
2.580701959954878021e+03
2.539095764445406076e+03
7.638980452428594390e+02
2.067154025520284904e+03
4.072135697565609291e+01
-2.586399263159150905e+03
1.113897560630493672e+03
7.031347172382353392e+02
-7.194563399099519074e+02
-5.272275164349255192e+02
-2.255412358339309833e+02
3.850223024165251786e+02
-2.201154469105855753e+02
-5.781419459037202842e+02
6.195190634980586992e+02
6.788302837002946717e+02
-3.989270622358254741e+02
-6.325632064454480741e+01
7.071333025121627998e+02
-3.774372663020023424e+02
2.080879212864651606e+02
-6.301666173639848694e+02
-3.180739767297937419e+02
1.575504863615709382e+03
-2.285544193337607339e+03
4.614967358144502327e+02
1.126336758192127490e+03
7.350270885709730919e+02
1.558095591637277948e+03
1.197135883413195643e+03
-9.485655834668738180e+02
-5.729654108259086343e+02
-9.149095979493735058e+02
-1.446985713444767953e+03
5.990549957276191435e+02
-1.323677845674474156e+02
-5.674589907523161401e+02
-6.131669825089566075e+02
-7.673111779516841580e+02
1.439063893884274421e+03
1.339016764793325819e+03
1.241878943325823684e+03
-2.373491741812609632e+02
-7.750587360445219929e+02
-8.763612816527226812e+01
2.188506485058802014e+02
-2.572192426862708885e+02
1.250796611418478278e+03
-1.062588740929317908e+02
-4.504802453463374832e+02
-2.765508692672000848e+02
3.422481603571324627e+02
-1.738467005177556928e+02
-1.133182396538506964e+03
2.724907258123056977e+02
1.207634500716598041e+03
1.608055614025790092e+01
5.822086816570568999e+02
6.116965081895897356e+02
5.710617089599984411e+02
4.459379054791270391e+02
-3.532007720812299567e+01
4.938754558182168921e+02
-3.598743370025469090e+01
-3.687281223877323555e+02
-2.898570634049477803e+02
2.765094788833382609e+02
-9.948833023785091427e+02
-4.814247389132009403e+02
5.066448337608356667e+01
1.289828631727843629e+02
8.054232481342704659e+02
-4.563060342301855599e+02
-2.339756733162942055e+02
6.604930738069384688e+02
4.162767775178072043e+02
-4.368105505876819166e+02
-5.499004042440443527e+02
9.958037862613413438e+01
1.869041272231972926e+02
-4.596534019034815799e+01
-5.614987135906699223e+02
-1.988013389071082599e+02
-1.064311589091671237e+02
-3.003084091488933609e+02
2.166443572719131794e+02
-3.013182377044470854e+02
-1.695463207772281748e+02
1.989358621600477477e+02
1.517050637121539012e+02
-1.331930912088577372e+02
-1.185550120169126984e+02
3.741751762597265270e+02
6.836801029933062637e+02
-1.211967504666236266e+02
3.215763642711933699e+02
-2.634121544752470072e+02
1.207042699089602991e+02
-5.263256561520308878e+02
-9.807894301838170747e+01
-2.833975204773970518e+02
3.237835062280563534e+02
-4.986336873191765449e+02
-9.447271025492852914e+01
-1.703901797555547262e+02
-7.704810268249967748e+02
-1.449354564710500028e+02
3.434805746713687427e+02
1.322315744217315228e+02
2.211827992554779883e+02
-2.511041971264692449e+02
5.730850161509164309e+02
3.850783833246246104e+02
-3.137936158481831939e+01
3.842032468447800966e+02
-2.720164693153584423e+01
5.119237937325251551e+02
3.156293768150271717e+01
3.635611891075080848e+02
-1.251379786551003548e+01
3.606185858546194254e+02
-1.157490579223324545e+02
-1.769818504710331979e+02
-3.324751997838935722e+02
1.201224905195883366e+03
-1.238689316416231812e+01
-1.836324044282219177e+02
6.252165043364432222e+02
7.668702930927155421e+02
3.820795883962587709e+02
-4.838320750585628502e+02
4.103559613300068065e+01
-3.641692633108118571e+02
-7.200534654679317725e+01
4.372395599101845498e+00
5.929738039563328584e+02
-1.543567192387870932e+02
-4.502532603170792846e+00
-3.173435134683736578e+02
-5.567744060041466128e+02
-1.482495668586839201e+02
8.554041647480427173e+02
7.995288704282287426e+02
8.286967903965967253e+01
3.293640356462353793e+02
3.745517966656819908e+02
-7.499683653373030268e+01
-3.640623085769954628e+02
-1.273436723734781282e+02
-1.732277164654802846e+02
5.086744574838828612e+02
3.155267684913085304e+02
-6.847205632246808591e+02
2.682066687036441976e+02
2.046504716588244435e+02
3.250895453367199934e+02
-6.302104932338647814e+02
3.274143742579349237e+02
-6.271421752317171467e+02
-1.540853500872298980e+02
1.293111718627081075e+02
3.525060302411775410e+02
1.902970032834459460e+02
-2.337050590767112510e+02
-3.486685240152611414e+02
-3.751692603506174351e+02
-4.247666105093455258e+02
-4.963848514504100535e+02
-2.814653037240390745e+02
6.389475855278368499e+02
8.528193809551822824e+00
-4.095661041418899373e+01
-1.281957499653557306e+02
5.531702559693443391e+02
-3.139776135797603160e+02
5.494604696608610084e+02
2.371791637955929559e+02
2.719296703734927974e+02
-3.720846403935407238e+02
2.017411474072085582e+02
-7.014793937641779564e+01
-1.607765199063588568e+02
3.213977899919286756e+02
1.386955525471007036e+02
-2.912354289146591100e+02
5.797608812016948576e+01
-4.154960993908626392e+02
-2.018971392429838261e+02
-1.274100258681946372e+02
-5.294828543458745571e+02
-3.953814390815741042e+00
1.585536627503818181e+02
1.514018696869143525e+02
-1.426510254750554054e+02
-3.398297400376227984e+01
8.632873878421373774e+02
-2.100686591121408924e+02
1.540153158997877938e+02
2.668889696382820489e+02
-3.258079152058593309e+02
1.292599855237495774e+02
2.187339878664456005e+00
4.198294476603132921e+02
-4.027591662571806523e+02
5.309067791881395548e-01
-1.203291661098307941e+02
9.025388784294943889e+01
-2.085066047764595396e+02
7.961744947808823269e+01
3.071856223308507765e+02
5.627072998587317443e+01
-3.829753187052540397e+02
-3.664767855586594436e+01
-3.526769580374885891e+02
2.575226676696307777e+02
-3.634626156906118695e+02
-4.926052374468220592e+02
-3.264940842546004518e+01
-9.108268731395370423e+02
-4.563773187693881255e+02
-1.532464091252763012e+02
-9.946240410306263868e+01
-1.840382878409390059e+02
-3.112390529010370344e+01
-6.319677206835660144e+01
-4.459124314903517643e+02
1.164043842283921322e+02
-2.962962869599527593e+01
4.072024566662706491e+01
-1.289876327439360466e+02
4.069487878003086756e+00
-4.615040450214051759e+01
-1.096268231938131095e+02
3.013114066876680752e+01
7.008242935653578698e+00
-7.545984020926123321e+02
-5.172605842637526621e+02
1.383713879399451514e+02
4.160284989504318105e+02
-3.616759743487240826e+02
-1.076208146912453003e+02
-4.110487311131481079e+02
7.090053002290619588e+01
4.814661796027436367e+02
4.761931345764811567e+02
5.300816577414398125e+02
-7.908669354061623835e+01
1.842845252376075962e+02
-1.654755313005252049e+02
-1.911212717465008737e+01
3.115769314244586852e+01
-2.522768606164726179e+02
3.753187611214336812e+02
3.153344403006591179e+01
4.490009833436319013e+02
-5.178893274715071584e+02
4.307110344203199475e+02
-7.992371404950043257e+01
1.943118938784114675e+02
3.174822778774544645e+02
6.197417552169462169e+02
2.494741027355603933e+02
-3.040195995235238229e+02
2.700047670906231474e+02
2.484098559057945010e+02
2.017803862909026122e+02
-3.181456562075818510e+02
-1.173949922071436021e+02
2.717945294152568181e+02
6.638346468696165914e+01
4.759359308432917715e+02
-3.734539673476242569e+02
-5.269354288078077531e+01
-5.872704795219810876e+02
8.112365742592099878e+02
-3.407072018362434562e+01
2.065228261361452837e+02
-3.156088952923501001e+00
-2.497995249273623841e+01
1.542044207480255693e+02
-2.514482620880727026e+01
-2.521178657505259935e+02
2.816467356215857762e+02
-1.753429138297266547e+02
1.079815548524527458e+02
1.507703851095057530e+02
2.755499193799891700e+01
-5.860471512524068061e+01
2.177510172252691056e+00
-2.265942752293107674e+02
1.344721731988869635e+02
-3.444227060879939017e+02
1.229213044126322529e+02
