2.205513491723906100e+03
3.792455111430492252e+03
1.972390906458410427e+03
3.714145835490254285e+03
4.824706449228534666e+02
3.161219270342046457e+02
2.239978705684809938e+03
2.175999337713421482e+03
8.901111084414084189e+02
2.279447045565991175e+03
1.340090492636076533e+03
7.982384055370581564e+02
5.792754315040764368e+02
3.642888054385829832e+02
-1.387483078201863691e+03
-1.578330680520940177e+03
7.948085438830394196e+02
-1.550450875269370954e+02
1.146992275071579797e+03
-3.030044947847556003e+01
1.295220905201225150e+03
1.822849755959544382e+03
-2.025760407453619337e+03
1.900401720847689376e+03
6.503287278987921809e+02
-6.583948918745339824e+02
-1.482455086144045026e+03
2.115510690834938146e+01
-4.587839274361734851e+02
1.509892273364220614e+02
9.951677019609147123e+01
9.938522601453602192e+02
-9.776370316738269821e+02
-1.420955413960321323e+02
-3.479796679845174481e+02
-1.293263551656660866e+03
6.872818165762500939e+02
-1.038449911269751965e+03
-6.591471323834208533e+02
1.183464371256580762e+03
1.535802685804366774e+03
-7.922546685371297599e+02
1.164399472795789961e+03
1.175052469038713070e+03
-4.050666713780189525e+02
7.568596425235255083e+02
-1.136794813276295599e+03
-9.401041248046042256e+02
4.613102996620288536e+02
4.812163966770206684e+02
-7.899325357559807799e+02
3.498648758139836445e+00
7.943692194175131362e+02
3.698812275497396058e+02
-8.656397031897527086e+02
8.909568909552626792e+01
7.891058600950221944e+02
1.522863804052336434e+02
-2.376479685260362658e+02
9.605810977185842603e+01
-6.956657670285957238e+02
-5.857760531405739357e+02
-4.007861051412917845e+02
1.364559295043710847e+02
-8.645952884258780102e+01
-1.605447049542987088e+02
2.498058947236502547e+02
1.985115904280410177e+02
-7.266504842018977683e+01
1.730639437381798871e+02
-2.490917144187615690e+02
2.642278611814625719e+02
-5.013461021972356093e+02
4.935055024654604381e+02
7.822034936641716740e+02
9.574530737689151749e+01
8.037188480193601663e+02
-5.068852669870663590e+02
4.879927976929813127e+01
3.710786581537863071e+02
1.443962223534184197e+01
1.224610262131568703e+02
1.061515088284421751e+02
5.193854669811386202e+02
1.981018423236317005e+02
-2.057287867478544001e+02
7.428193815619387408e+01
-1.948318911796365569e+02
4.150465221360445867e+02
3.259136495222775807e+02
-3.970985107399114895e+02
-3.388244793498453191e+02
5.665882644702888626e+01
-4.436864397011638630e+02
-2.290079368048795345e+02
1.572517774424001971e+02
-5.031842952183087192e+01
-5.714558840822321173e+01
-1.337131321421048256e+02
-1.876864241774466961e+02
-3.146736321816160284e+02
2.996188100871698623e+01
7.635498589196363639e+01
1.840647475201113537e+02
-1.070586075334138201e+02
-1.584723538288873002e+01
-1.237105333379896166e+02
2.099829998088957268e+02
-4.159841494126001749e+02
1.011811072612536755e+01
-3.106883004574315237e+02
4.634545442415571301e+02
2.955087624087137783e+02
1.741217622819931989e+02
-3.929303197577809215e+02
3.968836193216158676e+02
-1.119877507708487627e+02
1.558631662112503875e+02
8.006082372585190114e+02
5.785674700402331894e+01
-3.225841567844732936e+02
-8.627981581355362550e+01
1.870551429133073285e+01
1.880557471487877024e+02
1.560528740508023304e+02
2.725832207554955176e+02
4.056472147612493018e+02
2.358427250046494006e+00
-9.728320368409492858e+01
1.068507166970940858e+02
-1.419124243906976233e+02
-3.486217880159463078e+01
8.040631387319133694e+01
-2.751731144305385328e+02
2.948044021266746029e+01
1.405343336809443429e+02
2.012882915074279992e+02
3.543170802072828565e+02
1.831390957342721038e+02
-2.275210050405400182e+02
2.018408131265529732e+02
2.792402153236781714e+02
-2.157303400393433606e+02
-1.936076351497483827e+01
-3.048883379525273654e+02
8.386789107580935365e+01
2.780088164970239362e+01
-8.972375890694927136e+01
2.104932162893791769e+01
2.556150302593897550e+02
-3.021747028524197987e+01
2.975088408657655918e+02
2.938178912314280637e+02
-1.459856605673265335e+02
-2.068246012192929939e+01
2.766621527422272493e+02
3.232203144199695544e+02
-2.554736055885986730e+02
-6.033752545600702888e+01
2.825074801786731200e+02
-6.257084431855555806e+01
-1.552686694256012174e+02
-1.253493125253470168e+02
2.735978101066141903e+02
-1.220470640482584201e+02
-1.830287762473814155e+02
1.145634007163993573e+01
-3.110878086735166335e+02
3.741753166013308487e+02
-2.669563991126431688e+02
-2.840490954929149581e+01
6.457815485103324704e+01
5.201804199067137091e+01
-1.696548861682357767e+02
-2.653065799155424429e+02
-8.030863935281665533e+01
-7.530968177978300560e+01
-4.164916774220345275e+01
1.272916529450271241e+02
1.150977071338669759e+02
9.600306808459568231e+01
3.674401832465444073e+01
1.265386288079931347e+02
-1.759468009010381877e+02
-1.084243541268740358e+02
9.488495148425268155e+01
-4.011282660574986494e+02
-4.755767307245078257e+01
-3.117172197081094396e+02
-2.646001548207977407e+02
8.710799193655661554e+01
-1.771914479202433483e+02
5.477803627609875292e+01
1.306843311067627837e+02
-7.996357832815679956e+01
2.536436873813219961e+02
1.378936286581146362e+02
3.415218154329016897e+01
3.332702516630136813e+01
1.780029286891801803e+02
2.043622900813677745e+02
-3.161118312542658160e+01
-1.441601711675560082e+01
5.594931221734983495e+01
1.177718133263343105e+02
-1.403035568021624258e+01
1.123936599790411748e+02
1.542554235205192015e+02
1.211621684135983656e+02
-6.712310532428112708e+01
4.274113336803307561e+01
-7.790684780753315408e+01
4.288535351853921185e+01
-2.089488763067873833e+01
-6.767928985300659406e+01
-2.700160945256513401e+02
-1.328790029997369402e+02
1.413636382376035101e+02
-1.310338564837519471e+02
-1.355117941739658249e+02
1.696570584640120956e+02
4.196274432134553223e+01
-5.861820226372918796e+01
-1.293048269665273438e+02
1.338206587610431342e+01
9.456051586671781806e+00
1.021513839518677997e+02
-2.534689607048427433e+02
1.640913260134165164e+00
-2.225411469000098634e+02
-1.531544898331545426e+02
-1.220395365004959132e+01
-2.133001914041514624e+02
7.662330761036494664e+01
-5.160669678516276804e+01
5.181632290281972786e+01
-2.704746251875677672e+02
9.382811770331893797e+01
7.613304777588176364e+01
-2.522542524469922753e+01
3.679321217654926102e+01
1.044473003564783085e+02
1.266372682931305178e+02
1.358948191366581284e+02
-3.125989062307053956e+01
3.976823418314825176e+01
8.351562896579416417e+01
1.580242529328547363e+01
-3.689007498005853591e+01
8.395872997078568289e+01
-6.957866612663625006e+01
3.477042183921724217e+01
2.603059978570286503e+01
-4.454745415585702517e+01
8.320994139197112816e+01
1.544412926364542571e+01
1.278077551576691206e+02
5.418560035360013671e+01
9.437683343851438167e+01
-1.015785395959641022e+02
1.388848592126570338e+02
1.060897097968845344e+02
3.719697579586746627e+01
-3.874920663769464824e+01
2.128190699993542694e+02
2.191710877046128871e+02
-1.290723309035847244e+01
-3.957023316052863748e+01
2.046610191198869888e+00
-1.992788072402006776e+02
-3.245805741530363164e+00
7.655993031253895253e+01
2.539133699155294437e+02
1.331480314069108601e+02
-5.612806374201979054e+01
6.358790390122943847e+01
-8.405202136644521715e+01
3.992167879834715194e+01
-2.306417935480315506e+01
1.591807963387372808e+02
1.217931572850158695e+01
9.136773457135350895e+01
1.495088042367838455e+02
9.115683546501536227e+01
1.911837081421430753e+02
1.451920846122845035e+02
-4.442629519681243266e+01
4.682019853290743328e+00
-6.599665962808047404e+00
1.179904590783495077e+00
5.903706990403342303e+01
-5.680785579500258820e+01
-3.637643253040425151e+01
4.000311602455217752e+01
-4.074919632441670814e+01
-1.605774174670040395e+02
-8.234207910657319474e+01
-1.004506976777034737e+02
-4.705024425078750028e+01
3.917654350743569580e+01
