-4.111691161522895527e+03
5.130541946504858061e+03
1.121143800490424837e+03
-3.458283259536404330e+03
9.174025484375665656e+02
-1.783289276765616933e+03
9.226371998498557332e+02
1.903500453146923746e+03
1.580427619980269355e+03
-1.195575665363388225e+03
2.292203875628310357e+02
1.970784150585230421e+01
9.082447742386985965e+02
-9.162538791660620063e+02
-5.835446277005485172e+02
1.383093629478547655e+02
5.396062534890364759e+02
-1.017692378680667389e+03
4.388712863963183963e+02
-4.317887522123998565e+02
-1.746690681055181926e+02
-9.396806394163197638e+02
7.196667868005133641e+02
-2.625496649837011773e+03
-4.890632199638638440e+02
2.579169259438647828e+02
-3.887661537897046173e+02
5.192293096357277591e+02
-1.256448177422049866e+03
-1.791627488874345545e+03
-2.272387221039317495e+01
-1.081880599945085578e+03
-6.866809463985930506e+02
-7.938092710461390880e+02
1.236070404005645429e+02
4.734645073930250874e+02
7.190760437133263849e+02
-7.348290273645888249e+01
7.921488252770003555e+02
-1.284827681677543069e+03
-1.212979820710542299e+03
-2.310851705027860135e+02
3.366063310437306200e+02
-9.789179532589020027e+02
7.908436147553882734e+01
-1.065073507179442913e+03
1.353172055001845706e+02
9.775281122790763675e+02
3.815071392793387304e+02
-3.704109947042888393e+02
-5.056971199568128128e+01
-3.133408863928893311e+02
7.434811375830830116e+01
-8.550209920679870947e+02
8.630008662881847386e+02
-3.015364395511057296e+02
-5.837359564218229480e+02
2.596203916640586158e+02
5.203502260892227014e+02
1.319453290826879766e+02
2.969706097503611204e+02
2.763061594321493999e+02
9.033807627328368426e+02
9.496430996221077692e+01
1.039204006265755424e+03
4.473687541242303496e+02
6.964919691983333223e+02
5.229892140945972869e+02
3.640112540359712057e+02
-3.099855148394487969e+02
2.426132377918863199e+02
1.888442088320889809e+02
1.834490468013083273e+02
-7.346056020635681705e+01
-4.049559113712758176e+02
-6.355473976881643239e+01
-3.842554221174817712e+02
4.337914263942028015e+01
2.687683144583534727e+02
-3.614218544619179738e+02
4.921606265910428419e+02
4.804379248708796979e+01
1.021688918605911880e+02
-9.788877152643125328e+02
-3.289768017042402448e+02
3.506639048967789307e+01
1.029648468747616619e+02
-1.024203253149562158e+02
-3.521585847948728087e+02
-1.941088123125819891e+02
-2.899143488147471999e+02
1.359837902858555765e+02
2.782564630272254931e+02
-6.670147985695116688e+01
-2.244222838097437034e+02
-1.419868947111925479e+02
-2.748406968296039565e+01
-3.371920213276694653e+02
-3.603697711460317237e+02
-1.525831756318003158e+02
4.830086647908359510e+02
2.989622814467282979e+02
-1.542414407905771725e+02
-9.187239501674523012e+01
2.984886990211291504e+02
-6.857089767573831978e+02
-9.175277627240934919e+01
-8.423519671002651421e+00
-1.072898754558139167e+01
-2.747904310527692360e+02
-4.049463724826670159e+02
-3.801034793525170130e+02
-2.874548089200589516e+02
-3.006847919341147701e+01
3.639814099225944233e+01
3.177317114711807449e+02
-1.076004532725978464e+02
-3.752741020773227092e+02
-5.714952960750902378e+01
5.981564101301005394e+02
1.058578151469037607e+02
6.025643684027814970e+02
3.312315613521004707e+02
-2.103579494646035641e+01
4.975632807168011027e+02
1.668638232640150250e+02
-7.502056773679520347e+02
2.844150613169604185e+02
5.615104238108074242e+02
-2.832268976873944055e+01
-3.108681158420461657e+02
1.098913042733415978e+03
-1.948913051724283321e+02
-2.302425809641570709e+02
2.683856129509958350e+02
2.574666046457515449e+02
-5.629487620067989440e+01
-1.161224033278569863e+02
-8.574550487941115406e+00
8.965227967400088005e+01
1.310670958286113397e+01
-1.191756451263261738e+02
4.811925320223446079e+02
5.250390423477811055e+02
3.432058303874213721e+02
-1.285471344679106487e+01
-4.578649964089654532e+02
7.214170333919119571e+01
6.092797793131380786e+02
3.084382417961490574e+01
3.993493767841590625e+02
-2.016728726946471966e+02
2.282586448814579398e+02
2.038858840940272898e+02
-2.807752179122185225e+02
-3.266788900638051274e+01
1.226586715993090451e+02
3.649756413668543473e+02
-5.668673675017434022e+01
-6.067702725687504426e+02
4.856648578556571465e+02
1.445616328910589310e+01
3.261080517831176735e+02
-1.983912776004094951e+02
1.752143501814480828e+02
-1.478369524052611084e+01
2.805570512315772547e+01
3.531582578746040895e+02
2.224027589074701154e+02
4.920874811833664353e+02
1.258565495199399322e+02
-4.723821202639809371e+02
-4.598202845953558722e+02
-1.588365206039154032e+02
-7.314818072038033847e+01
4.019276067941411839e+02
1.137551703592985035e+02
3.500716237133095774e+02
4.062046498416813023e+01
-1.775328647004615163e+02
3.824511501471378949e+01
-9.479032395410899881e+01
4.057837475591109921e+01
2.447948988515776989e+02
2.534632209857127521e+02
-3.121125959336156939e+02
2.674763060190393844e+02
-2.118545221939834562e+02
-3.725448708834230160e+02
3.377863850258534058e+02
8.424661524350433695e+01
2.626068466408407076e+01
-3.321936210346121925e+02
-3.065661146975950828e+02
4.351746871468728983e+01
-7.736908482611219995e+01
-4.459802777609525606e+02
1.901117789183083175e+02
4.061937097850108103e+01
1.433482258031808101e+02
-4.033022183902618281e+02
-1.438802074165122917e+02
4.932898407503523686e+02
-4.871287584993113740e+01
4.468052641069636621e+01
-2.080855750484725064e+01
-2.257349891723879978e+02
1.029866805384754542e+02
-1.621619961560287777e+02
2.814320343512692375e+02
-1.574470591937343897e+02
3.530503840882889222e+02
-1.535647162362864151e+02
-1.462412467201293111e+02
-3.402035153112865373e+02
2.249710003584897606e+02
-1.776282920421296865e+02
5.035586535880763392e+01
-5.865565867053152260e+02
2.253592952495169754e+02
-5.808231725479984107e+02
6.496893649137253135e+01
-3.102472771672202612e+02
-1.716829093688102432e+02
-1.792378491446855264e+02
-6.526665940310666656e+02
-6.148839710907951712e+02
-1.786498105533989360e+02
-2.323854159250509213e+02
-1.229490190180153775e+02
-8.805465087165156035e+01
-9.121160488432369107e+01
-1.088954855094735592e+02
-2.903861166255710486e+02
-2.633390511316603266e+01
-1.569294501501896093e+02
-2.869849236248496140e+02
-1.069058667389896442e+02
-1.085621511413872184e+02
1.835926306938009418e+02
-2.641389953608840813e+01
-3.448077425322792777e+01
-2.732521131390161031e+02
-5.460005744141371906e+02
3.829845037804432906e+01
2.326610676534176889e+02
-2.390871365508341739e+02
-2.411848092660817713e+02
-3.399068786461527907e+02
6.527384332864737360e+01
4.221884296726805701e+02
3.532158539732416216e+02
4.853780348545711831e+02
-8.681515755883012275e+01
3.274915034095139390e+02
1.086649005630853111e+02
-9.918391811681466663e+01
-3.432763742036939902e+01
-3.982706031755679419e+02
9.013021440696469710e+01
1.139961617230383695e+02
-1.131088220301898595e+01
-1.128308256202407733e+02
1.851291517187003706e+02
1.029013982794890012e+02
1.054228621118576825e+02
1.869916432329984559e+02
4.142961498704655128e+02
-1.229213240042607964e+02
1.146886020819337233e+02
8.348627362334266877e+01
-1.747369866110377146e+01
4.843829846473276035e+01
-3.454110235329356442e+02
1.233530293414454917e+02
-3.741545411188567982e+01
8.551833636495068447e+01
1.830535805115162020e+02
-1.776189371997420494e+02
-1.088397205478193825e+02
-4.045173299325796847e+02
2.580982956204386483e+02
-1.326655340675629269e+01
4.409785107077190958e+01
-8.067605889279865039e+01
-2.398820020566439126e+01
1.909067980426038105e+02
-8.244921720701147150e-01
-3.297114241709389262e+02
3.124254951490591736e+01
-2.018444348448053063e+02
2.386395269248290560e+02
-4.539986240847559884e+01
-5.832366125652151112e+01
1.005668395389529479e+02
6.764085393580846528e+01
-2.063692979391268807e+02
1.401303409284519716e+02
-2.823019008558064797e+02
1.672269717014123103e+02
