-7.272301063239136056e+03
1.174629121390685214e+03
2.527677550491806414e+03
-2.083633379263736970e+03
2.307165387815664872e+03
6.713980588075248761e+02
1.183568668916661863e+03
2.278113265274275363e+03
1.253511409108781436e+03
3.064661429866091567e+03
1.268482681325468491e+02
5.517987070070225855e+02
3.249213548808466385e+03
1.277873813865121065e+03
1.404463919581634400e+03
5.193736517888520439e+02
1.383650029143442453e+03
-5.165017431423319749e+01
5.524731377171402755e+02
1.572501091567685080e+03
-8.763323416876031615e+02
-2.594460586183277428e+03
-1.214076207846763737e+03
-1.258227154961007045e+03
-7.184575015326876155e+02
-6.921730351515494704e+02
6.122967976623641562e+02
8.655024161434667462e+01
7.134536641929952339e+02
-2.575803866338079615e+02
1.098287029756638958e+03
-3.438258310647267422e+02
-1.624680069061813015e+02
9.209581263887564262e+01
-3.411842184598586414e+01
-8.172533851430254117e+02
-2.505771839118597484e+02
5.659289385794389773e+02
3.428967934010781278e+02
4.943171433823445682e+02
9.994700145557977748e+02
1.086502199090692102e+03
-2.583136294842200869e+02
-3.604747517536645773e+02
4.814034633702864880e+02
-6.334701755304181461e+02
-1.308124968359417153e+03
-2.412146597653005813e+02
3.192435513032475569e+02
-2.423226127643709731e+02
7.399003879292262127e+02
-7.088221099369412741e+02
2.434509430552268157e+02
5.989603344925750434e+02
1.095556475679322830e+02
-2.797859606383629512e+02
-4.693019279850864791e+02
-4.588152316056409745e+02
-3.775459258749481251e+02
-1.454022633468147205e+02
-2.841980294131136020e+02
-6.079784037409477833e+02
2.077278845326195267e+02
3.661600380006307205e+02
-5.515726393491722774e+02
-1.355359352970895657e+02
-2.654790247666492178e+02
2.042433906494573819e+02
6.740554648107368507e+01
4.096046831311107894e+01
-7.399771883985387149e+02
-2.394122443916807867e+02
-1.448866618916470950e+00
5.931020349408465790e+02
-2.530097015459119234e+02
6.168410782089875966e+02
-4.831373356830799253e+02
4.858569396025670244e+02
-1.878258747666711201e+02
-4.997325203643501368e+02
8.052349614877529120e+02
3.604878618174574285e+02
-2.322996644276152551e+02
3.626458986085089009e+02
1.574478978074663758e+02
-2.081866826998444537e+02
-5.118903500727759024e+02
-2.439236878112007503e+02
3.149412577247896934e+02
1.081398816783522818e+02
1.180348261919666015e+02
7.344058487173045933e+02
9.736869135796314367e+01
-1.855478360891020770e+02
-9.976409870394454060e+01
-1.324048556503604743e+02
3.290076377047453207e+02
5.313165325592567569e+02
1.291179541784557330e+02
2.899852130752481116e+02
-4.824200112801806313e+02
9.477341462414668172e+01
-7.577714435519008873e+01
2.315015444137933684e+02
-2.335965071158964861e+02
-3.648077072214098848e+02
-1.643164526254512054e+02
2.010943541184723529e+02
-3.177470727565266770e+02
-2.738908912108984239e+00
3.655004932782006790e+02
-3.912350921079567456e+02
-9.957371631118522259e+01
4.862360441117802452e+02
-1.665889807118612254e+01
2.354420692435507192e+02
-3.540229493464390771e+02
-1.065350941640690507e+02
-5.048250687196321707e+01
-2.006952330724632532e+02
2.041899283091031521e+02
3.769999793707279991e+02
-7.745546384798439021e+01
-2.769034803965640208e+02
2.420336782169298431e+02
3.179139793152062907e+02
-4.431646622337325994e+02
1.249306571539253099e+02
2.542421659642156726e+02
-3.794072903385789459e+02
-3.735779348282687238e+02
2.971488742964735934e+02
2.715604984479596169e+02
1.116438288211855365e+02
2.247304871869633018e+02
-3.414438307342921917e+02
2.103020108400365586e+02
-4.141686444929977711e+02
5.871724003134474970e+02
3.922962903401407289e+02
8.389372136247230571e+01
1.515144413807249464e+02
-1.966233426537117452e+02
2.446967897254486388e+02
2.314025484331927487e+02
-2.437841526504842307e+02
-3.638565127373225891e+02
1.263922516191478174e+01
7.525367674220622405e+01
-9.320034112380673719e+01
8.004016481643319025e+01
-3.597385480129158282e+02
6.442621265491386850e+01
-1.224631477438371441e+01
-1.035330010346116865e+02
-2.225269188089075953e+02
-1.736256727841903285e+02
1.670109920358608235e+02
-1.544712854081236344e+02
-2.579092849342504223e+02
1.106481229260263888e+02
2.940156596156406295e+02
2.873836848503227088e+02
-2.129549852888018222e+02
3.554803554496557183e+01
-3.064464120218717724e+01
2.069940490809802895e+02
-1.695857579647168905e+02
-2.563909041019397250e+02
-6.701052765526650745e+00
-4.713854727723761329e+01
-4.453671279474587550e+02
3.367269190910212018e+01
-2.070429668310118245e+02
2.234453538050935606e+02
-1.924266343686339837e+02
2.191761051728645100e+02
3.063371763530864769e+02
-2.293431487604519816e+02
2.535401092232788756e+02
2.129713808602990355e+02
4.966558374990147939e+01
1.761316872001789591e+02
8.630727869317450995e+01
2.982531784883053660e+02
-1.816240136700748167e+02
-7.389005497441414150e+01
-1.313197508797360626e+02
4.208592070634544768e+01
-2.693181440686764105e+01
-4.454996592106232356e+01
-1.182383963618306311e+01
-2.430510864658327819e+02
1.239075262955598333e+02
-7.880137467298604292e+01
1.289375387849111405e+02
-4.751991498022467653e+01
7.314916261153966559e+01
-2.621348330937452431e+01
2.694686403925346241e+01
8.601166483375688188e+01
2.511677417236832710e+01
3.383521086104271944e+02
-8.211710148565197187e+01
7.070031641791921118e+01
1.844450411755438211e+02
1.867306060685818068e+02
1.231041353837360219e+02
-1.545371256765292856e+02
2.323206371709698885e+02
-1.868738646391333305e+02
1.243185953775370507e+02
-4.927951328459015201e+01
8.394586526261679182e+01
6.771470064515726506e+01
-1.133258311853640095e+02
1.484852886417854378e+01
2.747440369388173735e+02
3.137229030768071425e+02
4.938570075101498702e+01
-2.508555062084278120e+02
-1.156579431987706812e+02
-2.405350227813415032e+01
-1.531525546749018929e+02
-1.133562496068319518e+02
-2.368868114023629801e+02
7.512169615491032459e+01
-3.083601653130442699e+01
-7.714648274627860758e+01
-9.716841192997496535e+01
1.947043652789560397e+01
4.401367017968639317e+01
-4.553626021202845919e+01
-7.227868917151889150e+01
-8.982955078221017686e+00
8.769234348898937270e+00
9.285956795717217460e+01
9.578035632917311659e+01
-5.435804898178072619e+01
-8.493970285992683955e+01
-7.782382756563124815e+01
6.509613777404143775e+01
-1.126837108519123234e+02
-1.472490640011182279e+02
9.693414781116227630e+01
1.440034921229379279e+02
6.684127136834180760e+01
7.322748005159934337e+01
-1.323108969893026483e+02
4.439992541882326549e+01
7.878094484152677524e+01
-4.674223344266623315e+01
9.573833745719809940e+01
-1.658956795764319168e+02
1.976307040647242559e+02
-1.905801163775577223e+01
-9.992179381731146748e+01
1.301136876542210246e+02
-1.515885667311139855e+02
3.479348644070698526e+01
1.411618861848465087e+02
7.960143362104967935e+01
-1.466177521901486784e+02
1.128437657450102023e+02
-1.393187628841527328e+02
-8.693981035278677894e+01
1.723458821528354292e+02
9.066056387754788659e+01
1.498165194746073325e+01
-8.078907240663051326e+00
8.991299065318472117e+01
-9.331964558410994925e+01
-2.971073299696962522e+01
6.825193839576286337e+01
-1.422884550299758359e+02
4.045449382712283182e+01
2.773080571885132883e+01
1.896551990661282616e+02
-2.037804349519958578e+02
-2.932226547852061671e+01
-4.965573518706244016e+01
2.128771929611912697e+02
7.072578077559631993e+01
1.088081267668169687e+02
-1.312781402657374485e+02
-1.879470055345959167e+02
1.732753868183711177e+02
-5.735562880677820630e+01
-3.842444038083664992e+01
-2.904388107961570142e+01
-1.317884441631120751e+02
6.156764947778169272e+01
8.127471883179734391e+01
-2.120339349958494779e+01
9.253951532906283717e+01
7.724727468636416461e+01
-5.971754881141983162e+00
6.875665706901672536e+01
-1.591732139026655375e+02
1.708302618537737487e+02
