1.913050747910026530e+03
4.419404295577573407e+02
4.664782096366953738e+03
5.105610588997981722e+03
1.383772293474888784e+03
2.214397890533257396e+03
5.858706569344732173e+01
6.624155434572326158e+02
-1.258447147762747136e+03
1.415316823106720676e+03
1.630797169948215014e+03
-4.820508818261914143e+02
-1.361915838677715101e+03
-2.317298015849472449e+03
-2.031024010732175157e+03
-2.033951660426537728e+03
8.584202364718388480e+02
-2.641512994168308524e+02
1.470034003008555828e+03
-2.700418189009265575e+02
9.271079751393788229e+02
-5.425235333673197857e+01
7.965410497379738786e+01
1.029441044866955963e+03
-1.803487923844765533e+02
4.684449609006302353e+02
-4.578992035643413487e+02
-1.196586733019312760e+03
-4.695262364801741910e+02
-1.316571526302550126e+02
-5.669009494692005546e+02
5.618894206717269526e+02
-7.722911975200244115e+02
-1.238902603683219922e+03
-2.201771956554267717e+02
-1.343624119482103197e+03
4.669635205287073063e+02
1.075318997516791342e+03
-5.031449610031501720e+02
7.261904829745582219e+02
3.371925046250406126e+02
-3.177325160902918242e+02
-4.335028287343706097e+02
5.733208675872656386e+02
1.796955166267737241e+02
6.897121217488281673e+02
-7.312661391937532471e+02
-2.933038387419299511e+02
-1.239577456836801048e+03
-4.905397925319821297e+02
3.686545272950214098e+02
1.823502621229171154e+02
4.075740734446618490e+02
-5.970889326908982184e+02
-4.147967061664718926e+02
3.218561133715705296e+02
-7.692483544307823706e+01
5.054411143156697221e+02
2.497131985231937392e+02
-5.963391699494143268e+02
-3.677177872232069262e+02
-1.141188085557310643e+02
4.571520529722891979e+01
-5.367239035611291911e+02
-3.272301618173336379e+01
1.819460492282958342e+01
2.786409954900533421e+02
3.773542667424073898e+02
2.610908506608162156e+02
-5.193993968057079655e+02
-6.065443053683726475e+02
-6.945357773665880359e+02
-1.461060557193901559e+02
-2.367142801411804101e+02
3.740463466740138188e+02
1.183915697440024317e+01
-6.731647876016998566e+01
-3.668964543337053215e+02
-2.648285260128752157e+02
-4.355465666253196133e+01
-9.602703450166450239e+01
-7.231872448652632102e+01
-2.848344342009976913e+02
4.679983187013277757e+02
6.569167554587196491e+02
-1.533322869588866411e+02
-3.885095311301336665e+02
-2.229460039183196614e+02
6.788893544897508718e+02
5.819178000375733291e+02
-1.459090899351606652e+02
7.756751219156751631e+01
1.231997485200446789e+02
-4.606349402693249431e+02
-1.180046471252983480e+02
-1.882447625709042427e+01
-3.139150429151033563e+02
1.472002306764320281e+02
-9.536181471897720030e+00
-4.017047281735229376e+02
-8.896276674580127519e+01
7.303904536258207258e+01
-7.389052904922938581e+01
7.262918708108651344e+01
8.702562002712005196e+00
1.891290385970074226e+02
-1.222693468022189833e+01
1.118061730963604958e+02
-9.704428342995495882e+01
-5.477491653464757349e+01
4.765347415880555104e+01
3.958318030561873684e+02
3.179721386841068806e+02
2.702430051820644508e+02
-4.470266600332516873e+02
-8.257544487539071554e+01
1.640210032216496074e+02
2.438583794214027591e+02
2.878757667874670574e+02
3.684264083385211563e+01
7.004337519609993024e+01
-2.177641950564217836e+02
-1.204245893483792287e+02
6.776558318447227691e+01
-4.470535423059819879e-01
2.791131398093613711e+02
-2.083509988473537362e+02
-6.252406919859969037e+01
-4.380012230159909592e+01
1.241491888928778025e+02
-7.051764501363775750e+00
-2.756623261917808350e+02
8.837983174779732565e+01
-2.030093256043464862e+02
8.172870984071172984e+01
2.530120420160527672e+01
-1.828454767630188371e+02
2.307178009464375918e+02
1.835310329548690049e+02
-1.226447326551377444e+02
5.479561194019537851e+01
-6.442524060851062551e+00
9.625824442772439227e+01
-5.869701304996108604e+01
-1.638672545057442846e+02
2.343229520997053612e+02
7.938010125035199849e+01
-1.919706521200680527e+02
8.342055495899691664e+01
3.551684989558857808e+01
-4.079832390065565164e+02
8.753236417370557376e+01
9.125841235062250689e+01
1.170681624450969736e+02
-9.307923784690434132e+00
1.648255705540830434e+02
1.842570099539121031e+01
1.583274446867975804e+01
1.418073824923720849e+02
1.838754477862420060e+02
1.138981011363794948e+02
-3.638477600301671799e+01
-1.573570700352148322e+01
1.181461124422372393e+02
-1.679465853314204935e+02
-1.785525926338094393e+02
-4.161140675258395305e+01
-2.241566153971850497e+02
2.760030539974973181e+02
-4.103181991378794180e+01
-9.389891386794235473e+01
1.009669984243914342e+02
-1.199879489222596618e+02
-6.738961022946348578e+01
-2.466871603140008347e+02
3.339025497201455295e+01
-1.728241875029047776e+02
2.042926399317782113e+02
-2.227668927647352248e+01
-1.534839721984003091e+01
9.887710957423587388e+01
1.788704587762453855e+02
3.652861528935052338e+00
6.049164409901121786e+01
-4.405242143230596241e+01
2.814403930552621773e+02
1.673612542564903265e+02
3.667545794394855108e+01
-1.772465463591332480e+01
-7.382082191950729566e+01
1.915557413218121452e+00
-1.184270525546011044e+01
1.463240589575769377e+02
1.396431837420606712e+02
-1.057788573862930548e+02
3.014445277853612737e+01
2.695578290213214814e+02
-7.002992205813590942e+01
1.491146479990336360e+01
6.304821735275994854e+01
-1.650141078792353824e+02
2.760813828545033388e+01
-7.654555993772866884e+01
7.184984506413771044e+01
1.174961584104918444e+02
1.130363946325960285e+02
-1.196210883543513148e+02
1.604733491550512525e+01
-1.022852998186799311e+02
5.201131871418981945e+01
1.397770415813857028e+02
8.288788361382677294e+01
-6.144791397325695570e+00
6.204371793566252080e+01
-7.085701447749366366e+01
-1.329333209501009776e+02
4.445398623428957308e+01
2.279874059393974619e+02
-2.160321066809479760e+02
-1.651395367500673217e+01
1.472648414609218719e+02
-3.743963612116888129e+01
8.039999685564693266e+01
-8.655513685169496796e+01
4.845984009240896739e+01
-5.094806749916126698e+00
1.974594762403951620e+01
-8.036673459711614953e+01
-1.591080726184544289e+02
-4.768523846807254785e+01
1.249412304385168149e+01
-5.995272852046267076e+01
-1.056708763385058916e+02
8.551774564685652535e+01
-2.300173004803161518e+02
2.887717991245049376e+01
-1.862697593787181347e+02
3.576403467113373758e+00
-7.378651791607553889e+01
-8.181666831111445992e-01
1.030867480934556397e+02
1.091170714961208859e+02
7.333282606944256088e+01
-1.514472870635775905e+02
-1.040049915886533682e+02
6.440199745628656558e+01
-6.545478220657700774e+01
4.205859605703905402e+01
-1.052350180341269805e+02
6.157863046987051803e+01
-5.251264065234315837e+01
1.145084996663133694e+02
-7.620635784075658137e+01
-6.046669518299818691e+01
-1.597450635846692002e+01
-7.102581497187790660e+01
-8.615343788091442079e+00
1.237174902691894260e+02
2.065405362199136974e+01
1.652399952914574044e+01
1.151522985196450009e+02
4.613846983192906492e+01
-1.010034220523198627e+02
7.588576771330664883e+01
1.595133766306586267e+02
1.882187523455785652e+02
5.603919161872781274e+01
-2.711197911295807828e+01
-5.919123802249998079e+01
-4.286779424255215076e+01
1.006751395616540350e+02
8.207429510776653103e+01
7.578270341351647232e+01
6.613935974841535881e+01
-7.375021894893303909e+01
7.598614750213731384e+01
-6.075583112447759504e+01
1.922310744423952400e+01
-3.796588646717164295e+01
2.426208811663740583e+00
-8.206638295706348174e+01
-2.020716953375720593e+01
1.740226427765309580e+01
3.478261499760598952e+01
1.174203109225657187e+02
3.258106622233027849e+01
-2.925991490619326996e+01
4.247768496752309630e+01
-6.597970359405759666e+01
-1.216235572093602855e+02
8.292884863584426114e+01
2.187460735325090866e+01
-2.897760978695084688e+01
2.897487286397791451e+01
-2.305632038493912717e+01
-8.066414923677395166e+01
-5.641051543369756160e+01
-6.837089165225300746e+01
1.620697838683914327e+01
-3.931040275525913330e+01
