5.079845165489529791e+03
-3.602280323752924687e+03
5.469138314364683538e+03
-1.149199637170848291e+03
2.381260455934403581e+03
-5.605389157565450660e+03
2.230024459623768962e+03
-2.064715231130237498e+03
-2.519328095051768059e+02
1.030234825031227956e+03
-9.298792161661521050e+02
-3.402932244264030714e+02
2.626302810219425737e+03
7.291246087414925796e+02
3.987642340480887810e+02
-2.911518794772568413e+02
1.397059854602710629e+03
7.641592530163574111e+02
-6.683159998645297719e+02
1.022262370937126548e+03
7.383190036609697700e+02
6.054327955967896742e+02
4.073674238469236570e+02
4.338182073627862678e+02
2.689047878829112506e+02
5.234752560727898754e+02
1.837483615294296158e+02
3.747384546051487746e+02
-1.190057686970711757e+03
-2.300888708081730272e+02
-6.758062886663713016e+02
1.028520888688804916e+03
1.592423094249523729e+03
-6.450326277242163542e+02
-3.946155264102915226e+02
8.562015884141203514e+02
1.644260180895248141e+03
-4.482251501544077428e+02
7.519694532236181885e+02
2.103391804844613659e+02
-8.426915513627201335e+02
-2.511215813763470521e+02
2.275114377060658910e+02
1.018756757300307299e+03
1.470117566571382781e+02
1.911375291596046111e+02
1.818741735085053790e+02
1.460202638004787730e+02
-1.990558630103747078e+02
-1.047228645091711769e+03
-4.094788381554245689e+02
1.141556554150539796e+03
-1.394232582834647189e+02
2.868836862834243107e+02
2.921840272494115993e+02
4.234101535613182250e+02
-4.718340500854612287e+02
8.308417716811432001e+02
5.077607267618211040e+02
3.021762467138874513e+02
-1.747322949776577730e+02
-1.277887428335600589e+03
-9.324086775657849557e+01
-4.508393889786310069e+02
1.846192690380753731e+02
9.557533388461214372e+02
-1.173917013493401527e+02
5.722268061700560793e+02
-3.553138198418294564e+02
6.311778923933580927e+02
-1.500024008995634972e+02
2.871881604947654978e+02
-1.611771112399512731e+02
2.378206754502331535e+02
1.097650710349698556e+03
1.454528376675550021e+02
1.675355315695092315e+02
-1.656955708461252925e+02
6.331990554632172916e+02
3.125788513306064260e+02
-4.122279234162232342e+02
1.042530228983192501e+03
-4.291776893835954638e+02
4.026886328076728319e+02
3.102414298430373947e+02
-2.122417895657601719e+02
-2.736191681298769254e+02
-3.483995162652473443e+00
-2.534809795618476613e+01
-3.076278601032759639e+02
4.155238758132653629e+02
1.826575804952022679e+02
-2.293164260715368528e+02
1.869118525454506425e+02
-6.936523616315888319e+01
-1.758815625422004132e+02
4.379604529468120973e+02
7.663543215373827024e+02
-7.479325764118152620e+01
-1.114584816406766805e+02
-3.218140898902372271e+01
-7.553870929569974635e+01
2.311310326121948222e+01
-1.027246013145035022e+02
-3.607377034772034676e+02
6.384485807288385217e+01
7.893923788858255364e+01
-3.289220874115905531e+02
3.679071932210076170e+02
-2.998053711861364263e+02
6.748078216598956658e+01
-2.480790914477648528e+02
-1.186546894912187184e+02
-4.404220594390797032e+02
5.222615188664748587e+01
-4.649703635928373728e+02
-1.968459110796379434e+02
-2.908055854389473538e+01
-5.297236707999140748e+01
-4.031120258460501304e+01
5.167397273625041407e+02
2.455213689260625642e+02
-3.007843174286592536e+00
3.575505221391437090e+02
2.307219325208399141e+02
-1.533522346398461877e+01
1.609246554838503869e+02
-7.562902375854764436e+00
-4.554313302898917186e+02
1.848957472393040291e+02
-4.661733260224995661e+02
-3.908736647520231600e+02
-1.723872886765477972e+02
2.192637276442580685e+02
3.801616434473051527e+02
-1.379569849127055932e+02
1.955488119108549583e+01
-2.572994050154597403e+02
8.260748350745993562e+00
2.415344920431632829e+02
-1.518809044711198624e+02
1.299838370795603169e+02
2.960030315217699695e+02
-4.163669992868263421e+02
-1.209537063673512449e+02
1.508254773300734719e+01
-1.473412054890135323e+02
2.409689738839981032e+02
1.624520669128561394e+02
-5.008541803297705997e+01
1.396089137101442645e+02
3.048563300244608172e+02
-5.597971859027290265e+01
5.209754983912826987e+01
9.383123971036539501e+01
-4.306713419633298372e+02
1.054483565934017975e+02
1.485637638335316808e+02
4.166433445938317846e+02
-2.791523617204935590e+02
-7.372061219801868504e+01
-1.947987586994542255e+02
-3.401534719362603028e+02
2.316962047965222098e+02
5.699316844086058431e+00
-2.564596444145883538e+02
1.349643349099800957e+02
-9.835993397193625754e+01
1.885317952929984813e+02
-2.857595194076733378e+02
-2.920290800253488896e+02
4.382608354377396722e+02
1.570188931891263451e+02
-1.719495348893917992e+02
-6.435010632672138797e+01
-1.203304590272891090e+02
3.199402709727170304e+02
-1.788870441220160146e+01
-2.934017143360305795e+02
-1.077772457174622360e+02
1.766931909991761529e+02
-6.558558954037413002e+01
1.155874992663434995e+02
1.416329427816681914e+02
-4.543724487415160951e+01
-4.738089894084537264e+02
2.857229277128000149e+02
-9.628694020713803070e+01
2.936232312015506523e+02
-2.010325934037550155e+02
-3.378069476752762625e+02
-9.994997534283420748e+00
-7.536700671311142230e+01
1.219633215965750281e+02
-6.943292947580427210e+01
1.358177033488348151e+01
8.933171926678355135e+01
-1.593688997118744624e+02
9.460162628752966896e+01
-6.821059984635023277e+00
-3.065005959698926219e+01
-1.039560670148793804e+02
3.658906574095304904e+02
-1.035088138891704688e+02
1.206790611673272480e+02
7.221091277188196500e+01
1.172460776087538736e+00
9.115730104725787442e+01
1.632049068993523733e+01
2.862074065530131506e+01
-2.212771244124569705e+02
8.428224680407618052e+01
8.794383518924738041e+01
1.739398364899536773e+02
-1.314974122447149796e+02
-6.176889874367717681e+01
-8.085575414173162301e+01
-6.284957032236430052e+01
-9.879484134376605198e+01
-2.227492236933577772e+02
-9.550724469225612268e+01
1.055652155637520018e+01
-7.388088452909038040e+01
-9.379802301269019438e+01
-4.044518390945949449e+01
-1.489372379206229802e+01
-4.437912905123037177e+01
4.083177433436845916e-01
9.240900120243179572e+01
-9.280521052881061905e+01
-4.497286052824721736e+01
1.593215484242354023e+02
8.739669966895078801e+01
2.131512893015868144e+02
-6.015339779843756673e+01
-1.806701331771590162e+02
-3.471332246581759762e+01
1.239790197954439037e+02
-2.868902900166071959e+02
-1.102933571670870663e+02
2.241805917336803589e+01
1.106966784946792899e+02
1.067852070019378914e+02
-2.150006161788780048e+02
-1.175904767287293851e+02
1.337040748366436844e+02
5.437704752379271866e+01
-5.561055963222508325e+01
1.644422072511895578e+02
-3.240100363368580538e+00
1.027914259202467235e+02
5.212826670875928414e+01
-3.322204988961824057e+01
-2.308783272885000315e+02
-2.252697928796049354e+01
1.112095033665526245e+02
-4.629445736404007761e+01
4.672306186248614601e+00
9.159162471100893299e+01
-3.601659344495437676e+00
2.459410204302457146e+02
-1.152377762534430019e+02
2.677938015046381892e+01
-2.132248503241596325e+02
1.194565499868610061e+02
1.173432501945011630e+01
-3.835280874704216814e+01
-5.941741365359720106e+01
-1.580194523201473658e+02
-1.902572865682245151e+02
-9.198476573152701974e+01
-5.865083885184256474e+01
1.032956977340781748e+02
7.396079899099169097e+01
1.990895059201118329e+02
8.468062890575102131e+01
2.569513020651116264e+01
-5.998732229238715519e+01
1.750428964034175010e+02
-3.685671286966565674e+01
-1.060530434651716547e+02
5.799313324799922498e+01
6.378259907156434849e+01
1.686337086152260412e+01
-8.199695367830329928e+01
1.276891564542443973e+02
-1.982633413144498320e+02
-3.961984113574617083e+01
-1.141260784574814835e+02
4.378352216119075280e+01
7.803261098012492880e+01
-1.514122705939231537e+02
2.720541690460252227e+01
-1.840779629627027791e+00
-1.163809367333367106e+02
-1.158038098887998189e+02
1.781642664995835545e+01
-1.474240918813886765e+02
-1.616507974265545613e+02
2.080551926170755053e+02
