-6.376258331582492247e+03
-2.237661391106112205e+03
-3.858276707286293913e+03
-1.385334494225275193e+03
-7.598214030270877828e+00
1.036585683877718566e+03
3.713337099719885373e+03
4.013755681438614715e+02
9.333602101138004628e+02
5.886711124459610573e+02
-2.936847532374344610e+03
1.461935894182569427e+03
2.127815443923584553e+03
-3.766498753438605149e+02
1.895859403335258548e+03
-8.689238134177628581e+01
-4.418251891159818534e+00
-1.143572555039180088e+03
1.122003719141375768e+03
-3.527842322898356997e+02
9.792088569818466794e+02
-1.669547505716866453e+03
1.700595093072889767e+03
-2.276395165693603758e+03
-1.634677730791654540e+03
-1.651506807887760260e+03
-9.495391654491525060e+02
1.708374427472439905e+01
9.261506326465879511e+02
-1.048753908501563274e+03
-1.027069696565564101e+02
-8.697440870915354481e+02
-1.540439474247517865e+03
-8.687344766872843138e+02
8.983517675881307696e+02
3.362218582231433857e+02
-6.225085565839467563e+02
5.125677291006999212e+02
1.138315018273775422e+03
-2.271611975594591684e+02
-2.951693647794170943e+02
9.991819249089435289e+02
-5.045398683275280405e+02
6.650410796587433424e+02
2.225389694360222848e+02
8.538167781527683076e+00
6.059038442674814178e+02
4.855205776125105785e+02
-6.003476376504926293e+02
1.789825870718952388e+02
1.308256558896977140e+02
-3.689301334141300117e+02
3.016453178466051099e+02
6.653359797805630649e+01
-8.756234601899791414e+02
6.004948439870648826e+02
-1.114588997908155307e+03
7.790928438297953562e+02
-4.926947739613463568e+02
-2.311029552778049094e+02
-1.453132734905457539e+02
-4.403803967982028666e+02
-5.601816821211796196e+02
-5.564646608829229280e+01
5.896680264127238615e+02
6.550635259867453897e+02
1.961621501049140477e+02
1.049372550412600162e+02
3.255941058281046026e+02
-9.804041795093080509e+02
-8.415711030888141408e+01
6.618974368651985287e+02
-2.279876503345070375e+02
8.874133830694867129e+02
4.656607525909227547e+02
4.346361329128988018e+02
-2.791078368599203827e+02
1.504897422724920943e+02
3.020636635048539347e+02
-6.625514725825401001e+02
2.843938211046166202e+02
5.740891986814185657e+02
1.962345118752823225e+02
-3.767995748346685900e+02
-1.165876928109830857e+01
6.335800845184824936e+01
3.649724807251981247e+02
2.385796692715311735e+02
-5.563969649588648281e+01
-4.303088732261389850e+02
-3.494945863352569972e+02
8.935517343977902271e+01
1.124490415090357942e+02
2.271274471232246128e+02
-5.260265996623043065e+02
-3.211551179435718950e+02
2.716855912526397105e+02
3.154394392716042148e+02
-4.591154530103490288e+02
1.408223207263029941e+01
-3.800776822845494962e+02
2.379685388679688742e+02
5.012615673227082347e+00
5.585228195317289419e+02
-3.256531911318290327e+02
-1.184741839113136592e+02
7.989149893155645543e+01
-2.460062245191226111e+02
-4.470931363133312857e+02
-3.383361148658077013e+02
8.347324224795034553e+00
1.322975078645868763e+01
-5.321119505290703273e+02
-2.192132529822632137e+02
-3.899474847885009581e+02
-2.641924837433235211e+02
2.546877382235004177e+02
2.987598177937028368e+02
-1.228496177288102587e+02
-7.016639715294283519e+01
-1.390311673020299565e+02
-2.812094035407677097e+02
2.502768181430766603e+01
-5.219363555292707133e+02
2.891209195381316022e+02
5.217588191243837628e+02
-4.570581967218675459e+02
-2.217579666219669718e+02
2.449110738565167367e+02
-2.506882546449873814e+02
-1.258806661493193388e+02
1.601997397714080762e+01
4.534643871539055340e+02
-3.356085431762736562e+02
1.338043172300343713e+02
-7.697069062377151738e+01
-1.208151158671406193e+02
-3.846378632931537140e+02
6.125478388312012612e+02
-1.656852717909282546e+02
-1.082510483657685967e+02
7.771648470431289013e+01
-2.599330911220947016e+01
1.967782879372244906e+02
-8.377294281002487253e+01
6.696113157754776068e+01
-2.932200615330413029e+02
-1.267916089987929524e+02
1.527140441763908143e+02
-2.671019173609128643e+02
3.506232272824669849e+02
-1.573625019917982684e+02
-1.643637779190284789e+02
2.001461918447827486e+02
-2.539464518526163488e+02
-4.438685247887772789e+01
-2.055867475931106867e+02
2.906413417414117362e+02
-4.507351242422279114e+01
-1.360003010871121774e+02
6.924934157467326656e+00
2.699598086874668823e+01
-1.263093866723174870e+02
1.302310736279875130e+02
-3.382124470574618869e+01
-2.356065766191175896e+02
-6.644347365892551238e+01
8.989702037424068237e+01
1.166311979697195866e+01
-6.688083701457889774e+00
1.325723644562323500e+02
-3.275145013188160874e+02
-1.175867317049276295e+02
-2.188931201919183422e+02
-3.272085169726679510e+02
-1.193762505288619025e+01
1.082565151445167118e+02
-1.159103944885875848e+01
-3.925989161254166504e+01
-1.219013666420499646e+02
2.358161152489274173e+02
-8.431691719165939958e+00
2.566198276343877751e+02
1.795043703984623917e+01
3.424330751776252555e+02
-1.017264842407379462e+02
-1.352962253168516042e+02
-2.104700856669503040e+01
-8.766796622298588204e+01
-1.055780320287754108e+02
-6.733161417665839110e+01
6.895667894366734885e+00
-2.863109704269222675e+02
-2.289838936715295148e+01
-2.100131246235446554e+02
8.037698063047312758e+01
-4.684674676103908553e+01
7.416975235939277411e+01
-5.133464048042229422e+01
-1.124498950347958868e+02
-7.311099446270280522e-01
-5.557458067612130037e+01
3.593508438688713795e+02
-1.208547592372435586e+00
8.468382680579337318e+01
2.277253969485901308e+01
8.811231097780628829e+01
-6.645000001491538022e+00
-1.578781921100664078e+02
4.312589012006824163e+01
1.387676334458110716e+02
-5.208880140151438098e+01
-1.570661901276757533e+02
1.059814855712106691e+02
9.207002686574287509e+01
-7.481474207707360335e+01
3.479490935022381137e+01
1.520824760160026869e+02
1.841729070827105659e+02
1.458658750794223238e+02
-7.357704505506694659e+01
1.035487563344423023e+02
5.304368516938735212e+01
-5.658333034862814515e+01
-1.232115292047247834e+01
-4.030371394486545569e+02
8.082588639188621471e+01
8.562787130155851401e+01
-9.392771788983864667e+01
-3.049854643342386140e+01
8.871196393399235092e+01
2.280860841347713830e+01
4.006852821407716903e+01
2.122733065123961467e+02
7.449135260654442092e+00
5.290010028383453999e+01
5.614583033819243241e+01
-1.677569482106340217e+02
-8.658253993059169318e+00
-1.492154356810480351e+02
-6.618583041861592164e+01
9.470875703354899144e+01
-1.421028598279704624e+01
-4.604236550927315363e+01
1.196397177469237363e+02
1.798868176631576432e+01
2.816293905254147134e+01
1.252912940741119314e+02
-1.042395719429152194e+02
3.251499398854382150e+01
-5.185922420651927922e+01
-5.337126818483794466e+01
-7.496653533051612328e+01
-1.204663873473070623e+02
2.031539332450671509e+02
-2.336410861545935091e+01
-3.338997447045179712e+01
1.079062852134363908e+02
-4.869608074336262149e+01
-7.860035892726087070e+01
-1.372975492886035020e+01
2.080876355943774740e+02
-5.592048645511195559e+01
6.128938223609545588e+01
1.524768382676117255e+02
-5.555960521428421117e+01
2.605237937472276144e+02
3.294308975755145497e+01
5.175765639683715591e+01
3.540891046764772199e+01
-3.411008474037208771e+01
-8.602612129453503087e+01
-6.321194275131183815e+01
7.327026260392591439e+01
-1.755847168085211365e+02
-1.265294406556092071e+02
1.169185169130361288e+02
1.055594162952063328e+02
-1.176910800474405931e+02
-7.408552553612405944e+00
-1.484801128686798961e+02
1.810502239422345099e+02
1.390358671568449722e+02
6.126781616506977457e+01
-6.294647975296049935e+01
-1.250574250351581327e+02
1.015453740766950546e+02
3.056107900821646695e+01
-1.637309812026217415e+01
-3.195939559251789674e+01
-2.786879464813239906e+02
6.727122096944565044e+01
1.148073157455544617e+02
-1.194824203439498973e+02
5.700624269609896544e+01
7.106812440046276436e+01
-1.108093120264089606e+02
1.934835376240941400e+02
-1.404548877646030576e+02
-7.094464334851534204e+01
