9.300235621331211178e+02
-5.006153483583392699e+03
-5.127131354241118970e+03
-3.725023127830066187e+03
1.439578516680013763e+03
9.403875407616284292e+02
-1.270742881626608551e+03
-1.981906641611052009e+03
1.809946659102454760e+03
2.469183218478391609e+03
-9.936855650318550488e+02
2.876971806170028685e+03
1.983974279964237894e+03
-4.857424282342311130e+02
4.811851295383323190e+02
-1.586501517913255611e+03
3.355242077092594855e+02
-7.446419113147902635e+02
-9.999683999497707418e+02
-4.926914393419094154e+02
1.510317108894813600e+03
2.644252778116992886e+03
9.765842831011192402e+02
-2.749556354121054724e+01
2.080999429196695928e+03
4.634673754654738218e+02
-2.843417495868270635e+02
-1.195860028681775589e+02
8.180535337656127695e+02
4.255038152442867982e+00
4.023683603936137843e+02
7.316081748798964099e+02
5.047066343449322972e+02
-1.387089911795087119e+03
-2.305029888013884829e+02
-7.687731681334911400e+02
-1.747462507589093832e+02
-2.584734205095377888e+02
-1.082557251436382302e+02
4.709996068201757566e+02
2.401460834639075017e+02
4.490353795315755860e+02
-1.215398010299453944e+02
6.062449952098413632e+02
-5.750079953050304766e+02
3.135509796545006793e+02
-1.630403387764519891e+02
-2.518368652681010076e+02
5.077329951881044394e+02
4.002891798688525427e+01
6.609222846890232859e+02
-5.266803138073518298e+00
-2.161210966070476758e+01
3.155413559016939189e+02
-6.287104735945289349e+02
2.030532275567068723e+02
7.303227455563796866e+02
4.177008585598491663e+02
1.213637358453670601e+01
1.934582694716056892e+02
3.619127611787072851e+02
-7.515655430874429612e+02
1.542346758588651880e+02
-5.368422052937199851e+02
-2.415638342797093969e+02
-5.179890829266646506e+02
5.898326360664183312e+02
-3.696841830495992909e+00
9.828286173082442900e+00
-1.122569457051313719e+02
5.636687987928459052e+02
3.229367102332315653e+02
-1.147409980705252934e+02
-2.826748088819124405e+02
3.141393276972747799e+02
1.375402023216182386e+02
5.306541601539596513e+02
-8.520081650126832074e+02
5.357443086625364259e+01
-1.434443259844585725e+02
-3.920385583331608359e+01
-2.724967196062228822e+02
-2.429953059214241478e+02
-4.222680351948872044e+02
5.451180185841346884e+02
-3.642981625176583975e+02
1.890147420485040541e+01
3.124299191575688539e+01
1.415987556541362267e+02
-6.446043557464186335e+01
9.838426900749897186e+01
1.333899448978732210e+02
-1.976187953755443800e+02
-8.668980722827782301e+02
2.458151964287964688e+02
1.497923007017067789e+02
-3.633576329546785928e+02
-1.563239077771931420e+02
1.379194751078084202e+00
1.739989778387316051e+02
6.686360674980817009e+01
-4.000171464666250927e+02
1.581066971226452438e+02
-5.141457298475770585e+02
4.016293781444673527e+02
-1.164004438698714381e+02
2.402991534099374462e+02
3.908633209373423938e+02
1.375709044681398439e+02
3.937478715196606771e+01
-9.909948635644255432e+01
7.565136647603542031e+01
1.178466461821860989e+01
8.284809422191560202e+01
-8.341701118477028842e+01
6.175193490455527723e+01
-2.206332679896575257e+02
-1.617237759959546111e+02
2.474090098289098307e+02
6.986683030377247405e+01
-3.118670536170149177e+01
3.097848038773865937e+02
2.558201102605891037e+02
-1.863474945761847152e+02
1.449400536854959682e+02
-7.216817591160734935e+01
1.477779358472226647e+02
-3.890672757301054219e+01
3.493257528399506668e+02
-7.781560374929024704e+01
2.554579707339886170e+02
-5.208708929629642626e+01
-5.920281852983589488e+01
-2.501484440293104683e+01
5.255581877487440323e+01
-9.380329757738897456e+01
-1.229802508228950231e+01
-9.774884234197308563e-01
-8.841441562706367563e+01
9.255312880505225337e+01
-8.148569180223761066e+01
-2.504140111292363997e+02
1.305010854998325840e+02
-1.852578394801140149e+01
-1.030387620586622432e+02
1.932182396442458980e+02
1.109596989202372725e+02
8.126536735720743820e+01
1.623224328031627124e+02
-2.648384145437416848e+00
1.262447013547511432e+02
1.883381144836727827e+01
-1.477880668264768929e+02
8.124520013010582886e+01
1.102513589426150133e+02
1.987007232829835459e+02
7.335508039404291480e+01
1.625290905952316012e-01
7.059064444082638090e+01
-3.098052756078374728e+02
1.232010972920199237e+02
4.170359391562626428e+01
1.033710489030663382e+01
1.348898082351107348e+02
5.654759913676487315e+01
1.308504857024709054e+02
9.785407319589450026e+01
1.538852203800336440e+02
1.427974145509230119e+01
1.632958635767488715e+02
2.984183686861324247e+01
-2.156197527970742200e+01
4.493470382527168283e+01
-1.130736855691805829e+02
-1.364052285352072147e+02
4.126796046733896333e+02
-1.223167998433339676e+02
-2.576119595130523621e+01
-1.478436011132612009e+02
-5.841842281680610682e+01
1.019835211685888936e+02
2.398363181824453605e+01
4.256442591754668570e+01
-2.187345628881153914e+00
1.164218680429533492e+02
1.629497765836916301e+01
7.880313993691048324e+01
-7.994165348821240968e+01
-1.078592966536734110e+01
-1.661137241430063227e+02
5.855345281652193279e+01
3.294709609352320268e+00
6.294396987916880626e+00
-1.431113376368668924e+02
-9.003001715424429108e+01
-4.047681792774559284e+01
-5.344576303308022602e+01
2.042797235225582710e+02
1.125973131559523921e+02
1.670263628512684875e+02
-1.335003082140442920e+01
-1.177029486842638875e+02
2.331447224135784779e+02
7.241510505392623998e+01
6.105359009918274182e+01
4.290871975044699127e+01
-8.436609387965673079e+01
3.057331431290210233e+01
1.868474778445389859e+02
-1.287186722241874861e+02
6.498856335649307425e+00
2.305160218071083733e+01
8.069751889736426165e+01
-2.796455990951857729e+01
-2.785859425053565630e+01
6.892518844138506040e+01
-1.197963645139027866e+00
1.012977874045296716e+02
-9.604930968765830812e+01
8.346062764360213748e+01
-3.346446548597251791e+01
-1.005350172223763678e+02
-1.132983616817133878e+02
2.555229061161455206e+01
-2.699918346423426669e+02
-5.258063758124843901e+01
-2.597432703716867195e+02
-6.246312023709256778e+01
6.539385889311350297e+01
5.182355406432350975e+01
9.594416099598500125e+01
5.525621865860614434e+01
2.969224948214515081e+01
-5.299240573675638188e+01
-5.001332370893393886e+01
-8.333982390858149358e+01
-6.583090973797878576e+01
7.987016374206415037e+01
-4.502565369286676855e+01
-8.528124485803783728e+01
1.940703378858603223e+00
3.225032431998466009e+00
7.203546285000617999e+00
6.141022306733910341e+01
5.497384610842937747e+01
1.942942276326160922e+01
-2.586978892197839031e+01
-1.164242917144890299e+02
-8.865641095950882900e+00
-3.445832090610795717e+01
5.352637519110552233e+01
3.597413469218432169e+01
-3.035251515466888250e+01
-1.297888105373812664e+02
2.491750394201421859e+00
-6.906928621795547940e+01
-1.187957461922918725e+02
2.317760961514449392e+01
1.075445077313309241e+02
3.216949141149958535e+01
1.415846092707025718e+02
-2.147828014012845799e+01
-1.462688109178570706e+01
-1.016569798212219666e+02
1.787290906454174433e+02
-8.095875063986696318e+01
9.048971102850046577e+01
6.672366005077005013e+01
-1.034688006531260385e+02
8.002971660874862447e-01
5.981656894659040269e+00
-1.006039428817869386e+01
5.590064734046377026e+01
-8.062953522471295287e+01
-1.191387659200348459e+01
-4.469946552345426483e+01
-1.050810868255837960e+02
6.630783199788196214e+01
7.248882308810145503e+01
-5.493044417044773553e+01
-9.271907397014298624e+01
1.047564357748642436e+02
1.085078091027587135e+02
-6.327786279859486740e+01
2.011016919043554196e+01
1.093152445965088759e+02
2.713120643595890513e+01
-5.152432514005456454e+01
-5.109113684932888333e+01
3.036785849649726998e+01
-3.824776094551870642e+01
1.856823531393085425e+00
-1.126873758264008671e+02
3.022478978979879827e+01
1.912885550240640953e+01
-5.673381236610662626e+00
-4.553737191086510094e+00
-5.775448307998971131e+01
-1.521288482473766379e+01
1.725605370537841736e+02
