-3.968948404188309269e+03
1.706685800919713074e+03
2.889371887071194124e+03
4.593705102629855901e+03
2.963225086724009543e+03
3.836209265522405190e+02
3.101923817098893323e+03
1.507599004520244080e+03
1.097742677386559308e+03
3.730329344364829467e+03
2.845158983761631362e+02
-1.433980597508966184e+03
2.246959977630488993e+03
4.488760849547136900e+02
1.095715865535205857e+01
-2.086337929000044937e+02
1.337430650441399621e+03
-8.387107162211754030e+01
5.594141064440664195e+02
7.173878972518994033e+02
6.442469699271521222e+02
3.896699518195568430e+02
-1.175566340823034807e+03
1.516492338568637706e+03
-1.311477163326924256e+02
9.107455320121980549e+02
1.072057353506221489e+03
-1.682146584408810440e+03
2.596520258313495333e+02
8.077320585910703130e+02
7.332621588283169558e+02
-6.217943053527461643e+02
-7.400803538628493925e+02
-1.108867612061247428e+03
-1.211458275159870027e+03
-7.302347725474350000e+02
4.718757251018690795e+02
3.484959333334207940e+02
-1.419954429753295472e+03
2.124188327236553960e+03
-2.048044699060811809e+02
-6.430270350045290684e+01
3.831359616810835860e+02
1.598670089865677255e+03
1.219951460783935090e+03
8.644684610032771843e+02
-7.880829334637759302e+02
-5.309781381008633616e+02
2.100619774519394980e+02
-1.063730144968266814e+03
1.867818394372432067e+02
1.405563973030158650e+03
-8.998133569646007572e+02
8.288003149132413228e+02
-2.255422804200632640e+02
-2.210122229334584176e+02
8.963965898244699702e+02
-3.835576456067307163e+02
-4.363430803727687248e+02
8.552075893179533068e+02
6.698357588130926388e+02
-1.218450067680046004e+03
-7.870760537469084284e+02
-3.326883777488829992e+02
-8.711868588019478921e+02
-3.951018501679467931e+01
5.055469024511594398e+02
-2.918269385203716411e+02
-1.777531063484060496e+02
-1.818454819624743379e+02
-2.661672742218699454e+02
6.489833077268380066e+02
-9.415263542420013891e+02
1.138698907723538838e+02
3.709602478711346407e+02
-2.600435316250350297e+02
6.469896213025861016e+02
-2.489661154110908967e+02
-6.632605085263627416e+02
-3.994466070856814781e+02
8.816619674671954954e+01
-1.253439602305757262e+03
-4.213589503004491803e+02
4.829861697495174440e+02
4.049901260418475886e+02
-2.851983946747752725e+02
-1.221024992245192209e+01
7.223205020633736240e+01
5.098380135148358363e+02
-4.458812106223902560e+00
-1.176382325609167765e+02
-2.870838851112587236e+02
-3.166581459287472171e+02
7.195311306360713388e+01
4.707350218580709793e+02
-3.134828554983097888e+02
-3.444974418875444258e+02
3.433374100280359897e+01
3.846627308957785658e+02
-8.209213710059273694e+01
2.268403415667436889e+02
1.894731586357450226e+02
3.524560769780592295e+02
-3.060974966377883106e+02
2.183832186924643963e+02
-3.230344798870288514e+02
1.803001053789371610e+01
1.419775812234798025e+02
1.303807121575196675e+02
5.428885267914325823e+02
-1.973336799048209684e+02
3.249271645102858486e+01
1.964298901617334536e+01
-2.207501921195492400e+02
3.898868862667686130e+01
4.506441118365159326e+01
-5.200847812326904887e+02
-2.996034330211787733e+02
-1.430072141556186871e+01
-3.820280218669465739e+02
3.833008138747451881e+02
3.909761356368431393e+02
-4.894211411156362601e+01
-2.316761535093230009e+02
6.560574798929457074e+02
-1.899313417661570043e+02
-2.782043830044300137e+01
-7.402156173327593081e+01
1.207635248104562891e+02
1.089758504109737942e+03
3.232993960306591248e+02
-6.377064714234463736e+02
-9.804341237169381884e+02
3.767172038850544595e+02
4.391693356012621621e+02
-1.867538087049687476e+02
7.549541286580839028e+01
-5.641516274760965644e+01
-1.691721564956680481e+02
3.969855721500670143e+02
1.204919837988684179e+02
3.429988525351112116e+02
-3.873973735439928419e+02
5.063900832614997398e+02
-3.805389406665543675e+02
4.645436497452222966e+02
8.631372711596392833e+01
-2.979214414725310007e+02
-8.856759838445594823e+01
1.917997936169882962e+02
-5.534278612057174769e+02
-2.649517893329038998e+02
-2.936921616841217997e+02
-2.784808470079625522e+02
-1.235665278284767652e+02
2.844311532418585671e+02
-1.953273137623289415e+02
1.051652436292508668e+02
-2.014033995308606961e+02
5.375297409640711521e+02
-7.554560895917153118e+01
-2.275573921143111988e+02
-6.866786382513939770e+02
1.821827529543763546e+02
-2.141628109942536753e+02
-4.433036659657356893e+01
-2.570550670833126219e+02
-1.332313210963752397e+02
3.364049590212949283e+02
-5.993954234802503152e+02
2.102669759774410352e+01
4.332387227288882059e+02
8.690624404292837824e+01
-3.316926634564087522e+02
-2.563082281509877021e+02
1.314772269733960570e+02
-3.308842179959887062e+02
-3.206754107440427219e+02
1.206452166441079044e+01
9.586767909623844730e+01
2.930353246399088221e+02
-2.854229081379609738e+02
2.776346424356781313e+02
2.306733498048365760e+01
2.541789865107334734e+01
4.104275547206896704e+02
-2.854378294264037663e+02
-7.232343801159467489e+01
-9.942894422537457899e+01
-2.443578544850682306e+02
-1.514897717754934661e+02
-7.273952613888824317e+02
-1.711143306555232755e+02
-1.020908248197534789e+02
1.396439715369118915e+02
-3.200282830154652061e+02
2.590760401241285393e+01
-1.762484836701629831e+02
2.065082652329777773e+02
-3.285089498768431326e+01
1.747816223353449416e+01
6.147071570596128964e+01
1.977676434376451482e+02
-1.662264906236250113e+02
1.213238593655891435e+02
-1.213380570257466644e+02
-7.834239142695047065e+01
2.836672756859782680e+02
-2.538327553733320130e+01
-2.221022076935242922e+02
1.448354475433693551e+02
-4.053527224889563172e+02
-3.781240124242689831e+02
-5.901138958222350084e+01
-6.751997259631313852e+01
-2.784364102983157636e+02
-6.560981860359957807e+01
1.453176337897547477e+01
-1.227853314035311882e+02
-2.053053337247977197e+02
-1.867738203267912240e+02
3.655075938348225009e+02
-2.827961985185887102e+02
-1.158679213344615135e+02
-2.087429621687983854e+02
-1.290623170725337445e+02
-8.761887524005433647e+01
-4.513180262437018087e+01
1.294069949015398606e+02
2.004307195008213398e+02
-2.502145404358579981e+02
-2.340304584298607722e+02
-4.404442521434972946e+02
2.466556380284405918e+02
2.958498978275866875e+01
-2.620462202717300784e+02
1.083520085619608011e+02
3.992745163521288418e+02
5.797859577698062594e+01
-3.784044459690372264e+02
7.593621137806623267e+01
4.146728625915772568e+02
-3.466257898357804379e+01
3.514011225550038944e+02
-2.443525192928698573e+02
-3.499500921502290680e+02
5.232836089948997227e+01
7.491964639940334791e+01
1.062640242587536363e+02
-2.596608362431082355e+02
-5.002839994770902763e+02
-3.147718422921390129e+02
-1.872617971631161709e+02
-7.280639193793714981e+01
-1.732014527839454558e+02
1.151172339400217126e+00
-3.283275049355877968e+02
-2.027863973546322640e+01
6.403115572174699821e+01
6.543561778787902483e+01
3.230561005387493623e+01
9.247449281677063482e+01
-1.627675964654964389e+02
-2.011503796924436358e+02
1.249119812717018334e+02
1.053224698960353862e+02
5.002027797576232615e+02
6.907073156066404351e+01
-5.656769450046922287e+01
-2.180799501338682660e+02
2.268666330512540696e+02
-1.267576901599783525e+02
1.589356288137384468e+02
2.333185809696203705e+02
-2.589471545708615281e+02
-3.281065454628223961e+02
5.145598551878996574e+01
3.625201789170503730e+01
1.338724716436359756e+02
-8.136173005056826923e+01
1.305398881140163603e+01
1.059123272167265952e+02
6.418035073621946651e+01
1.710938800945687319e+02
4.111034175522897982e+01
7.358116746550513199e+01
4.608708943907173960e+01
2.210841291620948255e+02
-7.656782171360170253e+00
3.329349009928217242e+02
2.539069226496450256e+02
1.685308427307309671e+02
4.077836988914269511e+01
-3.528041749293716833e+00
-3.844383432537824206e+02
-4.227703475153617063e+01
3.483664788268521306e+01
-8.180011084296533852e+01
-1.183190545865630554e+02
2.072097379398161650e+02
