1.140536088609212129e+03
-8.252767584559231182e+03
1.242945559370632054e+03
5.415055951758899937e+02
6.384540581295008224e+02
-2.225457560472073510e+03
-3.570134857406580977e+03
-7.119347498815550352e+02
-2.649189248368798872e+03
-1.177049400681302131e+03
-2.078629179295175220e+02
-6.257936302973317879e+02
2.477753311083943117e+03
7.406885601935427985e+02
-1.681743440237736138e+02
2.453183228812166362e+03
2.381576489865904932e+03
5.432052456440895867e+02
1.281562714964137740e+03
1.165257737501420934e+03
1.491771974261288278e+03
2.275263249857444237e+02
-1.857519171528036566e+02
2.259186121943708940e+02
-7.139708378013643824e+02
-3.733046771988426258e+02
-7.388647705911238006e+01
-2.150518761959706637e+01
1.316798819432144910e+03
-2.108110803419325805e+02
-4.677297566041602863e+02
4.660160133492314571e+02
8.794132065110846952e+02
-1.538191831338552447e+03
8.600873234006463974e+01
3.256549390706649092e+02
1.237874155223900743e+03
-1.260041577265936041e+02
-6.555715953272614342e+02
9.889305619656555564e+02
6.614754828595100378e+01
-1.249047128620776903e+03
-7.813452572261132900e+02
1.932099695083499682e+03
-6.007672039364164220e+02
4.808900967242876732e+02
6.040253961609415967e+01
-1.739963104528799818e+02
-1.148397070319093842e+02
-6.551259811092687357e+01
-5.970092362707604252e+02
-1.122003665293021157e+01
-6.542776481467377607e+02
-2.014362652245493166e+02
-4.966065296992496769e+02
4.593551163344830570e+02
7.939437624832112306e+02
8.414969242058336931e+02
-6.706447651878050920e+02
4.275624137834015528e+02
-3.276014262391123921e+00
-9.322611271387651186e+02
2.923653314355602788e+02
-6.585897310690805284e+01
7.201544066557040651e+02
8.840570480397046822e+02
8.645246552585351765e+02
5.356975075421945576e+02
1.349708672595739927e+02
-1.699254581678040950e+02
3.476819466329605746e+01
5.359277913442638237e+02
2.658247431175729503e+02
1.008412261701873902e+01
1.160614634885502880e+02
-4.143624367373686823e+02
3.007128439377728455e+02
-5.002736233808509496e+02
8.134631999656839980e+02
-4.739521277166419395e+02
2.258015998297952081e+02
8.267609779158611616e+01
-1.633586788258995881e+01
9.575239635079892651e+02
5.152750563536001209e+02
-2.580485826889564578e+02
-4.428834748767494034e+02
4.164948324124646888e+02
-2.815324078614121959e+02
-1.018729910459887265e+02
1.166864185982314126e+02
-4.675702538894633449e+02
-9.795557496199232617e+01
-6.143856497355502100e+00
-3.819257016936798976e+01
6.931655088531299498e+02
-2.742778778322461903e+02
3.207431620861025294e+02
5.418227255597460044e+02
-1.733094198966538784e+02
3.661007365189116172e+02
-2.529985076723806117e+02
1.337369134601842688e+02
-5.258739614059386440e+02
-1.791550759946960909e+02
-1.559895888535603774e+02
-2.250421936076612894e+02
-4.184665059070485427e+02
-2.363914719649294227e+02
4.752573967645757307e+02
-5.883980232714274052e+02
-3.043711956044518843e+02
-2.837202993167131240e+02
-5.731936378321900065e+02
1.792434143779343856e+02
-1.485148697747272593e+02
-6.463317525002834145e+02
-3.848144988127393731e+02
-1.007504647811067002e+02
-7.778081699879338373e+01
1.564102550133296177e+02
8.618123011509358378e+01
-1.713989683129309469e+02
7.546015865014678070e+01
4.225302923264880519e+02
6.507794167554838793e+01
-2.317522512938205921e+02
-1.731588707598961889e+02
3.297761402706515241e+02
2.433545717514094804e+02
2.278808669599027326e+02
-2.639042752057717962e+02
-9.994389490432857883e+02
3.326188786894832674e+02
3.968151828351098516e+02
-8.305098400581928786e+01
5.924343981528721770e+01
-3.349716606612645364e+02
3.249940283021679193e+02
4.742625105286822986e+02
-1.373009882570371190e+02
-1.379908928138085500e+01
3.755114457386540039e+02
2.717393968330638288e+01
-1.616524262399282748e+02
2.913488003749117183e+02
3.427273296301794403e+02
7.211617667657087338e+01
1.679550626480398421e+02
2.853605316598277568e+02
-2.420260333976234790e+02
-4.951806844930670337e+01
-1.105924980752659081e+02
-1.189963678127777200e+02
-3.634210308112311054e+02
-6.155554497463376151e+01
2.500402540786982684e+02
2.435007217561139328e+02
1.035376201090542168e+02
1.270813606177688371e+02
4.020799814364308844e+01
8.314190772759532777e+00
-2.143745623430913838e+02
8.114140832390228297e+01
-5.174653959173159592e+02
-1.582260945890929236e+02
-2.128959740013383595e+01
-2.788009641721320691e+02
-1.711016030083200121e+02
-4.500017270220568832e+01
4.949517099684941712e+01
3.971479691079292706e+02
3.258249922371527987e+02
-8.829586449518460256e+01
-7.989994106154118469e+01
3.105749627162389856e+02
-1.972244889195910957e+02
-6.862943566282589813e+01
-1.698344731741549651e+02
-1.417525230241693350e+02
3.708232220106631303e+02
7.969255482900722143e+01
1.560392405153522759e+02
-3.312936894817281086e+01
1.894041848518862992e+02
4.281489378650064026e+01
3.012934252302791833e+02
-2.524074058931743636e+01
-4.784517441416462447e+01
-9.737965046302467442e+01
-2.111949901943360999e+02
-3.301071993193009462e+02
-2.094633451197834617e+01
-4.947202763286437488e+00
5.038496222102028099e+01
-1.493476075894804751e+02
-4.877625225641710927e+01
-2.799184739577590335e+02
1.369804872865242942e+02
1.212190516100110926e+02
-2.055378761721862304e+02
-6.567950056999771391e+01
5.677069019077972598e+02
-8.569969551621097992e+01
1.052467387053902854e+02
-1.968248049605918197e+02
-1.433703792193911966e+02
-5.432973494850165253e+01
-4.855033790506767133e+01
3.838502268929915306e+00
9.906291193254894267e+01
2.031664179426546468e+01
-4.156386515737271026e+00
9.084163442045655756e+01
-1.430864421363140195e+02
6.804921177981762881e+00
-2.035029481881600688e+01
2.411448779600451928e+02
-3.478273337606863151e+02
-5.383522890483024348e+00
-7.273482143225515983e+01
1.108179620765184694e+02
-2.675681672103872302e+02
-1.017885556354072065e+02
-1.490168724864641803e+01
3.984536256780186392e+01
-1.430237992024815981e+02
1.508639569535567091e+02
2.223259478921961829e+01
9.980562892365981043e+01
-7.811512522006240999e+01
-6.470681633091024310e+01
-1.850887749926385197e+02
-5.577213722940703633e+01
1.088736905036024041e+02
3.742096561012859013e+01
-1.587067844871038176e+02
2.859995990526414857e+02
-9.929146863564845660e+01
-3.375291409841527752e+02
1.115656206578323832e+02
2.027931103296120057e+02
-6.050964607433986941e+01
-3.402080818995946743e+01
-7.376176059889147041e+01
-1.873946329315704986e+02
3.959069887096230422e-01
-1.259932052554872399e+02
1.503114277788206152e+02
-7.549371405138862201e+01
8.500018847400284017e+01
1.637284918323331624e+02
-8.814045676173870447e+01
-3.722061076591000415e+02
-1.132744555359729617e+02
6.854446184837131284e+01
-1.842302130980282584e+02
-7.873707420610939778e+01
-3.990210164158496298e+01
5.998390390211254442e+01
2.477918670966400327e+02
3.194294026611813706e+02
3.888224481640109076e+01
-2.543660909777979668e+02
3.082666066160670653e+02
2.220653127258263169e+02
4.467713995419219941e+02
-1.501096509928765954e+02
-1.597521835627451594e+02
-1.612636718233118245e+02
-1.877138983823316778e+02
1.146302441371544489e+02
1.496467161159251589e+02
1.187440957086434707e+02
3.884213828187401418e+01
-4.401497952093831856e+01
6.716305548641398104e+01
-9.731521634594504633e+01
2.791371594961550500e+02
1.893867545286232712e+01
-8.352628601365229599e+01
9.292230628467062559e+01
5.471235739191890701e+01
7.833855636590833171e+01
9.343217507020784751e+01
2.205038457645812002e+02
-9.213704250870118528e+01
2.104991624886063732e+02
5.697885922469485820e+01
1.642603245388922062e+02
3.680042726728451612e+02
-1.813414255777725259e+01
-1.198372684318771064e+01
-3.053807585980062811e+01
-2.310148236825997401e+02
-4.132209571478908572e+01
-7.471878590237965057e+01
-1.188525276625327791e+02
-9.151140924376980479e+01
3.561393374264289946e+02
