-3.009412464196253495e+03
-6.404865204866257955e+03
2.843421037635012908e+03
-1.858095651346533259e+03
-5.602662881517271671e+03
1.891608529488642489e+03
1.152082651337114612e+03
-2.609473606760311668e+03
8.968383701062709861e+02
2.341906467614739540e+03
-5.764910831072236306e+02
1.837358228735381090e+03
3.849235243488425340e+02
-1.782803340529912703e+03
-1.378441551125353612e+02
-1.830171377233776411e+03
-9.708783428753205271e+02
3.950682390451112042e+03
6.405727154462604176e+02
2.647128765301358726e+03
2.806077859209872258e+03
-6.571623373084183868e+02
-8.547914522874457361e+02
-1.510054007858508385e+02
-4.392405336145068304e+02
-4.252431094289183307e+02
5.478616994749306457e+01
-1.211637903206681166e+01
-6.704723440752422903e+02
7.504857814050761817e+02
-1.840838392200197973e+02
-7.078209019465000438e+02
1.433047459996313080e+02
2.847579759951067899e+02
2.277904011965448262e+03
2.936128709202945686e+01
2.152309854483957849e+02
-1.472101135672880901e+03
2.268936831652258206e+03
7.275191297099352141e+02
-2.522267944462131197e+02
-1.083924702111763736e+03
6.496964392723715491e+02
5.124124692937935066e+01
2.003556472293862271e+03
-2.742869600945200546e+03
4.751811354960587437e+02
-2.523736902989652208e+03
-1.369360330580222808e+03
-1.043658765052093145e+02
-6.298500619485372454e+02
-3.469963748026937083e+02
-1.350500659278260684e+02
-3.406459806508865995e+02
-3.833991922583936685e+02
-6.119726740742357833e+02
-1.450843616563498699e+03
-1.188231916378687856e+03
-5.841361964741007569e+02
1.338112014169793383e+03
-4.144646471540462471e+02
-1.023981243169942331e+03
2.015950628045595295e+03
5.843905201315399154e+02
-1.348622099353973681e+03
1.885044355055568701e+02
-1.153096160423932872e+02
1.650580070216013553e+02
-2.556494798026898252e+02
-8.543677506629941263e+02
7.219203422837888411e+02
-1.334706432503528049e+03
6.998379723693313963e+02
-7.948513340033937311e+02
2.755905266589304574e+02
4.790331750975826708e+02
-1.037281975265394749e+02
3.903129902563761675e+02
8.082436623572042436e+02
-6.105559820616917932e+02
-1.531358248282535328e+02
-4.712369586966881911e+02
7.674350265948419292e+02
-4.534574514885382541e+02
1.779026341992066875e+02
5.107888598107782627e+02
-8.596495588694608614e+01
4.165783084111438939e+01
-3.690274426794508145e+02
5.253690542236911369e+02
-4.436873971573758126e+02
-2.708836493155114340e+02
-6.609545263614292310e+01
1.030732963965352610e+03
6.611165212139542291e+02
1.985679907666443569e+02
7.617986572235163294e+02
4.689182922239577067e+01
-7.767002571632745855e+01
-2.212771983242016063e+02
-2.309064306090012337e+02
-3.588712989861947449e+02
-3.677608749933139620e+01
1.077789776062875717e+03
-5.005777377570146882e+02
-4.865555968138812091e+02
-3.513869142935362788e+02
2.693009840923097045e+02
2.511597941589225798e+02
7.267505783112859490e+02
-1.085530611558299086e+02
-4.277718760946842167e+02
-2.623748320934008689e+02
3.194122387374415553e+02
2.046590705396931185e+02
-6.532474229440086901e+02
1.930355188039215619e+01
4.007375498296716501e+02
2.623363359096827594e+02
-2.427269997035525080e+02
9.330882170084147731e+01
-2.414360010391962419e+02
4.287066243693947740e+02
-1.236200173933559228e+02
2.205671902119634069e+02
-4.520319891637070100e+02
5.651255304311481495e+02
-2.583669748228766707e+02
-4.570115915033669580e+02
2.635508761361124357e+02
-7.250277253841747438e+01
3.249962077064028563e+02
9.721695289277165841e+01
2.253293035198388168e+02
-3.387872371491781678e+02
2.122382061062461389e+02
7.710875113086695265e+00
-2.690606072391032626e+02
-2.915409037898546529e+01
-2.116484594349893200e+01
3.649619281508007020e+02
1.612205030600200644e+02
-1.898458517754386889e+02
1.569281092314526234e+02
1.646154472313377255e+02
3.047048257578828689e+00
1.945336079374274902e+02
6.128363969694500213e+01
5.926235979202687076e+02
6.487781714914110864e+01
2.274551619267488434e+02
1.978693473588501917e+01
-1.469267051759710512e+02
-1.467869282268072482e+02
-6.010723189229868524e+01
-3.138185888355238262e+02
4.529597209434366505e+02
1.918970176227248032e+02
1.999919695641103203e+02
-1.533140704500193010e+02
3.346524234038543568e+02
-2.118525403396149898e+02
-1.085839787538405830e+02
-9.297081461862829599e+01
7.971348475364770536e+01
-1.408450168175100430e+02
-8.663640894277654381e-01
-3.424900906282210258e+02
6.195353730547697069e+01
-3.925119882224709045e+01
-2.834293126180903641e+02
-2.527121609471880390e+02
1.624029874778200977e+01
2.878277589384087491e+02
-2.248694997706006404e+02
-2.558711468398913880e+01
-2.308404655553418081e+02
-1.241555245375537169e+02
1.474353323096630142e+01
1.672188503474141896e+02
1.374968358725315909e+02
-2.059976297726198027e+02
-2.194777815364254252e+02
-9.984701775351273056e+01
-1.262077639333620027e+02
-2.113932204761583478e+01
1.460928076480473692e+02
-1.089042865796150750e+02
8.456461160049036607e+01
-9.515512993330283109e+01
4.030257349239271747e+01
-2.838083850803884047e+02
2.804541830193684504e+01
-3.606694273136766782e+01
2.790990379345629790e+01
4.149889059132644888e+02
-5.893072877122665432e+01
-1.081228587304024984e+02
-2.496590167244455927e+00
-1.056033634618525241e+02
-1.879567590937780608e+02
-5.950073950223006003e-01
2.297626042809026785e+02
3.668757088218039542e+01
3.158295168348880111e+02
-6.720944930300793985e-01
-1.447859327930478344e+02
2.378216046686431469e+02
-1.959556545361946291e+02
-2.494464640805849598e+01
2.467681333230583505e+02
-7.367586958609413728e+01
2.711837481043824027e+02
6.470707957720462389e+01
3.680322618805940493e+01
-3.494696576111845161e+02
2.753188301141236138e+02
1.864496857424392928e+01
-2.055205992074927579e+01
-2.478501715419493046e+00
-2.507755597634582898e+02
-1.016321610366408237e+02
1.177411241537669184e+02
4.473889272162144159e+00
-8.941361931609195324e+01
2.201668686245107835e+02
3.606341235159894154e+01
-1.915948660910078445e+02
-9.569465405583800077e+01
-1.072360335014881372e+00
2.906464858279815076e+02
-2.930720045501290727e+01
-1.873358105798850204e+02
-2.765712769849538972e+02
-2.228678520737284430e+02
4.592334387964100983e+01
1.314949341915461787e+02
8.079267361035847728e+01
1.592285507348426563e+02
-1.123192074159181146e+02
1.198709336241109895e+02
1.937488208766442810e+01
-3.120555405897246359e+01
-2.140447388906366086e+02
-2.680153617794103980e+02
-2.000956691048307050e+02
2.236936346663105724e+02
7.333260486850015525e+00
2.081127517070835609e+02
1.290443954898102277e+02
4.323721472762309048e+01
-2.524144799981036869e+01
3.907950283902131616e+01
6.607818396092193325e+01
2.660720424658898864e+01
9.483295485918051781e+01
2.165234964246370453e+02
3.098701629539984737e+01
-1.363414075647013668e+01
-1.560246159539663040e+02
-1.959627000311087031e+01
-1.150652092587515511e+02
1.885364457196778574e+02
-3.450235411664208129e+01
2.848167670823112871e+02
-1.156102208913926859e+02
3.334919180390639326e+01
-3.937005011331590509e+01
8.198288724239782255e+01
1.044902646252530616e+02
2.435712579042150878e+02
6.498261779537972416e+01
-9.106150851484868269e+01
6.447892166568494510e+00
1.113973152147961656e+02
-5.187169616751684487e+01
-6.408281745577811250e+01
7.014323301028218438e+00
-6.994227149662285647e+00
7.506870148489419137e+01
-2.610508396868736440e+02
1.421314112380891572e+02
-1.649888986611985899e+02
8.902283298654798216e+01
-1.339023722055562757e+02
1.315727205784004923e+02
-7.218492316286079813e+01
2.082768926428472582e+02
-9.473889425763680094e+01
1.172307321359550514e+02
6.489851321509750903e+01
-3.557222367879118963e+01
-6.389826873854163125e+01
7.397927727029632194e+01
2.042561265480508936e+01
1.518288104251931259e+02
-1.771966423333506100e+02
2.591146115604025013e+01
-7.747707101753042025e+01
1.464011688247967236e+01
