-5.483701896516980923e+03
-2.395161230759424598e+02
3.423684799361467867e+03
-3.360561913763212488e+03
5.925712683867033093e+02
-1.959427646757149432e+03
8.410971565280415234e+02
8.211299949480361420e+02
2.193060900092558768e+03
1.969984326238663925e+03
2.824848245248946114e+03
-8.665768673392470873e+02
1.371569898407449045e+03
8.861600833979357503e+02
-2.746165810411695929e+03
-1.153776919057644363e+03
7.912410479676774457e+02
-5.307546449386312588e+02
6.062657525443696613e+02
1.066166682608950168e+03
5.801600019103357226e+02
-1.643281316856757257e+03
7.485317473694829005e+01
-1.152533927251367913e+02
-6.571215805034795494e+02
-9.792977076402403327e+02
8.572721886338476907e+02
8.415969104901586206e+02
6.278615310875881050e+02
1.307654670683267568e+03
-7.358903787310886173e+02
-1.038352047757895434e+03
5.137148940708339069e+02
-2.154792528934455731e+03
-6.374822544882156308e+02
-9.837382685664724704e+02
6.146408849605861633e+02
-1.397817750182263126e+03
-5.007225544950200629e+02
1.344775343200546558e+03
6.373413370064046148e+02
9.365846778830038488e+01
1.222280016143536159e+03
-3.166007103637836622e+02
4.928350040373020420e+02
-1.021472355103864516e+02
-7.256830486580028037e+02
3.466127483786855237e+02
-1.018450958167698445e+03
-8.763550884200514020e+02
-4.685922858112491554e+02
4.596916044122746570e+01
-9.821167683871286727e+02
1.619068012433637591e+02
-2.204143866599375485e+02
7.485665878256537553e+02
2.500074952424263586e+02
1.273624319002935408e+03
9.546011140359055958e+01
8.074541834143694814e+02
-7.073130429656144997e+02
-9.239181891661201007e+02
-4.076896129646407871e+02
-1.061264347956495840e+03
-5.845532893555969167e+00
-3.640946372229324766e+02
-7.131265352154938064e+00
-9.397733342184629919e+02
-2.725935753518691627e+02
7.212667414411690743e+02
1.736228560837117527e+02
8.123281477662052339e+02
-7.369691353646416019e+02
-9.933183060379371909e+01
5.358485053141864682e+02
1.531078908209612450e+02
-3.914499345478398027e+02
-2.951304496467759009e+02
-2.075234176710778797e+02
4.089950548409258886e+02
5.749862674547379129e+02
-7.394645573937931431e+02
-9.991278706478662741e+01
9.558198498120120234e+01
7.093253947637398369e+02
1.161070287329247748e+02
-9.396198349039950415e+01
3.928412631276684124e+02
4.950185017044283313e+02
1.186511657239761774e+02
-1.556916468045271529e+02
-4.803732517194444540e+02
-3.179652414260344173e+00
3.380967793539625887e+01
2.661990143714742771e+02
1.309657922609193292e+02
-4.960771185600503372e+02
-8.538939098189291599e+02
-2.834157816649822621e+02
-9.444140780802069202e+00
-2.766912761700940564e+02
1.575900142037813509e+02
-1.194023068629667819e+02
-1.022244646497576923e+02
2.135599455083589930e+02
-3.202687692967184319e+01
2.062940173016924916e+02
1.944822510546936201e+02
-3.573117679382444294e+02
-1.000207801982733713e+02
-2.678832918493604893e+02
7.821719980556262897e+01
6.881247133116452233e+02
-1.091690316024369025e+02
-3.708861613287085675e+02
4.533442372463862569e+01
4.668718753313693810e+02
8.290385842016650741e+00
5.122853512710752284e+02
-3.751717597586030450e+01
3.942196887007647206e+02
1.839381064943413833e+02
-3.260478377101624119e+02
1.343783568616887578e+02
1.876463364777346214e+02
9.844972052934868145e+01
9.081132936760369034e+01
4.893451875754535649e+02
1.760384368720775683e+02
5.460753444085440833e+02
2.082348872386897654e+02
-4.523764323061042205e+02
-2.489852705796014050e+02
-2.756859504849464884e+02
2.570828266650281080e+01
-6.923572669156698112e+01
-6.664023780170721523e+01
1.251224416209799273e+02
8.072313875231515112e+01
4.410278128908650501e+02
3.587386307496365134e+02
6.892937076831795196e+01
-3.693719036385070353e+02
3.709898095261034996e+02
-1.906437690920389230e+02
1.483222805842584080e+02
2.458861782102692075e+02
-2.375729698399224219e+02
-1.161887895742284940e+02
-1.836765185128165001e+01
-2.172911442820296770e+02
5.498084784534639624e+01
-1.656922462903519602e+02
-2.856933327841931032e+02
-3.656087662868720258e+02
-1.047203375620940022e+02
-4.695465261330500084e+02
-8.172548746752066506e+01
2.740605306764458646e+02
5.318479723603718412e+02
-2.364868239416499023e+02
-1.286443208070751609e+02
-2.370210526141688661e+02
3.300241113818201910e+01
-3.390740621489340967e+00
-9.619167037834242251e+01
-2.455168829920980329e+02
-4.157080109429166015e+01
2.521598508815822868e+02
2.112223173598880166e+01
6.257555708013242679e+01
1.684173288720273547e+02
-2.241245445213539966e+01
-2.403105025394408472e+02
6.754568806613133347e+01
2.930108395014564948e+01
-1.090028131266383724e+02
-4.414087801450386905e+02
2.834230835545815808e+02
2.680411685097009240e+02
2.154986725300551242e+01
-1.687285025688377118e+02
1.658321276799427153e+02
1.125308038296919904e+02
3.433784304074428206e+01
2.603053834115417544e+02
-1.020124040345668988e+02
1.423967682309449856e+02
-6.370146188227300854e+01
-1.581928463304607817e+02
6.626869245428504307e+00
-2.810678357942755952e+02
-1.590331077380542411e+02
-8.413369724077945477e+01
-2.776185885678194154e+01
-1.594276128677379631e+02
1.202871806986286458e+02
2.025859496868403369e+02
1.169717128590157955e+02
-2.511902837014710244e+01
-7.307376921758049093e+01
1.122538334672903488e+02
-2.459989176280312506e+01
2.813776023985469124e+02
2.220469703847768415e+02
5.789989169273793834e+01
-1.222514053036406807e+02
1.333117062393944536e+02
-1.618616196160883192e+02
3.191242085045349697e+01
4.044491841163688264e+02
-2.017393444469752808e+02
-1.414103799040160538e+02
-7.277687795281076433e+01
2.797685487865711806e+01
-3.944835313242379016e+01
-2.125850049298838087e+02
2.222801392626235284e+01
-1.442053456019901034e+02
-1.680228922842155157e+02
-1.282716005983033654e+02
1.281070830355447185e+02
-1.254351550794187098e+01
-6.990943268434222091e+01
-6.328325733393560881e+01
-2.410306713868976090e+02
-8.516110152760822416e+01
-1.737554080073811917e+02
7.826113072777339141e+01
2.156727276633299653e+02
-1.344258760467471916e+02
-2.366994634852194395e+02
-1.764741272637893417e+02
1.013111245647983765e+02
5.353186406378449647e+01
-1.514046525912974914e+02
-1.536741504797810762e+02
2.451314710350473547e+02
2.113947131014959666e+02
-3.419665188502002025e+02
1.947869778630180519e+02
1.531898923155893613e+02
5.458779485871369275e+01
1.884708729928685500e+02
-2.715646119689969140e+01
6.195640155943026883e+01
-7.845815897146940188e+01
-3.074006437969877084e+02
1.961895715526290829e+01
-1.440514090030238208e+02
-2.046819506849140282e+02
-4.942101951196099208e+01
-5.781461918189253169e+01
5.274463787630293155e+01
-2.832796269521492860e+01
3.329089849565436854e+00
-6.531209769743728089e+01
-3.776207594236454668e+01
-1.957489979075270128e+02
2.845027872156617263e+02
3.478566078485208379e+01
1.168591130743844673e+02
-1.004614601814635080e+02
-4.077657559292771627e-01
1.274794181007410572e+02
1.688081578001986927e+01
4.327951016713868171e+01
6.097578288059258256e+01
1.195962333370556507e+02
-1.405843322864461413e+02
2.951488695335139028e+02
-2.695504378164133072e+02
6.080082558756250677e+01
2.709601282815030743e+01
-7.950508582351919529e+01
9.834039438542641065e+00
5.857183615745071847e+01
1.209434657254738568e+02
1.247629631767994027e+02
-9.597842054597259676e+01
1.629276948277105816e+02
-3.024672619104917359e+00
7.804336667884992096e+01
1.935125273738998146e+02
2.230973352634320150e+01
2.245729923396465821e+00
-3.843514517462868696e+01
1.550977868909160406e+02
2.087360253132229460e+01
-1.203330039900656523e+01
7.502341571348604532e+01
2.191747036361825849e+02
-4.686840722319693953e+01
1.328138037708218633e+02
-2.062817242275308161e+02
4.734949862851888724e+01
5.548200360893051908e+01
6.466484745553411528e+01
-7.732204254698201851e+01
1.408258673456635393e+02
