-2.389382741344582428e+03
-3.741024981981676319e+03
-1.115369453532826583e+03
-6.330489005777388229e+03
3.692668427568746097e+02
-1.467244263314150430e+03
1.561238247267119959e+03
6.973366986562685952e+02
2.192989267259509234e+03
2.340135838290043012e+03
1.241825295591298755e+02
-7.797978989548481650e+02
-2.299690858692419170e+03
1.621690934430024527e+02
-1.028253463372848955e+03
1.137767851101728866e+03
-2.031352637372250456e+02
2.579741258966683745e+03
-2.745872900658584967e+03
2.248493696901967269e+03
2.075214060472800952e+02
7.193822693574112463e+02
-2.038167010521438669e+03
7.716662772943349182e+02
-1.729087034007044394e+03
6.455331928083098774e+02
-8.122259320072733999e+02
-3.367384232284363748e+02
5.844627380929493938e+02
1.710325662636762672e+03
-1.518087838247004129e+02
8.565604029834129278e+02
-7.315726311984812469e+01
-1.170427560649282668e+03
-1.888577943865605562e+02
-1.437734328491858378e+03
8.629879062153364657e+02
8.488057898902561647e+02
-3.974067914369373788e+00
1.256061514565076891e+02
-1.168414724714834392e+03
-1.682189101145878794e+03
1.227727198568249349e+02
1.082939801076781578e+03
8.434944301061112810e+02
1.030539417897344947e+03
7.780103080195625580e+02
-5.622436052666365640e+02
-6.523220381485044754e+02
4.603601033330958359e+01
-8.417764974059803080e+02
4.012478100404234738e+02
1.596834558064266218e+02
5.557561468346979154e+02
-3.372834079547191095e+02
2.970378742802643046e+02
7.532488019663637715e+02
-2.578982717335639308e+01
5.670646948694561615e+02
2.324542300138286421e+01
2.721596002455991936e+01
-9.002574831308709236e+02
1.241529945202111236e+02
-5.982392645095511625e+02
-6.738410989350039699e+02
2.590928042183178377e+02
2.913088012367615534e+02
1.553218178314299394e+02
-4.265698484116916234e+02
1.038946682918548277e+02
-2.629925743591787182e+02
2.042888705533848963e+02
6.722741357815432366e+02
3.505433378074101824e+02
1.233857932902706580e+03
6.169756467564529885e+02
2.668882577862324297e+02
4.274699717948146258e+02
1.386365510144035511e+02
5.123253449574884826e+02
4.699894758003781590e+02
-8.175418972390732506e+02
-2.905364486867520668e+02
3.331681495181977652e+02
7.230088455324569168e+02
-9.457189488588470283e+01
-2.597872065732144051e+02
1.184076300106344917e+02
-1.163550716522555888e+02
4.845470097001460204e+02
-1.034781420633445919e+02
-8.403626062035659743e+02
2.523063079032263829e+02
-1.309529584468532732e+02
1.034622831827299052e+02
-2.754040290404586244e+02
1.705473841101600669e+02
1.713300552729707817e+02
2.416773812852903802e+01
-1.429908560164510902e+02
2.543750576334170148e+02
-2.921360337965966778e+02
3.259232153957066203e+02
7.576644861969124349e+02
1.347665875386356049e+02
-3.140025202763800394e+02
2.200013165257271908e+02
2.695447601012418772e+02
1.770836038501676626e+02
2.693148923798929673e+02
-5.248813917988064759e+02
4.637924200909324099e+02
3.473828563398315055e+02
2.256227044813535940e+02
-2.009552424252747755e+02
6.558368372264216077e+02
-1.971979369708079730e+02
2.181333989741411870e+02
3.320278768879769586e+02
-8.528863017966146742e+01
8.512268779064223168e+01
1.442828541416519954e+02
2.868251228121497434e+02
-1.806714769374641776e+02
2.776655627809313032e+01
-1.702825693154249507e+02
4.045656785393880739e+01
-5.914582071071235987e+02
4.905824246347451094e+02
3.451205248032162558e+02
2.214473230719893024e+02
-4.267913625140627119e+02
-6.653095367911971607e+02
-1.428150790460178232e+00
2.366686798297404266e+02
2.377681579002527883e+02
-3.999463249773001650e+01
9.585891258098020273e+01
-8.862284754563663114e+01
3.457307332181500215e+02
-2.382614306560152500e+02
1.344780387016910481e+02
1.069415916244555262e+02
4.188656935998970425e+02
-4.902561156243785376e+02
4.009790449826446093e+02
-2.581018660805338882e+01
2.438552068995184356e+02
-3.232682244596387022e+02
-1.489374258257221584e+01
-1.329660017210169372e+02
-3.244402320905137316e+01
-2.878399425546464272e+02
2.528394984679331117e+02
3.767760913280078228e+01
-1.866116850431425433e+01
-2.296384907272580733e+02
1.939322713595226162e+02
-1.124427606940989044e+01
1.260934933899307424e+02
-2.652830955769295542e+02
3.039146138295568633e+01
-2.044938276411393190e+02
8.421810060669069742e+01
1.065006258175782818e+02
9.825182641286907881e+01
-1.414850695855753031e+02
-2.083755827441649160e+02
1.088446713181056822e+02
-6.534735210804350913e+01
-2.526133774958935163e+01
1.960744998237668710e+02
8.096328511245732784e+01
-1.097967170913157702e+02
1.565081673677193308e+01
-9.837848980377661690e+01
-1.889557651238242215e+02
1.537061732855107188e+01
3.527971010168639054e+01
-1.505733344869265977e+02
-4.011352340081237600e+01
1.418794514918515972e+02
6.068535787515298807e+01
1.607562371725625212e+02
2.177528797543808707e+02
1.129698996657449470e+02
2.741198540611196677e+02
-2.166394561297503287e+02
-2.517384983490837556e+02
-1.599961787094733836e+02
2.640747464191295180e+01
-2.194740313144421009e+02
-3.232600905289668844e+02
3.235696003670246679e+00
-2.411159594201341747e+02
-3.027014085051585823e+01
1.709878118417347537e+02
-4.617380149537707013e+01
5.838274587691429929e+01
1.031574409620652091e+02
-3.388325487069946576e+02
1.494364225754191580e+02
2.112350894845744165e+02
-1.824582221563911730e+02
-1.094239542913516487e+02
-2.806427640230842258e+02
8.218777301178859318e+01
9.750403059446730936e+01
-3.943882355226441661e+01
-5.432879777948479472e+01
3.621223964769860970e+01
8.819126900130594038e+01
8.629146916689107627e+01
-3.147674447394592789e+01
7.656457300923555032e+00
-3.701032019293066924e+02
7.753146792157245670e+01
5.870530733642864618e+01
-3.256049109813109226e+02
-5.739499935299826916e+01
-1.171115427961271536e+02
5.218600738407223361e+01
-2.234850474864917373e+02
-6.821205688372982934e+01
-2.028053088366451959e+02
2.699618538803157719e+01
-6.340835774927073487e+01
7.416717118307320789e+01
2.068247289697244895e+01
-9.361695412505417835e+01
-3.328576264734636680e+01
-9.533910756972133527e+01
-2.004065173841067065e+02
6.678228605265576334e+01
2.360169319823991430e+01
-1.472909729810506860e+02
-1.983778125809694757e+02
1.306055601941463635e+02
1.593948623431029077e+01
-6.355550266194077125e+01
-8.679696167753581904e+01
1.872975171291747358e+02
-1.557942546890002120e+02
-3.895536846099616923e+01
-1.576174782256271669e+02
-1.542189221738897231e+02
4.073254122788677734e+01
-2.208252316122185732e+02
3.180516625547464571e+01
2.242056919533119697e+00
-4.904045054405403192e+01
4.360856885872722444e+01
-6.688064587605947509e+01
-1.199360293802081543e+02
-7.226038158272292833e+01
7.562343484667994176e+01
-2.838262494667569058e+02
3.991633482881998418e+01
2.856142400493660194e+00
-7.772841714728063778e+01
2.601816171948503964e+01
-1.321298029617750842e+02
2.986630896517736389e+01
-9.163118621641291384e+01
2.561595968382485466e+01
-9.437204818552645591e+00
-3.614361279335270627e+00
-8.125360256293340910e+01
-3.454375774459082749e+01
-5.246183387076536064e+01
-4.538951940245087258e+01
-3.513389768617862785e+01
1.766798013760502499e+02
7.967799119783978767e+01
-1.779811265846679902e+01
-1.464889790152899991e+02
1.491298195455434552e+02
1.594573854803220172e+02
1.738051547459032875e+01
-9.882003015172116989e+01
2.645523575096088464e+01
-9.391599943085812185e+01
3.956363132352058898e+01
-1.696783244708392431e+02
2.989439276875281593e+01
-1.388213161430706180e+02
-4.639412249710001390e+01
1.177311967039080116e+02
-9.362171203275197584e+00
-2.335929417258630991e+01
-2.957501707809491265e+01
2.888045516508768529e+01
8.097250348980543322e+01
4.313083278685945210e+00
-6.614076143956847886e+01
-1.368267129706988250e+01
-8.992336386318744701e+01
3.710259362042548048e+01
-1.759459506371066906e-01
-2.996050428555767198e+01
