-2.150331446857924220e+03
-4.441463589734736161e+03
4.269506666819791462e+03
-2.770542272636341295e+03
7.351547232724764172e+02
-2.878385106974124028e+03
1.361645489552556455e+03
2.778185224892643873e+03
-4.204152925474723816e+03
-1.549169436843613539e+03
4.699471287180796025e+03
-4.262784574875327053e+03
-1.855987039392677389e+03
7.631604654973269817e+02
1.814628195543405582e+03
2.523369796967214143e+02
-2.265601504802790714e+03
-1.547486505216129672e+03
-6.042447486720586767e+02
-7.949979297026608265e+02
-2.348844719787933627e+03
6.887431026373325267e+02
-1.785330756929315612e+02
-1.235421610210473773e+03
9.147376125069272348e+02
7.232306774273423855e+01
-3.574815229656497877e+02
2.601361949403569156e+02
5.067980824502608925e+02
-3.418386847048859636e+02
1.053017944456678151e+03
-6.739565792140745089e+02
-7.616228719579786457e+02
1.001382186825292024e+03
1.022233486979853183e+03
-1.708468947045538471e+03
5.262800780429176939e+02
8.099870810406245027e+02
-1.536858350758081997e+03
1.295691622399384187e+03
-9.381013481999877968e+02
1.167976795922087604e+03
-8.646817897823208909e+01
1.929098287692800795e+03
-9.235008225545960840e+02
1.175522412355903043e+03
-9.917513606749417931e+02
-2.291155716763566552e+00
8.927567428371110054e+02
-1.464777929889302641e+03
-9.053990475149181520e+02
9.117994034760463364e+02
6.336304364279160382e+02
-6.086275382036610608e+02
1.075735129296656964e+02
1.150117093222958601e+03
1.377446887451929570e+03
-5.157962312531823272e+02
1.068084818478570384e+02
3.680869464900781622e+02
-5.946279790820301514e+02
-9.243477874623557682e+02
-1.319056836893897753e+02
-2.749728292263204708e+02
5.048256431780134221e+02
1.305791277430738774e+03
1.110604706904829982e+03
4.448975345147223379e+02
3.084959308728647542e+00
1.101825336760732853e+03
2.567347922601208666e+03
-4.223292942077257521e+02
-3.296495087424476651e+02
6.514196393187017975e+02
9.624923565263972591e+01
2.610849488679798469e+02
5.798325439801640186e+02
-9.796151843437251046e+02
9.379673648812865849e+02
-2.314899602366593978e+00
6.080419006288565242e+02
-3.812978533753171178e+02
-5.593231486530830807e+02
3.478616064627507285e+02
1.928432404221527577e+03
-5.760557685021472025e+02
5.056419250303232502e+02
-2.426561515964309876e+02
5.512725077648656224e+02
-4.247257902952159156e+02
-1.917281102898328413e+02
-1.127862298019670106e+03
3.851844156818469855e+02
7.337167399184711485e+02
4.498513372509762007e+02
5.852303203409165917e+02
-5.968369732507610479e+02
-1.015237992069126278e+02
-2.020748731339934068e+02
1.993912216773831574e+02
-4.327540284323959554e+02
3.570049570162599366e+02
2.215534140205131166e+02
8.376950308621478598e+02
1.028385482657973284e+02
-1.104183035322866544e+03
-9.750703659517081405e+02
-8.094742522857785616e+00
1.937627992252185720e+02
5.583802727211054844e+02
2.377312593865469523e+02
-2.955796051999071494e+01
3.653843426489055446e+02
-8.948652604716002088e+02
4.616470017234381658e+02
7.085944686027750095e+02
1.970799482144491037e+02
-4.768740242176871220e+02
-5.566849956209254060e+02
3.055920295037722667e+02
-8.555025472334351662e+02
-4.847370543965296292e+02
7.476176651819571362e+02
-3.928615688927896485e+02
-4.276536215982090425e+02
2.771863400128573858e+02
-3.877563556217060068e+02
4.206315035218717640e+02
-8.189066583506993879e+01
6.107075291219802011e+02
7.206098566393649207e+02
1.961982597511963604e+02
-2.657701199552433309e+02
2.458408442773991283e+02
5.375779954123757989e+02
-2.853875217691156081e+02
3.313631394110046813e+02
1.336005144565411683e+03
1.530647772773192514e+02
1.019029413176251524e+03
-4.569703200195929753e+02
-5.014341945305137216e+01
4.785690330983740068e+02
3.370233983397577049e+02
-1.513882588012429835e+02
3.729790836932853040e+02
1.732005308327045157e+02
4.678546429755059535e+02
-1.693745554348357985e+02
1.444045465829775310e+02
-3.903184008567952219e+02
-5.572209279796135206e+02
3.730607100781918462e+02
6.695311480114210099e+02
3.877348826202857879e+01
-1.030033143149273513e+02
-4.438914397022430194e+02
2.321667859121085655e+02
5.469021144346914980e+02
2.411117704387413028e+02
1.476095628990933335e+02
2.838243909087764791e+02
-1.908131755335776631e+02
7.263526057945183538e+02
5.098568582296145735e+01
-2.706444558352373519e+02
1.694268628092153506e+02
-2.014805861268875731e+00
-2.872446959187695370e+02
-4.455941345164635550e+02
-4.293910698521564768e+02
-5.449775776150268030e+02
-4.021424579988120058e+02
-3.874803447080838055e+02
1.137340315267588693e+02
2.287823842192183008e+02
2.502976770751356526e+02
1.859964581466612543e+01
1.778731399458059581e+00
-4.301237484167273806e+02
5.141153077625904189e+02
2.459218972316179759e+02
3.209575198090709023e+02
1.218855547155188512e+00
1.155818984617780654e+00
6.075164687030611503e+02
-2.966813143516694140e+02
-2.217859103458566494e+02
-5.768464042301280870e+02
2.802704668388736877e+02
-2.349304137495979035e+02
1.060153440260659465e+02
4.260658415011747593e+02
-2.088860710341720619e+02
-1.464978045802369877e+02
-2.940167093249456229e+02
9.021108032561056689e+01
-3.762072088416590532e+02
2.165349684300620083e+02
-2.040717838571989944e+02
1.266070597528556902e+02
3.781054386155757356e+02
8.380445485427616177e+02
-7.572607025165243044e+01
-5.775613609645029101e+01
2.384677049875876946e+02
1.686818989411237624e+02
8.137834427670189825e+02
3.417211800268825073e+02
1.228106143373336501e+01
4.714229235190520058e+02
4.919582318759532313e+02
1.574762553541355032e+02
4.356455677993801601e+02
-3.504741939855778696e+02
-9.424299257350725156e+01
-3.444598211578592100e+02
1.557986043464226356e+01
-2.787579128420019856e+02
-6.637303403599831597e+01
-3.066605426549860169e+01
2.921362738250045936e+02
-4.452850269396852667e+01
3.884822369467904082e+02
2.239092709968024053e+02
-5.662481963765646924e+02
-4.065638756437946881e+02
1.646795171553960913e+01
1.127439225897055053e+02
-8.212572803955863776e+01
3.714811668352304537e+02
-4.783448237328209984e+02
-5.751612616022947577e+02
3.055448678581398170e+01
-1.589678330771097308e+02
-1.726610046517726289e+02
1.475562185367786014e+02
-1.137405250027044730e+02
1.814739205884646367e+02
-2.253268138493579045e+02
2.483316678572869591e+02
3.959484096838128266e+02
-4.148560102541507177e+01
1.293629005253604873e+02
-8.011252185731931377e+02
-4.140086595033077543e+01
2.042446722163176105e+02
-1.473169344937468566e+02
-2.256185724314209438e+02
-4.267222320336017560e+02
1.079872968915612290e+02
2.755707312848203969e+02
2.556581422857736356e+02
-2.084127574250606187e+02
2.179393889577425014e+01
-1.172701513247519678e+01
-2.391792649560028110e+02
-2.301468537253407476e+02
-2.517800469019111631e+02
4.935458516802156481e+01
2.282762897258125463e+02
2.552813718508203067e+02
3.111138848634817577e+02
-1.659155343672182426e+02
5.084945071799201628e+02
-7.998505002210734460e+01
3.095710499763741836e+02
4.466194320808936169e+01
-1.060509998888709404e+01
-2.191442264391614003e+02
1.139674419284929314e+02
-1.816915498510359441e+02
2.562433490380007584e+02
-3.950601980310887598e+02
7.810088379446607121e+01
-2.344105832356906092e+02
-1.228869037113081788e+02
-2.900242833411740548e+02
-3.001889872621387667e+01
7.892075652845467459e+01
-2.127086579489213420e+02
4.733068168905568314e+02
-6.326338119723292408e+01
3.569809225580901284e+02
1.251790799754289196e+02
-1.219163197679421700e+02
-1.892362443570448534e+02
1.396808608970130194e+02
1.425103498916357410e+02
4.082152150335709706e+01
4.535548483744877331e+02
1.545448714413699633e+02
-5.217900440107700888e+01
-2.100009774622148200e+02
-8.452824774921366213e+01
1.373123559376751643e+02
1.629219195561252889e+02
-9.583759644079185014e-01
-1.811192346358870111e+02
4.245505283631716225e+02
