4.023817483966607142e+03
1.331985597918574285e+03
-1.274105122489982477e+03
2.786421959611927832e+03
-1.538438825458784777e+03
-1.989129300210603787e+03
1.499997055246042464e+03
2.185595106848028990e+03
1.493040261919489694e+03
1.442663408344560139e+03
5.037201602855819829e+02
-7.624865584620602021e+01
6.905122375299242776e+01
9.321530216803585063e+02
-1.302365221870637015e+03
-2.013733996809150540e+03
-2.814403758256033257e+02
4.307029322089182415e+02
6.560541847933181998e+02
-7.600719336402431736e+02
1.742575684860740012e+03
2.371045266676430856e+03
6.504352536595971515e+02
1.444617221421335898e+03
2.391797930576090039e+02
1.154001065929481456e+03
-1.539131909962765405e+02
7.999718159749172628e+02
-1.379933446201063987e+02
7.000611581161563208e+02
1.024496003160140845e+03
4.836040047414219316e+02
1.476306729469670529e+02
-1.182791146523972685e+02
-7.878682846017107977e+02
-1.189888403309214709e+03
5.297203036901830728e+02
-8.337055710255795020e+02
-8.283489673877616042e+02
1.225570854178718491e+03
-2.367168270114619304e+02
-6.365263145868345873e+02
-6.344647412561149622e+02
1.385551059067472352e+03
-1.197251565419729644e+02
9.103981249531129833e+02
-1.122596309334675908e+02
-6.123587675080812005e+02
-7.294561798299540101e+00
-3.296512866784192965e+02
-4.928043086145598295e+02
2.580469281801399575e+02
1.378806250735034382e+02
-2.164810356087134551e+02
-7.069402230215904410e+02
7.911755911073055358e+02
-3.844189365021684921e+02
2.224620949086684334e+02
-1.446563847829671090e+02
1.765763829216208691e+01
2.373979174637964107e+01
1.567424065323461662e+02
-5.133241612977367367e+02
-4.110066812013385515e+02
1.490709221726687872e+01
-2.289098687257261702e+02
1.529002738206879144e+02
-2.837608445736464660e+02
-3.603960842283227635e+02
3.086251814678186065e+02
-2.188278255775828143e+02
-2.609679320857247831e+02
1.684739209584165565e+02
4.010998082537803384e+02
1.910341177296412809e+02
-3.932847024305706327e+02
3.105736193031718813e+02
-3.633249142876703672e+02
-5.608608992076050015e+01
-4.916440759518540062e+02
-3.445344026495541812e+02
8.792002370009915069e+01
-3.419421554200856690e+02
3.820179116704449598e+02
4.574534645350590836e+02
-3.645522206178339388e+02
-4.541181799357188424e+02
3.679288252875186771e+01
3.141064746714022249e+02
5.546307366264734640e+01
2.882188039811209137e+02
-2.827962938707090643e+02
-5.157164552934231097e+02
4.566870245786638520e+02
-2.658915763633903566e+02
2.960287630456727825e+01
1.056880326745643117e+02
3.129948859474304186e+02
1.609235362271042220e+02
-1.632033430675400894e+02
6.174727482972385673e+01
1.281577714688815206e+02
6.671178950303307147e+02
-1.759049026510389524e+02
-2.314789375185674203e+02
7.099971698220495853e+01
-3.513665221199060511e+02
-9.122525838116443708e+01
1.593164755282239469e+02
-8.880271819235312591e+01
-1.682931059727453658e+02
2.843844119440148575e+02
4.825951805800123680e+02
2.313447546155520058e+02
-1.691991850554087762e+02
6.752669368837612751e+01
-1.469113210393414022e+02
2.027418285756253908e+02
3.332516971440649058e+02
-3.546390938176774199e+01
3.452874146317889625e+01
-2.386325162139945348e+02
1.833696653815401874e+02
1.928569134244867200e+02
-2.490836392924071845e+02
-6.955354605100454002e+00
4.007326509945673934e+02
-3.432549051162694127e+02
-2.025047397537774430e+02
-6.944052546071792165e+01
2.166614065186366815e+02
-5.390004990031612664e+01
7.598554855041159328e+01
-5.720835929513835936e+02
1.317560689636129467e+01
3.046581741581773031e+02
-6.476375690775439864e+01
2.555676331526684351e+02
5.839442976301206301e+01
-2.259528899179175312e+02
-1.894986934448695877e+02
2.683454423717825321e+01
-2.150751319512393778e+01
-3.775866446426306879e+02
-2.800771510308754841e+02
-2.050283981730516132e+02
-2.047323233881253373e+02
-4.461302538223041125e+01
-3.659664108013516426e+01
-4.755057218277761422e+01
-7.829941146666907059e+01
3.469740129890632261e+02
6.550222219775356791e+01
-5.746563273662442839e+01
1.322255456474160269e+02
1.239749034942720414e+02
3.256793644680407169e+02
-3.656860040118050392e+01
3.284915800492612004e+00
-5.177597648523279616e+01
-2.382058990240005869e+01
-1.722450429996549417e+02
-1.649904945854180482e+02
4.796265972928748624e+02
1.494759047576318949e+02
-2.013141028249017950e+02
1.124984335422823420e+02
-2.885686790034616820e+02
3.312335967754036687e+02
-3.104303435917918250e+02
-1.780159108936878454e+02
1.533009677270507325e+02
1.742024362661454404e+02
-8.174476357912993763e+01
-1.586051345040573892e+02
-1.886879603767700075e+02
4.139138494586089934e+01
1.418909178614894415e+02
-2.121909692995754710e+02
-6.195958208019428781e+01
3.068800817248487078e+02
1.254987351357857364e+02
1.790838941942324709e+02
1.244380582060471596e+02
-6.248968783999283261e+01
1.023205059855924759e+02
-1.537526413336078406e+02
-1.581501516062825203e+02
-1.975172250019432738e+02
-9.798165946401620374e+01
1.415309734565420996e+01
-2.399431832432893827e+02
-8.423334879442914769e+01
7.158417179066471192e+01
-5.461820994964153186e+01
1.863340313958038621e+02
9.514815452278287466e+01
1.453027805935491017e+02
2.043165680004159412e+01
1.528911254449748185e+02
5.184276437268308513e+01
-2.127598249354766438e+02
2.756800198361045204e+02
-1.429343257617394158e+02
6.839384685859290869e+01
2.024394051523512150e+00
8.766270539081455127e+01
1.805499050622897812e+02
-4.459549742187277133e+01
9.152277733894295864e+01
1.430163629764433608e+02
-7.276212442308541029e+01
-6.002420191868445443e+01
-6.762289240493069542e+01
-1.720740437939272738e+02
-2.128007341661529210e+02
5.206188612681941663e+01
-1.897221481590245773e+01
-2.782955420721953033e+02
-2.684503960986676248e+02
2.262667256748371187e+02
-1.623152331437742646e+02
1.939345940425622672e+01
-3.271890847969750382e+01
-1.070795963822379662e+02
-9.792843700862960077e+01
2.789730581586817948e+01
-8.716274468337719838e+01
8.015739091616708833e+01
-1.502196068512945999e+02
-3.471712720767717286e+01
-1.559613592227408390e+02
-1.029845688096060314e+02
1.479419205705837328e+02
1.235765212963196120e+02
-8.875500195636053036e+01
-2.338011308059598719e+02
1.815202817792378198e+02
-6.131394962478822208e+01
-6.963188196293576482e+01
-4.239169671921997917e+01
6.914800375583860159e+01
2.069990738965887545e+02
9.933708075407077231e-01
6.130615799110802300e+01
1.285697940077020576e+02
5.165878101879477491e+00
8.444502100547678936e+01
8.165120750953493101e+00
-1.920157121826321855e+01
2.693980601037196010e+01
2.982663462666358214e+02
-3.147342361528749777e+01
-1.910493390670669100e+02
-1.179011341096666285e+02
-8.884114110811408693e+01
5.777215668342564214e+01
6.664478318326774797e+01
2.618117446031229747e+02
5.093499481355253522e+01
2.570315751701557474e+02
-4.049197010108969152e+01
2.349763498532909001e+00
-5.414143308236125307e+01
3.839067700462578614e+02
1.746655474989382526e+02
1.108732792706307890e+01
2.610914729262806944e+01
-1.414394487350236602e+02
-1.743467669181172539e+02
1.080806179325758798e+01
3.531863644874024999e+01
8.181277854340750366e+01
1.525599917429754839e+02
3.869804187365843529e+00
1.216033951682320264e+02
-1.328065216187293629e+02
-1.536547133962909228e+01
-2.621318331073593555e+01
2.185910736061940156e+02
7.328190417261858158e+01
-4.515215187349017611e+01
1.943309349263016657e+02
1.976429335944650063e+02
2.082728473724377523e+02
2.890282531127398897e+02
-9.438320109162283700e+01
2.512899467130781161e+01
-7.174890762707404690e+01
-6.849082167305539315e+01
6.333407237965521119e+01
-2.970709488009805099e+01
5.334971842613783366e+01
4.419429342142309025e+01
-8.538703477818694410e+01
-8.202152578446828102e+01
-1.376482517939723778e+02
-6.928200466433916915e+01
3.106420369621116961e+01
5.639067430645969381e+01
