-5.273440780830909489e+02
-4.482384672468258941e+03
1.224664166194359893e+02
4.944207324889580377e+03
2.414420001660058915e+03
-2.408683595431864717e+02
-2.259135034994774742e+03
1.558229955830687686e+03
1.663164218859949870e+03
1.706426291315143089e+03
-4.365947441502725042e+02
6.122014658840834045e+02
1.247917489066621329e+03
3.238788433157801023e+02
1.818246099582079012e+02
1.858164184288221804e+03
1.353926727843729054e+02
-3.564822402402107855e+02
4.494252718400345543e+02
-8.477887986523695929e+01
3.772125664022399292e+02
2.292573533091839636e+03
-1.006693449157790212e+02
6.281374854585975527e+02
-3.296037251533759900e+02
-1.085383491405180791e+02
8.850897845028448501e+02
-4.500292623085073842e+02
8.310687921074817268e+02
7.502379159051106399e+02
2.916866032661956183e+02
-4.185751580639722533e+02
3.946321845443177949e+02
-2.956882629252120864e+02
-1.625969702816170752e+02
-1.507195748248529071e+03
3.061243412899627856e+02
-5.387558007935514297e+02
1.586542439697532814e+02
1.280511875963924524e+02
-2.712489983696857507e+02
-8.973088203252229960e+02
2.277388062033892595e+02
1.738105630002345606e+03
1.327041317268517787e+03
1.496477752213847225e+03
-1.870951614159802148e+02
3.344753347829146151e+02
5.334590175677318769e+01
-7.445617290992309734e+01
-3.824243389818224159e+02
2.865706872679494950e+02
-5.438200352178337198e+02
-8.390062418816569334e+01
-6.023941089337212134e+02
1.931174266137663835e+02
1.511491601112660646e+03
4.986673759071785526e+02
-6.748662301999918327e+02
7.726158268827556412e+02
-3.335821386640265729e+01
-1.940525109478721106e+03
4.504299188483839202e+02
-9.671202107875619731e+02
-9.016455999201966165e+01
8.902538427281851341e+01
1.377599892055959799e+03
3.535982866124501811e+02
1.170607564981979067e+03
-7.264686306976457217e+02
1.001626492825811965e+03
8.495343670975661325e+02
6.597195672283352224e+02
8.370418377259053386e+02
2.943072345194949548e+02
-6.464902070739789224e+02
8.489309673039851134e+01
-1.128786362110130085e+03
5.359164268880422242e+02
-3.154777079067990542e+01
3.872753913447338618e+02
3.546108663056086812e+02
-4.461613920467967205e+02
1.010838035729726016e+03
1.292968462551214088e+03
-4.389975954088955632e+02
-8.309184262200112698e+02
8.063331275886305320e+02
-6.136277403283501144e+02
-2.639737483295048150e+02
6.690371102295945320e+02
-4.273211749409748563e+02
1.410756807198957858e+02
-3.795755108878476562e+02
1.565987141887216694e+03
3.784344678908837523e+02
-5.040502911228568905e+02
3.682137684154641875e+02
6.179189378159683201e+02
3.857156973602016592e+02
-4.367737634864878942e+02
-4.057704044805525996e+02
-3.845048354016159742e+00
-3.433791217692435680e+02
-1.717356134084228074e+02
-4.331563918622375695e+02
2.260060148211518936e+02
-2.595719873751793898e+02
3.794610422272752999e+02
4.258538336557104458e+02
7.719013059481277139e+01
-2.507518890783939582e+02
4.571893515063839004e+02
-2.627857869624683076e+02
1.637235552903316034e+02
1.704605689583426908e+02
-7.343162646593858653e+02
-1.016633724990622227e+03
-2.525162151089805320e+02
4.296101314114401362e+02
3.758566885444591890e+02
-1.286675702180355358e+02
6.543928016199787123e+01
-7.601366949374545356e+01
6.898682623756968724e+02
-2.167915760591485821e+02
-2.087873942879105300e+02
-6.877992589091721811e+02
4.057481317620265600e+02
7.260792962014713794e+02
-4.024123975192410398e+02
-8.559108962561953149e+02
-1.070231252549539022e+03
8.618426348049381431e+02
1.972482467595062872e+02
-3.057765970824818282e+02
2.246136583898881156e+02
2.057725200073016936e+02
1.627224731605331840e+02
1.003388936334508685e+03
-2.273291330783769695e+02
2.138137729697793930e+02
4.396380216607856823e+02
3.206574847679156619e+02
-5.459973412168849336e+02
5.459581662881915918e+02
1.738424218502344161e+02
4.375747487924942902e+01
2.569546613100134778e+02
-3.420131018116113637e+02
-9.901434114112583984e+01
-1.590672850517754000e+02
-4.097187961370507878e+02
2.811577890183675663e+02
-7.336357316520789027e+02
-3.931779020717818298e+02
-6.891387760768407134e+01
1.937575862900561674e+02
2.238378273560852847e+02
-1.479216351031671763e+02
-1.223183983614437267e+02
-1.389902800785259842e+02
-3.695974009499194040e+02
5.524173376852903630e+02
-5.103231602917659302e+02
1.712530544846804332e+02
-2.304292313240534895e+01
-4.675223494158790913e+02
2.340320082154668739e+02
-6.240566155240550188e+02
8.019361228503238692e+01
6.271341356149246167e+02
2.931692166590752890e+02
-2.341865415170217091e+02
7.216840965518893825e+01
1.364244060645914374e+02
-9.403761532971742554e+01
-3.557261800399691083e+02
-3.664551972290748267e+02
-1.439885957178706732e+01
3.675107570285318275e+02
3.481552292232626655e+01
5.331447973544292154e+02
-4.270988722798001902e+01
1.134245251326036907e+02
2.989753282336585585e+02
3.493110297383481821e+01
-2.402755653122694071e+02
1.151113747718239892e+02
-8.775606589949406100e+01
-7.700330897126805496e+01
-4.375781773572521161e+02
-3.997789915139575356e+01
6.098361132428083309e+00
-1.008101214970683230e+02
-1.386993749320658651e+02
-2.780603996208930795e+01
-3.151796837489854397e+02
-2.372792485159266818e+01
3.421827081680580136e+02
-1.384187966183172307e+02
1.332082889780546395e+02
6.747736605426830465e+02
-4.764231017273115185e+02
-1.032787002499732942e+01
-1.942955184474205339e+02
1.360493576995854141e+02
2.290828365305937098e+02
-2.409223431626973024e+02
1.524490012821316327e+02
9.428595079795370282e+01
-1.610095604575970469e+02
-2.066007127151053453e+02
2.001619016281629513e+02
-2.314352692562696348e+02
-4.360879761947361430e+02
1.231375586194324256e+02
1.691949456337428330e+02
-4.300015287710572238e+02
-5.560388318668753982e+02
5.679190129164189216e+01
2.256343553721458477e+02
-1.702848773662286987e+02
-1.445545362475205877e+02
-2.400512548874336005e+02
1.579823477447055780e+02
-1.989099491049238395e+02
2.503197340795505568e+02
8.753790637070834180e+01
-6.733669248546209474e+01
-2.995594048076776872e+01
-2.129736184611622605e+02
-2.796590928765564854e+02
4.565112598826107160e+02
2.253182307980372627e+02
-3.964698661638602175e+02
-2.193973559186557907e+02
6.106963134072777848e+02
-1.382298775105734876e+02
-4.997886404772708602e+02
1.325089846366094548e+02
5.098346385165307311e+02
-4.360147385740754089e+01
1.814003474890590155e+02
-4.931818962657218322e+02
-2.815963184315245940e+02
1.594426120276085044e+02
-2.215142703883811137e+01
4.146877978273168992e+02
-2.003638861544096130e+02
-2.306409104987306762e+02
3.599114901969295488e+02
-1.575997248009839780e+02
-5.468611410160913238e+02
-1.414985904669952710e+01
2.174561289499654890e+02
-4.106983227454851431e+02
-2.587273525778195449e+02
-7.876183125340247670e+01
-1.082705605708659249e+02
3.942185042680571314e+02
1.177331395960489679e+01
9.129199149070080921e+01
-2.412872799469996892e+02
5.401122778726963816e+02
7.338991133467006023e+01
5.474481771815895854e+02
-2.289159756433486450e+02
-3.498324029843788594e+02
-2.719461947264268815e+02
-5.200269872025596669e+02
-1.124111127478972634e+02
3.416880415936522581e+02
3.825353198298237203e+02
6.334807210479712580e+01
-8.086063328931481919e+01
1.686359076583474348e+02
-7.249794721742857462e+01
4.910764596496566696e+02
-1.787351710035047176e+02
-1.605979730285905589e+02
-2.677415827352143651e+02
2.225607015231477419e+02
2.702269276798646160e+02
2.792913794847369502e+01
3.861296842970277226e+02
-2.624142201760282660e+02
3.968549731183376252e+02
2.936406826576638096e+01
1.091863404841597713e+02
2.886832311178154100e+02
1.593195131295820843e+01
-8.629072814535312830e+01
-9.735446499916152163e+01
-5.560987277360187591e+02
-1.595331394712607107e+02
-1.560794423625938805e+02
-3.169031974281503494e+02
-3.679575244914943255e+02
2.916410153603063691e+02
