4.941386518418877131e+03
-1.534187616469825343e+03
4.121984948783794607e+03
5.652744064306707514e+03
1.243993711706973045e+03
1.206498444492360022e+03
3.472694162119840939e+02
3.604151272125920968e+02
-1.406192348094340787e+03
1.282590478998175513e+03
6.084661244538386882e+02
-1.100054955128857728e+03
-1.469417079354597035e+03
-2.818062851771991291e+02
1.321421679055929417e+02
-2.413525700641179355e+03
1.353888416578518445e+03
6.957407426281031348e+02
2.725544757557370758e+03
-8.319623540487800994e+01
3.330429649737890941e+03
-2.916520926191070089e+02
-1.524417554867923172e+03
-5.853249331363252850e+02
1.149828838204688509e+03
7.136593938427880630e+02
-1.533750658493859419e+03
-2.113077727130711310e+02
2.003974897973440875e+03
4.195418624159598835e+02
-1.025820148367830143e+03
4.182896894319327998e+02
-8.017521583946852388e+02
-1.289559926554092954e+03
9.260074717449117543e+02
2.014582692566819162e+02
4.726882356321723933e+02
-7.787149939861819803e+02
-5.324330621125954366e+01
9.895122327559344058e+02
5.077569982028679618e+01
-1.318305466153079578e+03
-3.843244787498558708e+02
-9.899372993517115447e+02
2.548729694134777901e+02
2.639217230895870330e+02
-1.160611178905075576e+03
-9.142611797023946565e+02
-2.843817634770666700e+02
-1.233285817207313642e+02
-6.480374720240296256e+02
-2.965472130016983670e+02
-3.658490283567633696e+02
-1.086381531555493893e+03
-5.744634091663814388e+02
3.592899014653215772e+02
6.295685950415887646e+02
-8.884515528245336782e+02
-4.344261828820884830e+02
-8.534538422769956867e+01
-1.996585901344530782e+02
-8.191674303859603867e+01
7.311009397138435588e+02
-6.188596982185357547e+02
-6.611023902651006665e+02
1.045907583936211040e+03
6.771793129940962217e+02
7.482852859870141060e+01
8.187850107044519063e+02
-1.073372163500336285e+02
-5.171639429870540816e+00
-7.030054683487855982e+02
-2.483502709960868913e+02
3.407990481355259362e+02
4.431283405546697622e+02
-1.762565315606535421e+02
2.907564867857499848e+02
-7.816784685572500848e+02
2.199255508667486083e+02
-1.975806976644914812e+02
-8.861363232449842542e+01
-1.003277330405768311e+02
-2.643251067616141654e+02
2.168652136285789993e+02
-1.072092683358047509e+02
-3.215155014170729260e+02
4.828968442168772981e+02
1.303108334738982421e+02
6.219464706820741640e+02
-3.310322311052144073e+02
7.897038883039500945e+01
-8.485349521023441639e+02
6.605911212538890709e+01
-1.713871847887135687e+02
3.114092449880907338e+02
-4.799939418081798408e+02
4.523108397512798717e+01
-5.226852302379698756e+01
1.429726386658636272e+02
-2.422145922695020772e+02
-3.264433022201588983e+02
-1.246808267529820853e+02
1.876001005994297088e+02
5.194612933314041925e+01
-2.794872968384427736e+02
-2.689015363452652423e+02
-2.936296520075197947e+01
1.926543852433072743e+02
9.580002455469733036e+01
-3.913885872437540314e+01
-2.855111262968935080e+02
2.268028168781831653e+02
2.726086403312238531e+02
-1.070965301446315188e+01
-4.191348845998631987e+02
1.907656067671061635e+02
1.606415548744851662e+02
7.839240431423755595e+00
5.818339240965681256e+02
-2.186690269430828693e+01
-1.626853626646934288e+02
-2.527368252362267356e+02
-8.276473043236414640e+01
3.774333523224596547e+02
3.877785506868350041e+01
9.495948838736080688e+01
2.617708259257597661e+02
-1.251512785057469728e+02
-4.356156976247068968e+01
1.610483148674484255e+02
-3.161155198382620313e+01
-1.752716662848650344e+02
-5.070471941220311862e+01
-2.105328515067222384e+02
2.123658099738093767e+02
7.268813312366906132e+01
1.797472104134937254e+01
1.506969736581506538e+02
2.218901166435465200e+02
-1.641142052281161625e+02
-1.349045436760088990e+01
2.632677514705627573e+02
2.280188140231576313e+02
-2.920248931229719460e+02
-1.913221353785440897e+02
4.544514473899146623e+01
-1.555989151125127989e+02
-2.741734741897489585e+02
3.464660068190149218e+02
1.718487364633808170e+02
-7.379732730193411250e+00
2.488770900072240693e+02
3.242917520562152163e+02
2.954495612589411735e+02
1.018661806798185836e+02
3.068008723068880954e+02
3.281857143866008073e+02
-3.619578919502728809e+01
1.654854710384816485e+02
-2.150677376111894716e+02
-4.637375656798179335e+01
-1.776425179162817756e+02
6.513402168661779790e+00
-1.145616608940369758e+02
1.330391241644521756e+02
-1.046390550044638132e+02
1.097611817368163685e+02
-3.744659645006557014e+01
1.436152151731979245e+02
-9.605066180991202884e+01
-1.757459197945364622e+02
2.612200709244946211e+02
1.387464158217601664e+02
-6.862160140928348540e+01
-3.782735750220222144e+02
-1.755969498460567308e+02
9.024613783177166226e+01
3.263333364900047400e+02
1.404944485777812879e+01
-9.596048297887995204e+01
1.171376641801145126e+02
1.936149426688325548e+01
1.809700680594328901e+02
1.492893218448409698e+02
-1.320042596994577195e+02
3.070927477141973938e+01
-1.953109052848497811e+02
-2.391653720483946017e+02
-2.043817427628250414e+02
-3.083489324310800157e+02
9.980939994407893323e+01
8.540912699017604837e+01
-1.362194843111096532e+01
6.227267342017643159e+01
-2.925238693400171996e+02
3.831711719007616068e+01
1.661009849850372291e+02
-1.572705949640966878e+02
2.191844896583952504e+02
6.877756221559381800e+01
7.356927644493858054e+01
-1.073414999133416075e+02
1.497842492644340098e+02
-1.906389286079377428e+02
-4.529215084736135566e+01
-1.173602092336614362e+02
3.855381694811649851e+01
-1.080117154911357460e+02
1.449117084524319523e+02
-1.600111623832224836e+02
-2.997356838953196956e+01
2.155845623312450527e+02
2.317599202775883072e+01
2.057600934562622115e+02
-3.251724679657555583e+01
-1.871043762843708578e+02
-8.135150731554871584e+01
3.191253701182906184e+02
-1.823242739063804265e+02
-6.678698188612872855e+01
1.249112549736601352e+02
7.272943903958477563e+01
-1.481502748989486804e+02
-4.624246898450739707e+01
-6.284258240616303226e+01
-1.284094945228480924e+02
-1.099580197394168692e+02
-3.630316110111335348e+01
-4.142734225995803321e+00
-2.868170555644338151e+02
-1.742651749104825001e+02
-9.378968810073084228e+01
-1.485538948343958623e+02
2.956614216916128157e+02
-2.079283389132133397e+00
-6.551774482547335765e+01
-1.847749931715769947e+02
4.835419235243243463e+01
4.425449294852349880e+01
-3.917597854472300156e+01
-5.601932914683897025e+01
2.414645942591625101e+02
2.701023546521420826e+02
4.376854112215336556e+01
7.821771771285999364e+01
1.960563779654602001e+02
-2.271357218772389608e+00
-1.482294510480474798e+02
7.987753087820833287e+01
-9.412735855578256405e+01
-8.807762768359525296e+01
9.254600187183893922e+01
5.628410194985109172e+01
-2.062209024506981336e+02
-1.473638902642630910e+01
-1.187461687405544986e+01
-1.344660209508097068e+02
1.173941941880549820e+02
3.054598673921240604e+01
1.590736096723115054e+02
9.306062485172864740e+01
4.921395983083404246e+01
-2.895714752849155360e+00
-1.366041811915123461e+01
1.541008375701178466e+02
2.710062679316453682e+02
2.695594616163039063e+02
2.503500731652724909e+01
-2.587974267124009486e+01
-7.903943900332390626e+01
-5.948164930383432392e+01
-8.618145314127948708e+00
9.431982672045003824e+01
1.503280108497725678e+02
4.236451249840703071e+01
1.477559921649447006e+02
-1.246612723541777399e+02
-1.448761405060066210e+01
-9.047613036097112627e+01
8.254121719351347508e+01
-2.484194789863378716e+01
4.064745671400813620e+01
7.777784702601016420e+01
3.326384050048187380e+00
2.925445646499805434e+02
2.367601335950351427e+02
-9.136934018486057596e+01
-8.285732596828188434e+01
-7.330587310615653962e+01
-6.095062661691563477e+01
4.107084206323791875e+01
4.434754147017626025e+01
-7.691309136066114149e+01
-6.185237320289851226e+01
-8.126502367918925884e+00
-1.042654856969116537e+02
-7.406807074439318228e+01
-1.352439564437981971e+02
-6.654973839423948334e+01
4.717665014342519925e+01
