-1.677875119802104336e+03
4.473278078408839974e+03
1.634730601125344265e+02
-1.073235958292824989e+03
-9.108570673842104952e+02
-1.418414414734389766e+03
1.190129071512660630e+03
7.035984650044747468e+02
1.897389617336140418e+03
-2.163189201858052257e+01
1.117454268576288996e+03
2.422579908311105555e+03
-9.246691509139037635e+02
-4.844392117027006179e+02
-4.109525829651968820e+02
-2.682628083971854949e+02
1.655261868153628711e+03
3.225349543771482104e+02
7.999161812419807802e+02
-5.283977274952399057e+02
-8.296981358857233317e+02
-1.838582457396205655e+03
6.733169601897064922e+02
-8.710688403319539930e+02
5.365327296062819187e+02
-3.905268006148820632e+02
7.065116523681395222e+01
-5.220999800771617174e+02
-3.124264783624415713e+02
4.407482805094203400e+02
1.086873680903138393e+03
-5.155821508259665507e+02
1.178373397496209520e+02
4.986518482719495751e+02
7.053332559462950258e+02
3.496523544868761064e+02
3.598215219271387468e+02
2.340748719283730850e+02
-9.023403079414907779e+01
-9.872844563299236142e+02
-6.931057160975639135e+02
7.585492256898044161e+02
1.071499258365802945e+02
-2.653542245803063793e+02
-1.362804237913841234e+02
-9.975451425575653275e+02
9.886736792657277419e+02
1.014256979391207324e+03
3.311196559403221045e+02
-1.332683405417326640e+03
-2.099809806348083328e+02
1.909461987157138765e+02
-2.143508070431821579e+02
1.971008499098467155e+02
8.731451535403948583e+02
3.534967626296035519e+02
3.736800397591544538e+02
1.772602265891354278e+01
2.659099020321509670e+02
-4.507305908405658101e+02
1.581796943346376736e+02
-2.761356718214079820e+02
4.316703705772068247e+02
2.067433948843923304e+02
3.729919341373463908e+02
5.587821596753158246e+02
5.116145617076065264e+02
-3.193262335561269651e+02
2.788436443637204434e+02
2.935453935729264003e+02
-2.579030523257902701e+02
-3.159463610427745905e+01
4.787292514306361113e+01
-2.186546020518790954e+02
-3.853067474584640308e+02
-2.282974856654462883e+02
-6.771137574706891655e+02
4.894966964946986536e+02
2.578828705789201194e+02
-8.832494383806537144e+02
4.014025529809195092e+01
3.958863795563296435e+02
-1.237035408492888138e+02
-6.421861719592961890e+02
-4.724955644948525446e+02
1.936709471723104343e+02
-7.277719372732579473e+01
-1.715087617580752237e+02
-5.937954665291103993e+02
9.597253033262890654e+01
1.354863678764816370e+02
3.214475033412981020e+02
-6.272470549737181500e+01
-3.797357581707699978e+02
2.726794066911177765e+02
9.479455153079232588e+00
4.066830741468584876e+01
-1.292350737225582975e+02
-1.945443268367530720e+02
2.434977343997177570e+02
7.498339390091246059e+02
-3.975949889803738984e+02
3.351412963600591866e+02
1.916218411714883132e+02
3.722095560691314517e+02
-2.635629407152453609e+02
-2.616192569597083661e+02
-2.231408285982347763e+02
1.606705444871754196e+01
1.468159306606034420e+02
-5.078254362976770722e+02
-7.887954162253519144e+02
-1.106184165180692162e+03
-4.339304760331718853e+02
3.620991569233172527e+02
-3.488434897422465042e+01
-1.660015775045482940e+02
-5.968621888448082018e+02
-7.291746158953302483e+02
2.999275866564342437e+02
2.297797562919764118e+02
6.451097366430262809e+02
1.622419917277318575e+02
1.436077218542577612e+02
2.125110753085027966e+02
1.748484309440408992e+02
-7.893727790570439993e+02
2.659642064279945544e+02
4.449251765455781538e+02
4.289619508425051322e+02
4.160540511153252652e+01
9.231800360997233383e+02
-4.872284996242053694e+02
1.960431481993425962e+02
4.459689712209541881e+02
3.918154308490647963e+02
2.625149133213689083e+02
-5.030292503757351597e+02
4.051089519920334681e+01
1.971246038194977928e+02
-5.050606347247103223e+00
-6.740808162502214884e+01
5.795162176784722305e+02
1.556223772072166582e+02
2.094270319619333520e+02
-1.623577254595599015e+02
-4.252742832358397891e+02
-2.858395385133647082e+01
6.123386295501640006e+02
2.348031364934731471e+02
2.154686590716392232e+02
-1.492886023348223432e+02
1.662868420897134172e+02
1.541974205682233503e+02
-3.143643006189287803e+02
-1.531915392340347353e+02
1.277685811871841253e+02
5.338062032391449065e+02
-8.208322136156415638e+01
-4.698331338520985696e+02
3.414161518499275303e+02
2.137961920734487649e+02
1.727392739662408587e+02
-4.916935060470702865e+02
-6.019938209115509409e+01
-2.429989270819636999e+02
-1.981410987058759687e+01
3.048930693034155297e+02
4.282039963666819915e+01
2.493808638909516731e+02
-3.929861077783656231e+00
-4.234097735152808468e+02
-2.607444425866550546e+02
-5.904533835587911028e+01
-6.270633296243635613e+01
1.834511608392100754e+02
3.468659367403872693e+02
-7.801842712408102898e+01
-5.756464966231973079e+01
7.766022877975032657e+01
3.505169632394427026e+02
-3.235136673307832780e+02
4.041986675427114619e+02
4.538081999997406797e+02
3.851451494596321368e+02
-2.754551336213660306e+02
1.204575431256908900e+02
1.210401253839274816e+01
-3.975860151723430818e+02
2.407036504970180886e+02
1.626669056591928708e+01
-4.301118847616992866e+02
-1.950805741659553973e+02
-4.055464818125071247e+02
1.901231143283918925e+02
-1.967935317896503022e+01
-4.552686975269019740e+02
1.957362997455075515e+01
1.274024502810567583e+02
1.280202054583679967e+02
3.132784167766598316e+01
-1.760704246577539323e+02
9.330541093877520780e+02
-2.559095446828091269e+01
2.513955910914975789e+01
-6.194698372568679190e+01
-2.040395336768856396e+02
1.676884226024599229e+02
-1.203802122274946669e+02
3.151537663208793560e+02
-2.180461668189741715e+02
2.724390096859306709e+01
-1.290044770356763877e+02
-5.318481792954067089e+01
-1.698980249077611688e+02
1.570028245985183730e+02
2.201195711199558787e+02
1.977307977048398513e+01
-4.005559366284218186e+02
3.304940125498878274e+02
-5.476658731394776396e+02
1.255123453604857247e+02
-5.119483516153798632e+02
-3.025834354882226194e+02
3.928717736191033083e+01
-6.837635617469760518e+02
-4.308798012403721600e+02
-1.725959289684152509e+01
-4.838544386364531391e+01
-2.466399097801881339e+02
-1.326382876790347893e+02
-1.721779056412303817e+02
-4.171777485983947145e+02
-4.924965020769260349e+01
1.485374390724357738e+02
-6.342065061073371623e+01
-1.375163269467401221e+02
1.696193422064305310e+02
4.470240816924362370e+00
2.526984835396430285e+01
1.402033788197024933e+02
-5.705523361984546682e+01
-5.135879542361533368e+02
-3.002995384379706252e+02
2.101408682007433981e+02
7.109092918166686559e+01
1.998362927179183901e-01
-5.286453635930082839e+01
-2.400944636426052057e+02
2.456053834701613425e+01
3.763216809219254060e+02
4.439788643391786991e+02
6.786869733747093960e+02
-1.884190901224570496e+02
6.615345744139578699e+01
-4.119328378944448588e+01
8.732046290381001086e+01
1.325522719528884608e+01
-2.230800426352862473e+02
2.903526294804311760e+02
9.201545731767387792e+01
3.282458704630681154e+02
-3.537231196388484022e+02
3.168635652648269456e+02
-1.295712090221383050e+02
1.362098084815034724e+02
3.867892846119069645e+02
5.247145927409691240e+02
6.747048415171938096e+00
1.094404866865527310e+02
-1.050392586474990253e+02
2.294048331278087574e+02
2.459600577018954226e+01
-1.322928949027388796e+02
-1.201571239048160145e+01
5.665226991216713692e+00
2.007529093217957268e+02
1.532911330990895635e+02
-2.241293777392159257e+02
-1.333802624973843649e+02
-4.573009652738142563e+02
4.000961843721293008e+02
7.185154702266900983e+01
1.191058230726546441e+02
-8.603934202687253219e+01
1.563022974279235733e+01
2.221599657980885638e+02
-4.671372171056954414e+01
3.071526423723961230e+01
8.286502248243543534e+01
-9.115401982800921132e+01
1.562704672065725049e+02
1.559813625998191355e+02
6.064494395093897339e+01
1.054842060845436720e+02
1.250893003170206867e+02
-1.390111194707076265e+02
1.601566806353348511e+02
-2.651040379748390592e+02
2.844816618560837469e+02
