5.488436102519315682e+03
1.454058909260122164e+03
2.319123464193882228e+03
2.752024613234168555e+03
9.795435400612667536e+02
6.093925685469725977e+02
6.235467407962687503e+02
1.321128778089243951e+03
2.447197466604915917e+03
-2.854989472412814848e+03
-7.021337984966133945e+02
-1.770416969113830646e+03
-2.289567732316344518e+03
-1.303147169127352981e+03
1.501550033635051022e+03
5.984329240843016606e+01
9.474289199359715212e+02
-1.681834047084784743e+03
-4.273507207792918052e+02
7.406139790317869256e+02
-2.274966150178982389e+03
-1.159104416390785445e+03
-4.836106432738434933e+02
-1.874776969659906399e+03
-1.036733321173633612e+03
-5.152947376406583544e+02
8.656591271401975973e+02
-4.254188955680764934e+02
-7.742522198766858992e+02
6.182863820984545100e+02
-3.408079902623705379e+02
-1.110510089182666661e+03
9.861917458101535203e+02
-4.730755162464673731e+02
1.902900362947091821e+02
2.133968289040357433e+02
1.637933179552597096e+02
3.357764634922468758e+02
1.126747078819031913e+03
1.974907642565231356e+02
-5.609569261657719608e+02
-1.404731495536739487e+02
1.757528788297322251e+02
-2.535501229899365399e+02
-5.298641943114142805e+02
-1.393696831716398037e+03
2.939806304799470240e+02
6.396230771541313516e+02
-1.270671513099248529e+02
-2.025432852744449121e+02
4.988493327109951565e+02
6.717940278021992526e+02
5.254330223209976793e+02
1.462899026347315043e+02
-1.031529839594140086e+01
-4.353893526448855766e+01
1.105538720982928226e+03
4.620420005552277871e+02
-4.684839442560653424e+02
-5.982538839670972948e+02
6.784118728206439073e+02
-2.278216886507069034e+02
9.380544218393241351e+01
2.503878226238318518e+02
2.635440406812466563e+02
-6.186290470754121316e+02
1.332274322284482651e+02
-4.465926975904309870e+02
3.398199702500009494e+02
-9.364159324364338488e+01
9.615175871925971762e+01
1.748196149281458531e+02
7.355798017550681607e+02
-2.196514568241032350e+02
-2.793223108878419225e+02
-4.837230228640378300e+02
-2.215183066254771518e+02
3.291684599784876468e+02
1.185915684490201016e+02
-4.331962979520303634e+02
1.044750819466135454e+03
4.673936787158240804e+02
2.205117849802765875e+02
-2.758546815354942510e+02
3.457051367676729825e+01
-8.020247566448635723e+01
-3.938885305356469644e+02
5.695040227461088023e+01
-1.075975215574947015e+02
-1.065983006950803542e+02
-1.119363482605392335e+02
8.110645050891669143e+02
1.404176118937301680e+02
-4.633931896109973536e+02
-1.948635024431022487e+02
-1.831773905386402816e+02
-9.187096089801461574e+01
-3.705959914993608209e+02
-1.726730813402814135e+02
-5.649647349013481801e+01
2.524440918494379673e+02
-4.856811857414487577e+01
-2.316368850101989896e+00
-1.467613375556471844e+01
2.264176770360449780e+02
-2.349423908395350509e+02
4.203724475280038178e+02
-1.716170854581017124e+02
-3.607002722930766367e+02
-4.305915973260299978e+01
-5.695148620667337980e+01
-3.324336404467400143e+02
-4.395115606000587718e+02
-2.096154237444015109e+02
2.480500767241839810e+02
1.373484259129879774e+02
4.269343374415237804e+02
1.164725331564751230e+02
-4.568254949571254429e+02
1.588833153747385722e+02
4.823219703766611701e+02
2.920865253885717152e+02
1.293134467334781732e+02
2.963235503090432985e+02
4.417205968586070526e+02
4.810570529294223974e+01
-6.100233364926315289e+02
2.170422793334872154e+02
2.249709889457818122e+02
2.504060759561133978e+02
-1.627741848796448494e+02
4.010059826909021581e+02
-1.847248132127608642e+02
5.525740392083998813e+02
-8.817847028260597142e+01
3.953991217939392122e+00
-1.141472366907577793e+02
-2.634288661490955974e+02
-6.217644364222510234e+01
3.303649268536750583e+02
-6.976952713928558580e+01
3.161981898753637665e+01
-3.607806208377226653e+01
4.288437441457190289e+02
-1.628104614028795183e+01
2.196906039707359071e+02
-1.025331396958509202e+02
-2.605171779931836085e+01
6.386144693747623791e+01
9.231612076573792791e+00
-1.035313793228421453e+01
-2.616250327482409830e+02
-4.175441905153776112e+00
2.797251932186021506e+01
-8.787276180778351886e+01
-5.052296591219350574e+01
3.758057707845822648e+01
2.394527246786216779e+02
-9.552888044981916948e+01
-1.086197825370680725e+01
1.352940684933634827e+02
-1.754858824838775178e+01
-1.185039148326415699e+02
2.150011342323385009e+02
-1.658482309816509428e+02
-2.011790188878838705e+02
-2.575212242842598585e+02
2.357978474859510243e+02
1.771683538940318385e+02
4.961829376450558016e+01
4.582992248938371205e+01
-1.237043234317353466e+02
-2.720293211790760779e+02
2.071577675463711898e+01
1.433247927355701847e+02
1.082868945577186395e+02
-3.075823193699230984e+01
-2.937171563473013407e+02
9.303003228859940066e+01
6.925144190275632639e+01
-9.911973636309650715e+01
-1.473284043729338464e+02
8.496601231129332632e+01
-3.073653305029030136e+01
2.118471169692833485e+02
1.606429492497375406e+02
2.113679832530131080e+02
-1.435526988376165036e+02
-3.186902251555821977e+02
1.343993701325641155e+02
1.519924751482981833e+02
-3.508061511668814205e+02
5.141048472878340192e+01
-1.160178952625932283e+02
2.275738994722644293e+02
-3.802567706148136040e+02
-1.152275508225072826e+02
-6.270768895768816975e+01
3.947179579636079438e+01
-8.356763224354261865e+01
2.525472139868588783e+01
2.261851687679410929e+02
2.527480364885957158e+02
3.657134135398300145e+01
-1.368316450683209595e+01
-8.157374118666014340e+01
-1.382052380915606804e+01
7.820542401932914345e+01
-7.025479673977852713e+01
1.272253339366867237e+02
-1.770128100727447134e+02
-1.078208206384655767e+02
1.164934693729144755e+01
-1.462819374020984924e+02
1.456895204001422961e+01
7.579226586008548594e+00
6.254469992326602323e+01
-7.521709155085490295e+01
1.183441533689642666e+00
2.300907451175218625e+02
-1.445619796622340516e+02
9.143136571340586727e+01
1.847470434628739255e+01
-3.690152393413594609e+02
7.979042536860665003e+00
-1.398969504791144800e+02
-8.170736939779828845e+01
-3.085373055114186869e+01
7.759951445219016364e+01
2.132661601019032105e+01
1.861544591927563985e+01
-8.249867550897964463e+01
-1.302305360761343067e+01
-1.323751759930982530e+02
8.939877584503680907e+01
-1.176973054075923670e+02
4.347089367226399759e+01
1.293982200726097176e+02
-1.089846752383136419e+01
4.889772007477487392e+01
3.566729239905996707e+01
-1.474394951478163591e+02
-3.830547397821277968e+02
-1.245580591401071473e+02
9.086900692445607319e+01
-2.452470278061516140e+01
9.927362460108470543e+01
2.515035645276188916e+02
-6.472538872036042790e+01
2.021221929990140609e+00
-2.726458885594636428e+01
8.938566501390073427e+01
1.593730520004420725e+02
4.074767974015312433e+01
-6.738438240038900062e+01
-2.499128827668504371e+01
6.953882120087800445e+01
-7.784006695752430005e+01
-1.362576859739513111e+02
5.129173910023055782e+01
-1.397477188997792723e+02
1.802718085541723951e+02
-1.308945456910258827e+02
1.431603397163636657e+02
-2.314265705200456296e+02
5.538815086645170283e+01
1.500649313461211705e+02
2.578693574356686895e+02
4.842896897779707643e+01
1.046272339229030592e+02
-3.264429178073495308e+01
1.605182558329150595e+02
-3.921312381659232216e+01
-1.169084772927965687e+01
-1.302386696689112888e+01
1.425685003652848870e+01
6.629864927798996277e+00
2.509890253114988212e+01
-4.843773270119211816e+01
-1.467663471104741646e+01
-7.077214920745252869e+01
9.317363240331262375e+01
1.920734616504581282e+01
2.963139077327888771e+01
2.022332085244058675e+01
-1.338068440192200228e+02
1.352909258958794396e+02
9.847062005257916084e+00
2.806150972133761101e+01
7.218360987528383532e+01
-8.576612171537264828e+01
2.918325665704679661e+00
-2.997114090422837762e+01
-4.899838439661116318e+00
9.442870208222254291e+01
2.857754170213214806e+01
4.674221110274853430e+01
1.545105116135909498e+02
1.485456795987632361e+00
2.041253066124187043e+01
