1.147750858177507553e+03
2.661740455585520976e+03
-1.337684536366177781e+02
1.500710660265124488e+03
-5.194494635493878150e+02
-3.229554418462293143e+03
1.302322765159542996e+03
2.330349637606999295e+03
1.554594390326502207e+03
7.830085445372070581e+02
4.982703102228524585e+02
-4.646943703641205303e+01
1.865430631835574331e+03
5.820752344758146819e+02
-1.049221504970313163e+03
-1.481978433166629202e+03
-4.357648699712714233e+02
-2.573563594926993119e+02
3.176704872564024527e+02
-6.098368488382444639e+02
2.095522447605897014e+03
2.436426744142650023e+03
9.387886324628325383e+02
9.913295234449143436e+02
8.164939213517569669e+02
2.933274435854621629e+02
-9.060975710549641917e+02
2.827565555816114511e+02
-5.481356232054082511e+02
3.934052592703756659e+02
5.895226279541484473e+02
1.324805812404912785e+03
-6.425912877589219079e+02
-5.882487885791105100e+02
-1.099702648656111251e+03
-1.163363629498791170e+03
6.865327278006219558e+02
-2.034556489904441712e+00
-9.934403952901304820e+02
2.095841176136707873e+03
1.119726116306240442e+02
-1.207825476140503952e+03
-2.605611461322754394e+02
1.269679493266958843e+03
-5.164620177452210328e+02
6.630795174929182849e+02
-2.946513553567096437e+02
-1.160146205173434282e+03
-1.363667045706305885e+02
-3.526738466591218639e+02
-5.294524666276045366e+01
6.697329071066283177e+02
2.546167438438639294e+02
1.799189027278255537e+01
-8.067943618007633404e+02
5.357715195477962880e+02
2.030759828305899646e+02
2.087569898313570036e+02
-2.832088800514306399e+02
2.474593684435411376e+02
-2.139237470388667930e+02
9.749099319860712853e+01
-3.063115139461922922e+02
-9.361396803461549609e+01
-2.890962709257335064e+02
3.658728738874200559e+01
3.932625074638804108e+02
-3.021926492744592565e+02
-1.180380861377650303e+00
2.105086016038468699e+02
-4.076860449904575745e+01
6.372465155488796995e+01
-3.772152868707023572e+02
5.987865538985149669e+02
4.939385381279211629e+02
-7.788961656091975101e+02
5.930094343123606677e+02
-7.049647241060971510e+02
-1.830513172990540909e+02
-1.279356272548509423e+02
-2.660937614543169047e+02
-4.919597555689076103e+02
1.892983765374683855e+02
-1.328746979036359903e+02
2.243622567764892324e+02
-7.364895316217920254e+02
-6.273993342411511094e+02
6.788745764545235772e+01
6.363399611342570097e+02
2.809119821979799099e+02
1.170598850775293585e+02
-5.309369493849518449e+02
-6.079155665118352090e+02
7.370500846185159105e+01
1.206734045892072800e+02
-1.476383882343137941e+02
-4.157141381612930786e+02
-1.590526330256540177e+02
1.078325615763960457e+02
4.993034557607122004e+00
-2.049231666394334752e+02
-1.738710815280566351e+02
6.713836634929873526e+02
-2.768081215384635811e+02
-1.716759571710289549e+02
2.531412687410247386e+01
1.966936460484987776e+02
-5.981943890669946029e+01
1.627502365807056606e+02
-1.055761082242235318e+02
-4.622657300188738532e+02
2.725894359492411354e+02
1.294057741575187208e+02
2.657330606094858467e+02
-4.597682024689225955e+02
4.240735075395120646e+01
-2.405822787816105972e+02
2.500112815294302209e+02
1.591739591168173149e+02
-2.492609533924116079e+02
1.094905246326241155e+02
-1.320788048920894653e+02
-1.568309647872190169e+02
4.340216506524473630e+02
-1.111807373991421173e+02
1.653640177490220537e+02
7.754463370309362347e+01
2.885783981583473334e+01
3.282064761469535483e+02
6.048166587875076061e+01
2.204715024501649339e+02
-1.478793935399307884e+02
-1.806809612202961546e+02
-5.256841705628707473e+01
1.040287281341567649e+02
1.567700778211294335e+02
1.067329541444286747e+02
3.173933825984486248e+02
1.961823898089647003e+02
-8.757894967433513500e+01
7.686171636228031900e+01
1.213953497819862974e+02
-2.024726214083587763e+02
7.570366525733344076e+01
-1.102949709970313990e+02
-3.532897429660330602e+01
2.333622537243998920e+02
-8.932502373670268980e+01
4.775452705771225936e+01
1.916185061763399347e+02
-1.344229747701444353e+02
1.329814214597000159e+02
3.616004712473020390e+02
2.250136656080985063e+02
7.116033773965561693e+01
-2.931317575203572545e+01
3.090354538934016091e+02
2.162513218983356467e+02
4.224318132497590028e+01
1.257963648394163840e+02
3.772618714622421265e+01
-3.396870487624844941e+02
-9.878750461831606344e+01
3.630468430898588394e+02
3.365937747584714401e+01
-1.923550829469941732e+02
-2.291057290664894879e+02
-1.873224061177606075e+02
5.279403683875241313e+02
-2.063570031601963137e+02
-4.809710688063615436e+01
7.855850372186732500e+01
2.292500637516165796e+02
-1.117362280369718945e+02
-2.137184241278687864e+02
-2.755642065152528986e+01
-3.198677477568442669e+02
-2.702336366297398129e+01
-6.708491493506575409e+01
2.233040624485079775e+02
1.770925902425929337e+02
2.199148197961928872e+02
3.224802550665664569e+01
1.108021900807137854e+02
-1.801200955298792508e+02
3.182923131503470699e+02
-8.760564585165397489e+01
-6.807676329307588503e+01
-3.253288182526300716e+02
-1.135432963887677573e+02
2.882714178891840362e+01
-3.205719337908255397e+02
1.171204821865041055e+02
2.355577397715309473e+02
2.502940964034326399e+01
7.878296000151549094e+01
2.123571770597646946e+02
-7.641502698774530700e+00
1.752351499724782684e+02
1.990929109559043866e+02
2.581870961637129653e+02
2.127294346031485972e+01
1.037157516617963182e+01
3.430319355731613484e+01
1.051313365281357761e+02
-3.053172100709463432e+00
-8.359570424511443321e+01
1.764055354374658293e+02
-3.538653745612375445e+01
-6.234076542437142621e+01
1.118899584666448419e+02
-2.225152139188969045e+02
1.574908837667025807e+01
7.514225133928184164e+01
6.243023893751907138e+01
-2.170282895791042392e+02
-4.283849545381654877e+01
1.159419416270734047e+02
-8.240235861448567789e+01
3.489177851874799785e+01
1.376942288057758503e+02
-2.201025416807958948e+02
3.388807495134680181e+01
-1.890182316224815224e+02
-8.970324982068088104e+01
-4.405727331840789418e+01
7.697916239331670241e+00
-2.511749481106200221e+02
5.682347135669286331e+01
1.030066491178365737e+02
-2.072158155080735185e+02
-2.617860027223780506e+01
-1.784575154839589572e+02
7.383559319270737831e+01
7.541980726114586275e+01
2.953847023858797272e+01
-1.874018369449993031e+02
1.740333175119983764e+02
6.604275567517439072e+01
-1.641034849416967916e+02
-9.919026836460218988e+01
7.989881606692198091e+01
5.682840596123881483e+01
1.837248663025261806e+02
-1.693789045573919623e+02
-5.103454407073963495e+01
-2.528142586068959830e+01
-3.053210069647074221e+01
-8.946781634573888198e+01
6.387020849638375353e+01
4.937204759166453272e+01
1.186881811838109826e+02
9.880248502091485818e+01
-1.172763586619495300e+02
-1.948112038489330899e+01
-1.102864364489340403e+02
2.119350295996823874e+01
-1.445161617903167155e+02
3.829032565797452747e+01
-7.260480346637352511e+01
2.226654012849948572e+02
3.152154446708043452e+02
-2.124111233059764459e+02
-1.291703251473574880e+02
2.886464508058193132e+02
1.653461479457710936e+02
1.483819786209061249e+02
-9.468598210346415911e+00
-1.065686873844619100e+02
-2.153879377145640603e+02
-8.411763594010674083e+00
1.873068222747326388e+02
1.776589972583885242e+02
1.949801703450995660e+02
-2.042320311472801819e+01
1.297970497415845443e+02
-1.733175723065753004e+02
8.943158108156165298e+00
-1.142358065299217706e+01
1.608217187739232656e+02
3.282418242374813389e+01
2.246372413233494001e+02
1.479212097865222688e+02
3.732522167410687786e+01
2.022719475873943225e+02
1.554413548057134449e+02
-1.262542787965587507e+02
-1.099370030852106161e+01
-6.508947333107416000e+01
-3.746345567710860536e+01
1.945347751256784079e+02
4.304072059571479514e+01
9.989770282991183592e+01
7.904248190739691893e+01
-1.745140964736617377e+02
-1.283873250227448466e+02
-1.069651814356082156e+02
-8.626335538449312423e+01
1.221103695319368398e+02
1.244629233065516871e+02
