-3.255503217650185888e+03
-2.010264601973796971e+03
-4.260180966176855691e+03
-2.611270269358469704e+03
-6.405100920712941388e+02
2.021600408037254965e+03
2.465076296110750718e+03
-1.105101371604431051e+03
1.016191522846243060e+03
-6.787879261579006425e+02
-8.533368238018954344e+02
2.340259973699875900e+03
-8.954300341170365982e+02
5.993767154905625603e+02
-7.800198344936665080e+02
-1.156295250249930405e+03
-2.572764008456260854e+02
-6.484488822025530226e+02
4.563603846980382883e+01
3.238842269877674198e+02
4.786409762496914482e+02
-8.527316274091925834e+02
1.200629179935803222e+03
-4.445267012008164897e+02
1.321276967445505193e+02
-6.080655893291470875e+02
-7.029097525315330586e+02
-4.949840712584486937e+02
-6.477272248304070672e+02
-1.545110573814002066e+02
7.848245044406954776e+02
-8.499627854798503677e+02
8.170682377892375143e+02
1.079254082918328521e+02
1.469947539493018098e+02
1.155764654597621984e+03
1.337192100038348883e+02
-2.592167361800415648e+01
2.903972497220705122e+02
-1.243256937858567198e+03
-2.711138210959879302e+02
-2.131993182403673188e+02
-6.442324307263911578e+02
-3.767539146183000298e+02
-1.900694283342360222e+02
7.487330447522298016e+01
6.884293145602143795e+02
1.439834057455882885e+03
3.704916339770065861e+02
-2.359474221420156255e+02
-8.668008896472139213e+02
2.787216005366268519e+02
-7.577287953875048743e+01
-4.646909377162226633e+02
5.494166169343137653e+02
2.101692278494156767e+02
-7.827176640040850089e+02
-1.055131151137961467e+02
-3.412684689127760294e+02
4.696648563584680858e+01
4.421856915828923320e+02
1.086243439433190588e+03
-1.232155107414766491e+02
1.430375606689333878e+01
3.548183197383973493e+02
1.282030207602601308e+02
-5.316979320579888508e+02
-2.682547153437174643e+02
2.005111993185042252e+02
-3.380450093691395637e+02
1.612689966917533297e+02
-2.315769378656351307e+02
2.804905513993601289e+02
3.732523729283364560e+02
-4.826642673070429055e+02
-2.071834980843181313e+02
-1.167968514411734020e+02
5.043234043669451694e+02
-6.205946094821533876e+01
-4.678071411618937958e+01
-1.189563593208575298e+02
5.873798696456799462e+02
3.646491968686424912e+02
-1.268085054116689179e+02
-5.281785441742985086e+02
-5.150136620255946127e+02
6.968670956663812888e+01
-2.845257689007619888e+02
7.115325331077065130e+01
-1.033424413141224818e+02
-1.475101990191942321e+02
3.640205181578307361e+02
-1.982094798418146979e+02
-3.724099273981864826e+02
-3.029211647455287562e+02
-5.021910957723782758e+02
4.771611329230011620e+02
-7.758580317470524790e+01
-2.698412345941520698e+02
4.025597897153904796e+02
-5.111168388716581745e+01
9.104135329426490841e+01
-3.553260296807937380e+02
2.991920624204770434e+02
-2.413018178811530845e+02
1.787289310039195129e+02
1.581166671744533971e+02
2.556554556909662210e+02
3.318193056857559782e+02
-6.299455005055838797e+01
-1.668909026404647591e+02
-8.000415787562396019e+01
-5.088066803785974912e+02
-1.201848726192840786e+02
-1.148124984821541261e+02
-5.806422797155670423e+02
6.084613368849188220e+01
-2.056199653384373391e+02
-2.876849327371397180e+02
6.309812036460921263e+02
-1.181790831639259380e+02
-1.589546606082220706e+02
1.026352287602890243e+02
1.201131403457711286e+02
7.462636432427298416e+01
2.127547482199300788e+01
-3.358668330871382182e+02
2.850862851154761302e+02
3.087836411150564331e+01
8.901943662982250771e+01
-1.175630358775640332e+02
4.190917454657380858e+02
4.340518851631247799e+01
1.217210296615089362e+02
1.137573143077107858e+02
2.170213348314208801e+01
5.449675057047043083e+02
-2.865574085144097012e+02
1.378066358724788927e+02
-1.929936946575784589e+02
2.775978635395868110e+01
-9.233468779153240291e+01
3.002064864845441434e+02
2.432786816747273804e+02
-2.895077262052716947e+02
2.105230707328166062e+01
-1.166682749109816513e+02
-7.029824808898299970e+00
2.227376081791962292e+02
-6.351943177542651142e+01
2.564278714596524082e+02
-1.218643474944686176e+02
6.312032891894036624e+01
1.919514543948729681e+02
1.533649698717088654e+02
1.449316216588484849e+02
-1.406490157448041884e+02
2.808766292275666387e+02
-8.269560738226164176e+01
-3.090217904872665713e+02
6.328371379774913663e+01
2.219986202279287113e+02
-1.066778712992715725e+02
-4.497529945958143003e+02
-1.340053921722216330e+02
3.517775370835759219e+01
-7.405405715393538912e+01
1.244082325494039907e+02
-1.335047256615150957e+02
2.768005424822575833e+02
-1.844304780895987221e+02
-2.519805033712855220e+02
-7.024044108067782233e+00
-1.893542488607909320e+02
-1.166640738440130320e+02
1.436015466967699865e+02
7.870139722711545005e+01
1.344426663685680126e+02
-1.159693376617277920e+02
1.240278186685461463e+02
3.465134506042730891e+02
-1.973736315869800819e+02
3.907249959342287866e+02
1.831887071078792815e+02
2.923776580988811133e+02
-2.448399197643465897e+01
1.173391973376370778e+01
4.392365252794230912e+01
-1.065001228994879341e+02
9.409725955578001333e+01
1.818248222983178835e+02
-6.222815317359295761e+01
-1.307270334998108865e+02
-1.358189167554895107e+02
9.186180711087362738e+01
-1.249661278573228458e+02
-3.536182509309423381e+02
9.554844516983846958e+00
8.047651688289873562e+01
1.819792876674379727e+02
1.983482670010661408e+01
4.700280840088824874e+01
3.586674084721860254e+02
-2.294374952533009377e+02
-3.549939772388303538e+01
2.305768587132198633e+01
-1.941322358460381849e+02
9.803190852191842453e+01
3.436092700014790324e+01
9.979544140934910956e+01
-4.856225899853566119e+00
1.847742116143330549e+01
-4.261934519373473051e+01
-3.884683054010827163e+01
-1.004350343286965739e+02
7.535967953128992747e+01
1.038290230265400993e+02
-9.386218003797499421e+01
-1.536542762084073388e+02
-4.340110924690767291e+01
-2.123320418576658142e+02
2.249217327504534865e+02
-1.844997324150440363e+02
-1.786103444467464669e+02
6.565874910580471635e+01
-4.714733810540996046e+02
6.474863542550198758e+01
2.948571539977233158e+01
-4.515411357201150366e+01
8.747395254165702738e+00
1.065624218341925626e+02
3.586480824384076271e+01
-1.083916521836492564e+02
5.813369008162371898e+01
1.835614796033608798e+02
-2.093014536685583664e+02
1.125315939562092495e+02
2.278739452867430373e+02
-1.062502009268501979e+02
-1.359887277404043004e+02
-3.457234823602055585e+00
4.412828079678902071e+01
-2.971366431127697751e+02
-1.698300449541091837e+02
-1.429539290486623884e+02
2.373668458617244781e+01
-6.357855277889036927e+01
-1.015461282343349154e+02
-6.045502848289319608e+00
-9.771738155072050347e+01
1.044721456071778789e+02
1.446706042268231158e+02
6.698505030175107322e+01
1.330990805785262694e+02
9.770803752612066262e+01
8.822279275084675021e+01
-6.087597210708029394e+01
-3.457796282531238319e+01
-1.557760352745274020e+02
1.314365563640387222e+02
-7.116087265237257498e+01
1.538002775381244760e+02
-1.545068096804705533e+02
4.399581091275603484e+01
1.663847967228578000e+02
-6.533866702659329917e+01
1.818300414004188781e+02
5.710908686957221647e+01
1.180303161355807333e+02
-1.415466926811256876e+01
5.564909242177851212e+01
2.178351678211723907e+01
1.749920814447255850e+02
-8.972881629957949912e+00
-9.701290980810476583e+01
-1.597665207956526423e+01
5.061818506615010449e+01
1.607120385403468674e+02
-5.432098506596501863e+01
-1.375701304787222625e+02
-1.481665084911434178e+02
1.780736278525148180e+02
-4.575388695667529504e+01
1.319253717847740006e+02
1.203530061290952524e+01
1.215309905191995767e+02
8.076689557352732152e+01
1.335552819460621663e+02
-9.997737665540180174e+00
1.653088569920284669e+02
-5.086741290451730890e+01
5.038919822031833462e+01
4.068344435911946988e+01
-4.194757443846243916e+01
-1.991233561612477843e+02
1.065478963501948755e+02
-3.035851364417776210e+01
1.854690023617741588e+02
-1.083263852117567012e+02
1.115512512570720673e+02
