1.601045755367624224e+03
-3.956258273432832993e+03
3.826349324002291269e+03
3.953150602936965470e+02
3.240258366845468572e+03
-1.958980154908106670e+03
-4.424969953987584631e+03
2.242940040467387007e+03
-2.948676916841619118e+02
-2.833765487552235754e+03
1.243923670017349878e+03
-3.863667252180667333e+02
8.961607191077184780e+02
7.226353849729391641e+02
-1.133436171927145324e+03
1.668126366152342825e+03
8.700231377658305973e+02
-9.076375598484444254e+02
-1.421144436020522107e+03
2.799673342318227753e+01
2.277768853082044188e+03
5.846741044115115074e+02
-1.920813114646879001e+02
1.168249169719887959e+03
-4.225912771729789341e+01
-1.690131385410048210e+02
-7.236806763718782349e+02
-1.018652243567695734e+02
7.157452490554353517e+02
-3.770978369567801280e+01
7.543790728221077870e+02
5.211768953518372882e+02
-1.604501405642321288e+03
-1.314471100322683981e+02
-1.149576290199219329e+03
-2.139669466912729945e+02
-2.681766455260843145e+02
5.483168240482763167e+02
4.883188942726256414e+02
2.011717447618083838e+02
1.875166510079739339e+02
-2.259541016818472201e+02
-3.972761182669904088e+02
-5.307318678059846206e+02
7.986183247399533229e+02
8.912789056218839789e+01
7.638181737431078773e+02
-3.762240101312879119e+02
1.708864025910269220e+02
-1.341776115908643874e+02
2.829422304801099131e+02
2.332712806252394842e+02
9.336692993233679090e+02
9.659522271551800259e+02
3.457718821622488292e+01
-2.488675601933022108e+02
-5.906358687989538794e+02
-2.424867979125835689e+02
-2.255384262921065783e+02
-3.934759335656545431e+02
2.483086085722991641e+02
-1.805291518699830817e+02
-6.976080579172445368e+02
5.019613083367576678e+02
6.926174915822622324e+01
2.790181189667222839e+02
-3.963300514235631340e+02
-3.133976524713341973e+02
-2.769875287831545734e+02
-5.608182946613302420e+02
1.011690338185331939e+02
4.360933799769237140e+01
-8.795368622344507230e+02
-3.317663654788597114e+02
-1.225976090918284811e+01
-1.898942283428175983e+02
-1.054063741105960617e+02
1.096637158102159333e+02
5.623413023826220751e+02
6.206977191077045486e-01
3.713885531728359410e+02
-3.697618445934581928e+02
1.408877299678815973e+02
-1.621356811006036480e+02
-5.889919936409901879e+01
5.919556959683209243e+02
-3.487748839909666572e+02
3.046581029300263594e+02
4.193972443043880816e+01
-1.125034635311204454e+02
-2.295490660805012340e+02
1.643689850995221491e+02
1.330121752767154817e+02
-1.632221436757345714e+02
-2.557803694716860150e+02
-2.780459633218314366e+02
-5.797467583544949576e+01
-5.163523478902686747e+02
-2.031504001217497546e+02
1.818657208012863862e+02
-1.502870412561286173e+02
-2.748302012296534826e+02
-3.430122776492226535e+02
-3.390394708032852122e+02
7.743805714606787660e+01
-4.075107781642358873e+02
-5.702285027582931889e+02
-3.236016515881965461e+01
2.612472362409269522e+02
-1.495474963548099367e+02
-1.844731863265514278e+02
1.886573933424787413e+02
-2.361437702130471052e+02
6.132094314309972205e+00
4.630579662417111990e+02
6.240285008322076443e+00
7.459948067511413683e+01
2.361040588832621552e+02
-2.664376023859852580e+02
-1.236561555200247398e+02
-1.660955644964852951e+01
-1.283689737453331929e+02
3.638880259734146421e+02
-1.238123961433003046e+02
-3.193386844739078470e+02
-2.023706851092720456e+02
-1.318325887271465646e+01
3.484417301761472174e+01
1.321569830607508891e+02
-2.126710318205548162e+02
1.589035418174335916e+02
-1.326635905924197232e+02
-5.395099851196527396e+01
-2.410786636954903628e+01
1.786106942191644293e+02
1.261728121471531807e+02
3.204421004973508502e+01
-1.284760934351283481e+02
-3.442186809465843567e+01
-1.670953975953730151e+02
5.429072366196253085e+01
-1.706179160851387167e+02
-1.491922372619783346e+02
-3.068111767774579590e+01
-9.879886124169725292e+01
-3.103363056957594495e+02
1.360758254018249502e+01
-1.057062063767485824e+02
-1.483483870750310132e+02
9.060251778835024083e+01
5.654621163475344758e+01
3.412098948538501730e+01
1.308292807193813587e+02
-2.525121575695270337e+02
1.792574164252740729e+02
8.681883834033942549e+01
1.588832072880647956e+02
-4.939539873660554292e+01
-2.933724436630843613e+01
1.414912684056820957e+01
-1.755386858850418719e+02
5.820049837887219724e+01
5.022360130386023513e+01
-6.216166324204404248e+01
-9.753818616908556294e+01
-4.572829386148272057e+00
9.431990610355192928e+01
2.459936515533069326e+02
-1.769512580307339817e+02
1.442460229927840487e+02
-1.890583395750940667e+02
-9.073861357571356479e+00
1.767897156301360155e+02
-3.725015880771100285e+01
1.033948650031774896e+01
-2.191963855014970761e+02
7.612701828053734232e+01
-7.898025895299952026e+01
1.630100889215619375e+01
1.811884885464993999e+01
1.689162312723843939e+01
4.711661404037835865e+01
6.280575393330777700e+01
-1.227715700829906922e+02
-1.231055690646917071e+02
1.722138893875581118e+02
-7.283816853798894897e+01
-7.948356780480233397e+01
1.739047745630758754e+02
-6.699079268771184559e+01
8.950308696014955956e+01
1.295029558625071076e+01
1.375282231842591045e+02
-5.200914631251739451e+01
1.048133545612630435e+01
4.011685877084972418e+01
7.387485235108670167e+01
9.472806352512446892e+01
-1.972195982940532417e+02
1.563197406548381991e+02
-1.646426011981826889e+02
1.496675642701680147e+02
-3.868823204237171609e+01
-2.718119378259518548e+00
-4.511926271686949974e+01
-9.161577255096111116e+01
-1.234675175080929961e+02
4.630146757394226142e+01
1.430701731379676289e+02
9.280927635306349543e+01
-1.442589735361600844e+02
7.036945038160918386e+01
1.406535186141854581e+02
-1.405715676445456950e+02
-2.148307015410013889e+02
-1.727470959166379885e+02
-1.522188487093100377e+02
-1.355156069784034685e+02
1.273166072190243767e+02
3.349464420637461615e+01
-2.279186062407303481e+01
2.679010363408415856e+02
1.038977385103607247e+02
-1.311573793018434060e+02
6.699457976531273573e+01
3.661011819779790954e+01
-5.101151616778472686e+01
-9.724297319371164861e+01
-1.143218088949499922e+01
-2.044311699881787803e+01
4.423954226413459168e+01
5.558930275146040856e+01
-6.153877849070088502e+01
-1.127194065187183192e+01
7.255680145416738469e+01
4.653693078286568863e+00
1.533284199125490375e+02
-1.224316669036485337e+02
-1.469650310697306850e+02
4.605108342744784267e+01
4.447475035164497115e+01
2.470852964115720596e+01
2.160899824812011261e+01
-6.182923721937257255e+01
9.334283336937852482e+01
2.307354882219695185e+02
-4.749889339882152939e+01
1.666548718846831036e+02
-3.229704346344865939e+01
2.727885242579930747e+01
7.776212290391381998e+01
-3.813801451459248426e+01
1.795236104871237259e+01
1.123950061873711448e+01
3.530859386384330634e+01
-1.060989669243361675e+02
-2.334848461921918172e+01
3.553532773610656648e+01
-1.107089065166326058e+01
-2.937800727582888527e+01
3.134067597081001466e+01
-1.390525422314733639e+01
-1.688547193273675475e+02
2.950237190066113868e+01
-8.262435201107660987e+01
-3.817877439681964091e+01
-3.668586221584975249e+01
-4.392182661768464413e+01
6.310635000503803127e+01
4.358589213073238966e+01
8.300688754333130248e+01
1.979793328710417200e+01
-3.281607288091873187e+01
-7.818580757475268683e+01
1.023619157717477179e+02
9.551461144925586666e+01
7.424111267964590866e+01
1.117322088413305465e+02
1.985340477864725228e+00
3.573811344186650985e+01
-4.041649106504008770e+00
-4.586443130123616641e+01
1.573608908085902947e+01
5.267610031665030590e+01
1.133371394641442720e+02
-1.084323543241717687e+02
2.890739186824424678e+01
-7.947539176201442501e+01
-1.738705176616332082e+01
-7.792126237497673635e+00
-1.651729248206884790e+02
2.595318735459022719e+01
4.044152811864769603e+01
4.152753926656288286e+01
7.345393690302924483e+01
2.627969167698650921e+01
-7.747151062443840885e+01
1.807223845630867913e+02
-5.986930233951625979e+01
-8.961533705560469798e+01
