2.611099441886031869e+01
3.852807895166407889e+03
1.237049746648801147e+03
2.455600282321465329e+03
1.657455894787675561e+03
1.893671147052775495e+03
-1.842670750876841112e+03
2.125485785671603480e+03
-5.717127679640577753e+02
-2.217879440959251042e+03
1.136034152824276589e+03
-1.854686465085856753e+03
-1.650097177685074939e+03
-3.067010037473620741e+03
5.570639819590970632e+01
-1.499657838846659843e+03
-1.532754999019062097e+03
-7.045213618415714336e+02
-5.815475828308910877e+02
-5.165025941130523961e+02
-6.821381218874455499e+02
5.097580223650287934e+01
-5.680578223760981871e+01
5.615570082720278151e+02
-1.833146821179844210e+03
5.135576836125040927e+02
7.552352376617635628e+02
-1.824296149714679132e+03
-3.896732376817942054e+02
1.363783330785949204e+02
-3.544767331038640918e+02
-9.734221548160054454e+02
-6.714609985084828736e+01
-3.885750659016702571e+02
-9.291424022145026385e+00
-2.278291550944031840e+01
-5.974742657247927724e+01
-3.326302431138807236e+01
1.750363405659580167e+03
1.148825608809212326e+02
1.962325684299428588e+02
8.852586982208892152e+01
3.081426849720001542e+02
-8.462929179977127205e+02
-1.045514110875939338e+02
-6.956481754570642124e+02
-1.600131330537445251e+02
9.065300859436060819e+02
-5.132973735405205389e+02
-3.022014543393026429e+02
-6.235414729505678366e+01
4.519972590135839141e+02
-3.009458382977773567e+02
2.241657941344380731e+02
7.758841120481843063e+02
1.550553886887706767e+02
2.096683948031813998e+02
3.140305324674579168e+01
-3.914172341823172587e+02
-2.547244836097847909e+01
4.076488927289402682e+02
-3.464009969116233378e+02
-1.177892258116913240e+02
2.888233404060248972e+02
-1.166196724567953993e+02
-3.060809910401039815e+02
-3.018143849973620831e+02
1.216080577820658561e+02
1.688550766376123988e+02
-5.195288388061483147e+02
-2.620272157527268746e+02
4.641839064170973472e+01
3.967622940631987376e+02
-1.611495030793631429e+02
3.489098095452850146e+01
-5.842887902569311365e+01
-7.270035504640521822e+02
-3.762377707887537213e+02
2.525565911676839193e+01
-3.164129782374239426e+02
2.213908091507724691e+02
2.149180499332277634e+02
5.925978469110720681e+01
-8.101190947642777473e+01
3.816757390760988642e+02
-1.435176904660361572e+02
6.826868145926138709e+01
-3.069303924901118990e+02
-1.434168528122813200e+02
1.682239269230702661e+01
3.190468342057509403e+02
1.653089978139812501e+02
3.228125031366841995e+02
1.400439409325815632e+02
-4.366985113933303069e+02
2.099455572629904339e+02
-1.655997170165795040e+01
-2.783894318121431866e+02
4.948140923349605913e+01
6.770474145498694440e+01
6.629060049645563879e+01
-2.536192563128753079e+02
1.095366933530830806e+02
1.178769639437211083e+02
2.282810848213658232e+02
-1.966483658934461687e+02
9.028982155452201397e+00
-2.636581911268328895e+02
-3.633322643734360895e+02
2.206724620125392988e+01
-6.407609655397416759e+01
1.528490906649487044e+02
-1.770600475755121863e+02
8.239148306595406979e+00
1.267990513299854882e+02
-1.214089216641403937e+02
-5.024898226407146495e+01
-2.839836219125339767e+02
-1.917881363325338100e+02
5.771608487830889800e+01
-7.973217298376854956e+01
1.334235616240454192e+02
1.202351240678223263e+02
-2.781840672854467016e+02
-1.419807874190276777e+02
1.648264559359857060e+02
-2.889505174230471880e+02
-1.174307796661693573e+02
4.479202396192221158e+02
4.217825971866464130e+01
-1.089905975768476907e+02
3.308462604498593009e+02
-1.386964535526975624e+02
-2.588489006509966828e+01
-2.721872768852868489e+02
2.614778820515775806e+02
-1.197041049392711187e+01
-2.206292750702303067e+02
-8.091153677647307063e+01
3.710532396729762183e+01
-1.354366397676178906e+02
-9.614627402060837369e+01
-2.218180595671859479e+01
3.137965824599426767e+01
1.311843510210387933e+02
1.530253690719885924e+02
2.138395677888665318e+02
1.505814259123911540e+02
4.735457718813763250e+01
1.258623389862487443e+02
2.770151530992262110e+02
-2.684033797871700244e+02
1.059943338066386609e+01
3.875813282718780783e+01
2.460864264862443633e+02
-4.594879814674110996e+00
1.677924349085558333e+02
-3.922191889631365314e+01
-2.160135268227643568e+00
-3.281368358765129187e+02
-4.384165650576612450e+01
1.562335631103625815e+02
-1.390933084798026300e+02
3.453530185539112551e+01
1.071896545095521525e+01
-1.290851822898618995e+00
2.809386359980793486e+02
3.332424883394906487e+02
-1.969332803437841051e+02
9.067866370892399175e+01
7.089398809152804404e+01
1.250219328339984344e+02
-8.412681978325561261e+01
-1.255576544651608906e+01
9.417470674691574573e+01
1.628613739625247661e+02
-1.960989644076068998e+02
-2.284025015904691998e+02
-1.296591200264468284e+02
-1.726539698640138454e+02
-7.202934662590762116e+01
-1.408583660002168187e+02
-1.176653121195185214e+01
2.636523088849607888e+01
3.192599230167919018e+02
-2.267860805670902380e+01
1.900236613308090341e+02
-8.863344798024189686e+01
-8.325392744630198649e+01
5.332551768635202905e+01
-1.522824430622363820e+02
5.040731329058916188e+00
-4.232707232569133993e+01
-8.200325022407805875e+01
3.438279875337133262e+01
-8.754782221356802552e+01
4.436916210076206823e+01
5.500497871943603201e+01
-8.566377566125559895e+01
9.271700827987680782e+01
8.668696038848008811e+01
-9.851043716651523141e+01
1.436842473984603146e+02
1.842615350145415789e+02
3.312237544781210374e+01
-2.236133902684483701e+02
-3.692259988158829032e+01
-2.645237886043161524e+01
2.268305481315762222e+02
-9.654359620770142669e+01
9.594757604626103387e+00
4.334332485162023829e+01
-5.745883486938028284e+01
-7.926599695423868752e+01
-1.825238956373286214e+01
6.272324244413433547e+01
6.668229186430097855e+01
1.233977571324239335e+02
3.657297939331665759e+01
-1.320426417619466406e+02
-1.169800711387245826e+02
-1.413156840042818940e+00
-8.450761453231166342e+01
-1.791161442313063503e+02
-1.205790719545237124e+02
-7.931110167375516085e+01
-9.491590004141971804e+01
5.635005894804368154e+01
8.182555097292848245e+01
-1.498881186667954637e+02
2.290064054321165372e+02
-1.082809502641196673e+02
9.118806541533440679e+01
4.538872117656065797e+01
1.228888400541527375e+02
1.908219361598413499e+01
2.632510218028457416e+01
9.520313983394679269e+00
-4.460523580698556145e+01
-5.918286736185776675e+01
7.310245691847555349e+01
3.914306146208758008e+01
-7.909242495042720122e+01
-9.343685790246021838e+01
1.939076019098369841e+01
3.383330026970563154e+01
-1.813094317916232399e+02
7.731538615247640855e+00
-2.944206635078774781e+01
2.593453999806401811e+01
1.788286358371973961e+01
1.384708860219711255e+02
1.039613833029701482e+02
-4.501059645233566187e+01
-3.779473395953264259e+01
3.959990542327986418e+01
2.438632501710994305e+01
-7.249925820269346843e+01
-3.922464653287040193e+01
6.054210149686337417e+01
-1.258865980368240933e+01
-4.160017174510036142e+01
-1.911416860845296384e+00
1.805908744099163954e+01
2.169920712001738039e+01
3.480187661087443729e+01
1.726509179964524776e+02
1.116046518969313439e+02
2.053166690796311311e+00
7.156552126772863787e+00
-4.989892033780410685e+01
2.356042421413286547e+01
1.524211503458446337e+01
-1.371796867176525048e+00
8.406090703901254457e+00
-1.265563680335504593e+01
3.920745189334940051e+01
2.755005298788228174e+01
-1.820643784034329542e+02
-3.256514647385812111e+01
1.415718771937078735e+01
7.958761350380130750e+01
6.162905493700503712e+01
6.796938118058844225e+01
5.051032669866031455e+01
3.135440554455044548e+01
4.534782790977752143e+01
-3.264162525190813113e+01
-3.073132580142372561e+01
1.871684429503073233e+00
5.350215922636744637e+01
6.547422780516748730e+01
9.831157991717586242e+01
3.960510429945309596e+01
-3.689214472763142538e+01
3.132072160165087027e+01
1.016223018910180116e+02
4.416591840961154247e+01
2.110879138744607886e+01
-4.266154118584594102e+01
