-6.624117101095993348e+03
2.223868011383218800e+03
3.834448515161036084e+03
1.957867001183372167e+03
3.143363112666003872e+03
6.313830753551753361e+01
5.224273378380534041e+02
5.627655719825986580e+02
6.267928666134824880e+02
1.173451361398973177e+03
-1.267692595897647834e+03
2.673668195902548632e+02
4.032542002301288449e+02
1.792783398691631874e+03
-4.549583474592615744e+02
-8.912202270483847997e+02
-8.875133424082318925e+02
-7.865827076096038581e+02
-8.077889306658515807e+02
6.193203218931924994e+02
-6.172023111443401149e+02
-1.787181929009866735e+03
9.147843367701163686e+01
-1.771506563444164840e+03
3.092433337396734601e+02
6.663219876995902951e+02
1.639860957302668965e+02
1.773966383845566725e+03
8.003672149417595847e+02
1.068272564035628420e+03
1.037778368751892231e+03
-8.399490834920948146e+02
3.203246850670968229e+02
6.502030592241211480e+02
-1.574407562157516622e+02
7.872561076482186593e+01
-2.128550772768027457e+02
5.624514829546360062e+01
3.600057469545674849e+02
1.182250940599871711e+02
-2.395923833587660035e+00
1.213667989119431013e+03
4.267649665661707559e+01
-1.175988475481486830e+03
-1.204265673657722289e+02
-4.927737760394476823e+02
-3.125024820412143072e+02
7.422478085097547762e+01
-7.384379046916704965e+02
-4.142940483079848946e+02
-1.411379258113719573e+02
-1.040283105782830489e+03
1.053215494718499485e+03
1.664003355745277020e+02
-4.757648174341426852e+02
-1.791336533367434640e+02
-1.005520483804513674e+03
8.978113295617707763e+02
3.386412859878446966e+02
5.338124922431697428e+01
-6.741443223116640411e+02
-3.414959351915769048e+02
-7.151039763553065995e+02
-2.817297360330421157e+02
-9.536192618055167713e+01
6.296888300258638083e+02
5.066955044880760397e+02
1.039972204277427181e+02
-2.819564481140216472e+01
-7.926756344886712213e+02
-6.771868024326339537e+02
3.693583054669034027e+02
-2.420085781393624416e+02
-2.657220129779886406e+02
2.680168308623007078e+02
1.061387005142464233e+02
-1.446156995799927074e+02
-2.848761772473147857e+02
7.223432880533185596e+01
2.863550490409035092e+02
3.958425440646529978e+02
5.017539481139098712e+02
1.487176873447422452e+02
3.241421624588338091e+01
4.837633772747346939e+01
-6.649265319712761766e+02
3.102755473204222767e+02
-1.087079237113525494e+02
-1.862941636167548154e+02
-4.437286727935945692e+02
4.200320023169996944e+02
6.446095102388869691e+02
2.949045062238511150e+02
7.321041009992002557e+01
-1.408267089818469344e+02
-8.561325141820500306e+00
2.663806783818386634e+02
3.358388841154937836e+02
-1.849151276219146212e+01
-4.728408149309912289e+01
-1.541961339229618488e+02
1.816901212639257608e+02
2.941485376405296170e-01
2.125700591018052990e+02
9.271699391801945467e+01
-1.773807702747887163e+02
1.336159260080328579e+02
3.231272094144212019e+02
3.966315100635990376e+01
1.997185646264370575e+02
1.752436237207355987e+02
-5.151948469176289791e+02
-8.461152530085941237e+01
-2.420292078879236044e+02
-3.182491733215513818e+02
1.905874499915282456e+02
-2.936184721611065811e+02
-2.800651491440377754e+02
3.528282341327399649e+02
1.971390638682523644e+01
2.832579640325129731e+02
2.229885741006854118e+02
1.567253985833028764e+02
-4.025161290262617513e+02
3.024645602335759236e+02
5.103196531868159695e+02
-4.733621746890771078e+02
5.823296668159402856e+01
2.666618109530022593e+02
-1.131268027913395287e+02
-3.271125715739398743e+02
2.224344188695311288e+02
2.013120177220921292e+01
7.628261809996664056e+01
1.137100600439364229e+02
-1.052866357565542756e+02
-4.101998036497815292e+01
-1.026103262152518738e+02
1.668258641734481387e+02
1.469640302814499222e+01
2.223268281366286772e+02
1.186966818555461458e+02
4.162048396717426613e+01
1.787249042049949423e+02
5.794508080408096617e+01
-3.667896439144115561e+01
-3.848289552942799929e+01
-1.118944911884118625e+02
3.736574887493588193e+01
-1.214055865229176305e+02
1.005498146068600676e+02
-3.136490084080433007e+02
1.145011471034517569e+02
4.770156119642641102e+01
-4.843578129679340805e+01
-1.963077995306179844e+02
-3.736344790778532143e+01
1.888890320041845143e+02
-2.760971302901648414e+02
1.083730757288217283e+01
1.298349978460933869e+02
1.837856780126560636e+02
1.624344242086613690e+02
-5.802579884586980796e+01
9.127420653805475581e+01
-4.305857109831374885e+01
1.160422289888179392e+01
-2.069887310490710419e+01
4.562853072385286168e+01
7.191921554503051262e+00
2.214367149787973972e+02
-4.673227520765580039e+02
-2.443786828688519961e+02
-2.327403204228159836e+02
-3.108889350718715718e+02
7.477618123543171791e+00
3.770862909550040172e+02
2.684160004955587056e+02
1.686868481602080863e+02
1.505772025016583768e+02
2.231829992457966512e+02
-1.024959442956364768e+02
7.180012465306430158e+01
2.158364136207848958e+02
2.074474789574215094e+02
8.470939584600033356e+01
-1.476910320707516000e+01
8.491884742003216502e+01
-2.015746229233471922e+02
3.403185808088969111e+01
-7.449099652642634339e+01
3.766024641688742491e+01
-2.440650771938233277e+02
-1.088720197412317674e+02
-7.012269135661551900e+01
1.916497335501980359e+01
-4.296740892421016156e+02
9.133765420056593598e+01
-2.028956301690400608e+02
1.040710493966284815e+02
-2.188285541512222778e+02
-3.303198813479654206e+01
4.950738267308674949e+02
2.740741062190817701e+01
-2.247152478144266752e+01
1.714857983122198704e+01
-2.931643020649315758e+02
-2.938807985574916160e+01
-1.779382165699300913e+02
3.137080708180712918e+01
-2.910458913905066680e+01
1.687453163797219133e+02
-1.102786217030302396e+02
-1.112466337199778366e+02
-7.414058060148681761e+01
9.589138577820834541e+01
-1.568910550828003636e+02
6.481342511813473095e+01
-4.865709408657471258e+00
7.658273193985499461e+01
-1.266063644959868952e+02
8.920029206537121524e+01
5.579633682161407648e+01
-3.054839825731523888e+02
9.344277604880513621e+00
-3.996505774052920970e+02
-6.946530864253539050e+01
-2.991045908257857633e+01
-2.790379493622135669e+02
-5.842205933925763617e+01
3.330196962440603414e+01
1.698585656056878079e+01
-2.612415193078726929e+02
-4.700831764699962889e+01
-6.262091435542316731e+00
4.536129749454968874e+01
-6.994584450179802104e+01
-9.137354830846781795e+01
-1.688848552114615984e+02
-7.601505965554561328e+01
1.126212722197068246e+02
3.963101645452913857e+01
-2.058246799448207867e+02
-1.515613134708337100e+02
5.899030394762986518e+00
-4.903619964166501433e+01
1.040373736041910036e+02
-7.302387959172115472e+01
-9.103435357595287769e+01
1.317349172735572154e+02
-1.525569595607013866e+02
-2.504104782425898890e+01
-2.990280194615359832e+01
7.156499408814111973e+01
3.107869482087428423e+02
-5.306051779320118555e+01
-1.492216371575712230e+02
5.548800980463256849e+01
-1.646945067182278422e+02
5.900378307741502848e-01
-1.399083075222814614e+02
5.031438534458030176e+01
-2.674465585905362630e+01
2.368274562653904241e+02
9.123700908138846444e+01
-5.833972488211055207e+01
3.523815563080150355e+02
-1.872950202251501217e+00
2.814447953827454967e+02
1.214651449978865401e+02
2.270447450332069295e+00
2.243005221537849536e+01
-2.321219359434344653e+02
6.036920118740470542e+01
2.063402455330064811e+01
-4.418709394223764519e+01
2.322381859016686860e+02
1.341479165470649093e+02
-1.249231067307455731e+02
-1.959888619924269904e+01
-1.910888785932611427e+02
1.923599699201426176e+02
5.240907951305410251e+01
-9.281134820965478127e+01
-8.807737301652163353e+01
-1.278090142608798914e+02
4.372943639975732566e+01
7.849867158587542804e+01
5.737813743416251810e+01
4.850767564874875148e+01
-1.211461535647950285e+02
6.912395860394998692e+01
3.485889254489907074e+01
5.965841560097893392e+01
1.783424039002196650e+02
9.537427740180372382e+01
-1.134289206003458048e+02
2.408126230526954998e+02
-7.768865872563993946e+01
6.622315246125285171e+01
