3.345559317732253930e+03
9.723144951826584759e+01
3.007864131767158256e+02
1.330768007204495262e+01
1.003972669562841588e+03
2.702444705309883375e+03
-1.799983860875616983e+03
2.375757370246822575e+03
5.883069761596558465e+02
-2.601946775711873215e+03
7.310791828209510186e+02
-1.860847697188551138e+03
-3.677306988473621459e+03
-1.433855386403292187e+03
2.000255210183629515e+03
1.734252912484963872e+03
1.083289125834957929e+02
-1.311393166075382851e+03
-9.210378897414644825e+02
1.690266837794773437e+03
-2.961640311851603656e+03
-1.554805802393636213e+03
-4.751654666609680362e+02
-1.039464809838745168e+03
-7.998440438018799341e+02
-1.435421448889571820e+02
9.988548261463786275e+02
-1.633794571745921985e+03
-3.090694749861658579e+02
3.285323100827013150e+02
-6.579929905733639544e+02
-1.552238137058039683e+03
7.107940774071496435e+02
2.813945518803280379e+02
1.240951711095729024e+03
7.730239162525048187e+02
4.611540168470014009e+02
2.196184793838230291e+02
1.031896806964525013e+03
2.967267193694923435e+02
-1.417620652589035615e+02
5.626331761256176378e+02
3.792569584329600616e+02
-3.615982144982675663e+02
-5.441161908987570541e+02
-1.035262620697963484e+03
3.029285239187148591e+02
6.919701031615799138e+02
2.267257817763506864e+02
-4.384447488306201421e+02
3.806245076420529472e+02
5.713608492085492117e+02
4.002800338989101192e+01
5.423204662249270314e+02
3.192797343169697797e+02
8.942334298574439799e+01
1.406119125516500844e+03
1.680851902487924008e+02
-2.813298026386144670e+02
-1.009426387488524369e+03
4.830041498690072217e+02
-1.898638907932120503e+02
2.466607417757454357e+02
5.696124002653110665e+02
4.872549718745785867e+02
8.275826651616321783e+01
3.139671340432133206e+02
-1.743218372381970198e+02
6.094507765392538658e+02
1.204623803549746697e+02
3.023230696403393836e+02
4.534727562989509693e+02
8.079855214081339909e+02
-1.648072216447542644e+02
-4.950568269812645212e+02
-7.105199000660111324e+02
-4.615234182358550470e+02
6.534590131840034246e+02
6.726958839910234929e+02
-4.496905332200271346e+02
1.605189536227000417e+03
7.851098809918252073e+02
4.929520427788854704e+02
-3.231499680376608126e+02
-2.156692011957419481e+02
-1.423296618420766322e+02
-3.181534700563962588e+02
1.300027225935963315e+02
-1.394641693388098247e+02
-4.741385329379932756e+01
1.928467595905790120e+02
6.944005371389367838e+02
-7.194605373209519428e+01
-6.129907598336708361e+02
-2.582050307661288571e+02
-6.568994778230968734e+01
-1.345854524221609836e+02
-1.695594312417485128e+02
7.422262620357557239e+01
-2.277721731590226000e+02
5.303735879548759158e+02
-3.599187475992388272e+02
9.659895182755937526e+01
3.627557884404924948e+01
6.394228877647331899e+01
-4.230676949997902625e+02
4.483104831946380955e+02
-1.783094171259596692e+02
-3.724364862023838327e+02
1.858748545595912276e+02
3.765415463062178958e+01
-5.581520255495706806e+02
-1.183654568775650432e+03
-4.683250078312928508e+02
2.653485005464098094e+02
-1.179431313519394848e+02
3.256319119474790114e+02
-1.462966910279033641e+02
-4.752197689750782956e+02
1.761217644488703513e+02
4.585407694498171054e+02
3.583672756942342517e+02
1.102385791850737817e+01
4.161059051362643686e+02
4.746458968362005066e+02
-1.072778952001089294e+02
-4.472844210399403551e+02
5.462726963813452130e+02
5.118507137860498233e+02
2.805369895378555611e+02
6.251311917950034314e+01
9.729508487345317462e+02
-5.451925464990404180e+02
5.640905394586262673e+02
-1.896072062140216303e+02
7.524413088052976661e+01
1.103067029686785219e+02
-3.912263458330987760e+02
1.604707752578402449e+02
9.729343809047963987e+01
1.036458513530750309e+02
-5.076443631505351384e+00
2.407928291278693393e+02
3.492599802685833197e+02
7.539338890538173743e+00
2.422412836961989910e+02
1.021090266445495587e+01
2.464946689620370890e+01
1.968582546669817077e+02
3.197310908981252737e+02
1.184969346621092114e+02
-3.477491786765289703e+02
2.127395319578384374e+02
-1.242855743727532882e+02
-2.333685617052124428e+02
2.893296766330403003e+01
-5.140207452570854940e+01
4.691064720864557103e+02
-2.930159698540006730e+02
-1.641878694479403578e+02
2.587921293053597083e+02
4.948365240657235375e+01
-1.117122306534910621e+02
-1.052389879220372535e+02
-2.042163150458588348e+02
-5.970904314640866772e+01
-2.160771623163778372e+02
3.999039288276020443e+02
2.086702437530094869e+02
1.330818797680887258e+02
1.255641326846386647e+02
-3.491062618535000865e+02
-2.201080708514912487e+02
7.275075069665108174e+01
-6.336984180191576854e+01
-4.745831165854509237e+01
-3.818264657534019779e+00
-5.248918239591305337e+02
-2.050200867569110130e+02
3.343361111588463928e+02
-1.271398059592720244e+02
-3.405856808505174058e+02
1.690456332627742881e+02
1.649784926826894491e+02
3.043158726780569054e+02
-7.408055480795876235e+01
1.727481683714481733e+02
-8.319675065085614563e+01
-4.093807738109533148e+02
7.809650819288565060e+01
1.746258796327283846e+02
-5.234837854043994412e+02
-4.362139856640536806e+01
-2.022368608523269131e+02
2.388033378385497087e+02
-2.835722551189099363e+02
-1.388280461421958307e+02
1.212817315271227301e+02
3.473883954337710520e+02
4.841099667779356963e+01
1.891961158290197602e+02
2.037159273953613763e+02
7.550006682618122795e+02
2.794333924211635463e+02
-2.206534885024616699e+02
-4.982459524369677695e+01
-1.135913056495311508e+02
1.172214134379604644e+02
-9.922845142559266662e+01
2.787408221084937736e+02
-5.184846937695641600e+02
-1.958590322102910761e+02
1.807648766480381752e+01
-1.968509285410061409e+02
6.783594052616051329e+01
8.971795833236082274e+01
2.570861731078694561e+02
-8.363397685099160128e+01
-1.456654140939292041e+01
1.366216285890355948e+02
-3.364783523184729006e+02
5.255195881122157431e+01
-2.018660453166477851e+02
-4.741101853895132763e+02
2.341928280346010354e+02
-5.004676798193114564e+02
-4.020597150904275736e+02
7.488132112303584620e+01
8.337423314370434468e+01
-1.326395950342172796e+02
-2.848079665516668157e+01
-1.345095371011479415e+02
-2.742175745170463870e+02
-1.680908173436966990e+02
1.032299431383543435e+02
-1.137732464040314682e+02
-2.001810851616617271e+01
1.520595349282958750e+02
6.349979931600449845e+01
1.503357879419848757e+02
2.949519475846827987e+01
-1.695922026090235875e+02
-7.755523952518486794e+02
-8.681795371686155249e+01
1.854064614975412155e+02
-5.273154132693530016e+01
7.584103774715187285e+01
1.575477541468765708e+02
-1.958742755684254178e+02
1.887266162089898387e+02
1.464302452397140257e+02
2.554537069028478413e+02
3.804782569370929650e+02
1.177589542091814252e+02
-6.786330353427598538e+01
-8.033064392286304667e+01
3.896376576982704023e+02
2.018697305542324827e+01
-2.058460578227897884e+02
3.057962837773779370e+02
-1.241629382517249383e+02
3.925992395341509109e+02
-2.270061981110277713e+02
3.287074648931896945e+02
-3.158822912627670121e+02
1.816186635662770641e+02
3.482761677949097816e+02
4.707001088253744001e+02
2.111145760946519943e+02
4.192290758827552821e+01
-2.986882418025520991e+01
2.979878914609625440e+02
-8.844633874551870889e+00
-2.074411992010367101e+01
1.422812241985438675e+02
2.734679689099723277e+01
1.186868659914110395e+02
1.143463881540964927e-01
-1.237427660987579401e+02
1.374297917888684850e+01
-1.465921705248289300e+02
4.402562636933993758e+02
9.536953977451351250e+01
7.369114212564745969e+01
-8.995876865538373579e+01
-5.667031235083828022e+01
2.316437262497357494e+02
-1.604949137977310514e+01
2.016857134806697331e+02
1.216268889420232284e+02
1.426396535068128628e+02
1.127309087730362194e+02
2.062279181200628955e+02
1.945982180890143098e+01
-1.708038152070650018e-01
4.292238677436990457e+01
-6.498261385973542303e+01
2.475616842498456265e+02
-1.407391768638900089e+02
1.874704458263983327e+02
