1.193775820439515911e+02
-4.044834515436790753e+03
7.526785226490369496e+03
-1.543228622793030127e+03
-4.798880557679732419e+02
-1.038433861763095592e+03
-9.289332634655762604e+02
-3.180852573491635127e+01
1.361998279895133464e+03
2.927626194514836243e+03
1.066826291342649711e+03
-1.182002540695138578e+03
9.832379492246633390e+02
1.758345415528931881e+03
4.769484119285058910e+02
-2.595555584830251519e+03
9.381639546513468986e+01
7.799327917682480802e+02
9.010352474167613082e+02
1.277329222915933769e+03
3.382529675107087996e+02
1.756939397237604453e+03
4.011031217292425595e+02
7.094926921848662005e+02
-1.884061767350646960e+03
-4.574306920099224953e+02
-9.670526520087461222e+02
9.747836438135400385e+02
9.459012344606528586e+02
-6.566724568209218660e+02
-1.017003705217554057e+03
-4.659321046864687332e+01
-2.006201535580735822e+02
-1.410164975612464332e+03
1.238391565021685665e+03
-7.468513408801935611e+02
2.271700334054696668e+02
5.058379847632265864e+02
6.933923980739897388e+02
1.982607104904016978e+03
-1.014984720909770544e+03
-1.213004710923792572e+03
-9.997647809747051042e+02
1.353529399245717968e+03
3.853659204060685397e+02
5.430106243226040306e+02
-5.120227535978624474e+02
1.178672845344433199e+03
-6.919403865674453300e+02
-7.193999070981732302e+02
-5.098183016554123697e+02
6.241809485932362378e+01
-9.769586847911202199e+01
-9.897143011916938349e+01
-1.794757439982861911e+02
2.685999048294436875e+02
-9.471049571521099608e+01
1.484031799622309791e+03
-4.739884630234457177e+02
1.118797752294244447e+03
1.920357875236505549e+02
-1.484219125012383529e+03
7.403587165550134159e+02
-1.507483281527671579e+03
-4.251458678428010103e+02
9.925220895664767795e+02
1.178834327290129295e+03
1.631153478641497486e+03
1.091033721875628316e+03
1.165536474181325666e+01
6.609590645830974154e+02
9.779307783428281482e+02
4.707668259262644597e+02
4.822919414361075496e+02
1.972102193013338365e+02
-1.189209387699169383e+03
7.956557906091092036e+01
-9.317250090204590833e+02
8.142657678610287348e+02
3.132468468650124009e+02
3.868829221275988743e+02
1.070487663405279051e+02
4.995686514989012608e+02
7.302240821408871625e+02
1.111699339630080431e+03
-1.803880234652768024e+02
-1.809683503452329205e+03
-1.229589793373814688e+00
2.020047723511358839e+01
-2.940777493449837721e+02
2.797966904562056811e+02
-3.748681109768007786e+02
3.801329988325330191e+02
-2.858324074839798072e+02
1.610832310876749716e+03
-3.681437201349641555e+02
-4.391658476803385156e+02
5.621210223625420213e+02
3.619957167275985626e+02
6.923363803611038065e+02
1.153324594439579727e+02
-1.202779836546022949e+02
-9.149458182192820459e+02
8.768016002179999191e+01
-2.099307116005007572e+02
-4.183432880441545265e+00
-8.167372291080594948e+01
-6.215076982725477137e+02
1.269859548930154425e+01
7.202330355264871287e+02
-1.285698390520652765e+02
-4.492139755129717287e+02
3.227435680065173074e+02
-4.995890183011822501e+02
2.798120794325572547e+02
-7.045556012473825547e+01
-1.078336311197501118e+03
-1.007793199078445923e+03
-1.102047858253866934e+03
-3.989685642956457912e+01
4.529130064626551189e+02
-2.707101197859629451e+02
1.090311670393917751e+02
4.576491592426347665e+02
1.275294208824962880e+03
1.868588195404297778e+02
3.099733922663703112e+01
-6.974350058878839036e+02
4.244439366033741976e+02
3.333102499773889349e+02
-2.818369363559029921e+02
-7.441868231566760414e+02
-1.224359409270704418e+03
8.583531940655501558e+02
8.607638717273492830e+02
-5.028602272914423565e+01
4.538933663342352816e+02
5.478501573933729674e+01
3.418764337422997812e+01
9.887788724644327658e+02
-3.590638705897864043e+02
-1.035311957270184138e+02
7.243176287023062514e+02
1.617627613760564316e+02
-1.484510988735613921e+02
3.718717474175847428e+02
2.526720910937443136e+02
1.615434478065533028e+02
2.023512026367911005e+02
-2.287023209972968800e+02
-1.824033040716111600e+02
-2.119609730538118981e+02
-3.453193248708443264e+01
1.588564481182385464e+02
-9.495739653417513182e+02
-4.764974621908181689e+02
2.548400700876630083e+02
5.829600431577644031e+02
1.986339378418684873e+02
-4.286561990823182100e+02
-3.226469372344386670e+02
1.322281894525437274e+01
-4.958050293312315944e+02
2.538261025953485159e+02
-4.724814657197086945e+02
-4.256138139544072629e+01
-3.786840399685583520e+02
-2.174208199795478151e+02
-1.241185720187684751e+02
-3.134044971616712019e+02
3.286105833854833804e+02
5.205789600665065109e+02
2.994457333991710470e+02
-1.351944369798877119e+02
1.166610108009172251e+02
3.306909590975045035e+02
-4.517723500490902211e+01
-5.717545280125845011e+02
1.005139379178038581e+02
-9.949442669355910596e+01
4.358343171879252509e+02
1.300502996070762265e+02
4.031417000834407531e+02
-4.008544202645020960e+01
1.990426192101611491e+02
7.945523072701335821e+01
-5.821289885460053881e+01
6.048382586004672845e+01
1.852277802760073939e+02
5.394290071651514751e+01
-3.747862827014650975e+02
-4.109830850625388052e+02
8.023617571243592295e+01
-2.552610038958997052e+02
9.966417026102436694e+01
-1.597956354625662243e+02
-1.111938360582429794e+02
-3.798433401243314051e+02
-2.752346367613949951e+02
4.576957811232775839e+02
1.577717889944316596e+02
4.377337252655584621e+02
8.787377345795972587e+02
-4.299923718025010544e+02
-1.180110356337060118e+01
-1.729185219259396433e+02
1.141618730221790656e+02
-5.010703084907797233e+01
-1.077518697803674286e+02
1.359104918517393124e+01
1.548216838415278005e+02
-5.401514940030222789e+01
-2.897298730371506963e+02
2.669960050072454010e+02
-6.061422180733769949e+01
-3.268088264521875885e+02
2.317063536678050895e+01
1.903957987070675415e+02
-3.111688487155282132e+02
-4.044142105314005562e+02
6.870993078144647370e+01
2.048361033494416859e+02
-7.269095877437653996e+01
-2.937482077415382378e+02
-4.384787259946174487e+01
2.182092881432415652e+02
-6.371687363261982995e+01
3.556507234448173449e+02
-3.887988268852888041e+01
-2.175815265436944657e+01
1.693934807317419597e+02
-1.405682455774859534e+02
-4.437772194710943836e+02
4.045927087861720111e+02
2.439718857986086675e+01
-3.293639302497655308e+02
-3.387710511969037839e+02
6.114858452212374686e+02
-2.540132086400341223e+02
-6.901340220620735408e+02
-1.366930922599974707e+01
6.119385435509398121e+02
-2.250196824778993516e+02
1.816860885521234934e+02
-5.121527585005718493e+02
-4.311685092914954112e+02
2.191142096921716416e+02
2.156889914108584776e+02
3.270396573760361889e+02
-1.718923886306280622e+02
-1.788952355488769967e+02
4.059914018000917508e+02
-1.710265514698579636e+02
-3.612358711081874958e+02
-1.406331157710048103e+02
1.918496566468706135e+02
-2.351733883759079617e+02
-2.068555932636853925e+02
-7.942289344879790747e+01
-1.567804869421210583e+02
2.081507123949541835e+02
3.213297404928756578e+02
-2.117408625775243181e+01
-3.348537926601530330e+02
5.133439477236325956e+02
1.913899149403643776e+02
4.532951995520971877e+02
-4.412735437431823016e+02
-2.944361039727442630e+02
-4.115384975946626582e+02
-4.881371597895392824e+02
-1.679327933835845101e+02
1.566180289409956856e+02
3.254034587090192190e+02
-7.471874051864003263e+01
4.760717038225052278e+01
3.037416072958964719e+02
-1.359242734672315294e+02
3.764110487758491672e+02
-7.103207894647151477e+01
4.810606473592132204e+01
7.057110134642459798e+01
1.310424449696132854e+02
3.573299438376063790e+02
-2.950446966965424300e-01
1.195500643983056790e+02
-1.283054609084923925e+02
3.047542265586004078e+02
2.889344575095490768e+02
5.648888455843088963e+01
3.174278978798828916e+02
3.512792527712302615e+01
4.545512552560339259e+01
-1.909268097388956846e+02
-5.348588468225322003e+02
-6.819094416581829421e+01
-8.281052322084309480e+01
-1.518305362524763495e+02
-2.850145292779511692e+02
3.576227683020746895e+02
