-1.416070089036317086e+03
7.351640453320888810e+03
5.272468474310411324e+01
4.847099130377807228e+02
5.862458267534763081e+02
-1.636480860176485521e+03
2.141043694248986412e+03
5.390438426640940861e+02
1.863563372851038480e+02
-1.274003000936763783e+03
3.872906444996608144e+01
2.049663179167216185e+03
-1.192537648455213684e+03
-6.994539175452379141e+02
3.929803118104035775e+02
3.593281246551292725e+02
9.936729339570380262e+02
-3.296570608983781767e+02
-1.238602479055218311e+02
-1.133205376030584688e+02
-4.568427406147337706e+02
-4.935684806365846384e+02
-3.438235578073703209e+02
-1.206740416337548140e+03
2.769999665673513505e+02
3.699472426063416606e+02
4.025484666851154998e+02
-4.645158225659480991e+02
-7.229701689108245546e+02
-1.583251090280907874e+03
8.789705782586372607e+02
-1.362027569931956805e+03
2.018896436428563490e+01
7.812595947755847874e+02
9.599949107939364694e+02
1.594026480129263291e+03
2.550313211436447602e+02
-4.259250786243001130e+02
-6.616779152261231047e+02
-1.088035682467278320e+03
-8.897692509068485833e+02
4.661261947351419508e+02
3.691391669955545467e+02
-6.377674306166181850e+02
4.263512314013594846e+02
-3.114253776998179433e+02
4.377741410875095198e+02
8.973680341645010685e+02
-6.631990175089289323e+02
-3.603421274529107876e+01
-3.421629257005549221e+02
5.480080063787570310e+01
-5.171571688348781208e+02
-2.051234134258331210e+02
3.722206566226003588e+02
-5.694707194537761552e+02
3.683322688173581128e+02
-1.087838471174167125e+02
6.359213992363836496e+02
-3.402163616493396034e+02
-3.717358473607267229e+02
-3.655406078215374919e+02
5.352153339139672426e+02
-2.046174461740419872e+02
5.735145517833750546e+02
7.408534388927510008e+02
6.408892289074359496e+02
7.567678415675493930e+00
-1.628562107196132729e+02
-3.698784046540484951e+02
-3.395960688280661799e+01
9.226686210365324996e+02
-1.234709508458467155e+02
-1.217332294305036555e+02
-1.448905286161203776e+02
-1.071275693411159580e+02
-4.562131160376010826e+02
3.266865521229943283e+02
7.471260685269642181e+02
-5.120068978546108838e+02
8.252490597711265536e+02
5.981073396388521815e+02
4.562083547746136674e+02
-5.767832645751105929e+02
-4.842204525044627985e+02
1.301612187880766669e+02
3.063311438266965183e+02
-1.537383402175294691e+02
-3.475406436174859550e+02
-5.511807483877709046e+02
1.380062196065686919e+02
5.160201573824851948e+02
9.250201499222686152e+01
-5.419803599982710693e+02
5.609666148948291919e+01
-4.993332478543067054e+01
2.135311255594328088e+02
-3.698679210989216131e+02
-2.438504054604906344e+02
-1.665024434132689066e+02
4.083769136693887845e+02
-1.165818608363178299e+02
-5.698702531345823274e+00
-2.101468953058260354e+02
1.418471996087225762e+02
-7.067492464711431239e+02
5.290927732084808044e-01
2.625152454031778007e+02
-6.963482151697192535e+01
1.415202897994773537e+02
-4.948089654522354977e+02
-7.049067749955811450e+02
-8.899024788844874365e+02
-2.484356031518068164e+02
1.454474080389035464e+02
4.896286398121186068e+01
-3.997589557207041366e+01
-3.456724067224322425e+02
-1.255337611773931883e+02
3.006822574023561856e+02
1.130137295438164529e+02
6.871642181938004796e+02
3.040171573831306659e+02
5.247891373600364062e+01
5.597396791507283069e+02
8.497838774596818467e+00
-3.415307657841838136e+02
4.810688944990931191e+02
3.321537285623098228e+02
6.542361619018761232e+00
-3.646157495762103053e+02
9.184221113959579270e+02
-4.778422114914988583e+02
5.799115587429839991e+01
2.815694322330262480e+02
2.536454182284232672e+02
6.598105122269600997e+01
-2.526645061452054222e+02
-3.875325465999861763e+01
3.295139133243449123e+02
1.353668419329052028e+02
-1.300097889009205403e+02
5.340790102681555709e+02
1.422226426039017895e+02
2.941573472769909472e+02
-1.392090480562028745e+02
-4.368963739091556704e+02
-1.940531123394141844e+01
4.772627899529961724e+02
1.037411478831671019e+02
1.647262401102333911e+02
-2.051150111898882074e+02
-3.636591697508978260e+00
1.746188798223690526e+02
-1.085948972646463631e+02
-1.535288993027188731e+01
1.783193619638385883e+02
2.857276823632487890e+02
-1.165436479763574908e+02
-4.560862053290234144e+02
1.402455211472446308e+02
1.023049982809760365e+02
2.884107289477722134e+02
-3.866539899753182112e+02
1.345535811176544030e+02
-1.062417525822474289e+02
7.797671130245944937e+01
2.979648724100966888e+02
2.709188559918261490e+02
1.192552888974561114e+02
1.151706416552517709e+02
-5.168508681157499041e+02
-3.156969144469247226e+02
-1.304386333942674696e+02
-3.094438683987655168e+02
3.301358719297406310e+02
1.708139424690710655e+02
1.002286598708846412e+02
1.043456197988593743e+02
-2.811593173619246500e+02
2.566499497013103905e+02
-3.460676988135384136e+02
2.480805763322544237e+02
2.463341290199063849e+02
2.507989449424593715e+02
-2.153075389860343307e+02
4.330048978004906246e+01
-1.205065228977291980e+02
-4.951284628164002015e+02
1.109946066768669226e+02
-1.868557532740618967e+02
-3.117192529636684526e+02
-2.394341953640447116e+02
-5.495992998551938626e+02
3.368055681201983020e+01
-2.199037972986372154e+02
-4.431015550532460452e+02
1.150925977185543871e+02
1.845267349734346851e+02
1.181463561599785521e+02
-1.971857539194973015e+02
-2.701000825428504868e+02
7.093870348535965604e+02
7.624876896443076646e+01
-6.355416124518956877e+01
-6.056292512067075506e+01
-1.346696653631159393e+02
1.030428445074764028e+02
-8.462873809816967707e+01
1.899732410221808721e+02
-3.300302501927776575e+02
2.543838224884939621e+02
-5.684584236660352019e+01
-2.435308776322389974e+02
-2.151808815136635928e+02
1.718257369868535420e+02
1.048814015632811874e+02
6.412905820762104270e+01
-4.070835755189849010e+02
8.471619126158259405e+01
-6.545645066861287660e+02
1.249683048540292560e+02
-5.011141851664327760e+02
-2.874634526635646807e+02
-8.245535379555910538e+01
-5.717384994195001582e+02
-4.376792384458473748e+02
-7.482877120624773681e+01
3.978996895768911912e+00
-2.756962602931042170e+02
-1.286465779472341637e+02
-2.334568181206872168e+02
-3.523019824321581837e+02
-2.574107821382099246e+02
-3.379148700216924794e+01
-2.301821901314931473e+00
-1.979924567597875580e+02
-3.629824844153066721e+01
-3.368505722256939805e+01
9.808801284708627577e+01
6.283942152363960787e+01
1.758671110044863539e+00
-4.022726837977750733e+02
-2.477724348431781038e+02
1.623002960382950732e+02
1.677137512893642679e+01
-6.294671122641344851e+01
-8.135349048394718352e+01
-1.477346208297538510e+02
-6.744048881774234872e+01
2.974449234506545281e+02
3.839696545489044297e+02
5.222349698133941729e+02
-2.368588736094176195e+00
5.486684869942597942e+01
1.623014135912872291e+02
2.607979467807883012e+01
-5.508353149643221514e+01
-2.077020756735697944e+02
2.253393703869919591e+02
1.379135910118195056e+02
1.202325171391874505e+02
-1.217713907995677971e+02
1.551448830313640030e+02
2.820935988378000658e+01
1.064693782653310734e+02
3.712271982765641383e+02
3.599023350985954153e+02
5.299347158003961766e+01
1.449394457083708403e+02
-1.509393911785500677e+02
1.610426359941290286e+02
3.521919297758044110e+01
-2.107075270375776199e+02
6.170628508903828902e+01
-2.500853195219544034e+01
1.128538036154100581e+02
9.890429942413156539e+01
-2.582801084337126554e+02
-8.992042033759830133e+00
-4.318257148587281335e+02
2.146778776156307629e+02
1.526083034565061247e+01
1.279254851040324610e+02
-5.828833168904883166e+01
6.676038826669609705e+01
2.478298899538235389e+02
-5.115566890045330695e+01
2.207480884821828582e+01
1.033138598075993713e+02
-1.430099134735711175e+02
8.128724928001005878e+01
6.066817907535713772e+01
6.516237315020383392e+01
1.555134966190167063e+02
1.306353366142543280e+02
-1.678675178503956431e+02
2.178663482168024927e+02
-2.724580682559920319e+02
1.529030612998281242e+02
