-3.159394942635974985e+03
-5.725071619392389948e+03
-1.776669747188515430e+03
-5.075725788132956040e+03
-2.559481337612716288e+03
-1.651953200910847272e+03
3.045210977263888253e+03
-2.904814337875134242e+03
-2.852763826475512019e+02
1.345106748889034407e+03
-1.525008725958191178e+02
2.902559073841312966e+03
-9.645946344188572539e+02
-3.387039875809805380e+03
1.230812154496995703e+02
8.173917099790123757e+02
-6.517651041990499152e+02
1.182770169574990632e+03
7.821069398157658270e+02
1.386669865802786944e+03
-3.221435654553281438e+02
2.163747527832614651e+03
-9.455420120491488660e+02
-1.386215520013717196e+03
-1.153187823778404436e+03
-1.805167506244818242e+03
1.610781745632679360e+02
-5.630502163097611401e+01
-4.096702855842324311e+02
1.439326694786167309e+03
1.330160580776418783e+03
-5.752688485726536101e+02
5.398409074622917387e+02
-6.809934897823609390e+02
-2.041665484635698249e+03
3.020572868430270319e+03
-1.928000266668737368e+03
-4.185009691638911704e+02
1.621471825107205632e+03
5.649548563888587296e+02
-8.960562614548700822e+02
-5.127843982434645795e+02
-5.683150173073254336e+02
-4.251973430387580493e+02
8.234654357319262772e+02
1.186293258308666964e+03
5.970135580644418951e+02
3.270861996255516715e+02
7.751442510905229710e+01
-9.247835162879304960e+01
-8.536961277653014122e+02
-8.303386700933684494e+01
1.120057937170356354e+03
-5.271074777165625846e+02
5.773631884324114480e+02
-4.823927897880967635e+02
-3.044917898126207092e+02
3.636770916983226130e+02
-3.625458575274679447e+02
-6.718302365752252925e+00
-6.048163118759030787e+00
-1.326665575123860492e+02
-1.164154476085102488e+02
6.751096315704661492e+02
6.362430444481370841e+02
3.300905830336333224e+02
-9.676028670473434659e+02
5.993661172695069581e+02
4.234990373920453521e+02
6.637424899056794629e+02
-2.618531507344202964e+02
-2.930374457088286135e+02
4.722150364806543053e+02
-8.480104283189879197e+02
1.169757159918517573e+02
3.271070105158965475e+02
-8.061204539743692976e+02
7.636074494588717698e+02
-9.682665293483398727e+02
9.253464836776427660e+01
-3.433574505014775013e+02
8.667369667560502648e+02
8.608659809320320164e+02
1.971173537497477355e+02
-2.201304628709852693e+02
-6.173738832713985403e+02
-9.875792503149044776e+00
-1.539494030534471847e+02
-3.759188996122284152e+02
-2.825550892089182184e+02
2.132608153984521380e+02
-1.763821523211869362e+02
-1.202198041790946519e+02
-3.256286862011935312e+01
1.095637224972640951e+02
-8.491729447001048356e+02
2.510813210813978458e+02
-1.320415736646783600e+01
-6.551837668418462499e+02
-6.920324871514220888e+01
-4.067069923280976695e+02
1.853479071694248148e+01
-6.891998906437339656e+02
4.332441762714799438e+02
8.127298687548794476e+01
-4.826721336208962043e+02
4.341543984819800244e+02
6.136363603685972521e+02
-7.946015122263391106e+01
-3.660384309974899111e+02
8.128220948908797538e+01
2.764841861966131660e+02
-1.870167119603528931e+02
-4.234288784716609939e+02
1.302682055470859268e+02
-1.339548409799453736e+02
-4.139788170444780917e+02
-2.741334358234378215e+02
-5.937088516492823231e+01
-1.159113685993788607e+02
3.794835285002387337e+01
-1.712969948007498147e+02
3.023085877233598922e+02
-1.950931278506679405e+02
-3.523235677518236031e+01
1.139750867735901494e+02
3.317824691534889237e+00
2.675355404963869432e+02
-4.215211113866759547e+02
-4.011867286653986184e+02
-3.947647197747814403e+02
-7.560026992037859372e+01
2.992346707526539262e+02
1.825399346383021282e+02
3.881448703209369455e+02
-1.785689932812527747e+00
7.653787653760209650e+02
-3.110462467437508849e+02
-7.132434348684923009e+01
-6.540455812072656272e+01
2.280654651375452033e+02
-1.385223713945173074e+01
-1.076508473522221365e+01
-3.268437082073090210e+02
-2.171935410075928132e+02
-1.634652664312335162e+02
4.462310352999911629e+02
-1.299818642437040523e+02
1.372831479916215436e+01
2.772822024183803933e+02
3.262123130598279204e+02
2.479970389527243526e+02
5.413507513569625118e+00
-1.026787047596198335e+02
4.286579729478430068e+02
1.517640581007281924e+02
3.075809112086605523e+02
8.679274732500789469e+01
-4.000798434289715821e+00
-2.221228639883422034e+02
3.346556004056905067e+02
3.204926472053915631e+02
-9.570425359088908124e+01
-1.315487341445399636e+02
1.289548710391676423e+02
6.329927268194757772e+01
-7.042710167752788664e+01
5.949636932593576688e+01
-6.255867359234072467e+01
1.493451039364304336e+02
-4.315911884297697156e+02
-3.968002145542540120e+02
2.613750520584786585e+01
1.293585573310807604e+02
-8.111200276623456773e+01
-3.333735460196901954e+02
1.561566427027946418e+02
4.461778287906724927e+01
-2.924077951213142228e+02
1.130176929566004418e+02
-7.388084613098173747e+01
-1.122564227273547175e+02
-1.505948292726586146e+02
1.603671439730380399e+01
3.168751541312976201e+02
-2.701820040183144442e+02
-2.983319407624701469e+01
8.311551849075203791e+01
2.073697219775512508e+02
2.501310436728824129e+02
1.987535284916707781e+02
4.944812597722917502e+01
-2.423193589962330350e+02
-1.792010531239953366e+02
5.125237286235018175e+00
-5.064099409868440205e+01
-3.710126034008811757e+01
-1.069073634529380570e+02
1.387623420821274749e+02
-7.852309747034885845e+01
2.968270572282640885e+01
1.409309371165084812e+01
1.475950781185407550e+02
-1.204184955448535419e+02
-9.976852255056017782e+01
2.468209296169163451e+02
8.686761955054851114e+01
-5.170282138074733780e+01
1.061969748666386266e+02
4.959495086258649366e+01
8.002470693224348963e+01
5.472471750189417605e+01
-1.065702855060143577e+02
1.146897897799828741e+02
-5.980632248968710485e+01
-6.621533367797833591e+01
2.219711173421308388e+02
1.285197632223706705e+02
9.243779514062967451e+01
6.097288658255613392e+00
-1.182379140331396457e+02
2.491917676584227763e+02
1.805762628263875627e+02
-8.513020036361201903e+01
1.173353074071549855e+02
-1.687207548810086450e+02
1.735735176740632539e+02
-3.108543912079869642e+01
-1.509133655906202875e+02
-1.392263734945360341e+02
2.756857885583840471e+02
8.379873572876425669e+01
7.459624972678778931e+01
4.284963777230241533e+01
1.270105202365934929e+02
-1.083446051283606835e+02
8.801140748210389120e+01
1.633406181336743046e+01
1.477117432334721059e+02
-1.634461931689822620e+02
-1.525621072796095632e+02
-1.003261104838480122e+02
-2.660390581300499662e+02
2.038362011739929258e+01
-2.204700255783862985e+02
5.369509181198416314e+01
4.302811538947666747e+01
1.366538066744799096e+02
1.334956301724793946e+02
8.779104547917269485e+01
4.372867120827648790e+01
7.613002431785241697e+01
3.407803052260448595e+01
4.883543804927991339e+00
3.378597719554066003e+01
1.143626731111433941e+02
1.591599218288158397e+02
-3.796981755216032184e+01
8.861857522632780260e+00
4.294159317767623918e+01
-1.240039583087138055e+02
9.779568276639611213e+01
-2.221300585676746309e+01
8.952759084357965946e+01
1.292759049388272530e+01
-1.077746220890664830e+02
6.013450927810385593e+01
8.804319432256280109e+00
1.099947835453371283e+02
9.396122490139029537e+01
-2.758011663894664878e+01
1.248984573006620735e+02
1.226066901257915731e+01
1.284355620888843532e+02
-5.389265565181446505e+01
1.394740056293510690e+02
6.658868784167864874e+01
1.099763729573771371e+02
-2.244746928298513353e+02
4.782986615862211011e+01
2.910445419293190028e+01
5.317790553061783498e+01
1.592547263660131440e+00
-1.096832054728757271e+02
-1.024051402562052573e+02
1.121789325243390181e+02
-2.631734780742990054e+01
-1.457452924780169035e+01
2.511800847613978860e+01
3.273960517318684538e+01
8.619510483205363016e+01
8.643814678148454789e+01
-5.705397243701480647e+01
1.363645069403749055e+01
-7.614682968930407014e+01
6.700096198099085143e+01
6.387667052378868249e+01
6.527869819464054046e+01
-1.054407428167473029e+02
-3.984233093992462216e+01
