3.674642603115421934e+03
2.910795457784954124e+03
-2.171820999032349391e+03
-9.419936649845888041e+02
7.134992878208078082e+02
6.152251578284505740e+03
-4.021117768419515528e+02
8.320995928340730430e+00
-1.883590991210355014e+03
2.343922862405184787e+03
2.339461139179612736e+00
-9.448293263369321267e+02
-2.031122946488665320e+03
1.041958896310440650e+03
1.240132993977945119e+01
1.352059216010617320e+03
3.915538444458651668e+01
5.074503180088508429e+02
2.222592723930276009e+02
-1.239709520904903457e+03
-2.540757098046598912e+03
6.593781386393492028e+01
-4.460959940806594659e+02
4.447032901035440204e+02
-4.378658715667933734e+02
8.158765747216195905e+02
1.051272275469471424e+03
-6.383102230880358547e+02
4.017660520406095657e+02
7.945473571248868438e+02
7.373661051465940091e+02
-1.086380926203825766e+03
1.997459400323057821e+02
-1.350435458831156893e+03
6.219567798851847584e+01
-6.968377463474564593e+02
3.142424095706863909e+02
2.651064902705205668e+02
-7.298419199032277902e+02
2.298758956123227222e+02
2.508708248615823493e+02
-1.201401238999414147e+02
1.279333141466504458e+03
1.118681398909582185e+02
1.132846232837143816e+03
1.413693729502044505e+02
7.812655524175279425e+02
-1.399212241617848065e+02
7.817780166355927918e+01
-1.476202191150936187e+02
6.538747344513237749e+02
-1.458996050308035706e+02
-8.813126949645937884e+02
-4.759876617881914171e+02
5.654916370555092726e+02
5.031139002568976935e+02
-8.748935101195819186e+01
-3.743864830904624910e+02
5.114901884750798331e+02
-5.499325902664704699e+02
2.915290438606278371e+02
1.644573206170003630e+02
4.615650231035059505e+02
3.016465119449059671e+02
9.868305393580359919e+01
2.253265852955913715e+02
5.716909128184581732e+02
3.672527291723961866e+02
-1.779501502574256335e+02
3.510613465636657224e+02
-2.037599755042012362e+02
-1.456448164072987197e+02
-2.370710766625907961e+00
-5.116393533243268621e+02
1.000748590240097258e+02
3.584719341742987240e+02
-5.322737086096791472e+02
4.062398225001053742e-01
4.464621935183550931e+02
-4.870132508808542582e+01
2.850033962624126502e+02
1.482903391462512275e+02
-4.998478510097426124e+02
-3.278241326808007443e+02
1.175644451973892401e+01
-1.232193286132627321e+02
-5.656379492814756986e+02
3.841068313518404125e+02
-1.896834663321768915e+02
2.233156763784745920e+02
8.520748653010001306e+01
-1.905275594572445073e+02
-3.106026647480651945e+02
-4.468087800156763478e+02
-4.686756364211449295e+02
-6.681920718194376718e+01
-4.649073945927961660e+01
-4.189936275202877880e+01
-4.630206722553999157e+02
3.043838486510192070e+02
1.841000117230112494e+02
-3.461472397442570355e+02
-1.407908135018381017e+02
-2.112097338699469447e+02
-3.441969033051378801e+02
-2.415475884155624442e+02
-2.570816569145712833e+02
1.001820715841537464e+02
7.013592520892773052e+01
-7.762011374520801255e+00
-5.708588327093372783e+01
3.847596112666650470e+01
-2.832607369229773298e+01
-4.973930160672287002e+02
1.292484044689439315e+02
-8.487981052286332329e+01
8.906187223005258602e+01
-5.162856622290333917e+02
-2.479096620148673367e+02
1.141792026586438169e+02
3.130279739716253289e+02
2.673721245990266127e+01
-5.481963073549761134e+01
4.808432830547934600e+01
2.131862750461621658e+02
-2.935554842008301080e+01
-1.768141366356125843e+02
5.286136487760616092e+02
2.174898119647047849e+02
-5.612761402816619949e+00
1.309524849830166033e+02
3.922739260061922550e+02
1.502585362953065555e+02
1.183259449475392273e+02
4.287243893088544411e+01
-2.032318019344789093e+02
-3.543528784582411362e+01
-2.900001231506915360e+02
3.972650488834832849e+00
-1.785151163482950665e+02
3.461656545506304496e+02
9.846745535583276876e+01
2.004634968149109397e+02
2.361728882428891438e+02
6.136012184620572185e+01
2.274959433531404329e+02
9.602522141868196570e+01
5.488151991198296997e+01
2.279069511847523302e+02
-2.187391456643428285e+02
3.092537820514555236e+01
2.228283320841332795e+02
-2.015459486090732355e+02
-2.441510028919629960e+01
-5.236849528764714989e+01
-1.970260926804673431e+02
-4.480621627412537578e+01
7.159083069193896165e+01
-1.140829503540105208e+02
-1.840824834481114181e+02
-4.939599481215081056e+01
1.150369491523659065e+02
2.704756072971069898e+02
-1.352745187423736795e+01
-1.625810759189379553e+02
-7.534476423798838596e+01
-1.122292807995092829e+02
7.758941197788207944e+01
1.345272579168431264e+02
-9.453413375297347443e+01
8.596452295341657646e+01
-1.198184042539484011e+02
-5.531081802757905619e-01
-1.343006445093856627e+01
-1.100879898759775415e+02
1.147324406853417571e+02
1.427340456080873139e+02
1.454090190500894053e+01
1.780037445810155816e+01
-1.283016492264398209e+02
1.234604375722638103e+01
-2.937273625599584079e+02
1.032501715518050531e+02
-2.412442064572000078e+01
-6.250845933210040783e+01
-9.474481963129061057e+01
5.929453114893295407e+01
-7.628099301061901372e+01
-7.396149662013042914e+00
1.601446525694760794e+02
-1.055922382166996130e+02
3.864260915310066480e+01
-7.730250119718219537e+01
-1.031171173937195391e+02
6.166912056496483530e+01
-2.836846097909357312e+01
-5.975002148855714523e+01
-1.000406859632924750e+02
1.263249129589969044e+02
4.839878000531914637e+01
-1.129592284367458319e+02
1.698677924181762364e+02
7.075507659451560016e+01
1.244039784525155312e+01
-1.090874982666097281e+02
-1.008274005135129698e+02
-3.508283937923126761e+00
-7.260270100227896251e+01
-8.719632362248383117e+00
-5.192558180975512272e+01
-1.224472325943844453e+02
1.971493413468095213e+01
-3.851918048240106174e+01
-1.070380224837107335e+02
1.102803183708729762e+02
6.003505218771876883e+01
1.384992193411970334e+02
-1.758341358727587078e+02
1.321167093691855321e+01
-5.562839981370652964e+01
-2.324860075986913444e+02
-7.444438847224257927e+01
-1.747940708097331353e+01
-1.356994359621717372e+01
2.365686945281685638e+01
-1.371419582473008063e+02
-6.987399595835634614e+01
-1.556380715506502952e+02
-7.552500541266433665e+00
9.270901206891362989e+00
-7.679626308224992037e+00
-1.739226219213710678e+01
-8.762523063299784809e+00
-1.761328168537939405e+02
3.040682999341373716e+01
-6.720449574308680951e+01
9.394964095136529636e+01
1.327979419365129488e+01
-8.717101960079841660e+01
1.913669915290284962e+02
-6.331020604859374146e+01
-3.959459808577919659e+01
-7.240292083506702503e-02
-7.850275188067352872e+01
1.098549485460704602e+02
-9.252545521427990138e+01
7.479596794822946038e+01
1.095865225197272963e+01
2.486249132426766906e+01
1.019059158291252771e+02
1.482341102855672830e+02
5.715425260139677732e+01
1.269483152540436777e+02
1.475840121526585733e+02
1.093392080840069625e+01
5.399340949773052500e+01
8.773269784929135540e+01
1.347651478825150247e-02
-8.747933624701136068e+01
1.221726241447657912e+01
5.283425515501114944e+01
-5.996984945157634428e+01
-3.594327024641911095e+01
-4.182596826524244449e+01
-1.389876962051494331e+02
-5.445860503935085006e+01
1.966122820075872539e+02
9.607352316173071927e+01
6.896895418239759046e+00
1.051060047597022304e+02
1.214212003522538339e+02
2.427249620586608216e+02
4.518156833149259910e+01
-2.123196688511293928e+02
-3.604551318303111884e+01
6.575987477562152606e+01
7.883644927629546828e+01
1.488162696102341087e+01
6.274149977321020755e-01
-2.893115595966130726e+01
-4.140303300730805347e+01
4.390908547923629612e+01
-4.581198976936381939e+01
-3.102618162735006990e+01
-3.470943470356658622e+01
1.038770057500828692e+01
2.481628963186820158e+02
-5.452061670872780752e+01
1.501091940444621855e+02
1.351044167318104350e+01
6.040853126482805635e+01
1.242439555584469275e+02
5.997795326099673474e+01
6.907897587969431186e+01
-4.493014219748376448e+00
3.452024517150800165e+01
1.262298359087636790e+01
-1.621572293609075288e+01
-1.971709548420994196e+01
6.414131716420030216e+01
