-5.065406752868655531e+03
-3.653399351170667614e+03
-1.768321552477010528e+03
-4.645449035149732481e+03
4.092946767294287724e+02
-1.573624699675534885e+03
2.953741688312670249e+03
3.129011243280688177e+03
5.471630396112366270e+02
-9.372975250582292119e+02
4.544783075458903113e+03
-1.823979750911808651e+03
-5.758528799276128893e+02
2.430548542378790557e+02
8.980941530113063891e+02
8.008061772120962019e+01
1.565986719200805965e+03
-7.760001054544281942e+02
-3.461993038277739288e+03
-1.060103763505820780e+03
-1.671701793159328417e+02
-2.259679969792676729e+03
-2.094437232896012574e+03
-2.876385050523878135e+02
-2.366703168334823602e+02
7.862931384403319726e+02
-5.028839283559140085e+02
1.025505591357043613e+02
-7.064099684122152212e+02
-2.124956384889656249e+02
-8.874757264060355055e+02
1.013843079136017877e+02
8.457844382793080058e+02
-1.671354342623230878e+03
-2.110985813567183982e+02
-1.290576429931976918e+03
-7.722769249370549005e+01
-1.251152255206804739e+03
-6.891461570492341480e+02
1.172945111072263984e+02
3.239016354071182491e+02
-3.488435795419258056e+02
2.983517509049580667e+02
3.902050052959980349e+02
1.422659805216586619e+03
1.844929068338428124e+03
3.551775662285423891e+02
1.159228278818034141e+03
-1.008459113429466129e+03
-1.179973846485833064e+03
4.821342171944831421e+02
-1.087573252663740504e+03
-1.187600871288407916e+03
-4.865780787457811840e+01
1.116352399745598376e+02
-5.776012300382521971e+02
7.832132074833281195e+02
1.153546247752707501e+02
-4.853054992798366811e+02
6.678430022880688739e+02
2.296081921809255846e+02
-1.578599833891719584e+01
-7.711522758944930445e+01
-5.464762124505547263e+02
-8.002397372269008429e+02
-1.077645446462325481e+03
2.164008679848508976e+00
8.474405989609628023e+02
3.957496684622822158e+01
-4.366825218438259526e+01
-4.200050771446177578e+02
-9.288883812170621468e+02
5.309180176995430429e+02
7.685292390554900521e+02
3.110166217713138508e+02
-3.208873315120386565e+02
-1.054336172428812013e+01
3.607201809645477653e+01
-3.546108793435956841e+02
-1.128583195680900388e+02
-3.603564593882061899e+02
-3.127284705622197407e+02
1.137658632008830892e+02
-3.418323852032573029e+01
-2.005298978413184159e+02
2.839987464826870678e+02
3.156770840592002401e+02
3.926546818198062994e+01
3.129624621360633228e+02
1.864846930266538436e+02
-6.721827378754054507e+02
4.131733387781453644e+02
-1.267978644402135302e+02
3.264535843267821065e+02
1.816272912113162263e+01
2.577872628243768531e+02
-2.272647515119531363e+02
-4.141114112345406397e+02
-5.231467466489021234e+01
-2.156559755684155277e+02
-7.127866857774812104e+01
2.215907953020236789e+02
-4.496966004884932886e+02
-4.092865131759885458e+02
-1.704291300248538334e+02
-2.161395290668158680e+02
3.013621509647949210e+02
-6.378612849647903005e+01
-2.114115008984258282e+02
1.970381135323522130e+02
1.103477037428750691e+02
4.091982455935187204e+02
3.310846744002122932e+02
-3.380951710560906065e+01
-1.005894978363158003e+02
-7.263449184017864013e+01
-1.178612300273723150e+02
6.406497879109350757e-01
6.296813298912984465e+02
3.058324178282717298e+02
1.632044742667176820e+02
4.670612125073780021e+02
2.073338324231984302e+02
-2.931378793366367290e+02
7.371745221373269707e+00
-3.606236403201515941e+02
-8.451654459034882905e+01
3.535168579905791830e+02
2.422458916376866682e+02
1.701315974243570395e+02
1.268222681727017260e+02
-3.819736155863852787e+02
-3.527947464713661248e+02
-1.378629665916021168e+02
-2.353128552342213027e+02
1.821145439956454766e+02
-1.983651081821460309e+02
3.260081403007018821e+02
2.728366822128586477e+02
3.658915729061235425e+02
5.876201068971355426e+02
-1.327123481860151344e+02
-7.169260485484689305e+00
-4.602808942883015675e+01
-7.331098835056170060e+01
2.701783854042882922e+02
6.167540308837016028e+01
-1.841556627244551123e+02
-1.856011601529433506e+02
9.827133499315601739e+01
1.663033058733315670e+02
5.757739306292296533e+01
-1.105459862849870234e+02
-1.122523411254206280e+02
1.479914898896637965e+01
-3.035488396734162393e+02
-4.001374852308802588e+02
-4.710171422052422940e+01
-4.639062041943824966e+01
3.624901205792227188e+02
2.158628249309722236e+01
-1.041563785839223470e+02
-2.676667521074314209e+02
2.550982277810927101e+01
2.313853830174094242e+02
-3.603354681893823397e+01
-3.099109268453132700e+02
2.769400449856798474e+01
2.032925670936541565e+02
-4.250108320232682502e+01
-4.618465115589705761e+01
1.810395845001673649e+02
3.737267929761654273e+01
-1.149458219874155276e+02
-7.478144290731086130e+01
-1.063343017914211686e+02
-1.478507673581702431e+00
-2.539249973066665689e+02
7.158772716989626872e+01
-1.503257663256367209e+02
3.133559806740919740e+01
1.163700147778333900e+02
4.575509085648872265e+00
1.008184536925074184e+02
-5.234654938575132377e+01
1.397198785089124726e+02
-5.203217066846988246e+02
-1.264957098614320188e+02
-3.353989107641321539e+02
-4.827147880462927532e+01
-1.377486393451509805e+01
8.704966384080790931e+01
-1.474428226420862131e+02
-3.583303986639011214e+02
-4.219364414819162690e+00
1.327851035091096037e+02
1.287500326771745733e+02
-1.560134999084453966e+01
-4.400082031275099581e+01
1.077215592241647641e+02
1.876950503755079991e+00
1.625512817358686561e+02
7.293446275585868932e+01
-5.044709751603615189e+01
1.795645593387743588e+01
-1.274888159585083258e+02
-1.845503258797113801e+02
-9.976060877882576960e+01
3.223997314722055307e+01
1.307319659260409992e+02
3.561051414373452531e+02
1.861612092934861664e+02
-6.509622161647425287e+01
-4.721133158601305269e+01
-3.634000473967565092e+00
-2.759961763668496246e+02
1.012675913018716898e+02
7.399857045493176599e+01
-1.024112101435482280e+01
-1.347705089690704483e+02
-3.067789345646207266e+02
4.609605869210147233e+01
6.747301476398061482e+01
6.734168943324434053e+01
-7.009678060820441203e+01
-1.001463621250840106e+02
-2.672572440848354347e+01
-1.999720506079574989e+02
-9.969805049732696034e+01
2.670618983819466763e+01
-4.851269895504040974e+00
-2.026260324657557419e+02
5.862905833624638241e+00
1.088611823243730470e+02
-3.680259259798378935e+01
-1.708340262148905708e+01
-7.407210808942508606e+01
1.018174318978960287e+02
7.734201106042500662e+00
3.150555781630767527e+01
-1.164062217528803842e+02
6.277366633990161660e+01
-1.231423879833979811e+02
9.168055296738538473e+00
-8.298076014718738236e+01
8.560692079575892421e+01
-1.046842355231269295e+02
-4.899165549593136859e+01
1.363558004861993140e+02
-1.396701980704279720e+02
6.764888595652410963e+00
-1.006831650945831313e+02
3.449045124992085931e+01
-2.187547437196328417e+02
1.059855677282660338e+02
-5.896798972970071873e+01
-1.947646972465441024e+02
2.501756728459016301e+02
-1.387606897671813329e+02
-6.975449288208731957e+01
-2.227680447261312757e+00
1.951633374159058576e+02
-8.821329462319198456e+00
-6.723598059895172696e+01
4.339603551217579991e+01
4.289177778723975365e+01
1.596683897916885826e+02
9.759057502003544471e+01
-4.492868008617437425e+01
1.687955764929339608e+01
9.196196533021523578e+01
-2.257708765847470147e+02
5.479334144660921169e+01
-5.782113334067162658e-01
1.578255399242389423e+01
4.640891744906003424e+01
1.672874324198452030e+02
1.118256344355396124e+02
1.062760363952059350e+02
-1.970608110678943774e+02
9.266521055597617362e+01
-1.624174965343729227e+01
1.292549329654422365e+02
1.699074492874938471e+02
1.486487344749136241e+01
-7.174404834957897492e+01
-1.599874542827084412e+01
1.388391547797481280e+02
3.992451206424791366e+01
-3.357875267361333727e+01
7.538229298821133284e+01
1.575004282825638029e+02
9.222364661666448171e+01
1.681117940228971008e+02
-1.736475087977655960e+02
1.432589565153653268e+02
4.644383877769464419e+01
-4.299670825121610562e+01
-1.714261296605697851e+02
3.648223273334814110e+01
