-6.544288402264332035e+03
2.425800093790585834e+03
3.077420351758943980e+03
-3.480151860876220553e+02
3.261838488632571170e+03
8.446455264768075040e+02
-6.800443194292095939e+01
1.237117977709390743e+03
-5.336088012286862750e+02
1.339512473604813295e+03
-1.421645324383177240e+03
-4.178211500788534067e+02
1.125238043359541535e+02
2.364769169998529833e+03
2.463381177524505858e+02
-2.255959453485030508e+02
-2.150491386251316726e+03
-5.309101178168041315e+02
-1.193294786496526740e+03
1.133269464988381515e+03
-7.903593934727908845e+02
-1.324516489609977725e+03
1.706901984628731554e+02
-1.029440627661394046e+03
3.489986311866244932e+02
6.940957629223734102e+02
2.100292784162822670e+02
6.442498540306462473e+02
5.225769251406122748e+02
7.715648351988362492e+02
2.907556466538808237e+01
-1.521306326524273800e+03
5.963010238827741460e+01
3.208265765755017469e+02
8.588307377855053915e+01
1.819059755304326700e+02
-2.215187750913352431e+02
-2.137252955234222327e+02
1.447737219430993036e+02
1.846616963954159587e+02
-4.458697379226848625e+02
8.433389212910292372e+02
-1.065756348349208338e+02
-1.445730114011260639e+03
4.751151398531684578e+01
1.451909847113709340e+01
-6.039002082156362121e+02
-1.070579241239362744e+02
-7.533921993189649129e+02
1.644812985300752359e+02
-5.627526853393361534e+02
-3.844638060948566931e+02
1.361782324844007690e+03
-2.918103560496941213e+02
-3.270819775693944393e+02
-5.916127666751831384e+02
-7.353258899073351813e+02
5.455322281904257125e+02
6.131650474966522779e+02
-4.821129179866748018e+02
-3.269383574664053072e+02
1.282504747453870948e+02
3.356135745754582445e+01
1.042679785812939031e+02
3.291504845942394013e+02
4.274701462961281777e+02
4.573168172253525086e+02
1.614646468517450444e+02
1.279906643344733084e+02
-7.719607410214052834e+02
-2.474244407412460305e+02
3.453296113218661958e+02
1.136781974642938451e+02
-8.786080367282529835e+01
1.040909586160359481e+02
1.861522354635036436e+02
-1.735252349397719343e+02
-2.317320230402609980e+02
2.770173444333900079e+02
2.742023109495611379e+02
2.607859234278364511e+02
1.985636987344150555e+02
5.023830390680767977e+01
1.171969219862891407e+02
7.607691656463188679e+01
-1.899336094164470694e+02
-1.715896278020506145e+02
-4.246632340737817231e+02
-1.470174905563106336e+02
-1.588479711167198616e+01
3.589769951775068648e+02
3.910686190832772127e+02
4.288326897233062596e+02
1.320302296053701525e+02
1.164945303938213073e+02
9.862383623852566927e+01
3.784293879394363813e+01
-5.069178682340835707e+01
-2.180930364540434141e+02
-7.675579894412560122e+01
-1.557897503863950419e+02
2.165065734882955155e+02
-2.557531254136108885e+02
-1.616872863285239816e+02
-1.551281005064651879e+02
-5.117566826905753032e+02
1.999085635658557862e+02
1.926400561406470615e+02
1.441597517830758477e+02
-1.263305210541931274e+02
1.103441527146180476e+02
-4.729929302383702634e+02
2.093683192271504083e+02
-1.404770279552683121e+02
-2.862156061485415748e+01
2.601912482146799448e+02
-8.871971818775348595e+01
-1.126491154271924131e+02
9.747024591131405202e+01
-1.561764401215268094e+01
-3.703083089330673516e+01
2.535198202134088490e+02
2.349697330499913335e+02
-2.713224477091698645e+02
1.634516021408858251e+02
3.698248082937959680e+02
-3.005023347414599471e+02
7.821238859317847236e+00
1.405164491811278538e+02
-2.537224239986221903e+02
-2.674241913586017745e+02
-1.171973337133639177e+02
2.494074212234285071e+01
-4.668677120220690568e+01
-5.787344614588531044e+01
2.000710390653914601e+02
4.986371522943002788e+00
-2.297876017312879355e+02
1.856889663455368122e+02
6.188646488920942801e+01
-5.541561516627532313e+01
-6.583492767202693585e+01
-2.366444595132039410e+02
3.106619544414323855e+02
-1.326804591274967891e+02
-1.028606287023550578e+02
-1.371206603148494025e+02
6.554953094942801783e+01
-7.102242754809056180e+01
-5.086516593667883512e+01
1.099692318920845509e+02
-1.781115320100855115e+02
2.923300702951391550e+00
1.625685833860277398e+02
4.357055321338967957e+01
-4.466739788166836433e+01
7.238477695086410790e+01
2.568763131561270256e+02
-1.741057877634310955e+02
1.050667960639327987e+02
-1.485318231774773456e-01
5.385773831166586945e+01
3.621646833850045510e+01
8.676578053293461323e+00
1.207299355068993947e+02
-7.370438944303386641e+00
5.569802228439310454e+01
-8.035610796572639458e+01
1.614394773259504348e+02
6.543629235410763556e+01
1.273629323548004209e+02
-1.928121293487537855e+02
-2.143050956558328437e+02
-2.156043175820608440e+02
-3.148494520071836860e+02
1.782019008212318170e+02
1.639524640954475387e+02
-1.727376276664513810e+01
5.053863565804918778e+01
2.449181284785585433e+01
6.617316461500264779e+01
-3.241152683408672175e+01
-9.162597227350351980e-01
1.627658856559857270e+02
1.462993431030725162e+02
3.641968541599747766e+01
5.128071228902543055e+01
-6.923984503218180464e+01
-3.342163095961295198e+02
1.240910359542732095e+02
5.158624592665239206e+00
1.614190221296374546e+02
-1.567799808676441273e+02
-8.843129117065181788e+01
-4.332113816331962397e+01
-1.173998472282767125e+02
-4.899342373331413114e+02
1.895115602181541306e+02
-1.609767565219118808e+02
1.071448619305535743e+02
-2.583483664720832280e+02
-1.089517412707268136e+02
3.249918230659246774e+02
-2.771785151605676845e+00
4.912652952889438041e+01
-8.433823545583000225e+01
-3.233805158503162147e+02
-3.214067162138589140e+01
-1.586318106785593329e+02
-4.004699055559719767e+01
-6.895756132908778113e+01
1.207598627634680923e+02
-5.343774619604022291e+01
-1.031731781641147734e+02
-5.646605957692935363e+01
2.124341922672581973e+02
-1.692915690987477149e+02
3.739988657194612642e+01
-2.035687852229723376e+02
1.028330787220982501e+02
-5.062130819052795516e+01
4.616455070177725162e+01
-7.695901688176940425e+00
-1.065538520982376127e+02
1.433574676226293150e+02
-1.847423147142804396e+02
5.134779363042103739e+01
-8.467436680046417052e+01
-3.426589231633788017e+02
1.010207398956373126e+01
9.148237995653265386e+01
-1.095374648741337831e+00
-2.316224962739500199e+02
-9.003145890573242127e+01
-3.519642212390075997e+01
-5.652521199185083134e+01
-4.060039003536568458e+01
-1.138531107737673409e+02
2.452111512600303556e+01
-6.688739012358146852e+01
8.999181282685758276e+01
-3.579883857180031015e+01
-1.438695597246886848e+02
-7.799965022572166617e+01
2.175983963952025846e+01
-9.667954661586075815e+01
8.715840751588682167e+01
-2.969250252064299289e+01
-9.510693532481676016e+01
7.892364192234455800e+01
-1.542183148498690315e+01
7.798519280283701960e+01
-1.296659978489587104e+02
7.742733046454246981e+00
1.878461057837839974e+02
6.582694290465551035e+01
-1.273278633489608751e+02
7.184441695141337902e+01
-1.998328614612706531e+02
-6.531090773458323895e+01
1.689932486211340645e+01
9.004625093750881604e+01
-1.024756239087614631e+02
-6.439580872756109464e+00
1.219630132181829225e+02
-9.795032563134567383e+00
2.216917204992489019e+02
2.379855729487953298e+01
1.027167101305600880e+02
9.230498570968697081e+00
3.200811542146082900e+01
-2.516380821914766130e+01
-1.585061252947012633e+02
4.037440074297801829e+00
3.101692763497999294e+01
3.163856044504906873e+00
1.556942950852180729e+02
1.004870613796241940e+02
-2.759372244054404888e+01
-8.354120847915025649e+01
-1.677921090489127778e+02
8.784819793224848183e+01
-3.807898932984333795e-01
-7.671991339788326059e+01
-5.659658926281130675e+01
-7.142251846062146114e+01
3.394625632184773423e+01
2.756461013018481481e+02
3.784545106565819328e+00
5.034953160377573766e+01
-8.342397331115380155e+01
-2.458846890862823642e+01
-2.383054822075347090e+01
3.697460443527184992e+01
1.258417093532823685e+02
7.621998323524445595e+01
-1.049049677862492587e+02
1.985351214302479832e+02
-1.246102664537882276e+02
3.067263175490269234e+01
