-6.425186920994249704e+03
-7.599536848357487884e+01
3.536276629503117420e+03
-7.582217984123352608e+02
1.488113603502313481e+03
-8.852732815748199755e+02
-3.069041878710521360e+03
-9.710155040655686207e+02
-5.853050605167892684e+01
9.623797644474374238e+02
7.894200922778739482e+01
1.387956323217899126e+03
1.733786984204134797e+03
6.436563109369956237e+02
-6.152562432568519171e+02
-4.362921558294477222e+02
9.925096721435363634e+02
-1.138995657864321842e+01
4.607282214340006021e+02
6.613096368270465746e+02
1.004783904214826720e+02
-2.525323003474862617e+03
4.355345915729634498e+02
-1.673317510988064214e+03
2.750614979361878909e+02
6.949679901997686216e+01
1.630304968481522678e+02
8.696850387734775722e+02
-5.689449390349946043e+02
-2.625819848784468036e+02
2.644696973565650637e+02
-2.724084801086938796e+02
-2.459141598663884906e+03
-8.084687915482581957e+02
4.031640256707102026e+02
-1.852408166504268081e+02
7.723196782068129096e+01
7.607442642272692410e+02
-3.929790677157055825e+02
1.003559065857269843e+03
-1.144856322641769793e+03
5.415996888558530600e+02
-2.001296953685487381e+02
2.787256141899182467e+02
-5.894872842109988369e+02
-7.728975719910470161e+02
-5.186891734334301418e+02
-3.778288731825186346e+02
-3.728137597235333374e+02
-1.193090444423662348e+03
9.283420987358556431e+02
3.410154330618136242e+01
2.960074349260777353e+02
8.221925508086186483e+02
-4.559994918331001372e+02
3.773360659420793581e+02
-4.966207662542668686e+02
-3.676152086918841633e+02
-8.940862855179149165e+02
-1.350870558517568156e+02
-5.567339438880942453e+02
-6.425159145346728451e+01
4.060506564393184590e+02
-4.024887489483353420e+02
-9.378871968167396744e+01
2.287192052919678531e+02
-2.497553515087700475e+02
-1.373609445017477242e+02
1.488967738754732864e+02
-6.671557087362608627e+02
-9.905299822634823386e+02
-1.546306166045582415e+02
-2.802146037998901988e+02
-1.032725852935772508e+02
-5.115348622552286884e+01
-4.626739324556499611e+01
-4.319903586874817165e+02
6.156817143016888849e+02
-2.973321617324024260e+02
-1.543687087243040423e+02
1.404091236069809838e+02
1.002764031676072705e+03
2.753250798964364421e+01
1.034723285211647408e+02
7.885469963861798703e+01
3.710433676438077555e+02
1.188064848064054644e+02
6.527801538440942295e+02
-3.302802444795837573e+02
-5.019713849245615052e+02
1.101835134923156687e+02
1.864530741758220529e+02
2.061006964056767856e+02
-1.386875950578431684e+02
-3.020858319128980725e+02
1.305083032748453036e+02
2.269104682555685315e+02
1.482346951528681416e+02
-2.399857148789957151e+00
2.999597733682539911e+02
-6.482672545939479960e+02
-1.615400378190551862e+02
3.186600221455849464e+02
1.406253236362450387e+01
-3.868481142440498388e+02
-2.270954351151827666e+02
-4.934543504728023890e+02
-9.914888012914356352e+01
-1.701116940790868739e+02
-1.155412953095867756e+01
2.440417850155477026e+02
-2.442701951533843783e+02
-1.429028187601864488e+02
6.353223761237495637e+01
-2.401301573439388619e+02
-4.078424571725999925e+00
8.024211377858554783e+01
-1.874101470617523546e+02
-1.565214685094921379e+02
-1.842710175460922528e+02
1.779818691202380307e+02
2.095711407340467503e+01
-1.741371453540305652e+02
-4.185188609567128992e+02
2.949314172247245551e+02
2.109382838431288576e+02
-1.988515418343451699e+02
-1.493022865367010468e+02
5.932013575443350817e+01
-1.744642165081439771e+02
-3.301447378035111910e+02
5.522133406137498213e+01
1.349599833283257624e+02
1.066159666406961293e+02
-1.747172177354843825e+02
-4.635866092054309320e+02
-1.933387201869757916e+02
1.335303860662725128e+02
7.152921767773113970e+01
1.985237822242418986e+02
4.462322225839608336e+01
9.894536844400469988e+01
-2.968374446579812442e+01
2.148785850530099140e+02
6.135247341967339452e+01
2.038265570769721649e+02
-6.420615727576908682e+01
6.495821441644869765e+01
-2.850214626323637646e+01
-8.421991047464707947e+01
1.129079886309952769e+02
-3.886766249061749079e+01
-1.303141969793369981e+02
2.040512030121250220e+01
-5.905338359729304187e+01
-2.538463517634414046e+01
-2.213090226459016208e+02
1.768975173041387450e+02
-1.749598185474465879e+02
-5.715549073030594229e+01
3.712382734972642595e+01
3.497713724779096083e+02
1.867066283683510335e+02
-2.505487604504778858e+02
-2.917183506022373649e+02
9.573385961322318849e+01
-1.466290230987842733e+02
-6.254521930111090455e+01
-2.493368353320170456e+02
1.030664491703348773e+02
1.181501456594832433e+02
-3.583586099302937100e+02
-1.812777612969655081e+02
1.303550792229204269e+01
3.075594462071485395e+02
-2.006935627123040149e+02
8.117295155343013846e+01
1.859816080392419053e+02
6.249996046283929729e+01
6.308037855852232667e+01
1.631006865215513244e+02
-4.292213394715400909e+01
9.939082655333746175e+01
1.993157343384486069e+02
2.611788890989132028e+02
-2.159944098814052609e+02
-3.400148923328637238e+02
-6.875988818334322161e+01
3.677914550075788469e+01
-6.601693890847509749e+01
5.740502372908220963e+01
9.086356423805689531e+00
-2.750837845888329412e+02
-5.676621452218088137e+01
-3.405051025426927680e+01
1.937862589422355200e+02
-4.032144946835081356e+01
-4.740646157395929805e+01
-4.866649276558813852e+00
-1.263329733879430421e+02
-3.478856865849181190e+01
-8.094044523773897026e+01
2.849343441385276492e+02
2.284178800214037075e+00
9.976418149749282804e+01
8.719614341016355752e+01
2.665051858203314055e+02
-6.143448728252025148e+00
-1.970638118011716813e+02
2.345111848961524004e+02
-8.146455757280295984e+01
-1.084310128396345796e+01
-1.418853983509560805e+02
4.815174043806322146e+01
-3.304111462125651855e+01
-1.369069788908845986e+01
-2.977005869681994099e+01
-1.112176053338065351e+01
7.426559583096138795e+01
4.627968138365754669e+01
1.086393757858764886e+01
-1.045194186811502988e+02
-1.224372027256780484e+02
-2.232776897734155455e+02
-8.499725593220775011e+01
-1.966496015952318999e+02
5.972911476446558510e+01
1.866219993803636896e+02
-1.465793726360369078e+02
-2.138661802505970115e+02
-6.289086419676944928e+01
-8.313142047382849853e+01
-7.195073056007136358e+01
-1.044565641499890063e+02
-5.639443815717200437e+01
3.818698567004619093e+01
-1.023022290125351788e+02
-1.527254191077157657e+02
-5.207062910555177382e+01
1.817338839395089067e+01
1.344646788738499232e+01
9.411357212707143560e+01
-1.143435820138564338e+02
1.152998958124639906e+01
-1.208970515951336999e+01
1.542219223064108746e+02
5.457811025255309545e+01
6.211618669412485616e+01
2.004580578183433559e+01
5.312070759568592848e+01
1.192828281681732605e+01
-1.319663360021391085e+01
4.809919260736023006e+01
7.913482593226842710e+01
2.464643762600418029e+02
-9.908716572393819888e+01
-2.776739648861126497e+01
3.138969647580530520e+01
-1.570579951726812453e+02
-2.337517021896858580e+02
9.869853005038353899e+01
1.835542595232199403e+02
-7.827290329163184879e+01
-4.892168361237424534e+01
-3.649084278057277686e+01
-8.051053583298886451e+01
6.108090608336284255e+00
-4.920753538824165929e+01
1.139712881005455003e+01
-5.331601400000312907e+01
9.980876946504056946e+01
-1.376925973096220162e+02
7.699110485777437418e+01
-3.143021105217581379e+01
-6.394209719826358906e+01
-1.097993955792590413e+02
9.578762238412845420e+01
1.691996466238776975e+02
-4.721310956385521251e+01
-6.404838508522378504e+01
-1.346874917015544497e+02
2.135731293190763225e+01
-6.509607759257758630e+01
7.981239305886258251e+01
-1.911512121609949588e+02
-2.211753319790220473e+02
-1.102469344140828866e+01
1.181634377911779232e+01
9.597087726256039275e+01
-4.067938460145851565e+01
-9.921865057981383984e+01
-1.306034073449417861e+02
4.068405352362587735e+01
-1.868393157740046320e+02
-7.066679664288966478e+01
-2.241983767321117682e+01
-5.961340466224482526e+01
2.444575079133027486e+02
2.150523886221385439e+01
8.115888215707494169e+01
