-6.154678448966878932e+03
2.259896347288839934e+03
3.255851740974024779e+03
9.185843769050937624e+01
9.114194763238308497e+02
-1.465550270521516723e+03
3.772017178227492877e+02
3.151374800932288508e+03
1.185408309254447886e+03
4.063726010390237775e+02
-7.097110450593540918e+02
4.517048183854488741e+01
2.053513729383188547e+03
3.884677659402887002e+02
-8.501122681164642927e+02
3.235652156568372106e+01
-1.280680399944626515e+03
-4.325394559347813583e+02
-1.365848306516006915e+03
-5.315961516622812724e+02
4.284494770520257703e+02
3.939683500302663219e+02
-8.245994970841557006e+02
-4.840046561518207682e+02
-3.368626633643997366e+02
-8.203767801634897694e+01
2.579636267837393007e+02
-3.286341550288375970e+02
1.100566696499350428e+03
6.263559481355612206e+02
3.339998139922627729e+02
-5.075789738761728813e+02
-9.087718660746814976e+02
3.160484063947802724e+01
-1.028251995787558826e+03
8.371682469905145751e+01
5.040482065785670898e+02
3.938667878205869783e+02
-5.860472459685380500e+02
1.049676685087734768e+03
3.833704933877160670e+02
-2.517214055003722422e+02
8.322743415510929026e+02
8.895457626408261831e+02
-1.838653437595076525e+02
-1.078549123430155703e+02
-1.304923676021654046e+03
1.122208324361385223e+02
-1.079266890513963340e+01
-5.531557313458064300e+02
4.912432732537475886e+02
1.345392155853387067e+03
-3.424425115250604676e+02
5.964647116278437124e+02
-2.359415276338386604e+02
1.529192081464110515e+02
8.719326487154731922e+02
-7.096392261649405100e+02
-3.455548772502170323e+02
2.256565503122998280e+02
-1.737995454015812129e+02
-2.161293416937520249e+02
-5.351978131061974864e+02
-6.051921987548809057e+02
-2.906938596583615890e+02
-2.812997733139432057e+02
-9.968348208827198675e+01
-4.051731870831563924e+02
-1.016894008952025956e+02
3.683225531786412432e+01
1.581251500133373042e+02
1.944773687638785589e+02
-7.467875407830085805e+02
-1.546390636036818478e+02
1.217878672279929333e+03
3.862077436632110228e+00
3.047174981698149736e+02
-2.856641659006012333e+02
-4.861953265810111589e+02
1.326188436392564540e+02
-3.128651169849081271e+02
-3.529293578394386941e+02
-1.930250643427337423e+02
1.174097063429797601e+02
3.205219912179206858e+02
6.886571303446586967e+01
-7.111117916931451077e+01
2.824645123395247879e+02
3.058816907921026882e+02
7.508911557385201263e+01
2.503119549475302961e+02
-7.012778170011632710e+02
-7.141007255630348993e+01
-5.073298325301361729e+02
1.702726352228011706e+02
1.412093893321071505e+02
-2.588314266995966477e+02
-2.070281719065434629e+02
4.795361295349231909e+02
-3.198705978428055232e+02
-1.046030626739735823e+02
-2.270039575427778402e+02
-2.618479199621493763e+02
-2.067726698439883535e+02
2.289228319694912273e+02
2.186069349097076895e+02
1.920289662065632115e+02
-3.698518851517234225e+02
3.876956883085449590e+01
-1.598604542234330381e+02
-1.693490070061724566e+02
8.952626770199991313e+01
2.351978216468386904e+02
-1.238687672206383183e+02
-2.498999563695839754e+02
-7.166683882054051047e+00
2.620417758012928289e+02
2.257709897280786322e+02
3.796553889723449871e+00
-1.703432477641306662e+02
7.079729903305130847e+02
-1.054515015465523078e+02
-9.293471748619221273e+01
1.492448476895587248e+02
3.725074302008708855e+02
-9.580218283825887582e+00
1.809950084024300452e+02
2.352429602136422773e+02
-7.485339708485992105e+01
3.961486591364695755e+02
5.684454822649304333e+02
-4.914567059592333180e+02
-2.627774505901405746e+02
2.701014935379885742e+02
1.840262027387542787e+02
-6.497143458544712757e+01
-1.097012828315850754e+02
5.018166763681045381e+02
-2.285350483812224098e+01
1.097587620174400058e+02
3.829228210531090326e+02
1.762712175353021564e+02
-1.698412301121593373e+02
6.828811120212721164e+01
-1.540288075317485550e+02
2.773289467517477078e+02
1.792073689964146581e+02
-6.338323274641111311e+02
2.392583746509237130e+01
3.549278544519725642e+02
-3.183363702194473035e+02
-1.696399061920447480e+02
3.648889772725622294e+01
-3.116598245908047602e+02
1.665621690140923761e+02
1.460786071915266575e+02
-3.911939530195652424e+02
2.386444829170214987e+01
1.038168667781196035e+02
2.732321305775402038e+02
9.358928560009313458e+01
-1.912932313181443931e+02
9.128463970914349090e+01
-5.376006962785275789e+01
-2.026639511345514393e+02
-5.584431969009029473e+01
-1.284300551053076731e+02
4.718584750372512104e+01
1.431857199108988539e+02
-1.216858592025356103e+02
-4.858240016518927007e+01
2.825723552202595101e+02
5.088728085690172875e+00
-5.182216749274867595e+01
-3.452514936946585635e+02
-1.851099030979036684e+02
-1.584272101813560027e+02
-2.537986244714585382e+02
9.675007407953810912e+01
4.497663281546600444e+01
2.455523604406133416e+02
-2.179513769039335216e+02
-1.673611340786117978e+02
-1.185075746913726107e+02
7.132987619081073660e+01
3.271075623945806683e+02
2.180034046218744095e+02
-5.708099411823783242e+01
-1.074738257395747709e+01
-3.312911108037167196e+02
-1.011527168933772458e+01
-2.794310530720663905e+02
-9.914662873602477333e+00
-1.180238134062091291e+02
1.931819151780900654e+02
6.715175998939764668e+01
4.130271174095537390e+02
2.276561564237102431e+01
1.849708392849660399e+01
-1.573197898662234024e+02
2.021088492313641609e+02
-1.340701433183399516e+00
-7.875052732052016324e+01
1.246684565191120129e+02
8.487418584119124887e+01
4.674215747998644588e+01
2.885147326363093612e+02
-1.680082139818459837e+02
-3.125356413915400466e+01
-1.504560701711511115e+02
9.833350850227176920e+01
-2.097930794404251742e+02
-2.431574933428834413e+02
-1.243702598921055085e+02
1.460856292051678338e+02
-6.602907543743982899e+01
-4.731921021685670858e+00
-5.481059144044654374e+01
-1.492584423777842595e+01
1.550140140285014922e+02
3.447790427546884473e+00
7.276669314607144656e+01
1.579344299119053403e+02
-1.199997917104079903e+02
1.435585773889455936e+02
-1.374194834113825969e+01
-1.457981209868002281e+02
1.207452978819824096e+02
1.069865071970946957e+02
1.964762625410003949e+01
-2.327293546967601117e+02
-1.456124390509665716e+02
-2.099693205764716026e+02
7.349745473110462513e+01
-3.446860361480391077e+01
6.707399031280712620e+01
2.208108883920839816e+01
-2.042985781122135052e+02
5.282356406706082907e+01
-2.709374956876779428e-01
3.863215889825428917e+01
2.776654723937971880e+02
-1.503129586782963756e+01
3.473955757158007600e+02
-8.758571537363170023e+01
-1.791649105946310385e+02
2.069399456697860273e+01
-3.788113696018872645e+01
7.740379299590155426e+01
-1.122580759890413731e+02
-2.033442668873605896e+02
-2.932732658132940173e+02
-3.369766776411399434e+01
2.570375385095075682e+00
-5.777659799101900973e+01
-3.193503348177694647e+02
2.521908264794398846e+01
-4.687696259316132341e+01
2.212493623712607587e+02
-3.693290506197019596e+01
-2.939946242449443403e+01
3.425896099208574697e+01
-3.759776260242313839e+01
-1.763408712225297137e+01
3.684825231707958437e+01
7.223269657938698174e+01
-2.178011410930974279e+00
7.858378174184018405e+01
1.135284214669132865e+02
-3.141233365708550309e+02
1.562129194317612644e+02
3.998393758769461925e+01
-2.881764262444641389e+01
9.911308509682072554e+01
-1.806297923646409487e+01
-9.359288173402553923e+01
-2.081125902178692755e+01
-1.041624632613135049e+02
7.090690912664207701e+01
5.095155940373835790e+01
1.875656365658522304e+02
2.405438104327492397e+02
3.086844784016409804e+01
-6.348587038008887617e+01
-4.656163823094916410e+01
2.260245812684363642e+01
-6.844353538519946767e+01
-3.747663289399661579e+01
-6.987076090185871635e+01
1.110153004752522889e+02
-3.220719527241258984e+00
1.040761207617840256e+02
1.787888725056949397e+02
1.517475700141017114e+02
1.189117706189492729e+01
3.715438746060260655e+01
-2.947047579368594938e+01
-7.577448683225996717e+01
-4.318805358466998001e+01
5.105423847423908512e+01
