-6.134266400535011599e+02
-1.639376532797347409e+03
3.426909439917622876e+03
2.338439693850453295e+03
1.857269058808871023e+03
-7.372915709827864248e+02
-2.103121219097518406e+03
9.480073209224798347e+02
1.062291537001062125e+03
1.059274702547985271e+03
-1.675405077486761911e+02
-3.610400814594213443e+02
3.048331287972068367e+03
1.182631876276002458e+03
-2.567464082873446841e+03
-2.600552181038196068e+03
3.518721037665219455e+02
-2.193602127999707818e+02
4.306563217706706723e+02
-1.596208466359505564e+03
1.045327651782373323e+03
2.219664970655067464e+03
-5.476622488422361812e+02
8.262547924255478620e+02
-2.944108433759153627e+02
2.121757949843977542e+02
1.936023962294266028e+02
1.012114571512415750e+03
-1.006170852212407681e+03
-5.628853863637835531e+01
7.403337425391475790e+02
1.065724397803845022e+03
-9.458429304668023860e+02
-1.859281719714777410e+03
-8.713303502178765712e+02
-1.769600319718704895e+03
1.628780438538473163e+03
9.073964543611792521e+01
-6.637742247542087171e+02
1.804067999008177139e+03
1.889140335986061814e+02
-1.209413376399076924e+03
1.691504432245952557e+03
1.560209926788513712e+03
1.174821995878543476e+03
1.350320978413115654e+03
-8.237344635088014684e+02
1.656562459451652103e+02
-1.252505158942321515e+02
1.379961289960756403e+02
-1.067051386983625889e+03
4.840152938886361085e+02
-9.157164892030590408e+02
-7.762174164965473437e+02
-5.584611503812225237e+02
1.323823001348667958e+03
1.273830808827251303e+03
4.047444799250316123e+02
-8.354838763921452482e+02
8.253022304720378770e+02
-1.188751577235280905e+02
-1.386669213218056257e+03
2.481524134811526494e+02
-9.704058565940320022e+02
-4.062206237354604355e+01
8.965758483258105116e+02
9.869043895201225496e+02
1.254713476979088455e+03
7.501402088747055359e+02
-4.151078283257520525e+02
3.581055374282533990e+02
9.267997306982657619e+02
-1.524992638746490741e+02
9.867727279280101129e+02
1.046938875431430915e+03
-9.288189095092996013e+02
1.141249826486128285e+02
-1.287147252536551377e+03
8.993966640471182927e+02
-3.529887230928761142e+02
3.827005266701295341e+02
1.763123167960686999e+02
-4.757061337958744502e+02
4.699054019228257744e+02
5.685196865009176008e+02
-1.605898816824285689e+02
-4.822175534902517597e+02
2.889608075741327866e+02
1.326804261510362721e+02
-2.223139858770986450e+02
5.664056183741392942e+02
-3.030937850298506078e+02
3.282682824892595477e+02
-2.751369691841392182e+02
6.675002082031696773e+02
-2.580829363950049924e+02
-4.561091997242800744e+02
6.791317847973871267e+02
3.335132204368550219e+02
8.477752249101125415e+01
-1.132542286193450707e+02
-1.224521879449281698e+02
1.690867144088908276e+02
-2.532037733052805777e+02
-1.208848651112955679e+02
-7.071705348797063380e+02
-1.063392454103173606e+02
1.968630666818763757e+02
-3.663005609250200223e+02
3.892490507957900263e+02
-4.698216228171372677e+02
-5.801849679579318035e+02
3.473651330170256983e+02
-5.022010702977424899e+02
2.089770216564259613e+02
2.447984609015668980e+02
-1.043949810269846239e+03
-9.695555314356637382e+02
-8.227638569135853004e+02
1.370210329339138298e+02
2.120923051101543422e+02
1.423128404325033500e+02
4.309956643831438896e+02
1.111709696416389477e+02
9.745979150768470163e+02
-7.727364348249159320e+01
-1.821361065416064946e+02
-6.350410788031387028e+02
6.789213047528769494e+02
9.919600015651706144e+02
9.991337570264928303e+00
-8.225699961850950785e+02
-1.024725466456950699e+03
7.584200231992793988e+02
3.686709862491432546e+02
-7.776919216557701020e+01
3.639095451428393062e+02
-7.171165811285668212e+01
3.434686663880661683e+01
5.769008799651787740e+02
-2.710703423744627685e+02
1.973874930142500617e+01
9.445703991141336076e+01
6.916297346038046499e+02
-9.789575954280307997e+02
7.037739002846823269e+02
2.116065226174558234e+02
2.963714203603451551e+02
4.075877015024421723e+01
-2.873817048025269969e+02
-4.046631924273000891e+01
-3.855284134156457299e+02
-3.587151788905741796e+02
2.430883339490669357e+02
-5.990371942412467661e+02
-5.267951700948826499e+01
7.337659944744683571e+01
2.094028586126380844e+02
1.471631747082350330e+02
7.906872763734642717e+01
-1.342479289777419922e+02
-3.662461689114002752e+02
-6.391092476285180055e+02
5.335194795178111917e+02
-7.496777641935041174e+02
1.621588612492107302e+02
-1.615447682396051903e+02
-3.007977718156328137e+02
1.632752626970567746e+02
-6.341410267621405410e+02
3.439102422178019651e+02
6.420672724705773362e+02
3.021440181809634851e+02
3.072099374355941848e+01
-1.956402824874452904e+02
5.730893877278322179e+02
-3.498591802894784450e+02
-5.128554263448032771e+02
-1.916703469447495820e+02
1.315762365188061622e+01
4.451388739916723125e+02
1.626315767607148928e+02
5.602225717554042603e+02
1.269247328017456766e+01
3.220635347734074685e+02
7.892522079409616254e+01
-2.101324258045634679e+02
-2.067741725184488928e+02
-2.030259491515083710e+02
-3.475456777645372881e+02
-9.424311029660593420e+01
-5.723970193175364329e+02
-2.966405824308603911e+01
1.542572980465306500e+02
4.652570359509490316e+01
-2.682881520295415498e+02
7.321664119090607414e+01
-4.304201252266550455e+02
-3.691813884367900300e+01
4.608612947438795686e+02
-2.871549277673395864e+02
2.604193057663778177e+02
1.020335967501821301e+03
-5.239415598839566428e+02
-8.187984318455809785e+01
-3.836370977220437908e+02
4.054163861238728828e+01
6.605452844009735713e+01
-1.556493063367682339e+02
6.111570810551965138e+01
4.632153627204622381e+01
-2.472447311666360861e+02
-1.707533200387782415e+02
2.645726872495227866e+01
-3.342624001348353886e+02
-3.645821959618917276e+02
-1.471163725137304823e+02
7.910903421250928602e+01
-3.267188448381406261e+02
-5.084644323534777186e+02
-1.490881218619836135e+00
2.373442312993099108e+02
-2.543197346692788017e+02
-1.925093896455606171e+02
-4.307458596591524156e+02
9.756072123332339530e+00
-3.595629918878357216e+02
2.553968437793892861e+02
-6.895061608044559875e+01
-2.996012777062696131e+01
-1.639381659116399419e+02
-2.406524083309693367e+02
-5.269307114945914918e+02
4.274894820424822228e+02
1.037176566981956256e+02
-3.355670372617640282e+02
-1.969524918293435292e+02
6.159500751544906052e+02
-1.014470221085325221e+02
-5.795884308819028092e+02
2.929675188024532417e+02
3.984405536653843001e+02
-9.413299520611874982e+01
7.824761738153914337e+01
-5.389903142192597443e+02
-3.094022067538597298e+02
1.149973643376408035e+02
-2.517858119794026095e+01
2.448215606854289490e+02
-1.649610768351153922e+02
-2.093410667529472136e+00
3.458778063163877619e+02
2.154344386301828251e+01
-5.365023492159126590e+02
7.120731545252185413e+01
2.150295453228809492e+02
-4.311029956837448367e+02
-1.082074531555926598e+02
-1.109227397515761595e+02
-2.337086803266679169e+02
5.356007655808705294e+02
1.901524467174056952e+02
-7.726405283743791585e+01
-3.995660070854853529e+02
5.116404224048970377e+02
2.673499188534320297e+02
4.084058538903601629e+02
-2.404859511097695020e+02
-4.483165356585539598e+02
-2.838494755750064655e+02
-4.247911109505000695e+02
-3.206165799659868298e+02
2.281088560833697443e+02
5.736601234120491881e+02
2.772369436859177227e+01
-3.406199496676791671e+00
5.218286940065608093e+01
-1.109130262684695722e+01
3.595249789714997632e+02
-1.681307299920609069e+02
-1.024288538948407989e+02
-8.556798707026980821e+01
2.054114923038234792e+02
2.484906029406184587e+02
6.710873648241054923e+01
4.389398279010117676e+02
-2.360943198854550644e+02
3.248845939004997376e+02
2.081410960955531309e+01
1.370287946101605030e+02
4.381880508417715987e+02
1.873746904461618712e+01
4.961518485569445147e+01
-1.765055665119863306e+02
-6.850699645726542713e+02
-1.466291086970270214e+02
-4.286203947269011394e+01
-1.204036345313696330e+02
-2.159722908430512689e+02
2.954757332592303669e+02
