-4.893513706394951441e+03
-5.463526913276965388e+03
-1.033973492433683532e+03
9.026495156252991592e+01
-2.023893461749164999e+03
-3.232353981340920086e+02
4.233144915031518849e+02
2.466445748028724267e+02
3.019014598992342144e+03
-4.625961655630254427e+03
-3.707969951516039146e+03
-1.589274167697638632e+03
-1.931270400066794991e+03
8.902062488035393528e+01
-5.145193161084505391e+02
3.113159552823702825e+02
3.454420718683758423e+03
1.838235268532467899e+03
7.170723179819451616e+02
-1.279913681555292442e+03
-1.408329864846077953e+03
-6.803438781965297721e+02
-2.005373397226697307e+03
1.256436709606849035e+03
1.626218629180705875e+03
3.282731519846858532e+02
-5.785258211496948206e+02
1.444970301506683654e+02
-4.771480052713990290e+02
1.183722635454321761e+02
-1.249743662276765690e+03
-1.787616887711008360e+02
3.181169108901566460e+02
1.169635267016104081e+03
-1.871206215402169164e+03
5.623859251908250201e+01
8.569363727757796596e+02
4.454951092096890761e+02
1.427808053874482539e+03
6.824985088149627472e+02
-6.553416347483745312e+02
1.441780444039437157e+02
-1.434558872530660210e+03
-7.943501814088228912e+02
-8.382598889739226706e+02
-1.672306853495401128e+03
5.216837480319965152e+02
7.853335413816398614e+02
1.046682817517953708e+03
-3.581920918268221499e+02
-1.087571704065520862e+03
-9.657747716898402359e+02
-1.776678586795115962e+02
-8.150695314356901235e+02
-9.246373617927653186e+02
4.968736873722224345e+02
8.220634098519022928e+02
1.962101699267238928e+02
4.668955560275423409e+02
-2.724356374717943936e+02
-6.835729745689345691e+02
-9.112796972199959100e+02
2.628552698406267751e+01
-1.451221747589314418e+03
-8.208601126838041182e+02
2.183281473074898997e+02
-5.373354730518660745e+02
4.303532798531092567e+02
-1.285531997836465621e+02
-2.164304250522601691e+01
-7.773680447948344181e+02
-3.083874907796588900e+02
1.181472562911585698e+02
1.081877634416866158e+03
-3.490942105157519677e+02
-5.707601433450696504e+02
1.068071639046789585e+02
7.778323979644879955e+02
2.016432321575778701e+02
-3.670255397067388259e+01
2.009681629623501351e+02
8.480449208288696354e+02
4.143183428005702353e+02
-4.369847361583824750e+02
2.364070777902617522e+02
-6.563887593138787224e+02
-4.968391559838610192e+02
6.851207267408784674e+02
-5.208051916379809398e+01
4.142596682155333951e+02
-9.748503265044109867e+02
7.174737957569850550e+02
1.148578717042259001e+02
-5.845833451736531288e+02
-9.162281454610031517e+01
-1.370165718416419054e+02
-2.558651941909239724e+02
-1.262626998569325707e+02
-3.942357101070247722e+02
3.472006669421479614e+02
6.760480927556218376e+02
2.237639975731653124e+02
-4.339090046758308858e+02
-5.512085166813026262e+02
-1.906316398157086383e+02
7.934170515943083046e+02
3.778951697152221527e+02
8.646816318278003166e+01
3.641129780837090948e+02
-4.450731514570728820e+01
-3.006463593041786453e+02
1.639888509386588566e+01
-1.872572018523854069e+02
1.266305810308763569e+01
-7.176211784059546517e+01
2.805855430165515259e+02
-9.142445324498615378e+01
-7.073421862194247751e+02
-3.983860425572919439e+02
-8.193941056486852403e+01
-6.667574112780251880e+02
3.170025353125500942e+02
-4.296464118375957923e+02
-7.383846553419041356e+02
-3.217297107335005535e+02
1.046394520313358498e+02
-3.607784979672896384e+02
6.245075057420870479e+01
-1.245337055226195417e+02
1.463745351185583274e+02
-6.145217771054412879e+02
-3.639313790105265412e+02
6.986929845653077109e+02
3.268144680597771412e+02
3.019515167612200344e+02
-3.321709168070260176e+00
2.693846313336712797e+02
2.057413035726435169e+02
2.830009918626029730e+02
2.282832265114525399e+02
2.495047695880446614e+00
5.057351719840232249e+02
-1.495875740908497562e+02
-4.740010201440755395e+02
-8.933439494350932364e+01
-6.480873363405072496e+01
1.377161775146154241e+02
-7.451239666738008793e+01
1.812433530463450682e+00
-5.375856123596241076e+01
2.306633219924026434e+02
-9.036121938832161504e+01
4.198816087467984062e+02
2.405671751104047189e+02
-4.072991612900458591e+01
-1.441933539336457102e+02
-9.034367444892886567e+01
-1.892578713339531049e+01
4.119357152888120055e+01
-1.090036583930269813e+02
5.540247038527936496e+01
-5.786999772802221287e+01
2.229607284928162301e+02
-1.415749376808285831e+02
3.498189276163130756e+01
-1.135110033196934296e+02
3.951368054801668706e+01
1.065856203192288376e+02
3.124190933303208908e+02
1.489552943093826798e+02
1.857571879683837324e+02
-1.227845501010477847e+02
-9.002323659168388303e+01
-4.808730487168497234e+02
-1.432713470119527130e+02
6.196274663802925176e+01
-1.450370784492511405e+02
9.185297112207464920e+01
-1.558550336194096175e+01
1.233032897413215494e+02
-5.118498025082947578e+01
-6.049171492555471019e+01
3.882401107579248389e+01
1.071220002150962927e+02
1.407558523049443124e+02
-3.343405999011612550e+01
2.047252763212304671e+02
-6.329938208140767841e+01
7.205195250451569677e+01
-1.741376942893352719e+01
-4.917546942068120330e+01
-2.116458206278796865e+02
1.315029101502964863e+02
-3.069357393506317067e+02
-9.058646060939636868e+01
2.226564313539048712e+01
8.687531311359185793e+01
-1.749856404604335580e+02
-3.808664046758963906e+01
1.962821662224500585e+02
1.050597099421653979e+02
1.198758690088684915e+02
-1.864737738693477809e+02
6.873617183085741544e+01
5.254520738580591654e+01
1.910029747332543764e+02
3.474945317538824838e+02
1.868028021965274093e+02
2.282776898312200231e+01
8.705242414542092888e+01
-1.542809807173004977e+01
-3.663714872421004429e+02
9.150349735459116118e+01
-2.109176405856164536e+02
1.199426431006924219e+02
9.746076883288377957e+00
1.288090465720848954e+01
1.540137621625518136e+02
-2.125875260693075219e+01
2.684024606703541167e+02
-5.949369413893683856e+01
7.157105616208758647e+01
1.648910331342069640e+02
1.366747364058702487e+02
-1.320734814201600216e+02
4.000539443939322837e+02
-3.271167387605898824e+01
-2.183791141944351750e+02
-6.423017695888236744e+01
2.261055792296622542e+02
1.014591575665739072e+02
1.020479322302230258e+02
2.776213652180321034e+01
2.537008554034709107e+01
-1.425826907603632776e+02
-4.726741135356991776e+02
1.863328492579322244e+02
1.269688302710051317e+02
-1.674180293948997544e+01
1.342279120283757550e+02
-6.107717386831582473e+01
1.257138576881243637e+02
3.465126721734560533e+02
-7.009073810447620190e+01
-9.939386052791880388e+01
-5.606247120362601777e+01
9.311335143205498355e+01
2.229993078362931840e+02
-2.673250336774227662e+02
-1.501988085827203747e+02
2.777898043553383332e+02
-1.073326427641078595e+02
-1.632533049699107064e+00
-2.687886038051688615e+02
-1.812639714640401678e+02
1.368608879032705659e+02
-3.155575380540224373e+01
6.144239100049227176e+01
4.283854852121678647e+01
1.267945371893558004e+01
-7.241869291234937123e+01
-1.440884565374103374e+02
7.303471013470831963e+01
9.709282054013274887e+01
-6.202793148836428117e+01
2.290500894363258055e+01
-7.740235825789920909e+01
-5.610566463819890259e+01
1.986448481532733581e+02
-2.283522598903439160e+01
-8.575001478609178207e+01
1.664732470181403556e+01
-5.828595327872069731e+01
-5.444903700354841192e+01
-5.836244270117719424e+01
-2.029938677592782881e+02
-6.286163754534877057e+01
5.978999205971706488e+01
-3.537497784455060810e+02
-2.063602335008870625e+01
6.155723122509767720e+00
6.072339955714687676e+01
8.076295800984349071e+00
-7.783898186654666063e+01
8.726206332772406427e+01
-1.264513653946716865e+01
-1.110890388557022987e+02
-4.628707504297906183e+01
1.865922948906419663e+02
5.520802731257824547e+01
-5.512583462848581917e+01
-2.716785155632688884e+02
1.436785021555209028e+02
1.052611764071459248e+02
5.586086415678012429e+01
5.761203692667953646e+01
-2.136800766230641386e+02
-2.416319261022842966e+02
4.988373536568998645e+01
-6.221745672625879564e+01
