3.444169989351976255e+03
-4.903151926266707960e+03
3.685362239540214432e+03
8.260740921844418381e+02
-7.949280941477209126e+02
-5.244997216323442444e+03
5.171993426204117895e+03
-3.353592299652997099e+03
1.148192269517936666e+03
1.195243249547568894e+03
-1.197461468366572944e+03
1.652316407445726327e+03
2.988142214255323779e+03
-9.619749966310523632e+02
-1.092798493062551728e+02
-5.763472787188737456e+00
-1.105119721549222504e+03
-3.627168880411267764e+03
-2.819824291811686408e+02
2.077655272367686052e+02
2.003954646287880450e+03
1.779482608280422085e+02
2.656954871855252804e+02
2.258943224964300498e+03
-1.452535690326452141e+03
1.489600517560591697e+03
-1.578693860757524817e+03
2.961264862917470282e+02
-1.392804653913718539e+03
3.928768480192289871e+02
-1.652058727540719019e+03
6.810469129326506845e+02
-1.524090506359083292e+02
-1.612416899287257195e+02
1.609190845817495301e+02
2.590128062571453142e+02
-8.386058849199002907e+02
2.487662554572296756e+02
-4.490639090962187083e+02
2.356120986702671871e+02
4.122917447608467683e+02
-5.150527028289706095e+02
9.262654529637336509e+01
2.691385155946182977e+02
-1.275308948988144522e+02
1.065537874206874449e+03
-1.220544617797093451e+03
1.953141209085106595e+02
-2.526016067739007553e+02
-1.144713368890267304e+02
3.205857458218383726e+02
-8.895850996986407608e+02
5.675465424939391141e+02
-8.727457256133770898e+02
1.016643262821441454e+02
5.412109579167926086e+02
9.280249107495158114e+02
2.748316181245909320e+02
-1.213397654520213536e+02
-3.583690899739617635e+02
4.439107791021273783e+02
-8.261316904583012501e+02
4.771805388386594586e+02
-4.005012121385810246e+02
-7.871393708086824290e+02
1.657628858995361725e+02
1.370812132817480915e+03
7.147401149814008932e+02
2.897790781552737371e+02
2.075243001133694065e+02
5.366854604047250632e+02
-4.803920093099720390e+01
-7.324293993143189709e+02
6.933858914365445116e+02
2.508520943774043985e+02
-7.096528987062719125e+02
-1.993866492041984486e+02
4.377299725523990901e+02
6.410056643805860404e+02
-2.403263583497919953e+01
2.033295011423770973e+02
-1.125394975284898607e+02
7.554394135689038876e+02
8.932558943051544702e+02
-2.618840889807369194e+02
-3.696077545072077442e+02
3.924022177359274792e+02
-2.349202747642662530e+02
-8.142988097189792143e+02
2.218387886931005539e+02
-8.554136567752109954e+01
-1.733408004511549620e+02
-7.596087460609854247e+01
-4.813976595085673580e+02
2.484950043848814403e+02
7.273918934273024206e+02
-5.986865969541958066e+02
1.280650613801687143e+01
8.493169460227829859e+01
-4.082478816725726460e+02
3.294695097360470299e+02
4.900758523394750341e+02
6.401579597219050584e+02
-1.086488364029638376e+02
-3.854658177574021920e+02
-3.067390037301603343e+02
-5.336612613989618694e+02
1.923969675314335177e+02
-2.219203645201229449e+02
-2.571546838694642361e+02
-8.737715532151281650e+02
1.314917985047266029e+02
4.786104549650334548e+02
-2.813179317627764249e+02
-4.560617091972699768e+02
9.164707343134853090e+01
-1.905059142612938388e+02
-9.481944049587522159e+02
-1.633374905267409076e+02
-4.980641949431237663e+02
-2.935574305060068241e+02
-1.686227791105761753e+02
1.057674309020168977e+02
6.486168589950389105e+02
2.722328055188359741e+01
-3.021978017423091387e+02
4.302083093722495732e+01
4.037380255962388276e+01
-1.070928231836414568e+02
2.699638953750246628e+02
-4.103735129541377802e+01
2.643777711744721159e+02
-1.406699121493564633e+02
-1.037613160330180619e+02
1.879669062132271620e+02
4.607877661527139708e+02
-8.284192017575998079e+01
-2.489057620944782627e+02
1.966128869262725800e+02
-5.798904276507546030e+01
-2.784746707965539940e+02
1.616210737579449699e+02
2.350967134176078233e+01
1.522873671443721264e+02
-1.267114477525225169e+02
-1.838321325497583985e+02
-1.075563258395045807e+02
2.058429424438929800e+02
-7.446492832240912207e+01
1.771461269504350469e+02
2.828187748107455946e+02
2.002809087262381809e+02
-5.070527967832975769e+00
1.825014204274245344e+02
-5.284630955138234043e+01
7.459923014950911124e+01
8.888518130808893147e+01
2.100633475133891181e+02
3.714041044725493066e+02
-4.851919338646018076e+01
-1.224546132774020464e+02
-1.904232004931427298e+02
2.026981953557434508e+02
1.370391362857068032e+02
-3.909670396317972063e+02
-2.056594855296512492e+02
2.210918121531244083e+02
1.674427169954819874e+02
7.915996637448405693e+01
-2.846020201371591725e+02
-1.261361516502075943e+02
-8.798363912912388685e+01
4.550618926900958172e+01
6.140644352951630935e+01
-2.967132050909669374e+02
-4.169210653946693412e+01
-1.862625195039029506e+02
3.083511051005061532e+01
-1.444972223124465245e+02
-2.833689666964071421e+02
7.419502764352328938e+01
-2.457905576026377901e+02
1.333147764159047881e+02
2.857030217699610830e+02
-1.737546589064291709e+02
-6.823844945664851558e+00
3.809151174787378302e+00
-4.073107675180607146e+01
1.195353859542043438e+02
-1.080537768166330608e+02
-1.274441571909535611e+02
-1.678779281998958766e+02
-3.308208128612599808e+01
5.572956767523971422e+01
-1.178375901192904536e+02
2.097275343652531205e+02
-1.938253442486744973e+02
-6.990362406143597163e+00
1.067961972013867040e+02
2.681906036772796824e+02
8.925553035850400363e+01
4.948868089587356422e+01
2.912622890252077923e+02
-6.964620990255830257e+00
9.390309643035756437e+01
-2.741436197965994666e+02
1.009890284649461307e+02
1.134119564608375299e+02
2.993549113663454477e+02
2.055128001427558715e+01
-8.988790775485114182e+00
1.757582095361271115e+02
-6.819904219201293927e+01
1.261552854886495645e+01
-4.032562983000660850e+00
-1.433177106556253193e+02
-4.799318781629628994e+00
1.640259372735008299e+02
-3.016709405036766043e+02
-1.905804801182181336e+02
-4.092614421894599985e+01
1.058409395368126305e+01
-1.766261889046138265e+02
-6.997921700578076809e+01
1.407292350401073691e+02
-1.645453006447849020e+02
-7.617412645667216964e+01
-2.578404590837378407e+01
3.844967314395790936e+01
-2.764384768365692224e+01
-1.903876479786543712e+02
-3.884386677514010699e+01
-1.195031063881656621e+02
7.300455293037656723e+00
6.567078729481286814e+01
-1.624061601461174291e+02
-2.297274056529915498e+01
2.790893871796579901e+02
-1.791817855941020525e+02
-9.884338076783556915e+01
1.796456870872631839e+02
-5.012342363599479000e+01
8.135409511520997228e+01
1.650247153294530449e+02
7.157027278229712408e+01
2.347342429666791119e+01
6.876485216011485591e+01
-5.605481908186145112e+00
1.373231750385605494e+02
9.219116947149939278e+01
-2.457706058605364507e+00
1.089269090901854042e+02
3.883938504350275167e+01
-1.386414390200123989e+02
5.843732117826015582e+01
-8.321109656999232129e+01
-1.456274497289991245e+02
-8.869607972151028719e+01
2.027608206063345335e+02
5.602488114292430055e+01
2.266037659297796267e+02
1.208716155118026059e+01
5.572631208187878160e-01
-2.020609361455389035e+02
9.245264371725315300e+01
3.689039969408924549e+02
7.432451217398696031e+01
4.707425866523203695e+01
1.171083713109280211e+02
-3.577555449185672387e+01
9.169986078560908993e+01
1.030229952235487048e+02
1.111734945858470240e+02
1.134731524189024299e+02
-6.310383434673500602e+01
1.295416328868045923e+02
3.051605339290877694e+01
5.826676499767334150e+01
-1.330059524066526819e+02
7.749223466047942566e+01
-1.707403059187408090e+01
1.126570427660524132e+02
-6.964254382485840722e+01
1.797679658539716172e+02
1.689743607683885784e+02
1.488173613296556823e+02
-1.234912127859208226e+02
1.447193531929563015e+01
-7.312418733101846868e+00
-2.672501195921704209e+01
-3.077289580593846718e+00
7.725417903422749077e+01
1.831312760824139900e+02
3.505999310281231374e+01
-1.406605454995088564e+02
-1.164841896762844300e+02
-1.525316221241824053e+02
-1.232870390390945303e+01
3.451359032310366359e+01
1.798729231664404722e+02
