-1.831558558724699424e+03
5.048762826049523028e+03
-8.781088814044585433e+02
9.377857996484782461e+02
-7.641207374589398569e+02
-2.556384166249440113e+03
1.972376055229889744e+03
-1.080902035478123651e+02
5.615762971999220099e+02
1.431515905072125250e+01
1.251996632035346920e+03
2.024555292107477499e+03
-1.179114509619602359e+03
3.819555577914457700e+01
3.781389519113794222e+02
1.223596736618451587e+03
1.896219713835177799e+03
4.995321687524062213e+02
7.947903936346115188e+02
4.921338525195508282e+02
-5.207126462864074483e+02
-1.256041093656716839e+03
1.357708973839414057e+03
-4.295778356664541331e-01
2.414982646582242296e+02
2.563280626686637120e+01
6.372634869120779513e+02
-9.755277619250414318e+02
6.948618301299349014e+02
2.929912964534594835e+02
6.965864024178811178e+02
-1.027028722481528575e+03
9.975897410474337335e+01
6.291913280145855651e+02
9.694805267648584959e+02
3.108112093473811797e+02
3.930382217030758625e+02
-6.566077576230467230e+02
3.520312952803468534e+02
-6.031391832857897271e+02
-6.791427825594566912e+02
1.171321014811124314e+03
-3.503977805581759242e+01
-3.953543809764595380e+02
2.363146041714306307e+02
-8.220944478796404837e+02
3.525262691383637161e+02
8.419509661649001373e+02
-3.903870748174692551e+01
-2.629990553190390870e+02
-8.603901918659207695e+02
3.147011204618367515e+02
-2.020529930113100647e+02
-2.168769076090540864e+02
9.691255710624351423e+02
3.160903079501018098e+01
2.211132708616397622e+02
3.769590113748957378e+02
1.057124035019767376e+02
-3.183836477131497418e+02
3.976192952055783536e+01
-7.032356148588230553e+02
1.250367427339081701e+02
3.161072688921000804e+02
7.984389379749043201e+02
1.521480113817052597e+02
1.962424081957891531e+02
-4.315343308968270435e+02
6.622171499636325507e+02
1.060721725971166194e+02
2.733770171268687363e+02
9.621660236867639071e+01
2.898371194251648717e+02
2.183834280898575457e+02
-2.932909697283646437e+02
-1.957109556066856442e+02
-3.479569885234037656e+02
8.092706370065741339e+01
1.659470017497919514e+02
-8.801931373980687567e+02
-2.455915265595159838e+02
8.025352244437024751e+01
-7.723555083931479714e+01
-5.668481809105112461e+02
-1.846110081489081267e+02
1.753604315123906474e+02
4.275454532326323260e+02
1.239248510345660890e+02
-5.435924774671491377e+02
-3.356491138947000685e+00
1.409447756908087968e+02
3.398023862786275231e+02
1.344041550725583534e+02
-3.253373728110618686e+02
2.076829901970408798e+02
-2.524455304922821313e+02
-3.000319600039280488e+01
-3.544189722171476831e+01
4.233782909127845784e+01
8.292686486332972606e+01
4.647750494766152087e+02
-2.145563299266603678e+02
3.731423053254064257e+02
3.945711024723426608e+00
5.233917173113485433e+02
-3.617368512637656863e+02
-1.681039012242049324e+01
-3.251846961398675262e+02
1.733020283529445464e+02
1.238923286353121966e+02
-4.888440692661230287e+02
-6.064550172023477899e+02
-5.232384097235262743e+02
-3.030206590253504828e+02
1.503951148988381590e+02
3.561102898623939694e+01
-7.652536490724608598e+01
-5.437474630502592845e+02
-5.808624935844593438e+02
4.254189494275686911e+02
7.878137468972025204e+01
2.805935964464514996e+02
2.151533372851379511e+02
6.541520125062932678e+00
2.218280906535912891e+02
7.280678764253323720e+01
-5.363557279088051928e+02
1.833283177637266306e+02
4.007921945630452569e+02
9.975361792310002329e+01
-1.214188127110603688e+02
6.316205929486513924e+02
-2.981652224380547977e+02
6.048246523756488102e+01
6.280431341372610632e+01
2.745750469645023486e+02
7.180259314281592253e+00
-2.190874671014724413e+02
-2.651981246893483899e+02
2.150945362123369975e+01
-6.666689257575093563e+01
-1.762057215884667869e+02
5.204422424114980004e+02
8.396730743814100606e+01
5.116274771490149220e+01
-8.253874071938895440e+01
-2.684828216418661668e+02
-1.012221978497015726e+02
4.042140170833313277e+02
-1.258234405341022040e+02
2.370748258348984336e+02
-2.567977125256125532e+02
1.799143491261510519e+02
1.398713605877616999e+02
4.029544325569015939e+01
6.294472295209196488e+01
6.839938842725558743e+01
3.973453970195785132e+02
-7.972852878158501255e+01
-6.110010994097716548e+02
1.967066609656101832e+02
2.648798285251806988e+02
1.115617021431960154e+02
-2.613200918103728441e+02
5.034247090292908666e+01
-1.976534712141975660e+02
2.661724455036168990e+01
3.457907673141016858e+02
2.631833962129118465e+00
1.521193816904971641e+02
4.487624430601080405e+01
-3.179638645082509356e+02
-2.650127048514910371e+02
1.002556872125233269e+02
-1.058855749593662381e+02
2.912169142467506617e+02
3.384472533855981169e+02
1.663314273162460779e+02
1.188712239226356893e+01
2.500935362738003676e+01
1.777649169412370327e+02
-3.848090482241114501e+02
1.771821914612583839e+02
2.363917396525849028e+02
2.532543819421736373e+02
-1.608632016205425828e+02
5.612943903265063028e+01
-3.267331178278764980e+01
-2.795857851528161291e+02
2.188336190727172834e+02
2.594075118726309626e+01
-2.121355856897351657e+02
-2.552424646182521997e+02
-3.509683925828741167e+02
-3.776155296583563370e+01
-2.418946867209773899e+01
-3.030516052368660098e+02
8.733916184080735334e+00
-5.213218169478753339e+01
2.185139974432250938e+02
-2.488128146243912511e+02
-2.156267150257434935e+02
4.439871075421370961e+02
4.060020478550289624e+01
2.255224340788401349e+01
-2.268790710600793830e+02
-1.304882296972404845e+02
5.240023188269687182e+01
-5.185915197536896670e+01
1.476096185821958500e+02
-5.505071634869766939e+01
1.372428143220520269e+02
-9.508871626880468853e+01
-3.821224872304924247e+01
-7.032699305714876914e+01
4.824891846096890191e+01
2.940525035116661101e+01
1.134163351599538494e+01
-3.510979460136350667e+02
8.837180632421984683e+01
-4.303195106238918584e+02
2.070423434459060275e+02
-4.093354392611868207e+02
-2.069254582643984008e+01
-8.061709695418819877e+01
-3.776742850055223926e+02
-4.008231856749754911e+02
6.848281356338488024e+01
-1.174248973918205934e+02
-8.950371290798941004e+01
2.225693702596271706e+01
-1.336206525154874782e+02
-1.056751581945515710e+02
-2.121774289044097372e+02
7.353153460734591818e+01
-6.338537185184845413e+01
-9.146261821887127041e+01
3.801605730422797791e+01
3.222761846781072848e+01
4.263621677677898703e+01
6.553997515088997261e+01
-1.989405714775180201e+01
-2.111411286800165499e+02
-2.985876843802658414e+02
1.123520357803914749e+02
1.104218263974965311e+02
-8.235258811002115920e+01
-1.004181794332250348e+02
-9.815906892469510581e+01
-4.695161226827481471e+01
2.418709911330923603e+02
2.226200378814724274e+02
4.212070797954134491e+02
-3.560549692140286027e+01
1.407042687586756529e+02
1.575294623575976800e+02
-1.031896147133514887e+02
-1.708246927480361776e+01
-2.184694221139831711e+02
1.909155987760102562e+02
7.660248540355274827e+01
3.138946530396630763e+01
-8.273779116302681302e+01
9.477404375993386054e+01
2.853851421328346305e+01
9.160231570199570683e+01
2.085598057728531671e+02
3.446103092787876108e+02
-7.945942256614912935e+01
1.665736919623417975e+02
-1.302961309377984946e+02
9.096494141435590564e+01
2.077738582612669660e+01
-1.451671821428550686e+02
4.669359648321656664e+01
-1.508453437711891922e+02
1.398430895207601168e+02
4.237593290975637927e+01
-5.238236006529491817e+01
-6.119975485315039521e+01
-3.497406546138275303e+02
9.148913439439199635e+01
-1.417281580371262528e+01
8.760037750479456520e+01
-1.049759485722243681e+02
1.768481317536614128e+01
1.513010007667572552e+02
2.328538960201251129e+01
-6.148337451652368202e+01
7.273639574920188977e+01
-7.662598885336603871e+01
9.894520600942907151e+01
3.535095774556898363e+01
-2.391077917761739968e+01
8.502422572738342410e+01
1.196304291418501577e+02
-1.246875859887518629e+02
8.348707139466678484e+01
-1.530280943308834196e+02
1.383296537246133937e+02
