1.012717743187176893e+03
-2.585787048898801004e+03
1.959629593096666440e+03
2.784671478548875712e+02
9.919684506387621923e+02
2.281769413023921061e+03
-2.299489142988581534e+03
2.096834318611380695e+03
2.944871208018169909e+03
-4.782691408313366082e+03
-4.430413734278058087e+02
-2.205146592199673705e+03
1.136866048540157408e+03
-3.688600238272423667e+03
1.136112749596901210e+02
1.816067730358253357e+03
-4.312187289449635500e+03
-1.208794637287900144e+02
1.964271512773836093e+03
2.945808207181141825e+03
-1.093973936745253923e+03
1.326775972628553006e+02
3.716978650337728141e+02
1.399465442657202630e+03
4.055432329869278192e+02
-1.798289108754973711e+02
6.422108552922323952e+02
-1.364764285177075863e+03
1.125482328360103793e+03
-1.091695185782903508e+02
7.761144531887024414e+02
3.762589183846631613e+02
-8.620044109361220990e+02
-7.192743580437070250e+01
6.883789244327075494e+02
-7.785529519321257794e+02
5.149175285491697878e+02
3.421343189541366314e+02
6.563279858137807423e+02
7.998787543569640093e+02
3.032220092402459386e+02
3.271901642974393098e+02
1.031519605717668128e+03
-8.876907265684889126e+02
5.979730615783250869e+02
-4.934235338178599477e+02
9.429430620524802862e+02
-1.235813778515206280e+02
-7.395705266515802805e+02
-9.943885440641143703e+01
-5.036981778972938173e+02
-7.539127954784619305e+02
-9.235339131073644126e+01
5.422155201528929638e+02
5.073071017233470457e+02
5.959730083217938557e+01
4.246495631980541248e+02
-4.517003129801738055e+02
1.543446671137989483e+02
6.943686857804053716e+02
-1.668940955864145792e+02
-9.106686362388330735e+01
6.467514121532425406e+02
-4.497889540660355578e+01
1.589731076118551130e+02
-2.873213763152529623e+02
2.146388853320021894e+02
-7.126151924128218980e+02
-2.942457759380273501e+02
-9.532320588467845468e+00
5.262017404218136107e+01
1.877299345971302387e+02
3.898897011722980324e+02
9.432233818035447825e+01
-5.754143109852838478e+01
-8.657947337865070949e+02
-2.040489316162852163e+02
2.146112369501654200e+02
-2.110459219334308045e+02
-2.732154023701302208e+02
1.817449838826404687e+02
7.220817121406334138e+01
-6.368017806073245310e+02
3.960834407478769776e+02
-7.988063456406894147e+01
-1.132743868412801191e+01
-1.862564190642308404e+02
-5.492157309568320898e+02
6.013399782527748130e+02
-9.423575779397092447e+02
4.473976661306961660e+02
-2.204108602935994199e+01
6.871958217378063409e+02
4.340864972307479093e+02
-2.220387861911053449e+02
1.224489033499281163e+02
-7.337961656467901150e+01
1.689652587167763613e+02
1.472278859721572815e+02
6.005199633631641518e+02
1.092305748700575094e+02
6.933938864928724115e+02
1.204699760780225972e+02
-3.668301103239486451e+02
-1.600944289875608035e+02
6.286352178613515207e+02
1.686548296603623385e+02
-1.616403194807417378e+02
-1.198920219046180335e+02
-1.752108248519392646e+02
-4.949452683169905640e+02
2.753595486253595368e+02
3.083580272387980017e+02
1.072006182229145566e+02
-6.741357728468776713e+02
1.418831060675039168e+02
5.733007851273026745e+02
1.852851704187097539e+02
-1.279244616259701672e+02
-1.791600877553339330e+02
-9.146612678029434562e+01
-1.216689638230642743e+02
3.485502875758159007e+02
-1.720158698179591852e+02
-1.334911501863376486e+02
-1.107416525586034339e+02
2.993175767136223158e+02
4.030375138900736687e+01
3.123506734152325635e+02
-3.966904524568300161e+01
-2.428841649693892180e+01
-1.378498793213392730e+02
-1.956337892021147411e+02
6.110961216539141105e+01
-1.677118360633454301e+02
-3.855869595657264881e+01
2.066908896911127158e+02
5.616703913830294823e+02
8.476207032783760553e+01
7.006092352630984976e+01
-2.492505765515284395e+02
-2.843553368820512901e+02
-4.145087199046301407e+02
-9.770428970087345988e+01
-2.841988724377368953e+02
-1.512598580909918837e+02
-6.352903130715005773e+02
-9.888014960487116412e+01
-2.783048904131515542e+02
-2.003267567796914648e+02
5.065126661973959017e+02
-1.040060755768113552e+02
-5.361211901539691738e+00
-4.439817563439773949e+02
9.186033914248342569e+01
1.772434385421036040e+01
4.154220572416490995e+02
7.155316565558345054e-01
1.234656180375500298e+02
2.770018296799455015e+02
1.720706221913219736e+01
-7.505675471073429605e+01
-8.494525193016499998e+01
3.597579426421178823e+02
-6.546830213159221046e+01
-1.193943376502526093e+02
-2.409770921630899920e+01
-1.791075203654543770e+02
1.651308820717494257e+02
3.122874744778166018e+02
-2.735304385733161325e+02
2.421026208121877517e+02
-2.653924289632311115e+02
-1.712718206287941598e+02
-5.683540326027046063e+01
-4.729118890763845116e+02
-2.500587551896265381e+01
-3.298023278237347995e+02
7.514030189203623422e+01
-3.162038618087562440e+02
-9.238953884022109264e+01
2.460135483094777271e+02
7.039683864855769002e+01
-1.711284040214869151e+02
1.058085641679460451e+02
3.030679441080454239e+02
-1.567219251244866598e+02
5.993900830300914750e-02
9.928008465857516285e+01
1.836280369783320339e+02
1.192880362829091183e+02
5.969540490819186829e+01
5.753462694383975418e+01
6.718179912880763993e+01
1.132298388897085175e+02
-2.363626819947091349e+02
-4.876877829637403039e+01
-2.407544760979182286e+02
8.014855998951482263e+00
2.369526212762137618e+02
-1.262778926731036933e+02
2.695624379897952494e+01
-2.539979890018696551e+01
2.245355569364893711e+01
1.335607740040043439e+02
2.219467877856711482e+02
-5.655467906498309105e+00
2.122134797418953838e+02
2.044338123850453712e+02
-4.858603701359789540e+01
2.152777032950259013e+02
6.380740698798180688e+01
-2.568700634655234794e+00
-1.706440373031072681e+02
-6.802265366597256957e+01
-2.447029792399208077e+02
-6.587800576858388979e+01
9.387546568870872932e+01
-1.842610188004258873e+02
-3.592342631956637433e+01
6.207174005115116699e+01
-9.642290689333314901e+01
4.774106215261362962e+01
-2.079192009600323274e+02
-1.107380252937803888e+01
1.761394989926766357e+02
1.888725444027626565e+02
-1.066453828324420243e+02
-9.884814693614107028e+00
8.778711028296720542e+01
-6.261315427478863427e+01
1.971477841106384403e+02
-6.249317671941877705e+01
1.147780680459538445e+02
1.072378107727437140e+02
8.769961963662836979e+01
-3.922291057944050863e+01
-1.011979414476326156e+02
-1.436018809704413570e+02
-5.257817115606040481e-01
-5.589973402585972195e+01
1.051468887292932664e+02
1.804900591264120919e+02
6.373947148160624465e+01
-3.229358459208399523e+01
1.247602975061874275e+02
1.880861297664563381e+02
4.734051794235009680e+01
6.812245530195255583e+01
-4.714428936832474903e+01
-1.531284194355659167e+02
-9.950052474515243262e+01
2.601693263555604219e+01
-1.484013625549874007e+02
-5.355856550809229333e+01
-4.396821811415756542e+01
9.011685665505302723e+01
-3.352701506280855881e+01
-7.237950270096679617e+01
5.659890445562743366e+01
-6.551711639815252397e+01
-4.611894916149976353e+01
1.728562892372817572e+00
1.288012815028530724e+02
-2.228075432897839292e+01
-9.840329966342382662e+00
1.096459396351429305e+01
-1.258091558986031622e+01
-1.163812861296458436e+02
3.148354804253725803e+01
2.116313255161592508e+02
4.115236290689261978e+01
-8.610175205775868790e+01
8.360222925887211431e+01
-1.197836927640684301e+01
2.821758306291248175e+01
1.068364679941140025e+02
4.024079078934543929e+01
-4.683308260469776485e+01
7.530087060080202832e+01
-3.690730984705380990e+01
5.885631143297097623e+01
7.887896726985466955e+01
-3.091725483353130688e+00
2.009551470343850781e+02
-5.171948217708177253e+01
-7.268315672275899431e+01
-1.239258396229666026e+01
6.526087195327599488e+01
-1.272689122459822073e+02
-1.953964093471607839e+02
-3.804217071742569090e+01
-1.163579724624274263e+02
1.433526753802206031e+02
1.142244488372288913e+02
-3.805253918749696140e+01
-7.403948576647053414e+01
-6.272896055358940259e+01
-3.092552079709088986e+01
1.728390760354874445e+01
