-1.350000102070717730e+03
1.338017216397308403e+03
7.286231002064509994e+02
-1.921247310825008753e+03
3.152017441382986362e+03
-3.200815214242497859e+03
5.054788587942082927e+02
-2.286799619934125531e+03
8.975906025838372670e+02
2.190231740216626804e+03
-2.195642469835449901e+03
3.453363996787816177e+02
-2.391530644539735931e+03
-2.059357838987923060e+03
-5.216075932255951102e+02
-1.534228416092041698e+02
9.076491395889935347e+02
7.106203686521358804e+02
5.865957370596024845e+01
1.223203867530567095e+03
1.189001759084500463e+03
1.934417935563617220e+03
-1.291937488988716041e+03
1.301946945136937984e+03
-5.946684897581831564e+01
1.013620584319082013e+03
-6.292652188765987376e+02
-2.435780582277138251e+01
9.485763603997592099e+02
6.462595226563166761e+02
-6.870737118599981841e+02
8.533626941983666256e+02
-3.503818174695891230e+02
4.003134642710746220e+02
1.107510454029047366e+02
-1.270828295237567090e+03
2.237351582117932196e+02
-7.880186479570352276e+01
-3.298276455719439468e+02
9.408734070717646318e+02
-1.786725359183422142e+03
-1.616807045094565865e+03
7.870505339736415635e+02
1.474133673265416064e+03
-4.727260177221205026e+02
1.096850299761048518e+03
-4.697241527457740062e+02
-1.509237158839141102e+03
-8.375739613523247726e+02
-8.652315831276358722e+02
-1.071605142515361877e+03
2.844300725425191558e+02
1.213443836506020489e+03
9.894520832334158058e+02
-4.095232652783964795e+02
-3.397614847854876530e+02
-1.449924953274455390e+02
7.805896191786799818e+02
8.479861494522320982e+02
-1.187324897392498855e+02
2.238808198580751991e+02
-5.974594012852187461e+02
1.405524044087689219e+02
5.087487072228748843e+02
-6.404151187207917317e+00
-1.514502441604154228e+02
2.340341566184333431e+02
-7.128479665710912627e+01
-3.536480721197891626e+02
9.222378940974518855e+02
-1.037574689133184904e+02
1.644952414800987697e+02
8.710075650774747373e+02
1.035769969532252389e+03
2.085224150968576282e+02
-3.788928671219480293e+02
6.393190420479251088e+02
2.235033392701566868e+02
2.475109307900958981e+02
-1.564397219654869104e+02
9.857359590114408547e+02
-4.667960256773232004e+02
-3.391613267215665672e+01
-3.153278009853709136e+02
4.123098768376870566e+02
-6.760518805854492541e+01
-1.158185785480796000e+02
-3.822421061036335459e+02
4.943134229665362795e+02
6.338706659308576263e+02
-4.124905959641379809e+02
-6.965110112725864155e+02
-8.497395323710023263e+01
-4.428266912674013724e+02
-8.733029785151100555e+01
-5.541467901203153588e+02
-2.034752962559037712e+02
-5.162791688740969676e+02
-1.549605447632751805e+02
-3.061457116059864347e+02
-9.452501388629831069e+01
-4.031076402509917500e+01
1.613062272809476099e+02
9.181942296907311629e+01
-3.939604153112527456e+02
3.244200781950391956e+02
-4.280809991589846675e+01
-4.888201105468944547e+02
-1.759949704117655074e+02
-4.017430377399277859e+02
6.398834424983294156e+01
1.565526565433892472e+02
2.191881482772219840e+02
-1.366927254406961367e+02
-6.252156789429550372e+02
1.274433170136401827e+01
-2.029121017894052272e+02
-8.240134000722954966e+01
4.820406808775790068e+02
-4.156827454251849474e+01
3.604223303949726187e+02
-1.857696620937825855e+02
-1.277925172744502049e+02
2.972377318641883903e+02
-9.693840250642776368e+01
-6.545924337905358925e+01
1.895437319489137451e+02
-3.659136600738540892e+02
1.638386233542530022e+02
1.524836479571407608e+02
3.692246344506345679e+01
1.574982510860278921e+02
-1.422157371340397560e+02
9.945286013906290634e+01
1.074119698842735744e+02
8.260347289250651670e+01
6.302600980445322421e+01
-1.164835413595932323e+02
2.632959411857785881e+02
-3.119779331963329696e+02
1.544461605910904893e+02
1.066803329467584689e+02
-5.253267676925128171e+02
3.844159943446509260e+02
-4.713978358632656906e+00
-1.068559147715931772e+02
5.385902393892007645e+00
-2.548955639987982522e+02
-5.573599922682766561e+01
1.792827248707858701e+02
-1.457669587649234870e+02
5.239665718951584950e+01
4.158052106454336467e+02
-1.696229467921090759e+02
7.578436905323034978e+01
1.174017881721081267e+02
-2.120897547848953764e+02
2.047299823966484098e+02
4.558790235278848257e+01
1.059123316585444030e+02
-1.872850050358256908e+02
-1.450867418573533314e+02
-2.329533850535464978e+02
2.174362648356515990e+02
2.769267940732782449e+02
-1.868876943720960639e+02
-6.670697038663834633e+01
-4.464057466861904686e+02
1.565108788002473617e+01
-1.259466413927734862e+02
1.876168556467850124e+01
3.303009951959749912e+01
3.423632484306754122e+02
-2.412034024430562624e+02
-2.203848144455033946e+02
1.803407017615245138e+02
-2.209650332018757979e+02
-1.370491707537445905e+02
-1.956045846133328325e+02
-1.134604775985295078e+02
-3.622503156144958325e+02
-1.041513100628901753e+02
-9.845808255172148904e+01
-1.447137440007440716e+02
-8.757838857892600970e+00
1.173907421789433982e+02
2.647739968293491302e+02
-1.526097220253201954e+02
6.143532696579875108e+01
-9.771768495804296606e+01
2.065403839328132563e+02
-9.325022125576393250e+01
2.177831314409913261e+02
2.504524388566933339e+02
1.441447079411535981e+02
1.395346360311507965e+02
4.886071706249876456e+02
-4.423982110818351288e+01
3.855589779096403049e+02
2.098887974238594438e+02
1.961329783267933919e+02
3.714018968172091917e+01
-3.630741985720755238e+00
4.479817454835310286e+01
2.350923431218920143e+02
1.541548246466178185e+01
-4.975945367164140265e+01
1.037216492183992926e+02
1.318930804813700206e+02
2.294541929546252845e+02
1.726251458012120850e+02
-9.793234871092957405e+01
-1.137764485065239626e+02
4.814767533859239279e+01
-7.920688795447921393e+01
-2.752671720846398102e+02
-2.557000102697947241e+01
1.224865071872603863e+02
2.378985657809260772e+02
3.294868262080725430e+01
-2.464419205921399580e+01
9.629852660901356387e+01
3.527852872634637720e+02
-2.003144390541855842e+02
-7.980297921349922774e+01
3.728848484823748066e+01
1.436918937210722902e+02
-3.707184132620417927e+01
2.152537379443519683e+01
4.237697243513943022e+02
-1.962497265571039975e+02
-1.240581011727135063e+02
-4.217568544686192240e+02
1.778160119470304608e+02
-1.296399699458666817e+02
6.867961312559067721e+01
-7.075331488137140923e+01
-1.629448347369399244e+02
9.330111650699116410e+01
-2.312232955811809987e+01
-5.382294857744313532e+01
3.617458449289455302e+01
1.329167770813203902e+02
-2.531295661690829846e+01
3.166595814477584625e+01
2.112721020206967353e+02
1.875148675770565987e+01
-2.863820418478873648e+02
-2.461223569704293084e+02
6.622684635071225046e+01
1.733561767802544729e-01
-1.037441456002237139e+01
-2.556188186987700135e+02
-1.031317184367017958e+01
1.303571036777093468e+02
-1.698651683078229837e+02
6.944947777706327940e+01
-1.349365296451697702e+02
2.002348381517425082e+02
-1.937799032347938777e+01
-6.497543136247136886e+01
4.640046272385370685e+01
-4.815930050130953788e+01
1.760790660728656576e+02
5.568286231008950438e+01
-9.729675147337582075e+01
9.568421290895814835e+00
1.152928416605912609e+00
2.253160775922061099e+00
-1.015432898762530414e+02
6.467488327665817849e+01
1.389664985289680601e+02
-1.409664271198305130e+02
-8.649394677191480696e+01
2.872740716992268517e+02
1.615888668688440362e+02
-1.116621722331198896e+02
-1.082074622953065131e+02
-9.537454796940282620e+01
2.407287272905904274e+01
1.625780819242850583e+01
1.904964055833989676e+02
8.602454818467639086e+01
-1.874090419014613929e+01
2.538027600690992358e+01
1.576374482186058685e+02
-8.410210564893655771e+01
-1.204163468854663961e+02
-8.670680617310294735e+01
2.972097173677589410e+01
-8.998995568248804489e+01
-2.873181382095628322e+01
1.186309785742112410e+02
-1.134055915219117168e+02
-9.174482367444784359e+01
-1.183658792974650176e+01
-2.236370804704491206e+02
-7.382614541276045372e+01
1.300074509181444000e+02
1.619043385394132031e+02
