-6.649457852532211291e+03
-2.949540821121996146e+02
3.087171433074850484e+03
-3.978281993632501781e+03
2.433812512326313936e+03
-3.357986976049816121e+02
-1.986652853024264004e+03
-1.226608973864050995e+03
1.499416458510775385e+01
-1.014454662715858717e+02
6.065696902344544696e+02
7.338291705531331672e+02
-9.659963217261449131e+01
1.218782757551999794e+03
-8.631665720672374391e+02
-1.366707411147687935e+03
8.176473756872949252e+02
7.239434066461651582e+02
1.439306819136937065e+03
1.010722781578053429e+02
2.655568899153783491e+02
-1.319762867884494881e+03
-1.422957245061219737e+03
-7.581066598771234339e+02
-9.003271167672396587e+02
6.675455173694043651e+02
-1.723166181790195424e+02
7.307511168802700467e+02
4.885621282435802755e+02
-3.872535511858474138e+02
-1.726345020326484985e+02
-2.902831041369323657e+02
-1.481565422088111291e+03
7.636807676614807860e+02
-6.204420977307926250e+02
4.883876742326225440e+02
5.489263592319209017e+00
-6.584317588392696052e+02
-1.059839328691972042e+02
6.114844688726462891e+02
-1.103970741224569849e+02
4.138234316565410040e+02
-3.247590972065704591e+02
3.161720658503372761e+02
-5.063999560759176575e+02
-9.806769000291528471e+01
-3.987903218831557410e+02
4.174977404988850935e+02
8.867557144385688161e+02
-3.834691781376292852e+02
1.732405634043020370e+02
-4.793677723332832556e+02
6.501494631045430879e+02
1.672006574190941208e+01
-5.586405275615076107e+02
-1.166531331407024652e+02
-1.107919728631398584e+03
-2.108575128968288652e+02
-7.665204088825881854e+02
9.714813410531154148e+01
-4.246020725492027026e+01
3.135141432018309047e+02
7.526529457152641100e+01
1.997152526138097244e+02
-2.857088874610280413e+02
-2.296436879693679884e+02
4.739913192178527197e+02
-9.204464800437085614e+02
-2.483941189905140732e+02
2.625983468195106525e+02
-3.356772373667005809e+02
5.214021757885443549e+02
-4.154910924091876154e+02
-1.060453944686329351e+03
-1.456208053178981743e+02
-3.535800090792780566e+02
5.129466097268579006e+02
-5.433877592953264468e+01
9.453706320785713615e+02
-5.983072430467994991e+02
-3.816061418954033968e+01
2.712369050340892045e+02
-9.603528290770550768e+01
-2.304352198975379622e+02
9.333120397795811130e+01
1.186975346969909850e+02
8.380476914111136466e+01
2.332658648775237680e+02
-3.540933581920933193e+02
-8.444662503503507196e+02
3.203533602574334509e+02
2.159923013377416723e+01
1.715360618132328341e+02
-3.303654744175759106e+02
6.676664613189062436e+01
2.436573406321671769e+02
2.097262955753525091e+02
1.219943873905839808e+02
-1.891924909112681519e+02
-2.274548593629633615e+02
-5.426025450997620965e+02
-1.887547036914821064e+01
1.884551664950928398e+02
3.332025031073481500e+02
-3.195676937794694368e+02
-3.269040631715515843e+01
1.302904593566497340e+02
4.768779776890749531e+02
6.305177216677476508e+02
2.932316401494816205e+01
-4.143320792804363464e+02
9.059475095544208045e+01
2.663280958432795131e+01
-1.779668072892389716e+02
5.114941615349745803e+02
8.060699307048895434e+01
-1.334183846781970146e+02
1.652747073777061360e+02
-2.212751217137061417e+02
8.033288092257410540e+01
5.793375928502648975e+01
-4.572895946173584321e+02
1.272537190825104005e+02
-3.294673899444133269e+01
1.728479622894599004e+02
-1.284141089956778217e+02
1.292827546055353771e+00
-3.946905487778587940e+01
1.626425930925408636e+02
-5.834629074106044300e+02
-2.634304681043300320e+02
4.712658351695468895e+01
3.432618134604846887e+02
2.058557159033171047e+02
-3.395268290969664093e+00
1.509699626011183113e+02
-8.785283176362749202e+01
2.423999814114186790e+02
-3.510768725136066593e+01
-3.742893142003067055e+02
1.819406999284199600e+01
-6.168536957509528520e+02
-1.039628448934463023e+02
3.657973301185391506e+02
-2.516017674208719512e+01
1.951533471219833560e+00
-1.469391554153293100e+02
5.449990679222329248e+01
1.595236089985047556e+02
6.979314568350163484e+01
-5.512301706518790070e+02
5.120853247441794309e+01
4.537413570248548211e+01
5.606686077361995757e+00
6.305109094669021630e+01
2.412852171016233456e+02
-2.394838056158525035e+02
-6.812408591563486482e+01
9.086356168130413380e+01
-1.001242559990791534e+02
-2.020946610854957726e+02
-1.839818428888111441e+02
1.708195081469564514e+02
2.341421947681869042e+01
-1.153079041407816874e+02
4.159244797324613074e+01
2.080730923718435861e+02
-1.411518862270796149e+02
2.513057527109828584e+02
1.490663376097285777e+02
-2.850055275986193237e+01
1.205821491018574676e+01
-2.109138996206274896e+02
2.102989881418757250e+02
-6.360214503283295784e+01
1.951390910914376420e+01
5.193550042823149582e+00
4.630613355482491755e+00
3.586867664283640345e+00
-1.037028416638317339e+02
-3.738046007856529851e+00
6.185762525862848094e+01
-2.907716503287292085e+02
2.871220419057437994e+02
-7.312629253432064047e+01
2.223039097667094381e+02
1.020473328513557476e+02
-6.606498993097913797e+01
4.070044749119816885e+01
1.194930937952867254e+02
-2.776919353507422983e+01
-4.176459567431883357e+01
8.153510378295662520e+01
7.998599887760353511e+01
9.702870581687005824e+01
-7.600650445344140849e+01
3.234881172918384351e+01
-5.224019466645618337e+01
1.469553922068279803e+02
-4.911397681997153342e+01
-1.778371567972299161e+01
-1.984396881524075695e+02
1.783815443670336833e+02
3.959090944858355243e+01
1.524889371000572780e+01
8.844833016643424628e+01
-4.057966516558531822e+01
-6.590264620925185390e+00
-1.896279527475980444e+02
3.808041089729936175e+02
1.164243114262397256e+02
-7.082510144113575734e+01
-1.543799088143485108e+02
-2.022110866599820724e+02
-5.838370768000700650e+01
-1.242433290961986216e+02
1.369475226983026417e+01
1.624537341617057962e+02
-7.148437284504606737e+01
3.424626723989480581e+01
1.708277146046142434e+02
-2.226025712198753297e+02
5.489976333283177468e+01
2.385347947952386960e+01
-1.655400703841859240e+02
1.029998676679191476e+02
7.461232184199653261e+01
-2.207801762451241656e-01
1.118398893329902535e+02
-2.809444303202232049e+02
8.519398995505916616e+01
-3.128915287311545868e+01
9.050681063576310237e+01
-6.154079379542127981e+01
-1.052950296544902073e+02
1.935507028492414605e+01
6.087001698177628128e+01
-1.260909954224309928e+02
-6.073419006123488373e+01
-3.928006251117925984e+01
9.119486311392134326e+01
2.014759757820032462e+02
-5.160497980742516688e+01
-6.524755746992580896e+01
1.615215940983389373e+02
-1.684868407752457742e+01
-8.259953935367843769e+01
1.276885128443269224e+02
1.623827773084247497e+02
1.167702897392340446e+02
1.107755685556711285e+02
2.525652863394465442e+01
-6.324750386857657958e+01
-6.936251130213456406e+01
5.706652226831678121e+01
-1.041878748847343559e+02
-8.437683221192200733e+01
4.260362832334973859e+01
-4.798002897964417457e+01
4.499343491612668089e+01
-7.801366055661867449e+01
-6.637968586178440944e+01
3.549552267271880890e+00
5.867915049127612548e+01
-8.687366032252603532e+01
1.271991747402437625e+02
-1.319125652643752460e+02
5.800109104122397952e+01
1.441517175212058248e+02
-1.629132010143308094e+02
-5.908032207427461202e+01
-1.706057614851097082e+00
-9.372088067478182438e+01
-3.854953461812172577e+00
-6.668078919306937280e+01
1.417818029769687200e+02
3.068321534205259482e+01
6.105974302987483071e+01
-6.319451426060874866e+01
-1.445822540902092896e+02
9.726949659684369465e+01
4.324282849799404360e+00
-1.264908384086632651e+02
-8.708834869549301061e+01
2.315233388549670934e+01
-2.303652409020076419e+01
2.510811438586610223e+01
9.648523502003799601e-01
-1.807163715857073498e+02
2.851182314496011827e+01
2.265266309377956944e+01
5.854436194604718935e+01
-2.059727566898713036e+01
3.271778102409420796e+01
2.464605565070279170e+01
-6.145201262201925374e+01
1.263673349937965185e+02
-5.964448062504022374e+01
-8.897681127735859263e+01
-6.052868760784851077e+01
