-4.078865097957450871e+03
4.808748782349077374e+03
3.455765667575662064e+03
-1.490779451633010694e+03
2.121936835902091389e+03
2.157473635031863523e+03
9.536867903697277598e+02
-1.764308904033644694e+03
-3.140136006189418822e+03
-8.292632881620789931e+02
-1.845611353629124324e+03
-6.995512520324274419e+02
-3.849803286640369038e+02
1.271806618363869802e+03
2.644835862150643493e+02
-3.120755916148269193e+02
-5.138697120816331108e+02
-2.490110011711726088e+02
-1.588059186741354551e+02
-5.386515851144859823e+01
-2.425125262635454533e+02
-3.468887294297353492e+02
3.006349130267125247e+02
-1.400995467588958945e+03
-8.167742876215628485e+02
1.630699346750039695e+03
-3.401005497491391907e+02
1.807839290390984388e+03
-2.493421065683550637e+02
-1.877959054497538034e+02
1.968864946285795440e+03
-2.056142826770018473e+03
3.859149566495319164e+02
-3.869592572354747517e+02
-6.689113975596053479e+02
-1.045614685427263794e+03
-9.792364444345615482e+01
-1.210284871924145364e+03
1.675327914001813042e+03
-9.968237656602229890e+02
-1.423640199560229576e+03
1.091695123506455047e+03
-7.906258195762464993e+02
6.056245406212156013e+01
-1.012852282156005572e+03
-1.141019976063133527e+03
1.410131890140576843e+03
1.096045010255455026e+02
4.045092955766643854e+02
-7.845381992962987550e-01
-3.907453242251348229e+02
7.044528722458849757e+01
-3.881703225276260127e+02
-5.188358349242377017e+02
7.464324404549254268e+02
-6.464010295377252646e+01
-6.287619543682662879e+02
3.956299658925468066e+02
6.918624970940115873e+02
2.344370233624907485e+02
5.508105711029910481e+02
5.935804716008088917e+02
5.267342147504432432e+02
-3.997193229808997330e+02
1.262998001951428250e+03
6.599605148696969081e+02
9.737508573218716492e+02
3.362235452104416140e+02
1.013062540186764267e+02
1.484358999833407324e+02
4.708867302857498771e+01
1.108180713499578047e+02
4.681854174419083847e+02
2.246353212349882824e+02
-9.011734122299676528e+02
-1.588207691568536575e+02
-5.617065260255988051e+02
5.180806714835268849e+02
6.487457498815599877e+01
1.070034316437750590e+02
2.169380268477034335e+01
3.344056685497008630e+02
4.613082866334007122e+02
-6.727471276352381437e+02
-6.993255656789253862e+02
1.446186976818807182e+02
1.532819751024712502e+02
-6.465869077561710299e+01
-2.133506739832006360e+02
-4.708571017575924884e+02
1.698101567804441103e+01
2.997621875729427074e+02
1.162162835249543491e+02
-8.211896601501076987e+01
-4.343662787036248574e+02
-3.531192678607296216e+02
3.038348280885792292e+02
-3.752241095481953153e+02
-2.806557406315587144e+01
4.165596129791356361e+01
5.536195355675773726e+02
1.634113615054945114e+02
-1.894573991891594460e+02
-9.786421515149507400e+01
4.046936547055665869e+02
-4.806896111348914928e+02
-1.872060485318866085e+02
3.702829850176146920e+01
6.015741280340721175e+01
-5.167189990456047610e+01
-4.156485896986166608e+02
-3.649944684178908005e+02
-1.465357102285903466e+02
3.539507830778712449e+00
-1.906880190259963115e+01
4.105516002341781245e+02
5.283787418723294422e+02
-3.884997338965084168e+02
-1.649744701863585590e+02
4.032867986704447389e+02
3.829352411587764777e+02
6.526741568162749445e+02
5.731087985016648645e+02
-1.176230622595586794e+01
5.832854149776962913e+02
-4.219241274844076628e+01
-2.564354450925288802e+02
5.111059205847405451e+02
2.074164066860824676e+02
3.128547890447997588e+02
-2.187839011226830337e+02
1.511093832233532567e+03
3.202829820701143149e+01
-4.713427913844973887e+02
4.288386188177240115e+02
6.178362821146670285e+02
1.083902939667339496e+02
-3.024741517208218511e+02
5.625876289646717510e+01
-3.194386644499889272e+01
1.840172753364579137e+02
-1.858730425046723838e+02
4.929058042479824167e+02
3.062849821973521216e+02
3.775399485731598475e+02
1.217719289641459994e+02
-5.637239547072003916e+02
2.477643056721503534e+00
8.842619825805842311e+02
9.509034582462273022e+01
1.900849452063112039e+02
-2.451590605009846158e+01
3.983909606868512014e+02
1.569795072789505923e+02
-2.692159630552720841e+02
3.424738941665263070e+01
8.425409493470340294e+01
3.880671274966567239e+02
6.589885558628155593e+01
-7.971694249909508017e+02
5.421811261378597919e+02
1.826956201542488998e+02
3.207931781186007356e+02
-3.993601815345514296e+02
2.521353855095054257e+02
-3.604199204870325275e+02
2.632083096085433027e+01
1.311899569023951244e+02
5.852094134095035542e+02
4.249575548571735908e+02
9.946188456015455870e+01
-5.019977115123803628e+02
-7.417307339206106462e+02
-5.892282320974875347e+02
-1.111615453001752059e+02
1.488128335462597249e+02
2.462110983886924203e+02
5.403557182982286804e+02
8.979987663014965449e+01
-1.951405628992737888e+02
3.755453900114119961e+02
-1.464506120008603887e+02
3.781213991876033447e+02
1.907820065634486753e+02
3.402546279993747476e+02
-2.357150980638632234e+02
3.774038805388995570e+02
-1.126556227614117489e+02
-4.023988297693364871e+02
9.275868418576267516e+01
3.327004671911940363e+02
3.439305227970489653e+00
-3.489888955032598119e+02
-2.318213241178165447e+02
-5.575182682129637968e+00
1.364691230927149945e+02
-5.330875818594046223e+02
1.154374005743152907e+02
1.608126487272498366e+02
1.261840454128592626e+02
-2.975647891701261187e+02
-1.647003663806565328e+02
6.487245999576989561e+02
7.102988829297309792e+01
3.506586264927234993e+02
1.603525951376863361e+02
-2.337380418003056093e+02
1.985918304738410711e+02
-1.758637148026180910e+02
2.858900543663265239e+02
-1.459054266427231994e+02
3.127697816182819679e+02
-3.151090754607081976e+02
7.217751157504181059e+00
-2.710455102253476980e+02
2.602135856419686206e+02
3.282818295031058398e+01
1.227889727502046213e+02
-3.907036414393883206e+02
2.654151820270059261e+02
-6.116735033755501263e+02
2.226497287221564818e+02
-2.821164151916481728e+02
-4.449975137285798041e+02
-6.916144307835550364e+01
-8.822452616651977451e+02
-6.033503924120259398e+02
-3.539880227908494703e+02
-3.803383459401491109e+02
-2.114401609507971500e+02
-1.985837362333028295e+02
1.343903073499060667e+02
-2.777904288712361449e+02
-3.456697273038984690e+02
-9.749303071468295911e+01
9.653160571118246480e+01
-3.865624621026763634e+02
-1.060445110300276639e+02
-7.973119275487111679e+01
1.857420022717359132e+02
2.162675560498787775e+01
1.997468998668490769e+01
-5.968839011310670912e+02
-6.214016416920750316e+02
5.127362957294744916e+01
3.064279280913876278e+02
-3.044920671991417862e+02
-2.825253639090956312e+02
-5.295840595429306177e+02
1.216577573518135011e+02
3.104966534096544137e+02
6.245261038180024116e+01
5.788458036304236884e+02
-4.422293970513446482e+01
3.571389233749081882e+02
5.191705234678160252e+01
-3.486400140368466083e+01
1.408102626605509897e+02
-3.329149517432518905e+02
3.032637250824566308e+02
1.370716805638011238e+02
2.152414832920713934e+02
-3.877376304226099819e+02
2.892759286623880826e+02
7.877466727299753302e+01
1.263999652988061513e+02
2.523270567781501086e+02
4.810947346007212673e+02
9.079684344747256830e+01
-1.940977239832006207e+00
2.830314707379442325e+02
2.138685703340379689e+02
7.179074288638433643e+01
-5.548116093458285150e+02
3.999823910548199990e+01
1.501152613637846684e+02
2.472748286412159757e+02
3.767003003264520089e+02
-3.600050506209454966e+02
-9.286452063488233932e+01
-5.140965014473694055e+02
7.084360859144456981e+02
4.159099006098561091e+01
1.299813733023903808e+02
5.135175091679204940e+01
-2.692583100125513624e+02
1.849391211448896399e+02
5.347168349800840303e+01
-3.386806270460949122e+02
1.001745702200188930e+02
-3.497780602829876671e+02
2.407578363978316816e+02
2.302443691218263755e+00
-5.969135791540686853e+01
2.222939175728342605e+02
-2.396612115935992193e+01
-2.276967806543856625e+02
1.115219846557329362e+02
-4.902266982974758207e+02
1.151229665893924619e+02
