-4.846118819403754969e+03
3.500347337457378671e+03
3.238735250987731888e+03
-5.505118567113306199e+03
2.011909019813028635e+03
1.405478032168131676e+03
-1.212576699139160610e+03
4.029826163227145344e+02
-3.711248184888137075e+03
2.455313480908894235e+02
-1.192341191871479396e+03
-1.103623228701428843e+03
2.907900994211956345e+02
1.429214508149487756e+03
9.491223990901473826e+02
4.935595053461706243e+02
-2.876920636803615139e+02
6.734788665553305691e+02
-1.939628649597787202e+01
3.690292343852330532e+02
-8.630882855880871602e+02
-1.548303384692365626e+03
2.339339842849163631e+02
-8.330846927653960847e+02
-7.479604601941401825e+02
1.468266082268861510e+03
-8.841161808876891826e+01
-2.241008300717185762e+02
-3.160310313644642122e+01
-4.636436122752412530e+02
1.713255749158064191e+03
-2.114285120039667163e+03
-7.145659028742059036e+02
-6.045517237119586298e+02
6.611301945739868415e+02
-6.601650599270407156e+02
-1.870195676980384007e+02
-8.249172203267969508e+02
7.772124999496226110e+02
-4.011606932933178769e+02
-9.587909611614920777e+02
1.129270726343168462e+03
-4.982430944459413240e+02
-3.395141661954210690e+02
-9.693448982312457929e+02
-7.584889933287423673e+02
5.260401669812221144e+02
-5.796552816882451680e+02
1.000420218102394898e+02
-5.400168267104112374e+02
-1.433219101775282809e+02
3.643263392664099456e+02
-2.887355928650591750e+02
1.344635693758633295e+02
3.725903822263636016e+02
3.475543824953825265e+02
1.246981586110913440e+02
1.405308875207840913e+02
4.604743258409215514e+02
-4.647745184309933961e+02
-1.055505645367193956e+01
-9.235418655259145737e+01
6.872740164980684767e+02
4.529074836733191489e+01
9.365808985869684875e+02
5.674018597104048922e+02
9.306361806014081139e+02
-8.576428911342691208e+01
2.529620099172039431e+02
-6.736773056768807777e+00
-3.856086970393365050e+02
4.634339934625953674e+02
3.014802720185446105e+02
5.134921928785153256e+01
-6.285765066303739701e+01
7.892930546737109125e+02
-5.271963841387840830e+02
6.515264703108224467e+02
-1.135499998773318993e+02
2.184270140866656220e+02
-1.079874801583021693e+01
3.163506405819372844e+02
1.089794164448137082e+02
-3.418271660426530048e+02
-2.886748757226069984e+02
2.700126077638365132e+02
3.740223149259135198e+02
-2.733245648230430902e+02
-4.303248501508873005e+02
1.292457058099331277e+02
-2.676332920703190155e+01
9.213594013372227209e+01
-8.722160733236320596e+01
-1.309335106932737460e+02
-2.325962103013862361e+02
-2.924737893852021102e+02
3.838135242300915451e+01
-4.450308375017010007e+02
-5.800064184438126631e+02
-2.190429583767607937e+02
5.152166675911340690e+02
-5.181834363728474813e+01
-4.891423709812297602e+02
-1.705763178122764145e+02
-1.111583460211872705e+02
-6.521542700937775408e+02
8.599116892047562999e+01
1.227832433320357524e+02
1.390426541364808344e+01
-2.195476535513548981e+02
-3.447684987701127852e+02
-1.094683918909480127e+02
-6.373467123343516505e+01
-2.537995489248529850e+02
-3.878870931272354596e+02
-1.133644799684280429e+02
5.202501632696835259e+02
-4.597404768045215917e+00
-1.647473911179079664e+02
4.128081922052694495e+02
2.059639375370161929e+01
3.472604317654964916e+02
6.245610451690947684e+02
-2.275267270496816252e+01
4.146484004063578368e+02
2.695779040803347471e+02
-4.015078472481895346e+02
2.263925628006034287e+02
2.591601248603605541e+02
1.276328725896991187e+02
-3.133915924963251314e+02
1.148859705462794636e+03
8.066806487012998161e+01
-4.146681115326196050e+02
-4.133745788347884798e+01
2.601947135650701739e+02
-2.781903074834189624e+02
3.596734810558116635e+01
3.419592586250599879e+02
8.577023086693934317e+01
3.293207125004976774e+02
-3.070163385688469475e+02
5.211687647070218645e+02
5.395937817454076821e+02
2.616920107470311336e+02
4.178868024887015054e+01
-2.620697442599618512e+02
-4.801362515903961992e+01
5.132409058690028587e+02
-2.031281386136327853e+02
3.023645961583209782e+02
-9.005693448987322824e+01
2.789822995216717914e+02
5.284956027392897795e+02
-2.877524990212961598e+02
-1.599226120587385935e+02
3.043975761043851662e+02
3.466934110638517836e+02
-5.410157155279129171e+01
-5.975455112162247815e+02
3.119165126619787998e+02
6.068698356763591306e+01
3.107988051157572613e+02
-2.057384179790504106e+02
-2.994625621743761812e+01
3.476087470000346968e+01
2.227391234558420194e+02
1.802933283649066709e+02
2.815953686848977782e+02
4.828791933091551982e+02
4.474055661435037479e+01
-4.790197033817087799e+02
-6.522787058070895228e+02
-5.179284078985106134e+02
-3.261695170023094903e+01
3.081558185011809314e+02
5.481918519087033559e+01
2.913021749185185172e+02
1.530543650555784438e+02
9.691448000547039499e+01
-2.011120293802235537e+01
8.995567353836504765e+01
2.394463664594101147e+02
6.139609908756682444e+01
5.013322919841932617e+02
-2.482425967017121877e+02
3.128928253136423905e+02
6.051792337095928787e+01
-1.982924695037166316e+02
2.652027961014339326e+02
8.588274848124832772e+01
8.600797052204811166e+01
-1.830360006407777291e+02
8.261951477743936323e+01
-7.495772778897706701e+01
-5.121973267909072547e+01
-3.395143731955309931e+02
7.161973762739640392e+01
4.339871438580154006e+00
1.497197433031224705e+02
-2.675024594347624998e+02
-8.553843879219121504e+01
3.277821367005408320e+02
3.734626047971513430e+01
8.385696885017685176e+00
-3.748231493846570572e+01
-2.718660185367037911e+02
2.356894756839374452e+02
-1.572306059086505172e+02
2.829231198567107981e+02
-1.770927711101018360e+02
3.631324808449546708e+02
-2.063414301431221531e+02
3.859610928792944406e+01
-2.480467972172084501e+02
1.716731516850081789e+02
9.603025131659548208e+01
1.740581509814921901e+02
-4.203781239602142250e+02
2.594910669299321171e+02
-5.463059205903474549e+02
1.934035838438363157e+02
-2.146210341926732497e+02
-1.501882226823445876e+02
1.481989286060048627e+01
-7.797861880420105081e+02
-5.168984987019031223e+02
-3.528940960999032086e+02
-3.706944777184967847e+02
3.810077729907914801e+01
-9.561628281004523444e+01
1.388238701464081828e+02
-2.056046061110910443e+02
-2.671295683301370332e+02
-1.194842274828198754e+02
6.194482670323377249e+01
-2.890939308659258700e+02
-1.132400733061225537e+02
-1.279628800573534733e+02
2.232808327982441199e+02
8.496661485703759809e+01
-1.572458355702006259e+02
-2.516966408549749872e+02
-6.303233677931664261e+02
3.367199526057920878e+01
2.826626612346952356e+02
-1.583313225839982294e+02
-1.221910444981305801e+02
-3.608891584019584116e+02
1.110233254615607308e+02
3.703791678324919872e+02
1.155013109790313308e+02
4.381387367508759780e+02
-1.838473192912140419e+01
3.340338777397965941e+02
6.820953439761424875e+01
-1.986305960609011265e+02
1.098706794975592942e+02
-4.347587844671950279e+02
2.631821922958438336e+02
5.331921534303820920e+01
4.615904415352812862e+01
-1.728233222339129611e+02
3.206594585210536366e+02
1.578363561533778352e+02
3.714372364694255424e+01
2.897396419446105256e+02
4.405697643298447019e+02
2.970617949479286679e+01
6.622410666795744305e+01
2.907283206244589451e+02
5.269043273891800538e+01
-9.240607677426498867e+01
-4.505493484170111742e+02
4.101370862782398774e+01
2.433310988964139554e+01
1.145557175737000364e+02
2.503368334221239024e+02
-2.879351653798719326e+02
-1.227944774942166077e+02
-3.165477349532457083e+02
3.167023619098931135e+02
-1.283715298802324689e+01
4.664288565485026083e+01
-4.842372356833340064e+01
-9.673176928256856399e+01
2.760492008741346126e+02
4.432001706700557975e+01
-3.992674627112691041e+02
3.425640542329919924e+01
-1.534885592469335904e+02
1.483838311900112217e+02
-1.367086941928895527e+01
-9.991769537013718150e+01
2.245816607813350743e+02
-3.710020892745504284e+01
-1.766258137343606620e+02
7.340985097625637934e+01
-4.009315201941811324e+02
1.123145727978676405e+02
