-4.649944262092827557e+03
-2.290263855013145076e+03
-7.459924965246178772e+02
5.949206131857272339e+03
-2.315193536739190222e+03
7.992429657884013068e+02
1.317341058879564798e+03
1.369789163684872847e+03
1.491789458127365833e+03
-5.767970317413992234e+03
-1.526930390834885657e+03
-2.016941445337199411e+03
-3.560233556401118449e+02
1.741692088294982341e+03
1.186729571341869359e+03
-8.133942397475993857e+02
2.104158075493295200e+03
1.901399435981781380e+03
-3.465123153057692889e+03
6.094024459918782668e+02
-4.258830679912797677e+03
2.493338185815921861e+03
-6.205199757176989124e+02
-3.343475010075700737e+01
2.145205090073803149e+03
2.399544983944158957e+03
-3.553577669853398788e+02
-4.888082899996730930e+02
6.705486826733307737e+01
1.568040352214785344e+03
4.950656330252771227e+02
2.682730980774273917e+02
-8.357821112519180815e+02
-1.216279941254867481e+03
-2.265059145706649360e+03
-1.122660638036343471e+03
3.834462005446997068e+02
-1.174384441463207196e+01
2.787976824416237491e+02
-2.308468423321457522e+03
-9.926206731656806141e+02
-6.228458103981661225e+02
-6.590079482065002594e+02
-1.133516607114754152e+03
-7.966066444578679295e+01
-8.040692995144254382e+02
4.044328722909742737e+02
-1.345546459187274024e+02
-6.115304304742405748e+02
1.277704853324475494e+02
2.480315129560424339e+02
-2.137898163685454620e+03
-1.072362038502421910e+03
7.956856119845989497e+02
-9.551563207088357785e+02
-2.163072380889569558e+03
-8.290910532937116386e+02
-5.644358559767247243e+02
9.604555247353860068e+02
1.903779573752157376e+03
5.267357808877064826e+02
2.612283167756599482e+02
-4.394694701617800661e+02
-5.184229914607295768e+02
8.957170421694023332e+01
7.398931601981115591e+02
5.063689984129231902e+02
4.640786021996905788e+02
-3.013945537279333280e+02
-1.170706972429176460e+02
-5.735076035133027972e+01
3.159234324758225512e+02
5.047103663913325988e+01
1.802926742316820352e+01
2.756182234570316609e+02
-2.373427032218364161e+02
8.189167985609661855e+02
2.114773737530485107e+02
5.250179547332706989e+02
-5.895236799741463756e+02
-6.165878956472711252e+02
1.212580200785684383e+03
8.621844949743959319e+01
7.840634216047274094e+02
-2.593117312519322013e+02
2.869926496770497124e+02
2.431835744925888605e+02
-9.512870154058555272e+02
-2.091426046760352051e+02
-2.614988323783645114e+02
4.075545353229098282e+02
-5.036096941797582076e+02
-1.275469753112539877e+02
7.254789965690451936e+02
-7.159861858718920757e+02
3.636511869528143848e+02
-1.919979051874257081e+01
-1.424091316446074700e+02
-2.988727789269440223e+02
-3.474578381098028501e+01
2.778209308076092725e+02
-1.974195185952281406e+02
-1.928178086838660477e+02
2.512954338972598407e+02
2.628042177310105103e+02
1.273962907220195859e+02
3.493508745153249606e+02
1.141819780861706164e+02
1.360939635488061015e+02
1.458640125876621596e+02
1.501177128929195703e+02
-2.979851213456531127e+02
-4.007142777685118631e+02
3.870128117058485486e+02
-1.425848889789135114e+02
2.622821413534618955e+02
3.024787392188333257e+00
-7.235811948683135597e+02
-2.455727604864230500e+02
-3.803623354089241957e+02
2.226245538420326682e+02
-6.032373784219731760e+02
-5.745619499094513003e+02
7.815224069915821019e+02
2.118674489569749255e+02
5.328304603645392490e+02
-2.341548855119040695e+02
-1.142108175984180889e+02
-8.692965659297212255e+01
-4.272910953209980711e+00
-5.188369183891066996e+02
2.052024782605173527e+02
3.692475526133117683e+02
-4.505868716777417262e+02
-2.015926281589439668e+02
-4.309222643834321786e+01
-1.594590367397408670e+02
-5.320346698489780692e+02
6.973828672514439120e+01
-3.405180276870211173e+02
1.726461967300994615e+02
5.064675051732341160e+01
1.435760056850201352e+02
-1.672823833059006517e+02
-3.351513954805434423e+02
2.274576175429808700e+01
2.367287251953851523e+02
-3.135187392906156134e+01
-9.614800920425078345e+01
3.910114489291951401e+01
-8.892457906153094171e+00
-1.857337558816147123e+02
3.591543037635705815e+01
2.614645820797066449e+02
2.157041224537937580e+02
-3.386307428707895895e+01
3.900221710120930538e+02
2.001169768879574651e+00
1.616982826571801866e+02
-2.181805883898254592e+02
-3.678229888181738261e+01
-1.401533228581990329e+02
-9.253485263137142169e+01
5.164596337005691140e+01
1.935752449934460060e+02
1.081945225087723230e+02
1.026947332888165221e+02
-3.612331061216592616e+02
-7.224657602451425191e+02
1.750628374093749358e+02
-3.756632803552242876e+02
-1.390637641193415845e+02
1.586067838991945678e+02
-4.827429510313760375e+01
-8.173631903721299352e+01
-4.562079173530552367e+01
3.052344613323398903e+02
4.628858588768185882e+02
-1.262244781535589944e+01
1.299976671046283059e+02
1.540868195642172225e+02
-2.837972971785947607e+02
-3.487912795751290673e+01
1.356134921866401442e+02
-1.539535691058359532e+02
2.165361908115234542e+02
1.682872185129270122e+02
2.819466121918171666e+02
2.643625548762395638e+01
-9.300847075797770458e+01
-2.091165477606961431e+01
-1.628622839102115165e+02
6.677773988060289412e+01
1.318027337048422396e+02
1.744245556090210769e+01
3.598964848922023521e+02
-2.824683864832599625e+02
-2.189775991251956100e+02
2.195380914036341125e+01
-1.988028257470734559e+02
5.319312266591902727e+01
-1.776616722191200211e+02
2.117861052232892689e+02
9.769425905496007090e+01
9.241858328145265489e+01
-2.007328419337333614e+01
2.037087807817607654e+02
1.625594297364839917e+02
1.725936478496197779e+01
-3.034642584767734519e+01
-9.867432900662966233e+01
-1.555659994449970895e+01
1.849751058323546147e+02
3.403621727544570064e+01
1.155839901159500371e+01
1.988326052525676602e+01
2.004980503728748999e+02
-2.663332904711286915e+02
8.303008498914373092e+00
-2.447302667333601107e+02
-1.609146196140812224e+00
1.101142092322972843e+02
-3.468494938936292016e+01
-2.043356040186509688e+02
7.956796989331384395e+01
-2.049573808525006768e+02
1.207178771058724323e+02
2.857282319236890089e+02
-1.812395523264998758e+02
1.524323177335838153e+01
2.230718612105375200e+02
-1.741014748877874752e+02
9.697039157818880994e+01
-1.965226552791632457e+02
-3.615968398102220362e+02
2.610170196472937505e+02
4.128341792057074144e+01
1.308384282006680337e+02
2.416664593348633971e+01
1.098986245450233099e+02
1.680590163613912864e+02
1.479379609153718604e+02
-2.361467320342468383e+02
-1.004094762036200308e+02
-1.348098868033306417e+02
6.529341392348955253e+01
-3.320102575505562186e+02
6.320348640718644617e+01
-3.192391803183053156e+01
-2.628723963048687438e+02
6.997648218449758417e+01
2.141692916648115101e+02
8.632875178725822707e+01
6.848067025990057743e+01
1.902871030850057821e+02
-1.734425497627381407e+00
-8.641991060985068884e+01
-3.386574054799017830e+01
-1.826256145030476929e+01
1.244871470001623663e+02
-4.973101867677253551e+01
1.566776373264264350e+02
1.320353989885400203e+01
3.172631781811227825e+01
-4.300159038304509096e+01
-9.073656387821451119e+01
-9.277540601916249852e-01
5.923111791365567314e+00
-3.309261593291157322e+00
-2.439872531196058958e+02
-6.268225879486348617e+01
9.057200893186772817e+01
-1.449595981710263288e+02
1.022354263813997335e+02
-1.351922449004254929e+02
-1.538933406406210622e+02
6.539763542311055744e+01
-8.429220629890824767e+00
3.236664691531858296e+01
1.601235216435821940e+02
1.508425112375103083e+02
-8.562667269231248213e+01
2.002113854624009548e+02
-1.036521885431480143e+02
7.841132039756902827e+01
-1.370948175636702047e+02
1.611383220173238726e+02
-1.270200588535507222e+02
1.957000553572564172e+01
6.756108686049373091e+01
-1.345021986479545149e+02
-1.030638414743430218e+02
-5.690327811254558554e+01
4.022600461649548720e+01
-1.463882099224741884e+00
5.636256623968128565e+01
-2.245746549431260064e+01
8.509497487501857904e+01
-5.783242059290002857e+01
5.406310579588625131e+01
