-4.557757825796580619e+03
3.325395507607321179e+03
3.405833403298440317e+03
-9.839100962009187015e+02
2.994276013627109478e+03
8.405904431032399771e+02
2.150538071004503763e+03
-9.200108236034803895e+02
-1.740853806159826036e+03
-1.085923532646030708e+03
1.689191658865291288e+02
1.039172917401722088e+03
-4.900131623982931046e+02
-2.923816177342299625e+02
-9.451062477847644914e+02
-1.001451202253230917e+03
8.650170343178513122e+02
1.221159102681465356e+03
1.294495554664871406e+03
2.369740642011849161e+02
-2.097444835743941667e+02
-7.807240795915306535e+02
-1.211461969917327224e+03
1.235768562298942925e+03
3.264249239518016452e+02
7.992272746326309516e+02
-6.895788282843697061e+02
3.485292546218008169e+02
-1.234584041596934412e+03
-5.440819277502491786e+02
-1.403738268615514642e+02
-1.194657091502848061e+03
4.903544358773229419e+02
4.763803697047207493e+02
3.135389010438809692e+02
1.336839009949374713e+03
2.845705925756554961e+02
-1.539407298782705766e+03
-1.379279276835089831e+02
-3.734269870492629479e+02
-1.275036992812626750e+03
9.110510682042299777e+02
7.368985782692318480e+02
-4.921748960014659247e+01
-1.581457614859556315e+02
1.485146856162687072e+02
3.324589471191005714e+02
2.127011660712092009e+02
-9.580834111234324268e+01
-1.146527701065655265e+02
-2.916858314216151484e+02
-1.541815279036848096e+02
4.001000427352259976e+02
7.917411659186799398e+02
-3.502898329895991196e+02
-3.413659512973686105e+02
-2.694222538267572418e+02
-1.005088863102883238e+03
2.554151619195728813e+02
4.138218155934799825e+01
-4.679069725417491554e+02
2.693836915874252895e+02
5.855868172928695685e+02
8.637050705290727137e+01
7.392905383560946575e+01
-1.304683226043312914e+02
1.404290553485870419e+02
-6.236612286971792685e+01
-9.031046403240553389e+01
1.358422850082035609e+02
-3.422500374323789742e+02
6.284544614047117648e+02
-3.158487234087797901e+01
-5.349617128540734257e+02
1.259818835870970588e+02
3.157508955673866922e+02
2.480291733757403279e+02
3.700205072220288116e+02
7.509588451407306593e+02
-4.055959561875379791e+02
-1.740161875408864489e+02
2.198891279531613066e+02
5.298624356724750442e+02
1.833293403169603835e+02
6.868415958994776247e+02
3.535872799175630803e+02
2.932257251469651465e+02
-5.938315259785590428e+01
-5.456614500292172352e+02
-5.576769908908112257e+02
-4.890898090350154916e+02
-2.744313907544433846e+02
5.586704430641245835e+02
8.500044483560687070e+01
2.388891845382421479e+02
4.901108655381369203e+02
4.947889217344805957e+02
-4.331025433082546101e+02
-8.074892796604198963e+01
9.766954031445841622e+01
-1.050696420485086122e+02
2.605424048467679654e+02
1.229893530391313163e+02
3.411688783755512873e+02
-2.982409827942876746e+02
-6.147451952907204031e+02
-1.243435158073122722e+02
-2.115935457074137958e+02
-2.072204322296557564e+02
1.475908234746974586e+02
-3.768656028131014750e+02
7.316303681883695731e+01
-5.304200149013531274e+01
1.949939697975482602e+02
-1.632232341148059334e+02
4.419068903251221059e+02
-2.808410100448082858e+02
1.267776337482550275e+02
4.786054835858506635e+02
2.603246156344843030e+02
6.511414026579369363e+01
1.883338034838331509e+02
-1.158761289131870456e+02
3.728614687167399779e+02
-2.448634690125785163e+00
-7.141364926535688085e+01
-1.433674923732296236e+02
1.125623407749018412e+02
2.863982783847679343e+02
1.929581152119548619e+02
2.118481144589860321e+02
1.959744323005633646e+02
4.065700513473259292e+01
-2.961484200604231773e+02
1.151776735332362449e+02
1.000896056540521499e+02
2.151436391492868836e+02
1.827583498517911096e+02
-2.516739223199767252e+02
1.028584659790446807e+02
6.367163973281791556e+01
-1.780797100329123168e+02
6.978565596708476448e+01
-2.422353442776810937e+02
-2.778062957789645111e+02
-3.862496892067476892e+02
-3.579015417762063294e+02
-8.214072057506656677e+01
1.335499225249488973e+02
-9.788105248621103271e+01
3.979437280590873343e+02
1.200960465460525128e+01
2.117711527427627871e+01
2.746010060124491474e+02
-4.517548701808085099e+01
1.764060276230632667e+02
-1.009350709578223473e+02
2.495951833685990664e+02
-1.750999708641746793e+02
-6.269157548787186585e+01
1.244281703003746173e+02
-4.309968416532759861e+00
-2.098141994621164486e+02
-5.064679793626292508e+02
2.736975671939366634e+02
-9.751165437448077000e+01
-1.106352956648065629e+02
1.077396927820112325e+02
2.708136443665345610e+02
1.372506195994427856e+02
1.265212899085585860e+02
-1.739151814510512111e+02
-5.993557171678909867e+01
-2.962731280568076500e+02
4.195550411488300568e+01
1.618216849781805990e+02
-1.867386714330336019e+02
2.468198720700225408e+02
6.621366553213911175e+02
4.276461764859082848e+01
-9.263065526499872249e+01
3.054967835815331796e+02
1.054197652357260466e+02
-2.240283743762111044e+02
-1.470447762863758214e+02
-9.337188521731253843e+01
-4.638670858355188642e+01
-2.697998619758454311e+02
-1.413563489253982084e+02
-4.298040075619942968e+02
1.284188834163389288e+02
9.776348051939197603e+01
4.269628416750566657e+01
-1.811357410350292412e+02
5.686192307666693324e+01
-5.359490948437465363e+01
4.424969832070609677e+00
2.307515413559696356e+02
4.286558083578669454e+01
-8.210106206942967333e+01
-1.463287494566689304e+02
1.020561006141833502e+02
-7.109797976712086154e+01
-1.730635988278185096e+02
9.676089934888015875e+01
-4.690248107725136606e+01
2.102896568214535193e+02
1.594761268719888676e+02
1.144596047260767335e+02
7.053959584628568535e+00
3.772880461314707645e+01
-9.228548005591871828e+00
1.169313309819701487e+02
1.432527804134474536e+02
-3.296507356993931381e+01
7.585022392480307474e+01
1.003088746420704780e+01
-2.067445647680866614e+02
-7.789666804787276533e+01
-9.477309605063808817e+01
-9.174979734482724325e+01
9.839388090439321388e+01
5.904011176456626231e+01
-1.873399864981618350e+02
-1.060576868544748521e+02
-1.569572978813645818e+02
-2.511273060817296621e+00
1.631752050453038549e+01
-3.193558952609559398e+01
-2.854779122231980892e+01
2.838105714188644768e+01
1.821213370299756491e+02
-1.057954361896396023e+02
4.233152116520054165e+01
5.304955060193410787e+00
4.774184928153620433e+01
-7.765358712885026193e+01
-5.413817453570488425e+01
9.563568044335782758e+01
1.236271750264213551e+02
3.220715116158753943e+01
-4.929309364530734427e+01
-1.065001856793795696e+02
-2.376573359133219867e+02
-1.418812247753327505e+01
7.000041682449821678e+01
6.400024208264288461e+01
-2.033756266902974232e+02
-1.548963215986489672e+02
-9.189163592092855026e+01
-4.135413351525171066e+01
1.176202587063382765e+02
1.059072086738885332e+02
2.268054379344980021e+01
-6.572085469181106987e+01
1.423955851817620157e+02
1.288733911046218736e+02
-2.381331739317286349e+02
-7.875135230443447654e+01
6.225674193809343393e+01
1.073128412018517679e+02
-8.393540534044487345e+01
-1.010842714096088457e+02
-1.925096227359477723e+02
1.912348229384930960e+02
-2.148350069819505848e+02
7.282866051875910784e+01
4.022401388177929249e+01
-2.073974485658251865e+02
2.127269006768022308e+01
-4.732537820635022996e+01
2.387360016147331976e+01
1.496140840910631766e+02
-7.733247604999428404e+01
1.356988730055822678e+01
-6.533928059238709807e+01
3.964086325982731296e+01
8.868548907635771172e+01
-2.016552682963246923e+01
-3.585847737286627535e+01
-5.595113916472482174e+01
-3.067487547833843919e+01
-3.016314931821041512e+01
-1.347387529516186930e+02
1.665849532904791541e+00
2.066118320410746634e+01
-2.847981244768297771e+01
-2.399722700721552471e+01
7.656590785565892077e+01
-6.132523980269656505e+01
-8.783476666282460599e+01
-8.221244358708563027e+01
9.272778791868660164e+01
-1.887177399202868422e+00
1.757333212852791604e+01
2.071208381205858871e+02
1.778081444711952130e+01
-3.539918607733336842e+01
-2.353605949065981306e+01
8.609025709502765267e+01
