2.458097347527434522e+03
-4.565914688299736213e+01
-7.489657219462352487e+02
2.860889582738507670e+03
-3.163749822802536073e+03
-7.410102329734528439e+02
5.853066788545716918e+03
-3.387090652177532775e+03
1.534627708967078661e+03
-1.682129643429557973e+03
-1.222656583461510763e+03
-6.782503888153387379e+02
-2.221408293930937361e+03
-2.091332560846892193e+03
-2.046571687132822490e+03
1.650188244021917853e+03
-2.151496011255146186e+03
2.293078783530713736e+03
9.571664759365521604e+02
-1.080342358801538012e+03
4.534616874170012011e+02
-1.604190705622315136e+03
-7.111922425880493392e+02
-1.282310159421449725e+03
-1.715152502979314249e+03
-1.457398436950032874e+03
8.139300049424991812e+02
1.628503506671784749e+02
-2.334186120265043428e+03
-1.198709079026522659e+03
-6.871961667606188939e+02
-1.698867075303359343e+03
4.828315363287409241e+02
-1.028766007665887514e+02
2.074205239935201462e+03
5.026927003056462695e+02
-1.797225112016647927e+03
1.406198891567784358e+03
-6.658456396647829933e+02
-2.245260368520814154e+03
4.627997207184823765e+02
7.824321044628055688e+02
1.168851784747163123e+02
-4.002210673474241389e+02
6.637646335828402471e+02
-9.240689977114899420e+02
7.589899296539957732e+02
-4.895222729445091545e+02
-2.063684464826859823e+02
2.490521734661559776e+02
-6.070268235119515765e+01
-2.168581475227738053e+02
4.077409844825718324e+02
-1.855026142094541228e+02
1.456584744430815135e+03
-1.167429846299718747e+03
1.184145735675443348e+03
-4.647985990182114335e+01
-1.162493419035995146e+02
-6.521784418911539660e+02
-5.876318296920495641e+02
-5.945513387655536519e+01
-4.304636059346082675e+02
3.011233256369978903e+02
-2.271489804347027643e+02
2.155417346958469693e+02
2.140128789635784415e+03
1.806465841918043509e+02
3.483598496771845134e+02
5.327095660418207217e+02
-4.195842416562817903e+02
8.261442126016894463e+02
3.559036697193267855e+02
6.505226174976704669e+02
-6.309507794373826073e+02
-1.127637826636064801e+03
-9.691462426594328008e+02
6.387304614612811520e+02
7.765537602246936331e+02
-1.035799308520025761e+03
8.373853058053433642e+02
3.139794436981817967e+02
-1.306689949796984784e+01
-2.435635846910201678e+02
-1.187222981709878695e+03
8.078859080128966070e+02
8.824035760880353791e+02
3.548133957563088074e+02
1.213918260314877813e+02
-2.235478657706465810e+01
3.831571136229859675e+00
4.174606763844440138e+02
-3.321764499764966416e+01
-1.384233980131656381e+02
-1.042766713253518702e+02
2.444398870331601188e+02
4.939290369520498984e+02
-5.482099587396107836e+02
-1.628267862506805841e+01
5.023252049356939324e+02
4.030879713661431651e+02
-5.171119205088149329e+02
-2.766662965250431512e+02
-8.617516081019253704e+01
5.566504394653520649e+02
-4.789335151315144117e+02
-4.736754694550755573e+01
1.587939686096467824e+02
1.931598074225697701e+02
4.200709795998417349e+02
-1.422555442899609375e+02
-7.069486603873474451e+02
-8.944647570216226313e+02
-2.938362459700134650e+02
2.311686060377381295e+02
-1.880782939901385191e+02
2.924797584699380764e+02
6.882170661982682702e+01
-4.662529395689507510e+02
4.206452327679745622e+02
3.387786908479392878e+02
7.446859040335138502e+01
1.071480310394881172e+02
2.343412117867808035e+02
5.817214554493609739e+02
2.928454311205983345e+02
-5.920747341220634326e+02
3.208560988113611643e+02
4.947000096155366009e+02
1.435315252758740101e+01
7.412830224756365283e+01
5.315430476298164422e+02
-2.608821405327338994e+02
5.569535407200841064e+02
-8.530075178374033840e+01
-7.395084738237112276e+01
2.266336049125930288e+02
-6.447658050911794589e+02
-7.516671141407312007e+01
3.030418771145700703e+02
1.823488419893077150e+02
-2.480180824523663432e+02
2.253308485325594006e+02
7.033732371555940972e+02
-3.552924744427029395e+02
1.783742172374816164e+02
-1.943147576297959063e+02
1.232161536403625632e+02
5.695478642327105234e+01
2.766047165034373165e+02
2.929795626483537490e+02
-4.565526672262768102e+02
3.195788749485362814e+02
3.639556464324869012e+02
-7.697469806240957269e+01
-4.325150677581819991e+01
3.361509259067264566e+02
5.473619570843691235e+02
-8.949941468065971151e+01
-2.667606555256994625e+02
-8.199902638340047512e-01
-6.987148178170784263e+01
2.705757769927906224e+02
-2.909957240394422797e+02
-3.372490411730536835e+02
1.416629951523209172e+02
2.388623500366778885e+01
2.299048657781787028e+02
3.003930087021590793e+02
2.536081647880539833e+02
-4.106225785445455472e+02
-2.240740932904137139e+02
-3.509568310011276537e+01
-2.547807118909723556e+02
6.004541020967178611e+01
1.653763193169561703e+02
3.643270776890820457e+02
-5.572201403918746792e+02
-3.257981312813167847e+02
3.576899190137938263e+02
2.469760817499726215e+02
-3.326369785206928213e+02
2.436466347473391920e+02
1.476063812127927122e+02
1.978590014055592121e+02
-1.890753941145143529e+02
-8.448628060004523377e+01
2.797241433090999294e+02
-1.401520838664864641e+02
1.256585104828515265e+00
-2.473162931920018366e+02
-4.373379845310704468e+02
-7.021581408356952636e+01
-1.433722805998544629e+02
1.490161894142307233e+02
-7.929153715668165603e+01
-1.051948788557374428e+02
3.293071609136478060e+02
1.306851105149979908e+01
6.050337019987274090e+01
2.111218051829370168e+01
2.465961221328074657e+02
6.702770587868150187e+02
-9.453013054418572381e+01
-3.618835509454743971e+01
-6.054000644668634123e+01
-1.131616879225285572e+02
1.297849766611999769e+02
-7.665182354489606098e+01
2.188047978765909818e+02
-3.969779545974034249e+02
-3.402533829736576649e+02
2.151834536416603783e+02
-1.709798107694666101e+02
-1.444881460667109820e+02
3.396710653874778814e+02
2.595627100497463289e+02
-9.751871553162892781e+01
7.445898644131119681e+01
3.033276363774235165e+02
-3.649981793006048747e+02
2.194129650853471389e+02
-3.042708650323152710e+02
-3.345720222633316325e+02
1.981602587636329531e+02
-4.050860976524308512e+02
-1.502617418053925462e+02
-6.948774837382293867e+01
2.611602496530827580e+02
-8.302655209463031838e+01
-5.980016076908093225e+01
-1.253017192133376199e+02
-4.825178498540916507e+02
-1.476457958193861373e+02
-1.252312511709099709e+02
-1.671852697300760440e+02
9.675710698567986867e+01
2.507112233588450465e+02
7.632966744118343172e+01
2.667824907424129321e+01
6.234505528485141213e+01
5.917651032478315187e+01
-5.358973057330225629e+02
-3.526579695393976266e+01
9.962428982743054462e+01
6.274942012589158935e+01
9.049744442254886678e+01
4.166028738073302975e+02
-9.069890975010655154e+01
1.638559878778008638e+01
2.928146848629045849e+02
4.743732874945319509e+02
2.598713226297862775e+02
2.878690138871330646e+02
7.826436356731497312e+01
-3.729422125600990512e+01
2.279686252319250173e+02
1.328701871127503296e+02
-7.481438166282906366e+01
2.563045637096716973e+02
-5.757050910735686955e+01
5.316465005676387818e+02
-4.116801739136308811e+02
2.229836945321462451e+02
-2.522005710762539366e+02
1.857736535834852702e+02
5.013898839145276156e+02
3.550575671753912843e+02
2.377062714255584694e+02
-2.235405896607903387e+01
-1.017371003951997182e+02
3.020499080593293684e+02
1.015864939296066893e+02
7.233500319007775659e+01
3.786535332597959780e+01
-4.122275717882353518e+01
-2.911400774521997636e+00
1.827214661764352286e+02
-1.227711363163206784e+02
-1.838506083683975589e+02
-2.955448484878566546e+02
3.906354058439213190e+02
5.025560011460959231e+01
2.356462747051846236e+02
-1.346289948400817948e+01
7.613386435284381548e+01
1.938297791125170022e+02
-1.543403644519245077e+01
9.825872419058515561e+01
4.254578434534012388e+01
1.188208103301946750e+02
1.892812311131449832e+01
7.996040068574897930e+01
1.127936395140425674e+02
-9.715079760017773935e+01
-6.086232405796749845e+01
1.762401005781071106e+01
2.142164989107746464e+02
-2.055462229086002139e+02
2.331255990422492630e+02
