-8.830775138612625597e+01
3.993854312245333858e+03
8.467125266123038045e+02
-2.907073051721612956e+03
2.282797504611927252e+03
3.584656746534174545e+03
2.985080778873809322e+03
-2.223521207093518115e+03
-1.946405658475337759e+03
-2.327373627561854846e+03
-1.194447087098195652e+03
1.209583078590516379e+03
-1.472315093865769995e+03
4.432133447752153899e+01
-4.809421311698936279e+02
-8.082286139966046221e+02
5.580383147370913122e+00
9.712081167969702165e+02
-1.145368273538450012e+03
3.948628387285526173e+02
-5.809278307136946751e+02
6.617276544534199445e+01
-8.907945404453822391e+01
3.902425144832483852e+02
9.748527428815117446e+02
-2.417757765836715862e+02
-1.675032494767904723e+02
4.061856771233919403e+02
-1.265559150863606277e+02
-9.815199880795867671e+01
-9.157879384990620792e+02
-1.336330962161382274e+02
1.136650270102295508e+03
-2.721995032625059707e+02
-3.080304241102170408e+02
2.142981327096482147e+01
9.752707254520593096e+02
3.078456968556629647e+01
3.268764579216948505e+02
8.467161293729374165e+02
-1.195213320598045584e+03
6.339862300937223694e+01
9.168991117370600250e+02
4.633870593434947409e+02
-5.387840415691983935e+02
2.001101162187144098e+02
2.795032843698813707e+01
1.156049080235993188e+03
3.142518126996754404e+02
8.599878941328321957e+01
-1.354105043116948366e+02
-6.758519086455807212e+01
-2.188542477537816069e+02
-1.182991035943114042e+02
3.851979807425585136e+02
-3.560810997496292316e+02
-4.745327922080749516e+01
9.997635714569095455e+01
2.220497421106682339e+02
-2.186096594905097277e+02
1.105153102460102446e+03
-1.807097330693760000e+02
2.707243112986060396e+02
7.029343125034573347e+01
-4.548926009038527241e+02
3.459807060497101361e+02
-5.180877279641060795e+02
-5.064023928067909424e+02
6.271536336948724966e+02
7.840733283145780774e+01
4.929168205498609723e+02
7.769253630353982771e+02
1.793410635203340178e+02
4.523861594669784836e+02
4.264780883534887712e-01
-1.737138005579816422e+02
-3.478448604481894222e+02
6.224777130680132586e+02
6.886643438498100522e+02
-4.358640932383059976e+02
-1.694921114625920779e+02
2.520358249172851401e+02
-5.842890266833381929e+02
-6.009136076689333095e+02
-4.271702891112727229e+02
-1.750648869294618493e+01
9.671368431668705057e+01
-1.187295906266652423e+02
-1.957857841451563274e+02
-4.696278831949747996e+02
-3.384419585718976009e+02
1.602115813932469450e+02
1.398421594546098845e+02
5.069390541003593142e+01
1.036659766314952776e+03
-3.076539070122653357e+02
2.014307007395122469e+02
-1.654292775112917013e+02
6.966795321644154626e+01
5.162435095091784376e+01
5.011141052300155962e+01
-7.689502917060220000e+01
3.388763206612207455e+02
-2.581263740915613525e+01
3.280756199038233376e+02
1.921684249704297258e+02
-6.226789899073914114e+01
-3.456131170526495566e+01
-4.163589920231721067e+02
-1.572022187883156619e+02
-2.023153271036032379e+02
-2.203519505869276998e+02
-3.928118644987042671e+02
-3.325827834848118414e+01
-2.209907138000573070e+02
1.008213335160944837e+02
-3.591451201888016698e+00
1.410101536602428496e+02
-1.933390881489714985e+01
1.400223514868184225e+02
4.569075970426147393e+01
1.638872129659852703e+02
-1.408967003064552159e+02
-1.951058030273642885e+02
-1.106104349179045414e+02
2.077858567023642991e+02
-1.384030380928102133e+01
9.766028420900020990e+01
3.030128118540846458e+02
-1.524177299922205862e+02
-4.563849089533710526e+02
2.515338230869037091e+02
1.189561642587333665e+02
5.351814400457144671e+01
1.306737844233675219e+02
1.234752196685819285e+02
9.337954295532126991e+01
2.248013719956546481e+02
1.038246158096432907e+02
6.658388107802750255e+01
-2.069805784376931399e+02
-1.779648136136240453e+02
1.405932451127343086e+02
-1.479822937007643588e+02
1.896647017573058633e+02
1.029388153344938850e+01
1.549708667258843775e+02
7.313403402457711877e+01
1.576474152161950997e+02
3.639809336490820897e+02
2.983114333835835197e+01
-2.954506818709901239e+01
2.571690405412257405e+02
1.233214668930374813e+02
2.881214858826275105e+01
1.108549402500022012e+02
1.419426790403887537e+02
4.496598785339372739e+01
4.649616750705882140e+01
-3.123498908912157646e+01
-2.618041980227239662e+01
4.162024149296626518e+01
1.336134026317576229e+02
-1.942080430401046840e+02
7.478503826255393960e+01
-8.622620581122365024e+01
-3.145564282825363023e+01
-1.329411696313436551e+02
1.405589795959207891e+02
1.552598787048217730e+02
3.240171396038741705e+02
-2.652378652542151372e+02
3.325627798236704393e+02
3.275686099166402698e+01
3.916227694416356542e+01
1.722580656645105250e+02
6.860232687296340259e+01
5.251264490598073209e+00
-1.348978716110816549e+02
-1.596776112015657532e+02
4.853352827570864036e+01
-3.495494288000067229e+01
-1.461715439386949278e+01
3.520617129036204460e+02
1.639870155802441616e+02
2.116103543183976683e+02
-1.143319329290342345e+01
-5.925281032549545301e+01
2.941266368981310819e+01
-1.552366268520398762e+02
-7.412723016704258328e+01
-1.998077932491357345e+01
-3.494771362335188769e+01
-1.069227515286288650e+02
-1.691255690098958837e+02
1.227637889224081675e+02
-1.834647529055771713e+02
9.382390648679711376e+01
9.465782273313352846e+01
-4.071016568069961039e+01
7.553679486398201526e+00
-9.253201280016642727e+01
-3.682285409636793183e+00
-7.305974918360352888e+01
-2.420846169727076358e+01
-5.438663345495119472e+01
-5.767644112256196109e+01
-1.934937856366252618e+02
-5.516880278403093740e+01
4.220930394278008890e+01
-9.726846631989475611e+01
1.208923168486591777e+02
-1.437965696926065391e+02
1.261447502400300493e+02
-3.176662949642343747e+01
-8.010106975134802099e+01
-1.017558443878460395e+02
-2.094630226372916226e+01
1.632144566205483898e+02
7.809249685957937004e+01
-2.587499851778658808e+02
1.114943748867060407e+02
-2.675835463268379044e+02
7.760023154335129014e+00
-1.044785870114268249e+02
-1.671073770299403805e+02
-1.602892503914956137e+02
1.723132221242717605e+02
-3.643339421146015056e+00
2.213644163620152483e+01
-6.502535350490205701e+00
-4.538837638785269490e+01
-6.813342714539776068e+01
-8.934373506754967309e+01
1.687043880224943493e+01
-7.319022201113476456e+01
6.600891594209440427e+01
-2.711685754014625616e+01
1.921050877901787501e+01
3.317388366152872692e+01
3.015536730135762955e+00
5.287802814462741452e+01
-6.890420338285699131e+01
-1.292183463249654665e+02
2.385849659070336770e+01
-5.151764588567905179e+01
-3.620397842047449899e+01
-1.709906247599164715e+02
1.179714427136539427e+02
-8.699098136991015906e+01
2.428569898225970860e+02
-6.158227810396060420e+01
2.249371719622626742e+01
1.947965220625358711e+02
7.003692588946329955e+00
7.601163645767924493e+01
7.650822347952210123e+01
1.379105086555555602e+02
7.104151134463799622e+01
8.106940046119292731e+01
4.831687193456856733e+01
-5.510370057224317009e+01
-3.786795022853767279e+01
2.383538606368413753e+02
-4.584242705599351098e+01
6.469062826112035225e+01
-3.972229747610315798e+01
6.309806982668795428e+01
4.760532423656902523e+01
-1.752619974328280819e+02
-2.200011398261895863e+02
3.407422360870820910e+01
7.929502593928100396e+01
-1.543247802360242531e+02
6.449844877630950180e+01
-7.170777017542222609e+01
6.077346623624779909e+01
-7.335976606239056252e+01
6.710454319227842745e+01
-2.751186389708363578e+01
-9.839692313981713312e+01
3.999123808426021220e+00
-1.756971740964053197e+01
7.110178593856957718e+01
-5.032054698429048045e+01
-1.609645479537455230e+02
-8.355509173409214441e+01
-2.411252573446404668e+01
9.617145025505445233e+01
9.800822326465180367e+01
-1.048376209513679100e+02
3.760397845323774391e+01
2.321309169999176447e+01
1.163831497910381962e+01
3.051457199108089213e+01
8.202090965604362793e+01
-5.594457727398150126e+01
7.848484831091745662e+01
6.612978391470743134e+01
4.156123656714344605e+01
