-6.803475656796219482e+03
9.174798717012722591e+02
-6.738434722936685830e+02
-3.724108409307309557e+03
2.040331255833691785e+03
-7.451273225368692010e+01
-4.947496840684948438e+01
3.792083989095376182e+03
-1.006641219645729393e+03
1.598557497447691730e+03
-1.069118573679806332e+03
7.978872120520553608e+02
2.010866973261164858e+01
-5.892099643458158198e+01
7.358171322025879135e+02
1.463707111884631786e+03
-2.234004599063552519e+02
-4.789981945652654076e+02
-7.821116471682532847e+02
5.476635863871451875e+02
-4.139864553777456990e+01
-6.698514156784108309e+02
-1.162637580495113070e+03
-9.039060582846552734e+02
2.535518807220136068e+02
4.737248913261156531e+02
3.727408901330882713e+02
-8.260358016174842533e+02
-9.042540581927393362e+01
-4.448893412866016206e+02
2.158536970671977429e+02
-5.683208183993800731e+02
-1.409470585088577764e+03
-1.018306388018736754e+02
2.008417013436759362e+02
-7.476970796201654821e+02
5.767823970479143725e+01
4.452691184347613671e+02
-4.929423386836348868e+02
-6.939420497997094799e+02
-5.591816839318408938e+01
-8.641512485137587873e+02
3.537993203120429371e+02
1.770573189396430394e+02
-2.877611453959959249e+02
2.024767090162129080e+02
-8.827830107389235081e+02
-1.244522222777145686e+02
3.280016659946839468e+02
-5.607379281397172690e+02
8.327977028050886474e+02
3.478200850848280652e+02
5.654823022141855517e+02
-2.059321559587210402e+02
-1.604899314056755486e+02
-7.129469661028776954e+02
8.719763544526524583e+02
-1.010049841636774772e+02
-2.111659597773092685e+02
7.491513790554537877e+01
-1.852120982382907073e+02
-1.922598994759208324e+01
-8.066246487487526906e+01
-4.229372282365857814e+02
-2.609307066282645451e+02
-2.917093769340185645e+02
-1.071452317718231626e+02
1.325060808801794678e+02
-2.720555528107968826e+02
-6.578381384629689421e+01
-1.438617343764771590e+02
-6.704029527688154531e+02
1.193975676244699713e+02
3.312722413421332703e+02
5.194675246635960093e+02
-6.177349018629278987e+01
-4.078249211832151673e+02
1.871004342770734183e+02
-1.507360595654629947e+02
-5.004981741081567748e+01
-5.059601170242913213e+02
5.814139365739158904e+01
-2.108363207519981586e+02
-1.943227235390940564e+02
-3.283307323720082991e+02
4.083990648057382487e+02
-3.648196380542595421e+02
-1.068404431145272611e+02
1.129564392537751019e+02
-2.464304518520953025e+02
-1.364247334983651285e+02
-2.028361104151280472e+02
3.222264593523986491e+02
-2.877019491470450134e+02
2.175312028613485609e+02
2.822289644184313602e+02
1.146251734929619914e+01
2.753166258940420903e+02
2.999785359326759249e+02
-9.039154170036233893e+01
1.308018238631557324e+02
2.278309095974432523e+02
1.659883658053280797e+01
-9.969525186183329879e+01
2.556225810007403538e+02
1.257388174810514414e+02
-1.596971748083055616e+02
-3.432977986415056648e+02
4.773050084814396854e+01
2.812317709714855027e+02
1.889175123225080881e+02
-8.462738213709900492e+01
-4.962026600320485414e+01
-2.479695731472392310e+02
4.839927023499269865e+01
7.945975886713767089e+00
3.131663957249664350e+02
1.074617844383360250e+02
-2.351886897624736719e+02
-3.797247056967612622e+01
2.135947189871263561e+02
1.246543800833922404e+02
-1.961435679385076298e+02
2.005203305989381874e+02
1.108830220149928323e+02
-2.887005041093075874e+02
-8.762645382426640595e+01
-1.293883776500720728e+02
-1.029133575001168310e+02
2.430490834323252614e+02
3.174965454180633628e+02
-1.653833479374480078e+02
2.544414501719666077e+02
-1.784065569159451456e+02
-1.758068490796205765e+02
4.414841703465462075e+01
-6.379696477153080991e+01
2.138895117104293604e+02
-1.211655821465795952e+02
1.920751172238059610e+02
2.965217738310256550e+02
-1.307503658322104343e+02
-3.254464956985508195e+01
7.684089845194829138e+01
2.297914827787449781e+02
2.696906480409986671e+02
-3.963846140328567458e+01
1.426190006767825302e+01
-5.018640176457734725e+01
6.018281192803866730e+01
-1.299276793195883215e+02
-9.982500986258106934e+01
-1.733937923769612155e+02
-1.070975898047844055e+02
1.379916364581753214e+02
-1.033595563126012706e+01
-1.297188027613677797e+00
-1.544729206417763692e+02
-9.972413524136867125e+01
5.875132721241835831e+00
2.910976706885462306e+01
1.704727130041277405e+02
1.585225165717225480e+02
1.334488212600769259e+02
2.844510384312034645e+01
7.321385783500655009e+01
8.085888232722962243e+01
5.693893740234015866e+01
-1.719765129094261624e+02
-1.214115060519566640e+02
1.955226567516663465e+02
4.331416301177301165e+01
1.940098583908055900e+02
-7.847369731868844234e+00
1.691258937790764492e+02
-1.488292194282914807e+02
-2.662868950984426419e+01
7.369599736648208221e+00
-1.883736568180105166e+02
-6.782681862572265175e+01
5.449426455163541405e+00
-1.092906562411538545e+02
2.661130804188142633e+02
-2.111886481242785578e+02
-1.946083389450814494e+01
-3.848856114823772145e+01
9.445377284478161073e+01
9.976121583327686437e+01
2.437110878098543765e+01
-2.756434648517040955e+02
-1.238185004406913237e+02
5.135947444538777518e+01
-9.251249972077077643e+01
5.418346457425082718e+01
4.974661845953968964e+01
1.159428312788474180e+01
2.415428227513691013e+02
-1.169296614921573649e+02
-4.022382150729676198e+01
3.954884977339032304e+01
2.079729598196790334e+02
-3.635233833012470228e+01
-1.713544630931657196e+02
1.589627841274443085e+02
-6.671718666268746745e+01
2.299458676097953003e+01
2.224305636322568205e+02
-1.666938243873798342e+01
-1.969215535224290292e+01
5.835467390439450952e+01
3.587747754744219009e+01
-1.592999780550772293e+01
3.976263182475763358e+01
3.666722025674235397e+01
-3.123964081210294452e+01
8.109793725803565678e+01
9.191113975125243485e+01
-3.873280693595040702e+01
9.338648347268531325e+01
-7.233020330149257404e+01
-6.514861715995405689e+01
-6.432141974528055073e+01
-6.075747226763792241e+01
2.266757050933671280e+01
4.309012112462671951e+01
-7.361313643029662046e+01
-1.117869406238577170e+02
-5.699624812953948094e+01
7.576459927412248874e+01
-1.344440783141553197e+01
-9.350682824772168544e+01
5.822833230749836275e+01
2.481190590513733341e+01
-1.718200612481093401e+02
-5.206260438237666222e+01
-2.458755237304925956e+01
-8.097148954615462912e+01
3.389577338656718553e+01
-1.664246033740854713e+01
-2.905161693982801197e+01
-1.056379884049741591e+00
1.218196722196609461e+00
4.779363278948460447e+01
8.976624692344070411e+01
3.249504117651087931e+00
-1.046929668761307397e+02
4.372877109203776769e+01
8.005210962053075718e+01
5.961515623195396785e+01
2.046056765332969718e+01
6.646086677383129881e+01
-7.959342112820783655e+01
6.731767783291346063e+01
4.913342652597579985e+01
7.095041151131971446e+01
-3.716927289550766744e+01
4.675235111693243906e-01
-3.439767000690075349e+01
6.681872413149743295e+01
5.360832214337651891e+01
-4.559456274163069622e+01
4.002590967449921067e+01
6.132113532426427582e+01
6.552043972221882484e+01
-1.405765303801948463e+01
8.130870804399416230e+00
1.619009229119158988e+01
-6.291008626694378592e+01
-3.359344466058508516e+01
-5.687486410657780311e+01
4.456572541266249488e+01
5.805520039209094563e+01
-2.662181507794168400e+00
9.510493303796721420e+01
8.696311785690529916e+01
3.653252907958551532e+01
-4.673612991093035873e+01
1.658211932772839958e+01
-2.561672888167783668e+01
-1.619596559979832762e+01
-7.947550462291358997e+01
3.972479239381636518e+01
-1.057806828792220273e+02
-3.106988168659840710e+01
-1.002487821449814298e+01
5.591929341594818936e+01
-3.073887866018197101e+01
-3.845625942639087214e+01
4.558019951670502223e+00
1.658740341975527599e+01
-2.509236986994067209e+01
-3.509525166844905186e+01
-4.052268594769089560e+01
5.767118662230747361e+01
-5.764573578544364096e+01
5.534664382928015414e+01
-1.946094545002080878e+01
6.312192932630867404e+01
4.060939817125365181e+01
5.369012795480400513e+01
