2.602532259719991430e+02
-4.923793689398875358e+03
-4.861327339722127363e+03
-1.123790119022488170e+03
4.821487628571647292e+03
1.920554384798330148e+03
-1.350885191147905971e+03
2.480646277020460730e+03
-1.568454921633970343e+03
-8.357328518325503808e+01
3.107004275918599888e+03
-3.042293837991363944e+03
3.286074503340673800e+03
9.438879049616502925e+02
-1.631731796090300577e+03
-7.173340760343289730e+02
1.026719534710977797e+02
-7.553207625870960555e+02
1.225972496805831753e+02
-8.538639849426342607e+02
-6.739893418124016762e+02
2.077893055108233511e+03
-5.229042616416498959e+02
3.518877486328710233e+02
1.501239085785354973e+03
1.432728700694265626e+03
5.801223654962007004e+02
-1.661568528382305885e+03
-2.055865734179386948e+02
8.982141202576165142e+02
-5.235479846658964789e+02
5.165590224833680395e+02
-6.000330058138166578e+02
7.562273763379317870e+02
2.124065212710889909e+02
-9.647952644059226941e+02
1.311663710325161446e+03
-1.323526244078284719e+02
4.184635560088812554e+02
3.974277922049868152e+02
-1.362982204428237537e+03
-1.046519133102853175e+03
1.707812268937843880e+00
1.027395482525291982e+03
7.049586696038485343e+02
4.363619607065650143e+02
8.509618726501371100e+01
-4.011942861011544892e+02
-1.699134674495722948e+03
1.606311755890701249e+02
-5.440054602320313961e+02
-6.797782107130324221e+02
-4.592624693878237849e+02
-1.082415972273519174e+02
-1.465426463756890030e+02
4.296092835538207169e+02
4.152946057754507478e+02
1.915857400850118779e+02
-3.814843675293323031e+02
8.773462286077029830e+02
6.508419461161876143e+02
-2.220240094486392081e+03
-6.621657188459846566e+02
-1.169963937797644803e+03
5.252933482669326395e+02
8.488813467616949993e+02
1.170165230438815342e+03
6.328021836185910161e+02
3.821052354359422338e+02
1.211439411778826297e+03
7.336779233103131901e+02
-2.514725848945440987e+02
-3.279355193698888797e+02
4.724086696390973543e+02
5.022530077527429171e+02
-9.808875550003139097e+02
-7.489479567504245949e+01
-2.521764132915764094e+02
9.770161423269113357e+02
-1.009982477927326556e+02
1.534378369424583752e+03
3.665851212263494290e+02
-1.464934389057204100e+02
3.731540457917473645e+02
9.321671383962370783e+01
-5.881757465756013517e+02
-9.151390729071533769e+02
2.169700669118748237e+02
-6.574958076085417815e+02
2.242502829530153292e+02
7.190156107127953646e+02
-2.818070902308784298e+02
6.292649344929409381e+02
-6.636627279717828287e+01
1.306369231242005299e+03
-3.647673125665581324e+02
5.561950510375852446e+02
7.894184985370206959e+02
-1.250887502455319833e+02
-5.602581373856520486e+02
3.987328702427534495e+02
1.741970523681025611e+02
-2.653689866631381165e+02
-3.482391322109994576e+02
-5.896391830665089628e+02
-1.851800301071324668e+02
-5.168986080571146431e+02
-2.862772026798180036e+02
2.019628457903925209e+02
1.954011444384874494e+02
-4.892554594383099129e+02
-4.122357339108885981e+02
3.332691869644126541e+02
-8.773676704607262309e+02
8.624330062608046887e+01
6.779936511244422093e+01
-5.504125481280838130e+02
-7.800531412678864172e+02
-9.442841058099868405e+02
5.036240406485755443e+02
7.690355254372859690e+02
1.653765942990917495e+02
-3.506587169006674003e+02
-2.619105436532494764e+02
4.561697552648073497e+02
-3.839730783245913130e+02
-1.541208656963663657e+02
-3.567765055033095223e+02
3.319124621825847044e+02
1.461344637460591684e+02
2.644599586153228898e+01
-6.379016910347751264e+02
-3.468008694388638560e+02
7.858113209124880996e+02
6.888905554613478444e+02
2.150613555969587196e+02
5.580505770842871698e+02
-2.168357015520261086e+02
-7.459576173266394505e+01
1.071279718966898827e+03
-6.777001894582489285e+02
3.239158232871050132e+02
5.353226219345502841e+02
-1.234472942700264895e+02
-5.859077760189477431e+02
2.578355118033137501e+02
8.626599007026226218e+01
2.213252417167530837e+02
-4.533469488551688187e+00
-4.640771865554478950e+02
-1.595235710235455713e+02
2.429162892863541856e+01
-6.230174992196359653e+02
2.565298745515888186e+02
-9.453380803767882981e+02
-3.330255392367590730e+02
-3.801500809612422245e+02
3.475808275829207901e+02
-7.954734228732745294e+01
-1.512919497573353977e+00
2.441970943263974547e+01
-1.629605399439788016e+02
1.290349340799081901e+01
2.895365551171779543e+02
-2.438625820601375267e+02
2.122497800757595243e+01
-7.586041601443123739e+01
-4.805216335921338668e+02
-1.216453118198643040e+02
-2.484391022651565208e+02
2.218882303434620837e+02
8.023505130098620839e+02
2.196472732872165636e+02
-3.231212209222542153e+00
-1.607907192541990753e+02
1.962993472480835422e+01
4.756983901948328253e+01
-1.160151439464332839e+02
-2.863412142244060306e+02
-2.640189397287289239e+02
3.471649172143136752e+02
7.283343010036958276e+01
2.518230105392570124e+02
-1.704353086395352932e+02
2.613062561089948872e+02
-1.509480122518206429e+02
1.989097452635803265e+01
-1.086112126690604924e+02
-1.278957158598206263e+02
-3.655781731191516428e+02
-2.752503875647238942e+02
-2.794868582246202209e+02
1.425203696368973283e+02
-7.743637732047086786e+01
-3.392309423406735647e+01
-2.321050457691304985e+02
-1.737251352239620417e+02
-4.113127579678680377e+02
-3.857139397520843005e+01
4.644970131825791100e+02
-2.659616918993859827e+02
6.716102014517069563e+00
1.041965233572391980e+03
-2.852726214578290183e+02
-1.055640031450313288e+01
-3.459177387142849511e+02
-3.543261346054817551e+01
1.666636409215667243e+02
3.971389941978404181e+01
2.213654013603452597e+02
6.671784967037599756e+01
-4.660267146355237600e+01
-3.012467665380807489e+02
2.108157019033408375e+01
-1.606263986162248614e+02
-3.397267207044092743e+02
-2.465087612101986849e+02
3.281817024010063051e+02
-4.164039036087744989e+02
-3.986279437677627584e+02
-6.902168660438898939e+01
1.554706573546926904e+02
-1.142054002532354815e+02
-1.657494129375403986e+02
-4.497394266592795589e+02
2.411047869540015540e+02
-4.395316103403037005e+02
3.314375917088699453e+02
-4.282153549066932463e+00
4.648173467269317882e+01
-8.406149311734533569e+01
1.647387566699108277e+02
9.819412012794779798e+01
2.232636650978093655e+02
3.513233809821068689e+02
-2.823879399588967090e+02
-4.013413156816094443e+02
4.546606961474158197e+02
-2.526854453428636873e+02
-3.730407172421478776e+02
7.328910075943407776e+01
4.006919722218491415e+02
5.345959542792887476e+01
-4.447822328960870664e+01
-3.077489878135293679e+02
-4.149108423999330597e+01
-5.368192723576608927e+01
-1.633111956581634558e+02
1.377092641302803884e+02
-2.827280559423098225e+02
3.687432773428434984e+01
3.441328860761939836e+02
1.897467111917495686e+02
-3.299419487555745150e+02
-9.024528945873699115e+01
1.305549861423131688e+02
-1.449015615419313185e+01
-9.263764705744452499e+01
-1.490792376326466808e+02
-5.549090152749287519e+00
2.839820787270247706e+02
-4.103058168317629395e+01
2.069162668692943043e+02
-3.471414054059130763e+02
3.681566384859020786e+02
1.906988953708136592e+02
1.710453943696959414e+02
-2.119667880075088533e+02
-3.241205377008756159e+02
-1.317081987199017874e+02
-4.582587834448435729e+02
7.555085111834814882e+01
3.107747888466649329e+02
3.502727574674522657e+02
1.735101511154200296e+02
2.997665215907923653e+01
1.297998795339554192e+02
-1.516174220437319207e+02
4.853056083491463824e+02
-1.353659527326911416e+02
-2.023732070913664529e+02
-2.144922955753938538e+02
8.258610289014961836e+01
1.792564887268051166e+02
1.089544214576596772e+02
2.177970873834916290e+02
-2.602969114385066973e+02
3.383172235909814844e+02
1.365106183798610289e+02
2.318355727031266724e+02
2.259007732761775742e+02
-8.318020424018331482e+01
-3.466256085190794778e+01
-7.090283656927796585e+01
-4.162620988802896136e+02
-1.584440843655070807e+02
-5.617660987955489738e+00
-1.539874007111058916e+02
-2.783006823198568327e+02
2.616456378172247810e+02
