-2.814825913716410923e+03
2.117164641913273499e+03
1.017498324191719576e+03
-3.416996216343486594e+03
1.135217123757996433e+03
3.839289339701462723e+03
3.840946383415887794e+03
-2.287412322279968521e+03
-1.243459346529059530e+03
-1.790889248205769036e+03
-1.932609133733292538e+03
1.571853384057382982e+03
-3.110741293799089249e+02
5.577948166622028339e+02
1.060126984734923639e+02
-1.104999173127096583e+03
8.929713929692557883e+01
7.929296479750653361e+02
-2.398986045045022365e+03
-1.602561498470307981e+02
-1.856556217918175662e+02
-1.373067856335074566e+03
1.119242468306786350e+03
-5.745471241068627251e+02
7.081104904439760048e+02
6.608648592234580121e+01
-1.413296150402326532e+02
7.066529703581998092e+02
-3.213459085379005131e+01
-3.152770199812706551e+02
5.234835571901787716e+02
-1.154793414275704890e+03
7.618124003809073486e+01
7.667747197837779538e+01
-1.566916384603702568e+02
8.038725466575975815e+02
1.298314564672162078e+03
-2.027455644033298370e+02
3.797497979774453256e+02
-1.863389839807085169e+00
-1.820316289092633724e+03
3.389352928669997596e+02
8.630541474209127273e+02
-2.708148105478595085e+02
-1.166008701350709771e+03
-2.701962723394814816e+02
3.979270778821504564e+02
1.197284428361654136e+03
1.484339796235523863e+03
-4.143500385259166592e+02
-3.715158572671890056e+02
1.228751099043995936e+02
3.189689394260144581e+02
-1.233270146931192102e+02
5.717988321055961478e+02
3.736908944506623129e+02
1.216920219471814164e+02
3.307788562903351703e+02
6.540889355811839323e+02
-1.389168995948234851e+03
6.439267284270040363e+02
2.278763437338159861e+02
3.914267292658610700e+02
1.885131442689856271e+02
1.064501984922053310e+02
1.432652738790974809e+03
7.330901484234129839e+02
-2.388571630235376801e+02
5.553630911683383147e+02
7.775925703224502286e+02
-1.997411966030345809e+02
5.111732339426887393e+02
3.108637727378224724e+01
3.629219130044709800e+02
-1.454124056945653010e+01
-3.143340312140362016e+02
-2.762565903346400660e+02
8.683568266802409426e+02
1.125575905237756842e+03
-3.765072129999348363e+02
3.456615174012115403e+02
2.887415746914558667e+02
-5.139156118519731535e+02
-9.119209296832755172e+02
-7.380336786957122968e+02
7.504406179203188287e+01
-5.494855221762104946e+01
-3.085065750370661704e+02
-7.397911342231014942e+02
-2.670259797580518466e+02
-2.731758346184293487e+02
2.900383885480539092e+01
8.269768518974863980e+01
-5.614680891635849775e+02
5.464052137642682965e+02
-3.976501049248179243e+02
-2.728755758998731267e+02
-5.579539900629729345e+02
-4.501403673999479338e+02
-1.212938587126052852e+02
1.430445230637600389e+02
2.472335221124125582e+01
-1.583726185391640797e+02
5.320931505953112861e+01
6.149328514245102184e+01
5.053100057359537089e+01
1.964579420550908253e+02
2.460610424392120308e+02
-2.355778796166578672e+02
-4.361841621170984240e+02
-3.723667034371706563e+02
1.571827386536771520e+01
-4.414913649066123753e+02
-2.404481715288510202e+02
-4.986424424467183485e+02
8.473023816294008270e+01
2.948016134482425059e+02
-1.517286303577335502e+02
-1.113886969432293768e+02
5.447829024585917068e+02
5.377945701752723240e-01
1.673941870160252847e+02
2.729291225264582863e+02
1.607574314926697525e+02
2.963723433201623720e+02
4.149205129855902783e+02
-4.260866588120481424e+02
4.618383491854852423e+02
8.257402709955891851e+02
1.154021141805384474e+02
-1.916713577245571543e+01
1.015932761952527358e+03
6.998866367350304074e+01
-3.736483636555594217e+02
7.987842474520046210e+01
3.245700896464186371e+02
-1.246887206111693871e+02
-4.618134704111118083e+01
3.676224283579325629e+02
9.877799801932713564e+00
-1.154064489718476096e+02
-2.856715740887893276e+02
6.384092994025944563e+02
1.348474142942641407e+01
1.246328229933443197e+02
2.311720928393800989e+02
-1.411761719665400960e+02
2.174352131429463952e+02
5.831429113123530215e+02
2.798907894659979547e+02
1.637944702842230527e+02
3.417867187234509174e+02
6.016601688046893059e+02
4.705602651878070333e+02
-1.270892827366174060e+02
-3.655182599928992886e+02
-5.234845894923110698e+00
6.802967839084963941e+01
1.314222902708357594e+02
-6.008727422327735894e+02
1.714481295452439724e+02
-1.917016542452091699e+02
4.210268057230230170e+02
-3.878706971440294637e+02
-1.931738705750388760e+02
-3.090786668485545761e+02
-1.158631723132269258e+02
4.018778249523293766e+00
7.387165761225739402e+01
2.294806856837209068e+02
1.792976413672148510e+02
-2.886431814515960355e+02
-4.902249898323459547e+02
-4.277038766123132518e+02
-2.539118049581620085e+02
6.724565183038594114e+02
7.632305005066284309e+01
2.380487288325152804e+02
-1.707392830170331877e+02
-2.200567737566303776e+02
-2.189398029066762774e+02
-3.349429810611256357e+02
2.103100394102089012e+02
3.187112567334187361e+02
2.880684177174177876e+02
-3.687562476663604230e+02
2.767753113713720268e+02
-1.306949797466305654e+02
-2.885761121299782985e+02
1.572576661254337971e+01
2.332162500715211308e+02
-6.885431307142417268e+01
-6.499075507620717929e+01
-3.793608273218902127e+02
-1.077672750730015139e+02
-8.560420034720721105e+01
-5.601772753378859306e+02
-1.191956720721689464e+02
1.185908457069628383e+02
2.384288594026656654e+02
-4.399483265908160092e+02
-2.006410203558893386e+02
3.541036262290314198e+02
-6.422094402216156084e+01
2.254938575585599665e+02
-5.118835709220893193e+01
-2.436342406202508926e+02
8.935270651544026066e+01
-1.140887178841987435e+02
1.743306630824624790e+02
-1.449982665476031514e+02
-1.108557273622195893e+01
-4.286094319365994352e+02
-7.313419662535265188e-03
-2.907787279944209899e+02
-1.218635883271710583e+02
1.653008122284948627e+02
2.220708090285323877e+01
-4.916525819380073585e+02
1.819452381301816217e+02
-4.983716405358256338e+02
3.325423889118947613e+02
-3.290084909398720470e+02
-3.211273186369814994e+02
-1.129430125101613527e+02
-5.167667949283501230e+02
-4.293193550618832433e+02
-2.970464486660152943e+02
-1.818619870826540819e+02
1.062355220666822504e+02
-2.263908508759790905e+01
2.761708337308605010e+01
-3.526901788864277592e+02
-1.245741690781608213e+02
-2.139640927804030923e+02
8.497527978460372822e+01
-8.741183884228259160e+01
-2.040170922563170279e+02
9.898642120009526479e+01
1.610884019888267460e+02
1.068862899380649907e+02
-4.325871172047648372e+00
-4.419214828160900197e+02
-5.557596125926146442e+02
2.302608063560386142e+01
3.181860290176895774e+02
-2.383730708378191707e+02
-8.933271477407062378e+01
-3.066505391933008013e+02
-1.833725412653090814e+01
6.450452096371985817e+02
2.960088821400681809e+02
3.036703471597315911e+02
3.080421471118117083e+01
1.728147156959947779e+02
7.036301471671038144e+01
1.873652963407920069e+01
2.370228428863135051e+01
-1.409976291827301509e+02
2.280534686774698514e+02
1.816798541182096187e+02
1.476528503714823159e+02
-3.009389273006750614e+02
3.352825476059709331e+02
1.138394320992085795e+02
1.471165865234128773e+02
4.032658812088452009e+02
3.898262554363279833e+02
-7.290629764883136943e+01
-1.818850832608902124e+02
-1.376441469232873516e+01
1.386968555203235098e+02
3.237249041467463684e+01
-3.966263777111214495e+02
4.073209710894515467e+01
-3.722122658920073945e+01
1.835505964426261585e+02
2.507318047419383618e+02
-3.339434912692062767e+02
-2.097354818176354740e+02
-4.421440015633089615e+02
3.619700220129121249e+02
2.044040473738358799e+01
1.403769015149022721e+02
3.222990946386063627e+01
-8.202463566488683355e+00
2.368344518735239035e+02
-1.306712576983036911e+02
-2.705287779058913884e+02
3.820093219868446255e+01
-1.927405573066455133e+02
1.809042784086771007e+02
7.419774408148309419e+01
-9.979887314939379905e+01
2.103489947767781132e+02
6.874704562648445005e+01
-2.527980561456837165e+02
1.760000498120022598e+02
-1.570486822244275231e+02
2.247806137432267803e+02
