-1.206976037720897693e+03
-7.152648106329988877e+03
-5.198208017689996268e+03
-1.875387620308460328e+03
1.417632464259778544e+03
1.677749505927255768e+03
-9.103227989240722309e+02
-1.632581500237256250e+03
-1.430419417356771419e+03
-2.459166852680578813e+03
-1.795085777461844714e+02
-1.026355882377083617e+03
3.686237420249444313e+03
-2.597529754688234334e+03
-5.520151182337801856e+02
-5.374734234985970716e+02
1.995989403127768583e+03
-4.457444471173193961e+02
1.056167945338737582e+03
-3.518576807851685771e+03
1.627652785256969764e+03
2.270367170418449518e+02
4.822730069170942215e+02
-1.985387889987250901e+03
3.952857760280206207e+02
-5.891241861166068929e+02
1.262759856469285182e+02
-4.926050878498868713e+01
-8.394261212757712087e+01
9.027238086916072461e+02
-1.394978830917158120e+03
-6.524355714357853913e+02
7.976649629824960357e+02
1.931183984748736066e+03
2.033572988153676079e+03
-1.185746476515744234e+03
-1.225835755290964244e+03
-1.757803960816925439e+02
-2.234745888502948503e+02
9.372638882215242120e+02
1.818852904751772712e+02
-1.583979620322080336e+03
-1.212733603087868232e+03
1.571436937452665916e+03
3.109427853445280903e+02
-1.334706387854823561e+03
7.213289985515751823e+02
1.499223373047753512e+03
-8.636958102192468232e+02
1.481892483072981577e+03
-1.374247829816313697e+03
1.031346751454508876e+03
7.208520380445966111e+02
1.528680086958348284e+03
-1.065224955943557006e+03
-1.394177036837520291e+03
-9.007381438505969982e+02
6.617713313999557840e+02
-6.169038478476842329e+02
-7.521649089060181268e+02
-1.121167715166364133e+03
8.550083473969473289e+02
2.094617682488109978e+01
1.477185022467489716e+03
-3.619860493575205282e+02
5.995319833005841019e+02
-4.319824276487814245e+02
1.620432224586427878e+02
-2.321101484329216191e+02
1.418175575791990696e+03
3.349137715960240484e+02
5.995843559893992278e+02
-1.107564573252559057e+03
-4.960416954385351005e+02
2.303205215313712984e+02
-5.748954434997469889e+02
-8.053575603369920373e+02
8.176264403982573867e+02
-1.361021661950323278e+03
-1.250992551827935358e+03
3.994918011541528244e+02
1.006745683226777146e+02
9.298553352506078795e+01
8.361041537247940596e+02
-7.621427014088478700e+02
-1.707469906290304152e+03
1.105496808326259099e+02
-8.592733624550054401e+02
-2.936309670422789964e+02
7.750150226088780983e+02
-3.425553199973456344e+02
-7.251399312453545463e+02
-6.120407213135397484e+01
-8.459840894862176128e+02
-2.066037631634245315e+02
-9.297968139811630408e+02
1.574919437031162488e+02
-1.816290196020836163e+02
-7.127589995687620785e+02
-6.119291106718550282e+02
3.924905645904955804e+02
-2.623427084186754428e+02
3.750485365042453054e+02
-6.978979042092947793e+01
7.171028343353741548e+02
-9.471015085448853199e+01
-3.810636562582092779e+02
-2.471829092884366048e+02
9.511462456969488244e+01
8.454669877162996272e+02
7.259640086739091203e+02
-3.057365717116266524e+02
2.306902001633254713e+02
4.497200917122311381e+01
-4.046665696193227859e+02
1.348004275061734631e+02
3.691153929522279782e+02
8.424612097245451992e+01
-3.532061592750618928e+01
9.405285361639660096e+02
-1.465440073036323021e+01
2.186546768311369817e+02
2.248939810661398155e+02
-7.769463794277082798e+02
2.472945265154735921e+02
-1.204500858630376342e+03
-1.398712928322985078e+02
8.829350379885052291e+01
2.101864426627672913e+02
-4.414160025613037419e+02
-2.086710958525566184e+02
-5.696854209222670988e+02
4.190231951774630943e+02
4.535697959108523492e+02
-1.801027390004112476e+02
5.884149050597502537e+02
7.223022915409735560e+02
2.030901504003903710e+02
7.443920795854342032e+02
1.200176748282783166e+02
-2.116017444351818426e+02
-7.416894069622276264e-01
-7.739456199728846286e+01
2.400899664839952550e+02
-5.822618608299371772e+02
8.857377577824507853e+01
-4.833584402859757461e+02
-4.092784134444943334e+02
-3.220345696859400846e+02
-8.994108417756360723e+02
2.713398427951474332e+02
5.900053006307666692e+02
-2.261089710969912971e+02
2.792837594745086562e+02
-1.363632553191662282e+02
-4.112139880930137679e+02
-4.818972673259029307e+02
7.785100769267438636e+01
-5.551036954395070921e+01
1.665996556538065931e+02
7.451749297227177067e+02
-3.927785589774983777e+01
4.322279653931524734e+01
-8.883566693675364832e+02
-2.465068051850424240e+02
-1.644228694733111524e+02
6.750105892911125238e+02
-1.309036645331038358e+02
-1.891881470166985082e+02
-7.457364371433194492e+02
-9.658256069548235700e+01
5.545597250948735564e+02
-3.858267317297171672e+01
-1.640736330102394618e+02
1.260688605918547154e+02
-5.193758127108900453e+02
-2.497516298844395521e+02
3.089275995351113124e+02
2.569199830224583252e+02
-2.558575001512845120e+02
5.627868462285097628e+00
9.105017845358084116e+01
3.652838320500941336e+02
1.091771894005593850e+02
-1.070632853865696745e+02
4.521287633527952607e+02
1.129195107972938104e+02
-4.186060834007246285e+02
-1.868358868745723953e+02
6.035491263019029873e+01
-3.066727120533468565e+02
9.800133028822180847e+00
3.206825779723640721e+02
3.345301293284115900e+02
-8.366460919524234896e+01
-5.486147336615687919e+01
-6.050031652034676881e+02
2.554815747212491601e+02
-5.930706564636019351e+01
-7.141947313332220801e+02
-5.917364489556794638e+01
6.411682901588374506e+00
-2.922579149912902352e+01
5.927193839164981455e+02
1.219970550524133728e+02
1.232950968876677820e+02
-1.827553801571396264e+02
-2.530413436806283300e+02
-1.111710033864107743e+02
4.290358661408194507e+01
-4.700335103196266573e+02
5.939734472511971397e+00
-5.889520403507809760e+02
3.290089149054121549e+02
-2.896312653339110099e+01
-1.430016603323863080e+02
-1.822121826507068931e+02
-3.423034002633436899e+02
7.222827172179262334e+01
-3.338092548680054961e+02
2.096125424399075428e+02
-4.844358713296300323e+01
1.316288172100933025e+02
4.885184001097903206e+02
-1.403195643339838661e+01
5.440338801061685672e+02
-4.026691543260847439e+00
-1.017976791393573137e+02
-7.460601481559413628e+01
6.916818593817282590e+01
8.402740972432670929e+00
1.543269060340609542e+02
-3.025412978718139811e+02
1.799314599671763233e+02
1.181917150814833093e+02
-1.444172910695385212e+02
2.376934138712084277e+01
-1.826265868648883668e+02
-3.591884713972244469e+01
-6.748898754334041428e+01
1.619363894858415733e+02
3.094387270902788600e+02
5.552036292791010652e+01
-2.935093501989430820e+02
1.243463273191266154e+02
-5.502653645162720863e+01
-3.341542534545192780e+02
1.548563788318333820e+02
-8.253190373689743353e+01
2.647789578690345138e+02
2.498027941249566908e+01
-9.910165294895826094e+00
2.709326561263753206e+02
3.611571614638502581e+01
2.959125219773225695e+02
1.340706800478763228e+02
2.679661167469336078e+02
-5.572525077709915564e+01
-1.400487481477497056e+02
1.567092622734131169e+02
-3.463015685643574102e+02
3.984408548642130086e+02
1.043045512689171943e+02
2.651024497864790419e+02
1.473907501680766927e+02
5.082892414416116367e+01
-7.002337037286133636e+01
-2.965074991689553485e+02
-1.892101088857669424e+02
1.614514685722465401e+02
2.285084282810232992e+02
1.572031858967872608e+02
1.325578960441609127e+02
-1.890448729682727560e+02
2.591218332520156196e+02
-5.007663174053007538e+01
-1.074935166449755002e+02
2.370518585988514815e+01
-1.525496537211679708e+02
1.916893456666741997e+02
1.053067511798422942e+02
-6.301737564722498774e+01
1.060519367111462401e+02
-9.662962456106761522e+01
-2.776762178806831116e+02
7.819898562255049512e+01
-5.790422895309438900e+01
-4.958313652711049002e+01
-3.932184181185346716e+01
-1.006964712812985852e+02
2.243029614891537733e+02
2.480444916002606348e+01
-8.064657989563059459e+01
3.793490658670980906e+02
-3.174972801342317741e+00
2.363420467018760007e+02
5.031849896227493701e+01
1.661902747209525728e+02
5.515893533959459916e+01
-1.251853016031584502e+02
