-3.029609756304655548e+03
6.111964393099776316e+03
4.197587392774168620e+03
-6.835530856808180715e+02
1.571148890276384236e+03
1.915597260045350140e+03
-6.847067654042547247e+02
-2.263856764414768350e+03
-2.758267410528442724e+03
-1.776270681561750962e+03
-2.024723426565212094e+03
-9.594309661914593335e+02
-5.359466648501132795e+02
1.572551692163619919e+03
-6.632217835020734356e+02
-6.757835497371459041e+02
-6.918229161045953788e+02
-5.351333487780129872e+02
-9.324791539215527791e+01
-3.931040884301216352e+02
-8.145935919727885732e+01
2.971151695265731405e+02
-5.619387947866463264e+02
-1.492491019680082218e+03
-8.580864327416663855e+02
1.103540015586190293e+03
-2.502499938909346326e+02
1.469975057366629017e+03
-1.007622374996367398e+03
-5.304778938950688598e+02
1.616965500044538658e+03
-1.300431495451366573e+03
6.836628125106215066e+02
-4.758971256056502170e+02
-3.604848836371040761e+02
-4.695690096568159220e+02
-1.587067728084491307e+02
-1.235102704462065049e+03
1.026743913689627789e+03
-1.236150867519887697e+03
-1.292459319241448839e+03
7.092793029792641164e+02
-5.746017946127881260e+02
-8.017227581969783614e+02
-5.408646677119542119e+02
-9.239021892673429193e+02
1.555227829949476018e+03
5.778497073567044708e+02
4.077237291520638109e+02
3.700049619652712636e+02
-2.318168542254125271e+02
-3.758960677639311143e+02
-8.442392857100873016e+01
-2.946686556220459465e+02
8.010505984305109450e+02
-3.134220307272947252e+02
2.925157772923940911e+02
5.227641186910450699e+01
8.733626289864955652e+02
1.212466582416379026e+02
5.134610501550789650e+02
2.738526033330829250e+02
5.470734394807143417e+02
-1.479670507182304959e+02
1.194052331305835878e+03
1.045497967395904652e+03
6.767100653397262704e+02
4.748679820363758495e+02
6.336948700275492996e+01
2.538824346555962563e+02
7.871425768173958204e+01
1.930456282049203480e+02
4.728312000585854094e+02
7.902218739430402650e+01
-3.981612656841448938e+02
1.045891684584680235e+02
-8.711227994290175047e+02
4.624193021243366957e+02
4.685051114181321168e+02
-2.091353565946178605e+02
5.128700005107793913e+02
1.366972003447436634e+02
3.494341324661585304e+02
-5.285554740464434644e+02
-5.356067187163342851e+02
4.442379503149829389e+01
2.507712249741836672e+02
-3.866279339148248937e+02
-1.993600386408203917e+02
1.336337470624295953e+01
4.389212708667341900e+01
4.264642897447716337e+02
-1.796119364357527388e+02
-5.362666127942003413e+02
-4.312192308041485376e+02
-4.268049175147495475e+02
4.390540194077538416e+01
-3.295320716886691912e+02
4.454129905565645942e+01
-5.802682533141890531e+01
6.059716127751620434e+02
1.073188375276878581e+01
-6.047216332688645934e+01
6.443808908184456641e+01
3.289652320025061840e+02
-2.360412700233491705e+02
-2.568587003179957833e+02
2.452896113803049047e+02
-1.661793889305412719e+01
1.718877015545689062e+02
-5.642838947158277279e+02
-4.431931908740609742e+02
-4.551238457658631660e+02
-1.932952200424393538e+02
-1.169134711070622359e+02
1.710626211188127570e+02
2.063803212671564893e+02
-5.565893802248428983e+02
-2.165463374625742006e+02
5.456976585900913506e+02
3.103054844591640062e+02
6.914337109871521534e+02
4.826008367675641466e+02
2.062658912307720698e+02
4.802006340356963392e+02
7.771374073888175360e+01
-5.954029824182525772e+02
5.675185532934956427e+02
6.655150146579566126e+02
3.414718089890287729e+02
-1.369102290858508866e+02
1.600775208735905835e+03
-2.274678930103855521e+02
-1.452122052547309465e+02
1.690411848647460999e+02
3.657597935210312698e+02
1.044426373336897740e+02
-2.035269257754879675e+02
3.327249748191688923e+02
-1.268256115350082638e+02
2.182168984787706165e+02
-1.635649882139788360e+02
6.326844688665975127e+02
2.859307639602039330e+02
1.822461748519328353e+02
-1.874810834775512802e+01
-2.480435575038741831e+02
1.762888128490061490e+01
8.612606603505054181e+02
-3.817424173770228890e+01
2.775956192848199180e+02
-1.830909817877458750e+02
5.304297959691551796e+02
3.862324877757347252e+01
-1.614419588274600414e+02
4.573186336490365211e-01
2.217715228713752538e+02
3.695859362688862575e+02
-3.437927305371197662e+01
-6.115059367106300670e+02
5.479796536891340111e+02
1.328308827940094261e+02
4.819754866370469699e+02
-1.758496018723822374e+02
-5.584972028294463797e+01
-8.178971902758908641e+01
-9.075693579928875465e+01
2.073839479979159819e+02
2.492196906375508831e+02
4.397455972366757919e+02
9.348642782914926386e+01
-6.065741041525218407e+02
-5.762097855390110226e+02
-3.607724610097223490e+02
4.603111908233819882e+00
3.730510028907140736e+02
1.108004363302363657e+02
2.828213516217576284e+02
1.056677439213772374e+02
-1.863416825962661392e+02
2.943345481167342541e+02
-2.025785178414332961e+02
3.148042098382017002e+02
2.494506406116231574e+02
3.509872434925182461e+02
-4.309274870436815945e+02
4.215557140113066907e+02
-4.887372830372970434e+00
-4.952723269256645722e+02
2.306687201001898870e+02
2.841927299963930977e+02
-1.282524303945506858e+02
-3.321748825789742341e+02
-2.573383314708910348e+02
-1.344860778102486343e+01
-1.095930731019533653e+02
-7.295041070624857866e+02
1.991211697787039725e+02
9.220120019712136639e+01
1.820993482952687259e+02
-3.530208789570473868e+02
-1.436155991979854889e+02
7.106118142356775707e+02
-1.271109955592331886e+02
1.083154919329007129e+02
-4.220376729872953092e+01
-1.792923234652323856e+02
1.823514970482143553e+02
-1.589199154681488437e+02
2.346294101879509526e+02
-2.930758423075548080e+02
3.412086836475210703e+02
-2.545466555957268326e+02
-1.452819181565662916e+02
-3.325954603998470134e+02
1.165608196470754621e+02
5.873278259270940538e+01
2.071293970081114821e+02
-4.349123255045175824e+02
1.964778026931250849e+02
-6.210608555904503874e+02
1.562276553071055503e+02
-4.038256637804231559e+02
-3.205452374430079203e+02
-1.608148361030236799e+02
-6.733687008550592736e+02
-8.280273313639576145e+02
-2.631650121260547053e+02
-3.514662909081199018e+02
-1.767845106638464188e+02
-1.700349582919573947e+02
-1.096149493147796647e+02
-3.014483959649476787e+02
-3.527932937423467479e+02
4.831164707875549880e+01
1.102567758351600418e+02
-3.548110723203264456e+02
4.165965410961226922e+01
3.554013471172078198e+01
1.988368184959049074e+02
6.356955995586385022e+00
-1.305170099898385594e+01
-4.798677096661372161e+02
-7.169806619549221978e+02
7.645831631293512487e+01
2.952125757790565217e+02
-1.770283115243528584e+02
-3.190784732146435658e+02
-4.329165039517056925e+02
1.350427177889566508e+02
4.597175215889587889e+02
3.173126737222926863e+02
5.413107185739390843e+02
-1.762406843466384316e+02
3.269524586772490693e+02
1.165234053200103403e+02
-6.641283855000287417e+01
5.076401669407798067e+01
-4.055954902584672936e+02
8.054525441201049318e+01
8.539876855166792780e+01
1.900791873944750421e+02
-2.544707751484586709e+02
2.470427289737058061e+02
8.188333436776503049e+01
2.207839600687878203e+02
3.651479945851743878e+02
4.373942858359040429e+02
4.594555804854741865e+01
1.582282753397086417e+01
1.219785713981991648e+02
2.588709565065201446e+02
-2.427951697711056056e+01
-4.116260864710112628e+02
-3.881505463529102862e+00
-6.543769950859583240e+00
1.934929273425077270e+02
2.559790530492850280e+02
-3.032552134700542297e+02
-3.588672959111615057e+01
-4.645241489815375644e+02
4.621375608595641893e+02
5.172563049278937086e+01
1.803333402860521630e+02
1.145561730350847363e+01
8.248472265780799617e-01
2.411191352688889822e+02
3.249989207557320725e+01
-2.345654799182535726e+02
1.195323261602481182e+02
-1.922241161925627182e+02
1.854218427650801004e+02
1.116141043173004732e+02
-9.304387478301057612e+00
2.147372751787043512e+02
8.615562320697326015e+01
-2.706706891725850141e+02
1.006768804000268887e+02
-3.549997929231020066e+02
1.697200781223992010e+02
