18.2582 -29.9992 -541.473
37.7282 16.0174 -524.365
44.5079 28.4646 -493.057
52.9205 29.5024 -469.274
-13.1611 16.6912 -502.734
-22.9062 55.033 -472.703
-25.1137 70.5846 -458.987
-25.0811 86.1607 -442.751
-4.82585 11.0035 -482.685
-12.9067 32.9802 -445.599
-7.19411 51.5774 -419.748
-6.89934 60.4548 -406.17
-2.17705 -6.39028 -469.033
37.2955 11.152 -471.355
41.0368 2.40487 -487.779
46.5595 -8.92048 -508.791
13.6285 -19.8759 -466.08
36.1311 -3.01412 -463.274
46.5294 -6.5753 -481.675
52.273 -10.2274 -493.334
