17.2794 -38.0158 -534.778
42.9955 -30.0893 -489.334
34.7967 -24.6117 -456.413
16.5301 -29.7231 -439.748
8.41514 19.6974 -499.303
17.117 43.7593 -456.733
21.5797 49.3908 -437.157
25.3361 52.0319 -415.131
-7.33164 12.7434 -484.899
-11.5641 34.0526 -446.799
-7.36603 37.4251 -414.896
-5.49183 39.1538 -398.873
-27.25 2.81938 -484.062
-12.4132 -3.67713 -443.952
-0.721139 -16.2949 -435.929
8.25887 -33.1569 -451.268
-33.0818 -17.1775 -481.51
-41.2743 -11.4407 -455.08
-46.4085 -8.72521 -434.448
-49.0184 -8.49429 -421.205
