9.1266 -53.3609 -495.244
29.3514 -16.6366 -463.126
34.5947 12.4547 -445.597
29.1446 31.5601 -430.015
14.914 13.6853 -507.041
30.1218 41.0501 -468.482
34.9182 46.2288 -448.86
35.4925 43.4831 -426.535
-5.25916 20.4083 -499.854
8.66112 45.4187 -466.623
18.6999 45.5736 -435.866
23.3129 44.4282 -420.353
-27.6574 15.1339 -496.751
-7.52686 29.031 -461.074
0.289886 37.2305 -445.845
12.1202 42.404 -425.023
-31.0912 -1.41479 -472.383
-21.2235 19.8684 -456.628
-10.5455 32.1735 -442.7
-1.75011 34.4316 -432.711
