20.7011 -47.4876 -516.422
56.7029 -11.126 -503.346
56.0191 12.8989 -478.782
44.9312 16.3798 -456.367
2.95543 18.2522 -510.836
7.87618 66.6802 -500.966
10.8337 86.0924 -493.946
13.7546 105.843 -483.571
-7.83955 17.4583 -491.172
11.0302 47.2757 -465.125
33.8343 26.0331 -456.436
38.5911 10.6655 -458.548
-24.3498 6.75248 -480.869
-29.0066 42.9973 -457.72
-31.9803 59.0172 -447.984
-36.515 79.6621 -435.596
-25.6786 -9.36644 -468.628
-40.2207 5.80928 -449.739
-45.9832 16.1011 -431.842
-47.0407 21.0733 -419.336
