11.842 -48.2146 -477.9
35.5944 -2.36406 -466.817
24.1633 29.9197 -463.96
-0.537281 32.6638 -459.505
13.2749 10.1156 -513.444
12.7775 59.3604 -519.894
14.377 75.2581 -506.495
13.8076 76.3756 -484.029
-6.01904 19.1599 -506.391
5.9225 41.974 -470.887
10.3898 9.95077 -469.73
9.69675 -3.80372 -478.308
-27.7366 14.7538 -504.186
-16.1933 30.1515 -465.445
-9.33064 13.3241 -459.967
-7.59946 -6.16863 -474.707
-39.2121 7.41711 -488.221
-31.3139 23.6919 -466.511
-19.8191 10.1942 -454.465
-20.6372 -2.13252 -459.909
