-3.60065 -18.7826 -550.868
-42.5058 12.6191 -533.85
-58.2839 33.806 -511.868
-61.5928 53.3504 -496.229
-17.184 2.97933 -487.545
-15.4168 48.315 -507.756
-16.2829 37.4882 -525.557
-16.7611 15.2915 -529.208
3.57166 8.5585 -481.075
4.23188 42.5456 -508.788
-1.37173 18.4003 -529.582
-2.81139 2.86922 -525.115
24.3021 0.547051 -479.662
26.1781 30.1944 -511.106
20.2658 19.2827 -525.468
13.4208 -3.34029 -519.018
40.8882 1.67073 -492.47
39.8453 24.0532 -509.689
29.834 11.8161 -524.161
31.6095 1.26938 -515.923
