10.5993 -48.1636 -522.83
-18.3507 -24.7299 -560.274
-38.9999 -5.52456 -579.917
-50.9194 7.24125 -598.15
-17.5483 11.3821 -504.668
12.5656 30.7839 -539.072
14.7014 10.7962 -544.62
6.05565 -7.92289 -535.615
-1.48911 18.9738 -490.947
25.9355 25.0123 -524.638
19.7197 -6.56112 -527.994
9.79613 -14.8404 -518.184
10.6946 13.1746 -473.231
38.7506 13.4479 -506.155
35.4011 -4.04832 -512.708
17.2299 -15.944 -501.37
29.7397 4.58391 -471.262
46.1947 9.32526 -493.741
39.0757 -9.04118 -502.192
32.2808 -11.2461 -490.737
