10.1686 -50.6524 -516.859
45.4086 -20.1158 -492.061
53.1964 7.90176 -473.746
52.1236 25.3872 -455.563
14.3317 15.8407 -501.721
7.74898 59.0314 -478.096
3.59703 76.056 -466.792
-2.923 92.6928 -453.119
-5.55695 18.547 -491.675
2.98433 4.72395 -450.937
7.37583 -12.2972 -478.099
7.57294 -10.3491 -494.205
-27.3568 15.0672 -494.605
-17.9336 -5.19571 -457.567
-11.8144 -18.4939 -469.65
-8.66288 -18.3556 -493.946
-40.132 -0.620014 -489.028
-34.2504 -4.38054 -461.645
-24.5976 -22.7117 -467.143
-27.062 -23.9775 -480.355
