-17.2794 -13.7287 -549.661
-42.3278 21.1954 -518.967
-30.3362 46.7182 -499.323
-9.35772 60.7607 -499.781
-8.41514 -8.32176 -482.133
-0.307548 33.4683 -456.545
8.08693 45.4178 -441.659
18.7787 58.1488 -426.498
7.33164 7.66943 -481.79
10.0595 30.2954 -444.317
10.7934 49.6664 -418.413
11.792 58.7344 -404.996
27.25 12.9205 -490.252
1.92516 47.6721 -494.962
-4.35845 37.6197 -509.786
-13.3344 26.6997 -529.797
33.0818 24.2728 -506.911
16.4818 47.0631 -508.81
2.9796 41.7339 -524.581
2.8953 31.0042 -532.773
