15.1893 -44.2742 -472.389
25.3277 7.48128 -469.585
0.315188 30.9911 -467.93
-22.4707 39.0639 -460.641
10.6067 7.07109 -517.227
21.9965 54.4111 -527.03
26.9007 74.6666 -526.31
30.6306 96.466 -522.172
-6.86993 18.0593 -508.417
-8.58405 60.6597 -518.707
-5.19015 92.4905 -514.009
-3.96534 108.6 -512.519
-27.8012 15.1613 -501.323
-32.7075 58.1313 -500.479
-35.5423 76.8951 -500.872
-39.3374 101.099 -501.059
-35.7956 11.293 -482.042
-25.28 30.313 -463.98
-14.0889 13.7702 -456.201
-14.695 0.619181 -459.19
