21.3288 -30.2651 -539.779
21.805 17.6025 -517.469
14.2576 22.4324 -484.291
13.925 18.8704 -459.297
-8.26914 19.4653 -503.466
-14.1599 62.6332 -479.617
-16.0338 79.929 -468.12
-16.4733 97.0884 -453.573
-6.5786 10.5061 -482.955
-14.8404 39.635 -451.224
-13.6186 60.5833 -426.598
-16.4993 71.2134 -414.683
-11.1189 -7.99167 -471.416
-3.69652 9.94019 -432.757
-4.1435 17.7379 -415.457
-6.65734 27.4398 -393.101
0.266922 -24.9853 -466.728
0.0229225 -21.6715 -438.665
0.749912 -19.5088 -417.353
3.66746 -18.7018 -404.197
