16.533 -49.6341 -514.711
56.3654 -16.7207 -525.636
79.2857 7.14953 -534.907
96.9957 25.1073 -536.08
9.25852 17.8942 -507.305
17.3703 64.4919 -492.147
19.7348 83.6904 -484.358
20.9963 103.306 -473.408
-7.1748 18.1381 -492.018
-14.805 57.1911 -473.572
-17.4517 82.7853 -453.958
-20.3678 97.099 -446.897
-27.5296 10.072 -487.95
-37.3174 35.532 -454.377
-43.8345 48.4339 -442.074
-53.5035 65.6717 -427.596
-34.3117 -6.79286 -477.463
-52.1497 5.23945 -459.144
-65.4027 13.7079 -444.581
-73.1548 17.9417 -434.372
