-2.576581886117122394e+03
1.239753355172477313e+03
-3.645381922424272489e+03
-9.869872758654906875e+02
6.346991251040168436e+02
1.631109010349290656e+03
3.010386650194369395e+03
-1.617611424824048981e+03
-1.388268510264045403e+02
8.032888054708238315e+02
6.759853957453004796e+02
-1.511155649804187988e+03
-2.193110457693078843e+03
-3.716879874080186710e+02
-1.918749205751817499e+03
3.450405940244868361e+03
-2.774828441698333791e+03
2.300468540062790908e+03
-6.897894502115719888e+02
-3.310089825942727657e+02
1.435146462893562330e+03
-3.460856380994383926e+03
2.013360203286068497e+02
-6.343296139452787656e+02
-3.945794298080310796e+02
-1.763357110100827867e+03
-2.573150683936506766e+02
2.108275518945372369e+03
-6.592902615698333193e+02
2.484857678445042097e+02
-6.390423486155785895e+02
-2.045501124101010873e+03
3.699113651468420016e+02
1.873697107076184466e+03
2.682015189555604593e+02
-4.247634743029133233e+02
1.679603710162582502e+02
4.602929139011031907e+02
1.311053604063350235e+02
-1.358463271423202059e+03
-1.935779502422391488e+03
-2.975892617404732050e+02
-7.724005068357180335e+02
1.271837451652478421e+03
-4.797046496727617750e+02
-1.513085422292495252e+02
4.557476835814767355e+02
1.330647929647438787e+03
-3.987071910353328263e+01
6.669568531155609037e+01
-1.265799268234166448e+03
1.194884772335154594e+03
5.837262331621193425e+02
-1.644522024290376748e+03
6.971640231584107141e+02
-6.498848723687721076e+02
-4.627216525946935803e+02
8.163707493250319658e+02
4.516336518848579544e+02
9.105291310529639759e+02
-8.545377741685342698e+02
4.689262473564313609e+02
9.814311902169071118e+02
-1.924099971216765539e+02
1.501081576677742362e+02
6.875175740156706183e+01
1.195079294279405758e+03
-1.074111880219678596e+03
3.760701600759276175e+02
-6.238469364509647619e+01
-4.831093328365975736e+01
-1.917741534534121399e+02
-2.735550276488003192e+02
-6.457310525278010118e+02
-1.774375220121305006e+02
6.437399805303917901e+02
-5.164527323365610982e+02
-6.743486369971191152e+01
4.139491969800573656e+01
-1.355490532497631762e+02
8.863385915180598431e+02
9.757582039885543281e+02
5.052636750849881651e+02
-6.808365723687396667e+02
-1.491683732073413005e+01
4.074608983059420666e+02
-3.997284274218563382e+01
-3.196997059368113128e+02
-7.483000352547630882e+02
-4.562233947516609192e+02
7.521077787252199869e+02
-7.113782285904706271e+01
4.916641774968637719e+02
-7.002509994074798669e+02
-7.127823744944222994e+01
-3.464767987479813769e+02
3.187238309673406320e+02
-6.481118303475872722e+01
-5.273099567170498148e+01
2.218798395650714212e+02
6.285943797762218992e+02
-4.051534652113950870e+02
5.599269748392812289e+02
1.458668347357235859e+02
3.884927139409309120e+02
-2.826806409753357912e+02
5.587616642595840233e+01
-4.689407088435722244e+02
5.455029787948660669e+02
1.269227259845733045e+02
-6.228482699725317389e+02
-6.199359701098703681e+02
-5.878740912539849433e+02
-4.718102032248407909e+02
3.793435409591963321e+02
-5.398007881930345064e+01
3.578724439956909578e+02
-6.624469494451640230e+02
-8.187393229268172945e+02
5.983083332959363361e+02
-1.092602987930566485e+02
3.110580877879388026e+02
3.630142375041539253e+02
8.758354980156784109e+01
3.606400135905320781e+02
-2.870784027191152532e+01
-7.897037553085564241e+02
2.681126151136942894e+02
3.727480722048362622e+02
3.893556514601812069e+02
-5.196383608742766569e+01
8.891897572900116984e+02
-2.551693175830677376e+02
-1.590319713831319461e+02
2.922949490071353580e+02
2.762041092084836009e+02
-2.375009525889807094e+01
-7.047953906464572356e+02
4.354267731418014478e+02
6.411420287374771476e+01
-6.001999216896442846e+01
5.018002800787855477e+01
3.363293448257527416e+02
2.882193517649498631e+02
-2.754258930916731174e+02
1.570422713979237699e+02
-2.136516148169074825e+02
1.295926994393736322e+02
3.394660077023733606e+02
8.194755066339232030e+01
1.586813798227527741e+02
8.166427861718770487e+01
5.710362243716155035e+02
-3.550195486284126734e+00
-2.097904259157596130e+02
-2.139925869175653417e-01
4.208012456807951480e+02
2.792166130117271905e+02
2.621058477980373596e+02
-5.783588497269909112e+02
1.172508161220842879e+02
2.137466987311781281e+02
4.175631392416402718e+02
-8.017353546128177868e+02
-3.278861386124590354e+02
-3.195908587610836662e+02
-1.333733806511040143e+02
4.843597344304382659e+02
-2.377402661251665847e+02
3.002074402376468356e+02
6.860386474813162749e+01
-5.435890037419069358e+02
-2.271926301638550285e+02
-1.330808075272112490e+02
-3.453754099486034761e+02
3.143680942912709497e+02
3.144190253350690227e+02
2.552708620515710152e+02
6.439695110824966662e+01
-3.283674268060873942e+02
-4.754638190098272332e+01
1.160954000087640878e+02
3.155402462527239322e+02
2.336187646287357609e+02
4.580551302196337815e+02
3.633708309395836977e+01
1.248842845570520126e+02
-2.232728050364788075e+01
-5.833460746285059031e+02
-9.077139994798092459e+01
1.319859373845033303e+02
3.555902624442342130e+01
-5.519263787441362723e+01
-3.868267259974496710e+02
3.683476292975479396e+02
-2.828454119759709897e+02
-5.568951580830375860e+02
-1.411604317491935774e+02
2.733086143349808026e+02
2.466040331436927033e+02
6.250578344806071840e+01
-1.623588724048001666e+02
1.008652077541129870e+03
2.843727583491080964e+02
-1.293804625723187769e+02
2.633098619345188922e+02
-2.048440739132641397e+02
3.624885337711163515e+02
-2.641000301268480257e+02
2.693629318427059047e+02
-3.456679141838943110e+02
-3.583660630892845234e+01
2.139138499554007637e+02
-9.891632411687895399e+01
-5.376892799344447837e+01
3.390019540254576214e+02
1.596600886656628404e+02
9.223069277564074753e+01
-2.969116790869389888e+02
3.965664725830360453e+02
-5.169825697288935089e+02
-8.081061656063040743e+01
-5.330064698763824254e+02
-1.553375241340712591e+02
-2.169184724784392699e+02
-7.314481645992960921e+02
-4.549156096730106356e+02
-3.225705255786871817e+01
-1.522307229301563609e+02
-1.577386162852107816e+02
-1.323486368399186972e+02
-2.128661424245372586e+02
-8.792544578383929377e+01
-1.461731746886604242e+02
2.277337985946867036e+02
-5.582915806226802857e+01
-6.723790957570530225e+01
3.369768368330474004e+02
4.413273095048299410e+01
-8.224853251057611203e+01
1.997263232745769983e+02
-6.741189717344684595e+01
-4.089642426648392757e+02
-3.207267196665708866e+02
4.382095706796899037e+01
1.886611931788580705e+02
-3.034414432181338270e+02
-8.176527704028775645e+01
-1.484607783694899581e+02
-8.684562847048491108e+01
4.650860894837801993e+02
5.492520199865011818e+02
3.698965300030874346e+02
-3.177307080016396412e+02
2.170860187559101178e+02
1.021660040587105414e+02
-4.014910944652126545e+01
1.207512444588694649e+02
-3.608747957411508622e+01
1.406509915520388176e+02
1.348733923700533808e+02
2.479220304285043426e+02
-2.011227587419693918e+02
3.353434507038621177e+02
7.868540585879492255e+01
7.527897321812882581e+01
4.062356909877991598e+02
4.873684045471154604e+02
1.872133400775423340e+01
-5.755939641350190783e+01
-1.342973796803885023e+02
-7.260736167343287661e+01
4.316053285835328523e+01
-1.137232867093376996e+02
-6.309940077477387277e+00
4.325898849183342776e+01
2.565652209850402983e+02
1.633151346788111198e+02
-6.510714161914877707e+01
-1.351736296965667634e+02
-2.651007022521673662e+02
4.850359226873486023e+02
4.580132900876250091e+01
1.994902899659821855e+02
1.141555381851917019e+02
7.724123346357202990e+01
2.913342309673437853e+02
2.452232195476059076e+02
-2.343339194394972367e+02
1.706708666620187671e+02
-1.897750465055617894e+02
9.748255969574991298e+01
9.793181059749302619e+01
-1.032316762906407206e+02
2.051381821872037960e+02
1.865960636215307886e+02
-7.524263427556769557e+01
2.317827396537517757e+02
-1.688326973779575724e+02
2.346072434196723577e+02
