-4.762662691437414651e+03
4.257904560051179033e+03
6.197062424354450059e+02
3.121715846960113140e+03
2.988150973079456890e+03
3.111643398446723495e+03
5.143399734877349374e+02
1.024544891844287235e+02
1.298480256572828921e+03
1.849764057518284289e+03
-1.696160267325947189e+03
-1.582644603362504540e+03
8.328145121802032236e+02
-5.355481852227018180e+02
2.178730257660472944e+03
1.983945636031530512e+03
5.826651159073969666e+02
1.411889798080088667e+03
7.456209437577135759e+02
-9.654790664941101852e+01
-1.341865660817574053e+02
-2.848595013083029244e+03
1.261886988395010803e+03
5.228528594082256404e+02
2.530942722500865329e+02
-9.331129565688174807e+02
7.266462102696903003e+02
5.777571542576440606e+02
-3.368771285064651124e+02
9.017874570150995623e+02
3.250937456412929123e+02
-1.272973086493055234e+03
1.317219863452412710e+03
1.305188807104087118e+03
-9.228475555970138657e+02
5.143581447030675236e+02
3.944948591920706349e+02
7.349717577112280651e+02
1.268610919461878666e+03
-1.858864768187098434e+03
-5.593454776270947093e+01
2.831724789440047516e+02
-3.038001346671013607e+02
6.246155435784182828e+02
4.158957417901653741e+01
-7.501651850570582383e+02
4.263149039720078122e+02
6.130979714501518174e+02
5.564430665909752634e+02
3.052309844350008916e+02
2.190357753886618575e+00
-7.651956962182086954e+02
-1.703616875063031557e+02
-7.059330439156228749e+02
-3.408033535388213409e+02
3.642591090570286383e+02
1.583577522782424580e+02
7.992478736884426382e+01
-2.063255432434467593e+02
6.185272533185035400e+02
8.711835962552086130e+02
9.540224868537898146e+02
1.176470244235363680e+03
5.221648092557421705e+02
8.085708592124481697e+01
-1.818002742986853448e+01
4.361074245197385721e+02
4.036893543838452274e+02
-7.822166278492960600e+02
3.620436339983101561e+02
-2.634815584440590897e+02
1.391744338140153729e+02
-2.632549520511603873e+02
3.725529428096302240e+02
-8.400533576048568420e+02
1.716414477859124190e+02
2.126837158353559403e+02
1.840120438291329776e+02
4.632865669368082422e+02
-8.158544341342513917e+02
5.350113284926788992e+02
-1.246446864036093416e+02
-7.894743493940441503e-01
-3.040929457206606230e+02
-5.752384079021041998e+02
2.820245244413781052e+02
-2.538554274446622969e+02
-3.188143001931173330e+02
-1.022944011163583696e+03
-5.792470643140929951e+02
-3.256412003112285447e+02
3.525775426451266412e+02
4.097486095902548868e+02
-3.991647680915302203e+02
9.897478239347903184e+01
3.503982175276658495e+02
4.601356282932423483e+02
-6.022951422097671639e+02
-2.556425473141953546e+02
-5.256447822754311119e+02
4.530762251136699206e+02
-2.378156975395747565e+02
-1.463909217806050833e+02
-1.724072689412462296e+02
7.409640987532706902e+01
-4.143959757428051489e+02
1.075307143073018068e+02
4.845745841866099681e+02
-2.421048105098815597e+02
-1.813534225794132340e+02
-4.149567719686690452e+02
-2.772118159605238930e+02
-5.026887051753956115e+01
-7.696705007429425649e+00
-1.633193199494371299e+02
3.954425433843956483e+01
-7.583215166380769290e+01
1.787322937516408103e+02
-7.493510861000068246e+01
5.925405632132934670e+02
3.513112585274591879e+02
3.627538895633678067e+02
3.077720074782521351e+02
1.897703296820339744e+02
-6.976227191447047282e+00
3.748645150527675582e+02
-3.093556362259578236e+02
3.279412357249612455e+02
4.162013270536646132e+02
2.834685488182051358e+02
-2.316284198405419943e+02
5.216099989856855927e+02
3.941250230443888825e+01
-5.293628911464757039e+02
2.975879837384089228e+02
1.315209905757092770e+02
2.027868485454985503e+01
3.382198213016769159e+02
3.630789042254888273e+02
9.089262367961042699e+00
-1.439636230497942222e+02
-2.913741805632362230e+02
1.211941679354130912e+02
-2.081959294995926868e+01
4.679623951269989561e+02
4.651185281779653025e+01
-7.400018025163799251e-01
-2.140606920833442928e+02
5.751943679167176242e+02
6.610255357394882481e+01
1.619741458260089644e+02
1.178980106638838166e+01
-1.830332804595561242e+02
4.757189811134281854e+02
-1.358912543863274607e+02
1.821720880516530139e+00
9.301651697025393162e+01
1.419425708472265342e+02
6.713046776990547926e+01
-3.131702311406800732e+02
3.779180240955805061e+02
1.258981713356447329e+02
3.181584290683745664e+01
-7.086874463697058957e+01
1.101311153459814989e+02
-1.457139265686989802e+02
3.967144033066326614e+01
6.907603978571850689e+01
1.785332983090858363e+02
3.642911419166387645e+02
1.377936562161847860e+02
-2.914851823646925482e+02
-3.344147000420661584e+02
-1.248373710622280299e+02
2.128639122514930762e+02
5.207394678150417349e+02
-1.486392029780618032e+02
3.898409030751322462e+02
-7.098068381933366755e-01
-1.901178799457848356e+02
6.983769627530473656e+01
2.943118276409538794e+02
1.407977403077256326e+02
2.143001367223157843e+02
-1.237198254797207797e+00
-3.437666041726973276e+02
2.337508219442172503e+02
-8.212833835563472462e+01
-2.530484332226419042e+02
1.205876971514854716e+02
1.934467009433450357e+02
4.549980472624857697e+01
-8.909994372552407071e+01
-2.045752083441684590e+02
-1.489677135583792733e+02
-1.646709965942019096e+02
-1.808946517049566296e+02
1.611031760219302100e+01
-2.613356711129473453e+01
3.886545519111332059e+00
-1.671951205633251902e+02
1.023734586204694921e+02
7.081153702384706605e+01
-2.362350068108051460e+01
8.217576897765687249e+01
-2.425838009210368540e+01
-2.212907383956522835e+02
-3.883625848582853735e+01
-2.580057126042347022e+02
4.948310484794912867e+01
-3.001657775334767564e+01
1.114417140919280769e+02
-1.218475722113115580e+02
-2.501574579623211037e+01
-1.903627809940087445e+02
1.144300820058675612e+02
-1.472511485403933875e+02
2.519370959418397149e+01
-3.767081750045014701e+02
4.851511398954860965e+02
-4.827011901322752578e+02
-1.010133590157097103e+02
-2.916991239956479944e+02
-1.867621283672179402e+02
8.832448610862712712e+00
-2.615870623463528091e+02
-2.430151766095261792e+02
-3.958416005554520893e+02
2.287939616506137952e+01
-2.923969360587504696e+01
-8.407827863064690632e+01
9.160616773186210082e+01
-6.794379502162117035e+01
-2.721511302430718047e+02
-9.638233350800919652e+01
3.328287567942744118e+01
-2.076014419555029633e+02
5.505897720321258504e+01
-1.053575434913768021e+02
7.312001242604372919e+01
2.081857413814258564e+02
-4.922634232299454737e+00
-1.891707504542399931e+02
-4.723590707563504907e+02
-8.265932106913899702e+01
1.355075763002177780e+02
-2.061086223464605496e+02
7.163021243341160194e+00
-3.113203003538669691e+02
1.383184822798571645e+02
3.877352356768521418e+02
2.132151322158907192e+02
3.141779277207852488e+02
-6.364764340752517846e+00
1.328488647711170358e+02
1.152484890220212037e+02
9.686493266666200697e+00
5.511627069527393985e+01
-2.957547655750904596e+02
-1.505111445652089763e+01
1.455109102563833972e+02
2.337116961411860814e+02
-1.064360138766973591e+02
1.200211153713870544e+02
1.262649972944899446e+02
4.429651304893797459e+01
1.523705492358398033e+02
2.353778958897598272e+02
1.408491461056497371e+02
-5.607441670889232910e+01
1.179850648524211465e+02
-6.335022745634756802e+01
-6.334481226536391318e+01
-2.496977606301196317e+02
-5.326010707966345592e+01
1.471704316531532299e+02
4.969562263456660389e+01
2.595892182089032190e+02
-2.277654264960922035e+02
-1.830149779953167410e+02
-2.743693727328118257e+02
2.552816673591210304e+02
4.550864062347358896e+01
-6.428030926849027438e+00
5.083450397190878078e+01
-1.198969620816464214e+02
1.122797218301035258e+02
5.601662370768220711e+01
-3.030931790900403939e+02
2.791262969682063044e+01
-1.444460934248603223e+02
7.258661567046290486e+01
-1.102549661331233608e+02
4.766347351229497775e+01
-4.228760342369660918e+00
-1.870582393564518853e+01
-1.185350413101276246e+02
-1.144228398870126995e+01
-1.529558998132624765e+02
1.153564263318753724e+00
