1.121651223628603020e+03
-1.160158000680496798e+03
4.016229206521276865e+03
1.001480048227345378e+03
-8.980143664773161163e+02
5.944481052444063607e+03
2.888940795040945204e+02
-1.786325591024722826e+03
3.200641801127952931e+03
1.980840128809675491e+02
1.288577655075339862e+03
3.521465709912966418e+02
1.548075303004907482e+03
-4.381453041564111572e+02
1.635540548490556830e+03
2.672843768299441308e+03
1.562430271826660146e+03
1.632432772133767003e+03
5.155852208105084173e+02
2.102351735980800527e+02
-1.482477887004433114e+03
1.139852939896657745e+03
-8.721545815887232038e+02
1.414325653381597022e+03
1.554746292611260287e+03
4.692885575863428471e+02
1.197227767727444871e+03
1.182314642395552710e+03
-9.981273525506524038e+02
5.775113838239734605e+02
-4.491825709150884904e+01
2.095673882300400692e+03
1.967544713539548184e+03
6.864426769069235768e+00
3.845162348946091129e+02
1.453328639691741955e+03
-9.060891373186311739e+02
2.368755299325126487e+02
6.004036112877334972e+02
3.200303871510662930e+02
4.679519240003066329e+02
5.454127832726884435e+02
8.890633567419884642e+00
1.327962336354856632e+02
-6.263146605084729401e+01
8.182497655586124665e+02
-1.117341911956610261e+02
2.351551187383798691e+01
1.669852130037715369e+03
-9.699708510993809796e+02
4.542080200698666772e+02
-6.571616993005447966e+02
2.568997941984028444e+02
8.315029216841206789e+02
8.652810859435595603e+02
7.714796318450006538e+02
-1.610261488835899399e+03
-1.462234802442740374e+03
3.270079283022188861e+02
9.836846487147812468e+02
2.696976256538710004e+02
3.716300374067424173e+01
-4.874895852268845147e+02
-1.881761134971108334e+02
7.433057468063169608e+02
1.090990927768398677e+01
7.315781509828922253e+02
7.256228509388056409e+02
-8.955814323455007298e+01
-1.552782414106124406e+03
1.031114340531252083e+02
5.176954348106060024e+02
4.837820227205713763e+01
5.067283944050545301e+02
3.057081870456798924e+02
-3.012034428399304602e+02
-1.683172550120439155e+03
6.676352239253129817e+00
2.812659968410577562e+02
1.083155967158829981e+03
-2.206332259060172021e+02
-5.606784822397607968e+02
-7.168484843011968621e+01
-7.490170828125558273e+02
-6.581155161688728867e+02
-3.542200176163541983e+02
6.508597317850866375e+02
-5.102148464648745403e+02
-7.980674677684828566e+01
-2.518310492350242384e+02
-5.384993805732399323e+02
1.651442190428942070e+02
3.994714250759340075e+02
1.965256584161259923e+01
-1.427376707888148815e+02
-4.110183509026837783e+02
1.095427525141051746e+02
-4.539501615442045335e+01
-2.235633713883775613e+02
4.331409125649683460e+02
-4.555434771952264583e+01
4.635156963505754106e+02
-3.282416171302344310e+02
2.705393970412767430e+02
6.622560925031049806e+01
-7.835570514901762635e+02
-3.496849770768222356e+02
-6.562303905113141127e+02
1.885682283162818749e+02
2.118063886761094068e+02
5.771318873855700531e+02
1.871575675014692877e+02
-5.604081768633759566e+02
-2.238582447461005245e+02
1.299094891482483263e+02
6.790956419331472489e+02
-1.474985670654904197e+02
-2.037787353261159353e+02
-1.848739185478059994e+02
5.780626566229949503e+02
1.389104468635914884e+02
-2.065340041620643774e+02
1.508277387295426664e+01
-4.400275305981334668e+02
-3.309416538607732718e+02
1.167666254508537804e+02
3.616645144367477087e+02
5.838686211497948761e+02
3.109444028885961870e+02
-3.261906837400420613e+02
2.991218086185704692e+02
-2.501927735862110183e+02
7.403883388474168825e+00
-1.259535270356492020e+02
-2.390555818271954251e+02
-9.445555547631951043e+00
1.349360745799253039e+02
1.915736600486173131e+02
-5.686215814095459109e+01
6.970388120502856566e+01
2.866435389340070401e+02
1.453382230149188956e+02
1.483808796551897160e+02
-2.414925375664504941e+02
-1.127104988236760050e+02
5.416611096432940542e+01
3.822277564094912350e+01
1.258703572206876800e+02
4.453325858237756734e+02
-3.002296452333234811e+02
8.002030266553354920e+01
-2.715722433298901137e+02
-7.084073680255895056e+01
-8.615578815421554282e+01
1.408027592468141336e+02
-6.567439487654642960e+01
5.525935234876375262e+02
1.521295739400141542e+02
2.298227945967042274e+02
-7.777231020980165965e+01
-5.532235474313239365e+01
2.355630331143214278e+02
-6.213608852984742725e+01
-6.480890412367631193e+00
-2.944795937308523435e+02
1.189615093139958759e+02
8.005719735270689341e+01
6.460688672985254399e+00
-3.306295657888085771e+01
-1.751333670209507147e+02
1.977334422565645298e+02
-2.245527545390987427e+02
2.362807983344859508e+01
2.098089126410017400e+02
1.059601624725806346e+02
2.893812809825845420e+02
1.856963891293177404e+00
8.568325554956018664e+01
-3.204866250491572259e+02
-1.014131173463578222e+02
-1.800417028527122056e+02
-5.038068581189544659e+01
1.903647598684364084e+01
3.009577434436956764e+02
-5.458034138498787513e+01
4.004639370523939874e+02
9.094137889098412586e+01
2.035096623177605011e+02
2.654256658430238502e+01
7.942972820402556700e+00
-9.435994338727385866e+01
-4.879337640335583615e+01
-8.344752102560501328e+01
-7.795583672574851164e+01
5.899125212767836501e+01
5.796488139493919789e+01
-1.988424955730508543e+02
1.696659965545126170e+02
6.677194357771217170e+00
-8.825932682653186134e+01
3.991199278214185142e+01
3.016975546367265615e+00
-7.326400707381218069e+00
1.442111545657611948e+01
-7.091536880806945931e+01
3.353634995600449997e+02
-6.010193119134141426e+01
-6.330506036262010383e+01
-1.553799417001745837e+02
1.843215064824055105e+02
5.389832258665200726e+01
5.529667687944738930e+01
-2.231366081191570743e+02
1.026475723877028940e+02
5.829383941958703907e+00
-1.964181008578128385e+01
8.475062866065188416e+01
-1.881022617753259851e+02
-1.169113632303692469e+02
1.877638268269163291e+02
1.721947689611414773e+02
-6.953569099324681702e+01
2.477568597166439179e+00
-6.496929906691842227e+00
1.398624736201042822e+02
1.348885558062866039e+02
6.844189654194589423e+01
-3.895729382274658370e+00
5.580252109863454990e+01
9.352952490227789895e+01
1.382854979495905354e+02
-1.029698275060747648e+02
2.046687412650421152e+02
-4.710805627385676075e+01
-7.436368018620206044e+01
-1.415803092719949063e+02
-6.710808434192420791e+00
-1.408544433609142743e+02
3.477419585727317042e+01
-1.577105839950682196e+02
-1.447974222955593575e+02
-3.790168117616877197e+01
-7.775073197629441779e+01
-7.030570699473059015e+00
3.645659155368725202e+00
-1.140439575642512011e+02
5.351701608720067327e+01
8.092509460827504597e+01
7.862954473094606556e+01
-2.187103309881631219e+02
1.079903565088668955e+02
-8.053762976850660493e+01
3.639321471036472389e+01
-9.622538705288320671e+01
3.920443830869125890e+01
8.246455834554707565e+01
-4.079957947812005870e+01
-2.007591714336194286e+02
-3.085833561095626010e+01
-2.520146715599787512e+01
7.746510449971883361e+01
-5.116416788732622933e+01
1.805833043031161651e+02
5.649668859858656589e+01
-3.107979525423233014e+01
-8.397967312562479947e+01
6.703027087061774125e+01
3.279272277529320689e+01
-1.005305545163296728e+02
2.780085499371124591e+00
3.135488561093082893e+01
8.920459686867802418e+01
1.094899968952923643e+02
1.627599955900121032e+01
7.040759750702173392e+01
-1.073602215760020897e+02
9.764879972490287230e+01
-1.860868389144818877e+02
1.110187288083235444e+02
-4.566674475610611950e+01
1.713536709818101755e+01
3.443899770729153431e+01
-8.059181431201814405e+00
-4.479017448507546817e+01
3.362941836171722798e+01
9.305862658042715907e+01
-8.358660429847563478e+01
4.416461427864491895e+01
1.247822385169494339e+02
6.685375532029797796e+01
-8.489843076620923057e+01
-9.979265435846610899e+01
-5.852867056242230603e+01
-3.699933167613639107e+00
-3.773689822603952138e+01
2.026263833660847524e+01
-5.396782085020353037e+01
-1.501176929257035297e+01
1.387890509991102306e+02
3.881742340892250098e+01
