1.184219667948340202e+03
7.871309818563065619e+02
-4.519960055177566574e+03
-1.442261610813262450e+03
2.529831313774571299e+03
2.412722801622608586e+03
-7.758068059659166238e+01
-3.646751411768409223e+00
8.725852890472175716e+01
-1.013363286156420372e+03
3.176677376114178060e+03
-2.082603026342828343e+03
1.814980846780965976e+03
1.768940657677197237e+02
-2.944850226069945620e+03
1.021058170146471411e+03
-2.228404565697168891e+03
-2.393712137845816201e+01
-9.600023963645976437e+02
-2.959601977296115820e+03
-9.666266733948129968e+02
-9.399368192344036288e+02
-7.294535747289604615e+02
-1.846761297940499844e+03
2.357441131074706391e+03
-1.017214022688250274e+01
-1.094969721225851117e+03
1.274244197527415054e+03
-1.056990531651364790e+03
-8.669841410946936833e+01
-1.192172646650968318e+03
-1.070406553432860392e+03
1.169812355276342942e+03
6.302414446001520218e+02
6.148173727274054272e+02
-6.326305416921062488e+02
-1.799930502292873598e+03
-1.003637399448818883e+03
4.738408058278216117e+01
-1.040809583499099972e+03
-3.696613677703580834e+02
-1.218678131006879084e+03
-5.631544586808968234e+02
5.851845237220910576e+02
-2.705398825152523159e+02
2.921922382168210675e+02
-5.381978220880457684e+02
4.282928611032972412e+02
-7.212055881892979414e+02
8.087739093915091360e+01
1.732918915821165911e+02
4.766857193346133386e+02
3.080313999741631505e+02
-8.717936544999879516e+02
-3.824871603898309900e+02
3.237868902611616022e+02
-1.127802101407198279e+03
-3.183369349907713897e+01
-5.544851505790568069e+01
4.841844538060935861e+02
-1.512236775758459999e+03
2.840017667514275672e+02
3.588321495965465857e+01
1.149035186652022702e+02
-2.648586734084339014e+02
2.134888449846738183e+02
-1.283220305782817547e+02
-8.105615843499186894e+02
-2.500991435087402408e+02
7.208221793503743129e+02
-3.597553058673183841e+02
-3.839899502064528747e+01
-7.376651851301189708e+02
-4.237002804716704532e+02
3.980253060981178237e+01
1.061986007926772686e+02
1.328809066983901346e+02
3.166622703274758237e+02
-2.528636604105754770e+02
5.393952242045226058e+02
2.758500479644337702e+02
1.491161796107567454e+02
2.887628788340652477e+02
3.264334989654386163e+02
2.625998521441933917e+02
1.545473590788402305e+02
3.829745636244161489e+01
-1.291030781803669640e+02
-1.454455234306947773e+02
-5.023554419970719920e+01
3.950549649138129666e+02
1.097138427750967082e+02
4.859079597348971902e+02
1.646118531922067234e+02
-4.508091621889957423e+01
-2.806880938524036537e+02
-7.721167232337201369e+01
3.323768670730105441e+02
2.420681737543559109e+02
3.167315232627588557e+02
1.237876199389145455e+02
3.869080671683344974e+01
-7.485004106851036454e+01
-4.135363071962144659e+02
-7.261448292578156050e+00
2.074826634439451993e+02
3.668427721635558783e+02
-3.455616602815215970e+02
1.900033840072562157e+02
2.744183481534578917e+01
9.606266629699209858e+00
-2.397274616440353441e+02
2.510705872246888859e+01
-1.635037788570079442e+02
3.449532988448357855e+02
-2.678601991218386047e+02
-2.712389681392571106e+01
-2.374819293285960100e+02
-4.251839541082128449e+02
1.941158998252703327e+02
6.502994095131208496e+01
-2.755140128443360936e+02
2.079344428674482117e+02
-9.709137496757474395e+00
-7.393567505175975896e+01
-6.565033446774573633e+01
-1.863423026689112589e+02
1.644219590896144609e+02
2.670321303563453625e+02
-9.518343709637832717e+01
3.242562439902540063e+02
4.827234191261781149e+01
-5.961549303099950947e+01
8.119679385844625585e+01
-2.268985035278681295e+01
-3.722872016525222421e+02
-1.487764747482138716e+02
1.623977339045502788e+02
1.205853717655357400e+02
7.444662148052265138e+01
2.230485752243966147e+01
-5.575160825676996268e+01
-1.294767942002416703e+02
4.890003574258668806e+01
5.562275106005350267e+01
1.181695093235431955e+02
1.818949820466968106e+02
1.099699941739637126e+02
1.397506541305225767e+02
2.014093822160332081e+02
1.213157730860977068e+02
7.443540096300628761e+01
-3.167976410548304500e+01
-1.155579693142294104e+02
4.049336236911135956e+01
-1.592773870707810318e+02
-1.316889089172845217e+02
-5.095317941815255125e+01
-1.219533771160546394e+02
-1.131942523905807292e+02
-2.024334020963517489e+01
2.114873763842390701e+02
-2.530050351340048564e+02
-3.992571081951616065e+02
1.108837340951878474e+02
-2.880246966357101996e+02
-9.655654976195249617e+01
1.635562485768538821e+01
1.324137488437459922e+02
1.815997774153010198e+02
4.627284853805268199e+02
-6.562445278118187275e+01
1.614030198832734442e+01
1.014282959798943118e+01
-3.157422055916507730e+01
1.307759134351175305e+02
-4.926217399052183055e+01
-2.835795694111751573e+02
1.098080171688413884e+02
-1.151751441122402468e+02
7.907943837455550806e+01
6.547247586099695127e+01
1.115131148999415700e+02
-1.887229921504436803e+01
9.587559495881926352e+01
-1.404674899695394856e+02
-8.055692088538650353e+01
3.716128873449204661e+01
9.877929934990348215e+01
2.029295777816859356e+02
-9.738793279430232985e+00
-1.257493593824720080e+01
-1.611619703955645946e+02
-4.766075770201013029e+01
-1.759210661806999667e+02
8.367564912664127519e+01
1.654452303110635825e+01
-7.232815011285339324e+01
-1.047157884955881713e+01
-3.408304080676397234e+02
1.605866924761498069e+02
7.577189389412390597e+01
1.319204057237676011e+02
-2.439246464427255319e+02
-1.475997633653319667e+02
-2.712646237054257199e+02
8.978923475604419480e+01
6.103653713804357750e+01
-8.459015908125618921e+01
6.348164386172506823e+01
1.560589446117489558e+02
-5.300734353765087548e+01
1.936486711125895397e+02
1.092819358214137715e+01
5.727327848411243849e+01
-3.089776089445184653e+02
9.885786016043429925e+01
3.767502081861354668e+01
-1.199084370584103851e+02
1.434699023417832677e+02
-3.979590245565119488e+01
1.982543203555085540e+02
-7.497946574988350932e+00
8.661806050474170604e+01
-4.304568768027782966e+01
1.175776980308229582e+02
-5.494710358079169765e+01
-8.110523730606948334e+01
2.193788584984432433e+01
-6.765636562068047510e+01
-1.359657957383095948e+02
-8.366667437525292428e+01
-1.472201199382528216e+02
-4.638514875311729213e+01
-6.674358432960033838e+01
-2.496045494238259366e+01
-5.789216171898157626e+01
5.835382475247905631e+01
-1.308739530711013686e+02
-1.353327138513640193e+02
-7.170646365903706965e+01
-3.280732959880325694e+01
-5.008669927363395402e+01
1.618505448610137023e+02
2.249772134725704120e+01
1.177580841630616817e+02
2.074730217633061500e+02
5.401059135247004406e+01
3.333412609609960242e+01
3.627017425416276808e+01
6.172430427381083717e+01
-8.530577333098423765e+01
-3.246610842798427399e+01
-3.626905091136739401e+01
1.183260244744477241e+01
6.525342801907532930e+01
-1.083674696616908193e+02
1.564171700261951514e+02
-6.180285664497496612e+01
4.541042128279976708e+01
-1.215506906227822270e+02
6.081459160589210455e+01
-4.692008055702530811e+01
-9.744328162815590133e+01
-7.975832240369696535e+01
1.005586835420920409e+02
1.374023954371228626e+02
3.530653241266870879e+01
2.522213080719811629e+01
-5.596169063527166365e+00
-1.255790670422775008e+02
5.061013096744368944e+00
1.397526556727261777e+02
-7.905765127745284815e+01
5.980847819855638647e+01
-1.579960138182766229e+02
1.007124535749036482e+02
-9.152585279346293845e+00
4.724807155402873349e+01
-8.537882579941270933e+01
-2.348219924077718446e+01
4.667767404819237953e+01
-5.082979596537433764e+01
1.040421742454055902e+02
1.709688562926413979e+01
-5.039469539854663793e+01
6.910436274112987576e+01
9.552619701825658183e+01
2.666800739302204093e+01
5.107753562817975279e+01
-1.009046135139744251e+02
-9.074400972121138409e+01
7.993881125104101670e+01
2.158621867681005213e+01
-4.951383640105312622e+01
9.992593369322662511e+01
3.341687801686258297e+01
2.501218243430946941e+01
6.206539386411022541e+00
-1.000365134314294977e+02
