-1.567708136659274942e+03
-4.771738229328159832e+03
4.989696781210329391e+03
4.396280096132588824e+02
-3.669987934322899946e+03
-1.112985165115398104e+03
2.153439966184680998e+03
1.244558810255467876e+02
-5.988480060482963836e+02
7.118101553189900415e+02
4.651149526522809538e+03
-2.877108500990201264e+03
-1.348015145666133776e+03
9.115227054287934152e+02
1.988793521392496132e+03
7.764079251834564275e+02
-1.409719017838811169e+03
1.111143007782813129e+03
-1.192852875476404279e+03
1.869360675987877585e+02
4.603763160798694685e+02
-9.569267968880374156e+02
1.794381187783991891e+03
-2.815992970764337997e+02
2.888283003532744715e+03
-1.489717665093519827e+03
-2.449136986801059379e+02
-1.286238085883802114e+03
-9.151596315635463270e+02
-4.408257265936142630e+02
-1.634129502987597959e+02
1.426732028199643082e+03
-1.610746217290388586e+03
-2.869532227721937261e+02
-2.294262611667511919e+03
-1.101698266268018870e+03
-5.268777138763281300e+02
-1.019940145265866136e+03
-7.425850717583392679e+02
6.142929089133956495e+02
5.271028577381342757e+02
-3.471817285376643554e+02
4.253247173369762208e+02
1.387322779522671226e+03
-4.101813298626083792e+02
2.068617965035525685e+03
-3.990164597167138254e+02
1.978014419461695184e+02
-8.264511192513723472e+02
-6.353266203220346142e+02
-4.612841140835396345e+02
-6.083413917561189237e+02
4.800695306675459051e+02
-1.738597990857496143e+02
4.469794814960163194e+02
-1.709548495380592783e+02
4.526955591511208468e+02
4.101938951723915920e+02
5.741897354383600032e+02
-1.273979590701456118e+03
4.769899689175624076e+02
1.805789619908364614e+02
5.717501492029311976e+02
-9.323308470441644431e+02
1.548095237102465376e+02
9.507729695846006734e+02
-5.253212805934111884e+02
4.510703959815818962e+02
8.016489848265102864e+02
-3.002743927567067885e+02
3.107994348979439110e+02
-4.045727708269980667e+02
-7.211263524780107446e+02
-5.779941881081791735e+02
3.902494664305222614e+02
-3.902084240115373177e+02
-1.529795249171493197e+03
4.234063478164131880e+02
-1.198702181417352222e+02
-1.762992348603166306e+02
1.581637508874184164e+02
-5.689793240469680313e+02
8.521392258538038789e+01
4.698808796768179832e+02
9.278676937502648059e+01
-1.668109169855707421e+02
-6.945965749443297454e+02
9.448003010389237488e+02
-1.090823074116771295e+03
3.772336002076244199e+02
-4.136668267140524335e+02
-4.466467649963870485e+02
4.794004875829386947e+02
-1.447374238669220574e+02
8.077090200381463774e+02
-7.887330792108178912e+02
-1.595799105626468872e+02
-4.600344122720114797e+02
4.278396424058114462e+02
1.254514128931643455e+02
-2.814680899159458818e+02
-2.365431915953429041e+02
-7.945687327913462923e+02
-1.827252409509695141e+01
4.285683806535750477e+02
5.951131319243859252e+02
2.736314695329300548e+02
2.391155115552698618e+01
9.763416578122439660e+02
-5.252962792898384805e+02
-5.273306081404358565e+02
-1.806062291349174131e+01
9.659808215844587949e+02
8.848061862357027394e+02
-4.285297219586974506e+02
5.641095660542391670e+02
-6.210005240096008947e+02
6.762943670966400305e+02
2.662484110127630856e+02
-3.528156289855506884e+02
1.145873140699835480e+00
7.969537543397108266e+02
8.034537028245890724e+02
-1.154909864185962789e+02
2.832698044285639867e+02
2.769868997792077607e+02
3.934895636634678340e+02
-3.009865176043953738e+02
-5.574550411779089245e+02
3.452109806625980326e+01
-6.023003600486852349e+01
1.355694855055877781e+02
-8.129465169474976847e+02
-3.068844303393206019e+02
-8.144922593952981060e+01
-1.766363253745034285e+02
2.445835341884151148e+01
1.147086678197631926e+02
2.428807866391553887e+02
4.530130512558513374e+02
-1.812663334709118246e+01
3.626437227394860088e+02
1.400017281248221650e+02
6.667538618283391543e+02
-5.239649420307772942e+01
-3.315481492920050073e+02
-1.137317993511498315e+02
8.329012102358953840e+00
1.332887944497996671e+02
-2.682122850493866508e+02
1.775415728911723789e+01
-3.323464498892750498e+02
1.824100809299573100e+01
-2.848280494349500600e+02
-6.357270312328964792e+02
4.586921826532702653e+02
5.682007091069887394e+01
4.475886557127465721e+02
1.646820036293942167e+02
-8.437406965623858923e+01
2.862979543376337119e+02
4.021089767361042391e+02
-7.219123731162061119e+01
2.135015859086789192e+02
-3.411320726323265831e+02
-2.308287011478606701e+02
-3.343096379701069054e+02
4.581411793593273387e+02
1.626267269928859776e+02
1.289919907928672558e+02
4.887595284281758836e+02
-4.178324550055901199e+01
2.057267493225203339e+02
-2.748479358804913772e+02
-2.147469612588539292e+02
2.315679665865663708e+02
-4.838274385427205715e+01
3.817773006995415699e+02
2.218388949877927132e+02
-3.699231576343600523e+02
3.365780252658654490e+02
1.681358881962707414e+02
-1.355175702646724289e+02
1.938974179533791187e+02
7.206873210267835930e+02
2.908037520842323147e+02
-4.652896426858696941e+02
-1.406966611808229288e+02
-1.358164813274657376e+02
3.288072640038280383e+02
9.068216824236613149e+01
-3.088692967342930160e+02
4.904808969928261035e+02
9.426725542882114439e+01
-1.562488883690311923e+02
-1.340029957629411115e+02
7.983833829702757612e+02
-1.063028790118893596e+02
6.700002278913315479e+01
-2.574943595133469785e+02
6.380220545685452294e+01
4.069401198831585589e+02
9.515881439697004396e+01
1.475540426688335742e+02
3.261481078800641171e+02
1.563948080453776015e+02
-2.272913845439244369e+02
1.832959817343261832e+01
1.610282466891901549e+02
5.192779413687200929e+01
-9.301988606737288023e+01
-2.847803160252365160e+02
-1.533383280201399401e+01
-1.488958088097165842e+02
1.069070408212690353e+02
3.927340732062273787e+02
-2.527116509770817174e+02
1.356887399232674625e+02
-1.656867788764578791e+02
-1.778978580034921038e+02
1.084127272930384294e+02
3.348442375886872355e+02
2.844435564347501781e+02
8.712521664342881422e+01
1.953172383116845978e+01
-1.691474317550620867e+02
-1.490385388222951235e+02
2.043605137059007291e+02
2.112316615890024991e+02
1.446487641994343392e+02
5.101577599608508962e+01
2.993700486780759462e+01
-3.472830482113960215e+02
1.283673589820758920e+01
-5.993457652700024596e+01
4.154065957837583056e+01
3.794232725517704807e+01
4.682667738413964287e+01
6.741169374637698297e+01
1.071539451854663554e+02
2.025120192797691061e+02
3.603053043024194153e+02
2.780829599395631817e+02
-9.454198146576062811e+01
1.557505280690263589e+02
1.447160704573242995e+01
1.684557266934589492e+01
7.960015003497815655e+01
3.538601416251128562e+00
1.312665070779432028e+02
-2.133373205724635682e+02
-5.621037446724503894e+01
-1.116674303896194544e+02
-1.514453804749079424e+01
6.921163044072929438e+01
-8.751800481139220267e+01
2.826201860506965247e+01
-8.211092030506956974e+01
-2.587758982984607883e+02
6.698146440159017345e+01
2.715018913347384455e+02
-1.502537992510907543e+02
8.779845948347087869e+01
-1.287985575700971630e+01
2.995497096052999382e+02
-3.638073676670116186e+01
2.365605056715327521e+02
-6.086911484720673116e+01
-5.159766063439328576e+01
-1.359440630957253973e+02
2.445948278764899726e+02
2.412515431309140865e+02
-1.157536730206166169e+02
1.434065590045246950e+02
-7.859275031163555525e+01
-4.051463352044115140e+01
1.713644726710321322e+02
8.154811852124726101e+01
6.373405385654330502e+01
-1.064712431730620210e+02
-1.443604883367622165e+02
-2.682639068913270464e+01
3.840541270873976600e+02
5.779756815349102794e+01
-9.058400780278925879e+01
-7.148135482077520031e+00
-1.601201280189951888e+02
4.656553622404028658e+01
-9.452573069417505280e+01
3.456271286672344445e+01
1.123356010118233712e+02
1.443739029455429090e+02
-6.780969181074775065e+01
-8.716290726553442558e-02
-2.660308729939512062e+01
2.806248757550886097e+01
-5.595684628056961429e+01
-9.168313723681730210e+01
1.263816491888887157e+02
-1.443816313115688104e+02
