2.395652117487982650e+03
-3.188976375907863257e+03
1.508910835113069652e+03
1.029019890896887773e+03
3.069856219956833684e+03
-5.377195438668999486e+03
-2.071857043252613494e+03
3.196340968010173924e+02
-1.331352007390531071e+03
1.455358423383499485e+03
2.967843766712856990e+01
-1.895420938438095391e+03
1.983085104957797512e+03
-1.535864206332518279e+03
6.010400800341197964e+02
-9.650651673013715026e+01
-5.693688635452184599e+02
-1.350521471360404348e+03
1.950418074624302108e+03
1.873045313248732782e+03
1.078152611895108748e+03
1.855278943924447731e+03
5.063645493270264524e+02
-4.992134571692793656e+02
-3.541414614678033104e+02
1.113481586402003586e+03
1.612182297634437418e+03
4.735184707316296908e+02
1.404366064754194099e+02
3.322556548758698227e+02
8.307908501341527199e+02
2.222834992303113268e+03
-8.496031032122322131e+02
7.779972785383669134e+02
-5.273956608912468624e+01
6.343434384203455920e+02
-1.123856330875905542e+03
-6.788944176299241917e+02
-1.243074909933087838e+03
5.870826891711108146e+02
3.091602692303335971e+02
-2.994352947900060258e+02
1.386623275642715498e+03
9.834662321129725342e+02
-7.024312906538965535e+02
4.039581921577969865e+02
1.789755035275684349e+02
1.111043866402065760e+03
-4.627836937750655579e+02
-4.243613595335573905e+02
-9.047806651027798353e+02
-1.338097790105263130e+02
-1.092312252360876300e+03
-4.878489886358933632e+02
1.042528354542437512e+02
1.568477350179707059e+02
-6.636216544583970744e+02
8.508668398827902024e+01
6.510833093496514721e+02
-6.368795361014314267e+02
3.423551994590006302e+02
-5.604914735152866569e+02
1.397853618917707990e+03
-3.856774338124648693e+02
-8.480507918543233927e+02
7.064240941385537376e+00
-5.826698617447988937e+01
3.948912594932181719e+01
2.545630589371927854e+01
1.013932643252144850e+01
1.826304854079402844e+02
1.497637084107288672e+02
-2.931067682266013890e+02
-9.619002686490532028e+01
-1.742545437491000371e+02
-3.426006345647138573e+02
7.862678810454640370e+02
3.064978364598360372e+02
5.390644331925930146e+02
1.229451991073699268e+01
-4.431418697450902044e+01
7.277178471771111390e+02
-1.298054636049604227e+01
3.225486368030030917e+02
-7.924570599896549083e+02
1.598640998033404514e+02
-5.963330031086739780e+01
-6.665894729367633431e+01
-7.097791143802215856e+02
-3.753292011396800376e+02
7.109874904062932899e+01
-2.116091253987323171e+02
4.292889297565999414e+02
-4.104467812226946535e+02
-5.479455444013557326e+02
-1.689083027165138162e+02
3.531802070879705298e+02
2.207193633958827661e+02
-1.231494662550199308e+02
1.141959318098227186e+03
6.125420989512857659e+02
1.816358225113130231e+02
1.758151908620866095e+02
-4.784711589914979868e+01
-2.930822488972563633e+02
-9.545956307868767965e+01
-3.334378678891391701e+01
-2.584559273605625549e+02
-1.469121106585472774e+02
-1.460756529536610060e+02
-2.292790333403017655e+02
-1.884915481917558111e+02
-1.258577240571599702e+02
-1.331956545326738706e+02
-1.910138160647548773e+02
-2.378179424744801338e+02
2.532196800244032318e+02
-3.701129560882907299e+02
-6.258689735793941367e+01
2.022412766827412440e+02
8.776080970565125483e+01
3.807130579319023127e+02
3.344488629345612196e+01
-2.473979327135190260e+02
5.002263500421347544e+02
6.902572865275910772e+02
1.702079315480812909e+02
-1.918430250489860214e+02
6.541771374990461574e+00
3.039464517968648920e+02
1.443541310733777472e+01
-1.277433552193595006e+02
-1.123179465620653019e+02
2.692768106929320311e+02
2.043378196406134748e+02
-3.591747320756072526e+01
5.761878989930296058e+01
-1.573705733453263917e+02
-5.112993646822908289e+01
2.255772924952325411e+02
-2.828404378159879116e+02
6.427800095953641346e+01
1.691298850510989951e+02
7.692441761344755768e+00
-1.570684482320811810e+02
4.037999999556636226e+02
1.830959411964639116e+02
-1.684132230874830896e+02
-1.573712532818899206e+02
2.392129431740783900e+02
-1.873313231896632658e+02
-9.816902074006524970e+01
-1.668702887809810420e+02
1.306681884902244519e+02
-5.611904497436022865e+01
-2.836763116821604740e+02
-1.708963135896340901e+01
-1.657648148980869678e+02
9.993939946902513327e+01
-4.424135266279680678e+01
1.957941726295297968e+01
4.928291036552525384e+01
5.134952159356924994e+01
-8.221313136179300329e+01
9.724706093838616994e+01
4.778347751125298259e+01
-2.060789997235645501e+02
-1.639097319104559460e+02
7.587197042845144779e+01
-3.967143486282188292e+01
3.101936218955754754e+01
5.382767033113687916e+01
1.297013976009990870e+02
-1.732404944266334894e+02
1.805481499789859186e+02
2.527735498986970697e+02
3.280225715779509166e+00
-1.698879682171324532e+02
-2.292573346055248464e+02
2.399446222855532795e+01
2.641896977740409511e+02
-6.497862794371711459e+01
-2.557194758616288368e+02
8.690363617887794589e+01
7.482602212310783329e+01
-3.495201298105037324e+01
8.570964634016829109e+01
5.590315880084758327e+00
-7.810902383653552761e+01
-5.883610779600918050e+01
2.465456139083422045e+02
-8.364182419299223170e+01
7.269239339861384508e+01
1.708376233030957394e+02
-1.305841459299797975e+02
-1.950236850235380359e+01
-2.124836721702072282e+02
-7.267846508313675713e+01
5.567568382147540973e+01
1.027791552677893918e+02
1.928592621315215538e+01
-2.186482966249711168e+01
2.510216965669879698e+02
-5.416434650051967026e+01
1.867913449544122670e+02
-8.065530503977701926e+01
1.587855721488661516e+02
-6.847455822176243601e+01
-1.651374202960530724e+01
1.953998966079990112e+02
8.029804338557630672e+01
-7.034367526350959565e+01
-1.145931044596747768e+02
1.327890694228964996e+01
7.799908372084112784e+01
9.080356256824059358e+01
-9.070774049224469593e+01
1.558422006969974802e+02
-1.304603170362726239e+01
2.830616769464974425e+01
-2.960611621901304336e+00
-4.692722832635265462e+01
-1.949478532255201912e+02
1.572986184928458329e+02
2.105299557704990221e+01
1.387971348443617217e+02
-1.402624474214195800e+02
1.441978557938307119e+02
1.446447370342681893e+02
3.284123895835411311e+00
2.975188634356212347e+01
1.059043387965692489e+02
7.012510741622975274e+01
3.225813530840135002e+01
-4.144992788834525754e+01
-2.425236109915347527e+01
-5.807493688521631015e+01
1.468651734653749941e+02
-9.239736282064180273e+01
-1.307888220692428547e+02
3.862960312103081861e+01
1.023948677938794134e+02
1.119384813476732461e+02
-6.784746426068507219e+01
-4.574080000074453523e+01
-3.348958324312064150e+01
-1.224155686358893158e+00
-1.456629670107406298e+02
1.924400572487558065e+02
-9.614272951222334029e+01
8.137309474803805642e+01
1.003759142793702068e+02
-2.130983756802847395e+01
-4.940538258103455149e+01
1.704717139609357730e+02
1.533853397561257736e+02
1.108853535581410910e+01
6.516808958646802807e+01
-3.877097721269517194e+01
-6.387794963299296569e+01
6.447808980597406503e+01
-1.216418452576595222e+01
8.332549676125606197e+01
-2.104127275472210812e+01
1.478028275205532225e+02
-5.800883893022156457e+00
3.242186981014189939e+01
4.515822361753184566e+01
-2.009493341793424861e+02
7.036211268051074441e+00
-7.387333139407363092e+01
4.336126402119354140e+01
-1.526364436493962273e+01
3.208641623361918249e+01
1.640781406412754961e+01
3.520956496662720525e+01
2.387654570156642464e+01
1.168070827726625893e+01
3.029790607118849977e+01
2.830510273077064909e+01
-8.925541237640045722e+01
-5.399584074818017143e+01
-7.117922013726541985e-01
-5.953516006893337931e+01
-1.734726789425429274e+02
9.160925895882323289e+01
-7.021059886119957127e+01
3.162280271648257113e+01
4.489598246482761112e+01
3.682467616806379596e+01
2.074877607234640564e+01
2.774026753549073021e+01
6.743745888133017274e+01
-3.673682302802522059e+01
4.370377953943212646e+01
-3.452807599734258304e+01
6.411976069760444830e+01
-1.070625979315807541e+02
-1.034144747916166729e+01
1.515836557155510604e+02
