1.649950300093549231e+03
-6.194712228247281928e+03
5.422046455967023576e+03
9.726572165464505133e+02
1.109006496945601157e+03
2.024927439607510678e+03
2.287499291380617592e+02
-1.003726584753345719e+03
1.149343983963605069e+03
2.094582748827848718e+03
2.569350199450469063e+03
7.286546939073747353e+02
1.171858792174585460e+03
1.282873001861534703e+03
3.348330557479092022e+03
-2.787304293519080147e+02
2.789887442332960745e+03
2.240309437537552640e+03
-2.462099670645933003e+01
2.700416078286860738e+03
1.301039191120559053e+03
1.482510678187774147e+03
-5.405537334086909595e+02
2.677131494544248199e+03
-6.892912549362002892e+02
9.510806590522861370e+02
3.667717933347209396e+02
1.839325042859432870e+03
-6.517089703574897612e+02
4.241667076281538584e+02
-3.393364978010620803e+02
2.565056882597184995e+03
9.372479519809322710e+02
-7.075700347859401518e+01
6.926424584909990472e+02
-5.834163978452955917e+02
-3.108395363838583307e+02
9.256909718665809805e+02
6.575392572220995362e+02
3.509006758476255641e+02
7.553206046980419615e+02
-1.163443360035231990e+03
-5.018736014479553660e+02
9.413513985251711347e+02
-4.974003555061603379e+02
1.740652708810675222e+03
-1.337057787336746742e+03
7.124069416930447005e+02
-8.020294158989698872e+02
-1.224924947846539226e+03
-3.154245069399242993e+02
1.219449608235542428e+03
7.735188884427743687e+02
-3.897993769312847689e+02
-2.605955359610808841e+02
3.073697811731330631e+01
-1.389039882524534960e+03
1.595699163479497429e+03
1.571199556323222168e+01
1.003084375553666973e+03
7.202914842953661037e+02
-1.526836937894642574e+02
3.435722343296234840e+02
-2.189656215085485201e+03
1.789293671418610643e+02
9.690934935878415217e+02
1.134338829237545497e+03
1.761814721785521670e+03
3.955555533983602459e+02
-2.528154712145208407e+02
-9.493446493958727217e+01
9.122429756978807518e+02
8.088275490078762004e+02
1.036734344412619748e+03
9.722703092712196167e+02
-1.414053125520012145e+03
3.154723671115267507e+02
-1.397838535773730086e+02
5.434833855292212093e+02
-5.740028835884685350e+02
1.206716594984493895e+03
1.787651442685939571e+02
-2.816882597919180284e+02
-2.048683470562441045e+01
-7.914852539198353298e+00
1.770299979489240343e+02
-1.402776798911950209e+03
-6.281062201793317001e+01
-1.189720342209882773e+02
-4.155613110274720725e+02
-4.750470377350920899e+02
-5.767371248355739226e+02
-2.111282451666749864e+02
-3.755731211510435514e+02
8.309772648071947287e+02
-3.070883307310165833e+02
-3.716933131305814868e+02
-3.273506211295991193e+02
-5.785433335353632600e+01
2.784855799588930836e+02
-7.968896705625954837e+02
1.282491850300420992e+02
-1.885029323166637312e+02
-3.171185348954343795e+02
-4.012880784387068616e+02
-7.050500385917814583e+02
-3.820733339087685465e+01
-4.777718832499078871e+02
2.461545080912295873e+02
3.481088215100358951e+01
-3.508712548878473854e+02
-2.236131637371316287e+02
3.228894629697450682e+02
-2.901045757625948909e+02
9.802299421536241653e+01
1.128818662647490072e+02
-6.416817105290167547e+02
-9.702897265300911158e+02
-1.023775368147928816e+03
3.243741981665596796e+01
-2.430702834812838944e+02
-5.066228184528454648e+01
1.638069624756916198e+02
5.080889105799134597e+01
6.358776107044286618e+02
6.329467143550250086e+01
-3.573982934101204023e+02
-1.456491415076420139e+02
4.255358183341209610e+02
2.897448209519393458e+02
-4.012568333605393036e+02
-5.990920065860051409e+02
-1.096724058008043130e+03
7.433841461351665885e+02
7.214161079957804077e+02
1.050005824947926953e+02
4.296632346599192829e+02
3.273076576226134193e+02
-1.551723476706675910e+02
4.011989702032897185e+02
-3.031663633059766738e+01
-1.676922779202196523e+02
4.680344161397862308e+02
-1.458082992974011631e+02
-4.623538806388579587e+02
1.696795155137363054e+01
-2.246675872911065994e+02
3.486786802283850761e+02
4.073536910501169359e+02
-1.360450951780357354e+00
-1.201334739264719786e+02
-1.227556579541317632e+02
-2.790687490269076534e+02
1.918108414936014299e+02
-4.828963358619201358e+02
-2.634397787175071812e+02
1.795897567520666200e+02
2.607782363015037390e+02
-4.974406670610304815e+01
-6.532953828816783926e+01
-1.521299778654459978e+01
-1.902202856949150487e+02
9.269410763062299452e+01
-8.720000310301644220e+01
-2.295302764396664372e+02
1.779225060918301438e+02
-6.162462364252537554e+02
-4.298959080950294833e+02
2.029244917849297849e+02
4.476593957652545441e+01
2.677543328544663268e+02
4.520300146798805372e+02
2.655072189080833596e+02
-3.893853711074412445e+02
3.992173255601181836e+01
4.113050783237086989e+02
-2.381216641727497176e+02
-1.457359464606256267e+02
-1.914937184725711745e+02
-3.360187292891321817e+02
2.984966924656207539e+02
-2.153689739349169372e+02
3.930566652245571504e+02
3.285991317607516748e+01
1.682668684673263044e+02
-1.161951528000895593e+02
6.419709334242540422e+01
-1.722528458227324677e+02
-5.943282473987790127e+01
-2.259830983474198831e+02
-3.168719681852380745e+02
-1.761206126710957278e+02
1.414963037958310395e+02
-7.411133238094720355e+01
-2.178453069830683546e+02
-2.720881979112853344e+01
-5.930209490494912217e+01
-3.451361452190100749e+02
2.885826048255167109e+01
2.447831353311553642e+02
1.207453696553161819e+02
6.806090864043464705e+01
7.018141016723418488e+02
1.435035047400654094e+02
9.529288137668790171e+01
2.369461005186644798e+01
-2.114516512881440136e+01
-1.900885827686228993e+02
2.814819966659839423e+01
6.373504227078224460e+01
7.857973912169899222e+01
-1.637241950690932697e+02
-2.621757485711720506e+02
2.807794124731118472e+02
7.117479988941163072e+01
-3.022776504128738111e+02
-1.387030318645699651e+02
2.722940619285165553e+02
-5.587621626676886990e+02
-2.191256834353882255e+02
-2.490731313373803459e+02
6.731345483157583942e+01
-1.029806036384115799e+02
6.431862437069908367e+01
-3.065107819148078079e+02
-2.067819344053397685e+02
-2.116134453511417917e+02
6.416716207528544658e+01
-1.675820934631332193e+02
7.108465139621023354e+01
3.278723399177675191e+01
-1.672773944678066016e+02
-3.647646771358041633e+02
4.566288937439476854e+02
-3.102497941806772630e+01
-1.569577683454412238e+02
-3.839133317178395544e+01
2.855406373215980693e+02
8.044266287321282505e+01
-5.386396035192165073e+02
4.495100624984798543e+01
2.957401114576812233e+02
3.419012107175047532e+01
7.178497230919437300e+01
-3.081566134753221036e+02
-2.174438445571365719e+02
6.541589416890768405e+01
-6.510353766805440046e+01
1.470613904788398827e+02
-5.932183289344850152e+01
5.468497211565503946e+00
3.770129999762880857e+02
-3.196588479745511790e+01
-3.398661831046269413e+02
-6.876801399100148160e+01
1.614012176035465700e+02
-1.697365756865303865e+02
-2.285579155856935643e+02
2.287253116830791839e+02
3.287452384220266310e+01
2.427979678036573432e+02
1.376363500769232644e+02
-3.128354754213280131e+00
-2.202201907898761135e+02
4.341938521359607535e+02
2.385597553492785323e+02
4.127743030915451072e+02
-6.495704194018149735e+01
-2.593966956211601769e+02
-2.256218721936590725e+02
-2.303314822904066261e+02
-3.509892297646981962e+00
1.385282882381541754e+02
2.539840779177498007e+02
1.220583846747136079e+02
5.055516751643435391e+00
-6.122624368040207088e+01
-8.142078744530684276e+01
1.969941743312564313e+02
-2.923359138651424018e+02
-1.142414907995712952e+02
1.888311967893082226e+02
7.552898386225467675e+01
2.363181717832902393e+02
1.185812514415764980e+02
2.466919541372600690e+02
-1.487685382165784347e+02
3.878504163533324913e+02
5.105721023191903640e+01
5.514799444841020026e+00
4.296519965179974747e+02
-8.812436950466215535e+01
8.325708226602560558e+01
-1.324449416302629174e+02
-3.183859779609925340e+02
-1.447797753278374842e+02
-1.861062844813041579e+02
-1.042909560236953013e+02
-1.336231488893767505e+02
2.925086733418753511e+02
