-4.664858380881967719e+02
-3.413065908387906802e+03
1.297055232237089285e+03
3.880386720504314326e+03
1.214476102719582059e+03
2.925622258830611372e+03
-2.720980167456274103e+03
-1.587782161473585802e+03
1.416795202120881868e+03
4.828295360940275714e+03
-4.010491283098923532e+02
-5.982893528247732320e+02
2.620900300170204900e+03
3.240130078593640974e+03
-3.835706891101701785e+02
-3.675810558317648429e+02
-6.072000246028742367e+02
1.247288374232225806e+03
1.861443833683920843e+02
-5.751523728726932632e+02
-1.586399848633184774e+03
3.633238286966355190e+03
-1.511604910535595764e+03
8.390715479875536857e+02
-1.057863381685162040e+03
1.902356881815516545e+03
4.130463018143022964e+02
-1.009959692522111681e+02
-7.946743699819832045e+02
1.068347447643858743e+02
-1.514529742749877641e+03
1.749923725764252595e+03
-1.780298221128456589e+03
-2.049474186213051325e+03
-4.445777153530247006e+02
6.747127498711147382e+02
-4.189809310159761822e+02
8.949041870046003169e+02
-1.338158413851143109e+02
1.694142629423919061e+03
-6.354087992173676867e+02
-1.023531515607620690e+03
-2.627174931208773501e+02
8.677241182386438823e+01
2.966664115856917192e+02
1.510469560266572273e+02
2.352835636286995111e+02
-7.256704335255484466e+02
-9.675496809333948249e+02
-1.524642338482620687e+02
-1.470524752496566180e+03
-1.430589346311219572e+02
2.013704363169772193e+01
3.300236337638458508e+02
1.046448301600114839e+01
9.740911223845903351e+02
2.322166934390181723e+02
1.286502462229257617e+03
-3.986666132957567470e+02
4.716581704805942650e+02
9.554510036925054806e+01
-1.603773605347520288e+03
-5.765945040616683173e+02
-4.988209418218341966e+02
-3.833891232658493777e+02
-2.383432954755419075e+01
2.592596778663100849e+02
-4.743367550958851666e+02
-2.767166064522855891e+02
-4.123269350317141857e+02
3.037567939958926786e+02
2.779651528547052308e+01
2.655697617626545366e+02
7.111648228052189324e+01
5.894129554384930998e+02
-5.975650176589651892e+02
1.866890834241347719e+01
-5.640310261303906145e+02
7.115078087210629292e+02
-7.876312521036323915e+02
3.047514092178951159e+02
-6.512813582705115323e+02
-1.485406958456857467e+02
-1.091302116755215792e+02
4.600087129113055084e+02
1.628110218632492092e+02
-2.702639490192147491e+02
2.954565020934145281e+01
3.125976938441111201e+02
-3.949196814151939634e+02
5.292301644951908202e+01
-6.843196351508446469e+02
-9.886542488809313056e+01
-3.266444154087296283e+02
1.245395220738146463e+03
-2.680667198593086908e+01
-7.593284508192870135e+02
-6.449999167746160822e+01
-5.959821282460761722e+02
-1.364032580671984931e+02
-1.809117391073095291e+02
-3.578578110653676276e+02
2.200991184050904792e+02
3.429130379616580626e+02
-4.670750977177015102e+02
-3.706327278638694906e+02
-2.181506620274656143e+02
4.043867723313396709e+02
-2.432089726697398362e+02
5.415870608559748689e+02
-3.887789150258150244e+02
1.930508789061018433e+02
2.533148100732297507e+02
-3.477832528534345329e+02
-2.321185781080701815e+02
7.230964064408036052e+01
-5.997524208463421473e+02
-4.585042252767236164e+02
4.082910525282634353e+02
-1.538933064643946125e+02
1.327013211214963633e+02
2.317608606959464623e+02
1.574280103831682140e+02
-9.409273211496633849e+01
3.114138077848941748e+02
-1.948721374423128054e+02
1.169821947917848775e+02
-7.272926719034892358e+02
6.570525485564268138e+02
3.253934539699704374e+02
-7.385946974777054663e+01
-4.228068324762606380e+02
-6.638816051899065087e+02
8.319544079702808403e+01
1.847044609985058798e+02
2.345061731933914473e+01
2.379469977947900716e+01
2.264208535472823485e+02
3.307152362829892667e+01
1.685484649670555086e+02
-4.626473967052859848e+01
3.066063618588664212e+02
-5.456573258954796302e+02
2.871021311851333735e+02
-2.690810331212028359e+02
2.115774391017965570e+02
6.355453819260849002e+01
6.878553811631201143e+01
1.519678822395574969e+02
2.251209603326976350e+01
-1.662940238991647846e+02
-1.434087233596916917e+02
-5.713221590325882460e+01
-1.459995006417162813e+02
-2.075155450324756146e+01
-7.172746801385579829e+01
-1.821404443212831552e+02
3.027381886204569810e+02
-1.341155495442731080e+02
2.312590947870161813e+02
1.009855668632009156e+02
-1.662320382951062641e+02
-3.061956352384134448e+02
-8.557703810968679647e+01
-1.338720206397965740e+02
-8.963763160036897659e+01
-4.035048010003197305e+02
-2.540044914196298578e+02
5.386836206328883918e+02
-2.843216571735749199e+02
1.561843942778188818e+02
6.608786042013485940e+01
2.152802914558568261e+02
-3.696645071487000109e+02
-2.553335003631169968e+02
2.727187163656977873e+02
-4.218164300143611172e+02
-3.844099195504328037e+01
-2.720649288222531368e+02
-1.481958780938297764e+02
3.672488134147320125e+02
1.194177022970037001e+02
4.092616537924160411e+02
1.583664414448881814e+02
6.449275865051149026e+01
1.016410770357514082e+02
-1.260587462769542242e+02
-2.330662927011338752e+02
-5.795604507024024343e+01
-8.519637092261307032e+01
-1.634750409662739230e+02
-5.594292234107221020e+02
3.769391393170800342e+01
-1.506819715118366787e+02
4.804040571493499101e+01
-2.442593394693523123e+02
5.806946237304750014e+01
-2.918944953492359673e+02
3.676181498601146700e+02
8.450924114022834033e+01
-1.210443546947311120e+02
8.169721388642300042e+01
4.335117129093480344e+02
-2.792553122383315554e+02
2.677955780226235447e+02
-4.025426701875117885e+01
-2.722817810788647535e+02
1.532797309474564429e+02
8.817386217202704657e+00
-7.249318891445649626e+01
6.548033085094314742e+01
6.230723434125296478e+01
-1.021097670117280813e+02
2.219577667059291457e+02
-2.552686354007413456e+02
-2.679393329113382833e+02
-4.319205068506120426e+01
1.150096753305292374e+01
-6.155344461500592388e+02
-1.243813379777122208e+02
2.742993062111402196e+02
8.573283055737057623e+00
-2.021764600215344387e+02
-1.205209980378709389e+02
-2.935544938622120981e+02
-1.573824235100260580e+02
-2.187175179886148157e+02
-3.895504623982884596e+01
3.756525694080959710e+01
9.669520762202038711e+00
-9.954463834334511319e+01
-8.343023857893930995e+01
-3.426463381667936119e+02
1.249726869624678045e+02
7.658123348478571302e+01
-2.036651265613167539e+02
-1.448304456000152811e+02
2.442741575500424176e+02
5.430782236683222663e+01
-2.420328579599215004e+02
1.561219608016558027e+02
3.149458649606659719e+02
3.478909003577687287e+01
1.788083747485450203e+02
-1.561878454928688029e+02
-2.009681908865565703e+01
1.472474799530961498e+00
-2.709060292079772836e+01
1.481114440349894892e+02
-7.366285895060522648e+01
-1.725936894474642713e+02
-8.468586569100720496e+00
-8.470892711737745628e+01
-1.205955927338654874e+02
2.589182607898869151e+02
2.956235299647189407e+01
-3.051080571188828685e+02
-1.138017573441065480e+02
1.210922735335375933e+02
2.859266340443716814e+01
1.648107232460232865e+02
4.675487445715368295e+01
-3.016585263163731270e+02
-1.946643830111227658e+02
3.874131052240185795e+02
1.090219152630137245e+02
3.835063761971453005e+02
-2.600542974520828210e+01
-2.983274521290799157e+02
-8.917079258034915767e+01
6.592225738389153378e+01
-8.715321050306597783e+01
2.375232421537477592e+02
1.923890354124990836e+02
-1.813607902234741118e+02
-1.248249085017034901e+02
9.462600035737725079e+01
1.625620270266415162e+02
1.389997898240448251e+02
-7.397477704488758832e+01
-6.455938845044552465e+01
2.000480695567938767e+02
2.694200208483106280e+02
1.279296037197334925e+02
1.888960803111098699e+02
3.075092226735240502e+02
-1.047251429189081904e+02
2.628828015540032652e+02
-1.242570112242722331e+02
4.896271252739460778e+01
1.707366807040980632e+02
1.688745661877127304e+02
-3.633661486005978247e+01
-1.205969175538052269e+02
-2.877673279084106071e+02
3.243130654493686649e+01
-1.415332458555142239e+02
-5.986177449313114352e+01
-3.027717560965487564e+01
3.281904770319821978e+02
