-4.524565828216758746e+03
-4.167692704528920331e+03
-2.650968034551416167e+03
-4.332504152990962211e+03
-5.720075847741510415e+02
-8.015537850168111618e+02
9.793470207596930095e+02
-2.318623863481794615e+03
2.152193114865544885e+03
1.506031957970520807e+03
1.937800419522632467e+02
2.205961786519716952e+03
-1.105489542183488766e+03
-4.593224892031999502e+02
-1.219766557394717438e+03
-1.044666685163482498e+03
3.091966530234927291e+02
4.767930284573226345e+02
5.770702569658492394e+02
1.186469021185765996e+03
4.620172049468926616e+02
-9.560912770817421915e+02
-1.353961298366735036e+03
-6.624867784873914900e+01
-1.433872801559196660e+03
-4.852824037261714238e+02
-4.761174991302428339e+02
-4.227146237018317265e+02
2.767512334861671661e+02
6.595717107250525260e+02
-2.832782157883831360e+02
7.451194320911361046e+01
8.493260974640345466e+02
3.117174547074099564e+02
-5.983705392734289035e+02
2.578354309897034682e+02
4.181005907022337738e+02
-1.445001179758914702e+02
4.104200404448477570e+02
-2.731397026109039530e+02
3.245271336992486795e+02
-1.060084381375801286e+03
9.875044111124834956e+01
7.123503672879172655e+02
-1.302773880396165396e+02
1.229232824561657935e+03
1.223662868281099918e+03
2.432251721191770173e+02
-1.035300383975434897e+03
3.199914298678651221e+02
-2.608673893285948111e+02
8.438680099758445294e+02
-4.616256576941476624e+02
-7.355636620486917536e+02
1.709157717929925013e+02
-1.112397676882024143e+03
-1.191862359971429896e+03
-8.618979757616225470e+02
1.930429578722039423e+02
1.494217711384254414e+02
6.037056608136338127e+02
4.528013757550186256e+02
-2.275098778218900293e+02
-2.141455893192737747e+01
3.555747807303953323e+01
1.214921765323542076e+02
-4.102869116565638592e+02
-1.647399802503823025e+02
-5.513314209524411353e+02
4.257696804009267453e+02
-1.528944296899147659e+01
3.482687648204971538e+02
3.971951482989618398e+02
-2.423332972119602857e+02
8.717164500395006144e+01
-3.195592752903636438e+02
4.429290950014956252e+02
-1.920921825538689234e+02
8.965727292904644230e+01
5.036703995983422715e+02
8.081876687560690016e+02
-1.255235049649585619e+02
4.753651838372281446e+01
1.761073315864246922e+02
-1.495738301993888228e+02
-1.756840884866595331e+02
2.142004326958638316e+01
-1.713173411403049329e+02
-4.554591793317948145e+02
1.157184706889972006e+02
4.461560964690746118e+02
-4.009393018143546072e+01
-4.667646235168072621e+02
-3.494411567296808698e+02
-2.387344270653279068e+02
3.905348858217371344e+02
-1.253814791022404904e+02
-2.552718339476438416e+02
-6.155716794661059765e+01
-1.691177014341966469e+02
1.760149813218500867e+02
3.813994650812883691e+00
-4.513775533418947248e+02
-2.221510554199334706e+02
4.052459751207751992e+02
2.855047177536291656e+02
1.787576217040372342e+02
-1.167727484202726345e+02
1.885968051939163672e+02
-3.333721198229044376e+02
-1.649335985887554727e+02
-1.633195654918551725e+02
-2.017815829753192247e+02
-1.437808762143817205e+02
-1.546729326724085363e+00
-2.057049658950279820e+02
3.765327802481696153e+02
3.238136424998994300e+01
1.599219179877347869e+02
3.796028032683041786e+00
2.431373974736594334e+01
1.090961815549662184e+01
2.376801489115084962e+02
7.644174208024797679e+01
8.855181826391185496e+01
2.301047057129835594e+02
8.959763780836766500e+01
-4.880790873400855503e+02
-7.218735523799931286e+01
-1.758646976596416494e+02
-4.098099373497014994e+02
9.959995159736735104e+01
4.332677376275961478e+02
3.058770405283116247e+02
7.652768369990279496e+01
-1.211051119703690944e+02
2.221291669690195079e+02
-9.801881994366318906e+01
1.881154408625720293e+02
-2.816359158461697234e+02
-1.748079743515902749e+02
2.264786582450818457e+02
4.319628962975303921e+01
-1.942480811843486421e+01
1.125306636748203886e+02
8.414543275997468186e+01
3.028217434947235276e+01
2.025413005642235760e+02
2.758123985903732489e+01
3.123402699703706276e+02
2.543716920569582669e+02
-2.170849232005922715e+02
-3.370826888859640036e+01
9.323167957650069582e+01
8.885288659146253565e+01
-5.455245962473155430e+01
-2.031877552657464037e+02
1.360763600753447804e+02
2.377818514376852193e+02
-2.452201187744531410e+02
2.754037840409746707e+01
1.871530562854501341e+02
-1.016731253002233473e+02
-1.256778129987967247e+02
6.846376511563912004e+01
-1.135985698476362273e+02
-2.968488235766831806e+01
-1.425120982837220254e+02
-2.095280714581540735e+02
3.754900148858267812e+02
-3.804984899927491426e+01
-1.764416659611370974e+01
2.159583948187574265e+02
8.166677881193170663e+01
1.188273575975586738e+01
-1.086983678716767798e+02
2.335978055759119911e+02
1.779687273717821583e+01
-1.502927376160648691e+02
1.120750687491349709e+02
1.019121670771374681e+02
-6.700656202962072427e+01
1.705480180660215979e+02
-6.818521801865011867e+01
-9.853063605382453716e+01
6.773345101829654880e+01
-1.298005938010174134e+02
-9.573650841151481927e+01
4.483943316106394406e+00
2.109955992447293056e+02
-2.682960116503177872e+01
5.215887244157227798e+01
-1.009594754423248872e+02
-1.053911386678174864e+02
1.490233421459848273e+02
-4.474252062877776837e+01
-1.151842752596967898e+02
-2.804644466121394686e+01
1.732782685889464176e+02
-3.367193351846415084e+01
-7.267866134424323832e+01
8.975572333007050929e+01
-1.458952852530362634e+02
-1.540110218720839619e+01
1.292449742307780536e+00
-7.888680692063113042e+01
1.662649596130691236e+02
-2.704124254942225392e+01
-1.427579280827847441e+01
6.702128172560659891e+01
4.106233598074605595e+01
-5.489320510135138420e+01
-1.594539093694527025e+02
-1.311088415829403289e+02
-2.004018148812339106e+01
-1.190979210547693441e+02
5.110967214278407766e+01
-3.330555515326254579e+01
7.350460695021948254e+01
-1.907670316257800636e+01
2.716196036362470423e+01
-4.493290052372687882e+01
-1.036618788434636258e+02
-8.722921829942508509e+01
6.620067121887562678e+01
-1.037983258502219996e+02
4.878798809631311073e+00
2.112612095297803592e+02
-2.217221764507695525e+01
-7.422419898565155449e+01
2.328698031614158594e+02
-2.213687806767753941e+01
7.272354513930061159e+01
3.244576296835005991e+01
6.555522142736212743e+01
1.691921373986152446e+02
3.924910587220339409e+01
-1.092228856566272270e+02
9.894237398253650895e+01
9.938426883179488414e+01
4.523024653690145414e+01
-3.544548445997745745e+01
5.388510324018803743e+01
-7.541572508924828355e+01
-1.252953795947972822e+02
8.101213011434536782e+01
-1.849549771275836862e+00
-6.550304893522333138e+00
-2.349350474519414078e+01
1.447978949427391342e+02
1.675644658994893064e+02
3.260902720108795450e+01
1.583156733420605811e+01
2.349003583040185816e+01
-5.048617822296876945e+00
6.034910158403928904e+01
-5.142907079515386926e+01
-1.368165895219845254e+02
1.240321536246552725e+00
6.039851440056370535e+01
-8.942998186507500691e+01
-4.144379676982467231e+01
4.333626549704826303e+00
2.523216866079862086e+01
-2.406802558438631578e+01
2.097833765380962134e+01
7.196693336229776605e+01
1.299485909318479138e+01
3.411441542379601088e+01
-1.149203998188177991e+02
5.215175700982131701e+01
-2.145581471809575191e+01
2.976896157053911551e+01
1.021145363559910635e+01
1.342179420912850958e+02
-6.674982151125054486e+01
-3.265220182684839756e+01
-3.106651739146448676e+01
-5.374085831958910831e+01
3.453934129316724722e+01
3.636108912108239366e+01
-3.234846301927714762e+01
-1.547319040199261231e+01
-9.120223413904591681e+00
2.408676713010198966e+01
-2.152401158628529743e+01
-1.054233962234710305e+02
-9.275871827756702714e+01
-1.236416128035359030e+01
1.019496292041312735e+01
-2.101807026558013902e+01
-3.777527196079909544e+01
8.316822862453680187e+00
-8.080133426736060187e+01
1.970445442764480788e+02
-8.919833425160199170e+01
2.566171060842250107e+00
6.582197302277340611e+01
-8.660737974980055753e+01
-2.871621383797947047e+01
