4.726264287846263869e+03
-7.198235244357805414e+02
-5.028426528073616282e+03
-3.352729557909563596e+02
1.559665251208559994e+03
7.353756067251499644e+02
3.336638443404332975e+03
-3.744979001864183488e+02
-2.757161404907288670e+03
2.071108062462408270e+03
-8.261815695446452992e+02
-1.657887359181932425e+03
-3.904328197857396390e+03
-2.265015333162131810e+03
3.085747448879293415e+02
1.977671020983497783e+03
-1.085326660176550604e+03
1.200904228661527213e+03
1.273550128635124111e+03
2.196475429582805646e+03
-4.830115945785432245e+02
-4.111203689798193750e+02
-2.351694106167147993e+02
-1.175360014452736095e+03
-7.335543349990500701e+02
-2.967456076812027277e+03
2.258331196846588114e+02
1.038910644945052354e+03
-1.960274389775570626e+03
-5.655429367838370354e+02
1.786719194651515409e+03
-1.407610832170545791e+03
-5.316789987537346178e+02
8.292974854067425667e+02
-1.215963487946629584e+03
1.731642716299102176e+02
-7.289805374378856868e+02
5.055292011860125854e+02
-1.544412478973915540e+03
3.846739736402041103e+02
-1.292174433795303798e+02
1.736253155508682767e+03
1.014442485953941741e+03
-1.158926990026492376e+03
-1.622201699500709822e+02
-8.871511422982681552e+02
-1.023436354695270097e+03
9.247714698663816080e+01
-4.244937535619498021e+02
1.703776916281274225e+02
-5.958681095295530667e+02
-1.865698325281302630e+02
-1.702436583912821106e+03
5.124955298288329004e+02
-6.770103272391078519e+01
-5.832294844699343912e+02
-2.721874518772988836e+02
1.994465357040542131e+02
2.743392110075823211e+02
-1.625180162100747111e+03
8.325738340144090444e+02
5.598045869610914451e+02
-1.249480434018545481e+02
-7.375454894021000882e+02
-4.637896014937419977e+02
1.378969768967840821e+02
3.491104649726875664e+01
5.147738545444166220e+02
1.274879522034389367e+02
-9.436492784346272344e+01
1.854776100964655825e+02
-2.105788420464714363e+02
-8.448518987607702968e+01
-1.112205571517077487e+03
-2.201828450291658044e+02
-3.937920149779381429e-01
-3.773957814884220738e+02
1.453882026859074870e+02
-3.458201459087656815e+01
-4.844859845355667289e+02
3.734615190919530505e+02
-4.366220922045295652e+02
3.074325399696874683e+02
-3.218566149864562362e+02
-9.174754234844410803e+02
2.119425831078480371e+02
8.454452869902303291e+02
-7.536679184997167624e+01
-4.911302445805967523e+02
-1.187454846502566994e+02
-7.291299898172384246e+02
5.135953449618274362e+02
-9.301027101995893887e+00
-2.851796720564726684e+02
-8.307596300615319933e+02
3.934597969509337645e+02
-1.222031049042219593e+02
3.152522604649496998e+02
-2.242821536141211141e+02
1.237531491943615265e+03
2.689572660241005906e+02
-8.351011826027806819e+02
-2.927399941152514771e+02
2.488052425367789766e+01
-1.366519056697503061e+02
1.235069296085749500e+02
5.332276012590182290e+02
-6.743548733675231688e+01
1.071648917391680698e+02
2.072990020269169236e+02
9.785958334788588786e+01
-1.136962562518608735e+02
1.448083601241262386e+02
3.735616581324058529e+02
4.305569882818551974e+01
-3.943488948784882382e+02
-2.981326508475466142e+01
-9.078946966890306669e+01
-7.744874203996015005e+00
-1.845759857723082007e+02
3.601362082197539962e+02
-2.791040349799317255e+02
9.387185931816323148e+01
2.337033377806694716e+02
3.672915790356033199e+02
5.006993433442212904e+02
-3.228600166514256387e+01
3.822772310233983717e+01
4.552060031386164383e+02
-6.344713682583966374e+01
7.293970722183751150e+02
2.817062541560268869e+02
-7.503496177488413821e+01
2.505219962123235291e+02
1.920356832807687795e+02
-1.684122701264665807e+02
2.059421702182130076e+01
1.955077645634457895e+01
-5.059052323783543557e+02
2.753625064276113790e+02
1.205529373821712653e+02
-1.469433085844891878e+02
9.669831649629382753e+01
4.292953376657893045e+02
1.636685739535186315e+02
-1.456546972107186377e+01
-4.050598609754573687e+01
6.004194386147261184e+02
2.825033039394318735e+02
-2.203836710076603822e+01
1.239517976857181054e+02
-2.073192137155001831e+02
7.003309580923394151e+01
-5.677560618919702762e+01
-1.782828543001317882e+02
-7.906375242497617251e+01
-2.432776694136793196e+02
3.599564971181056308e+02
-3.556911058265602037e+02
4.049056474935990479e+01
-4.483887243916301202e+01
1.076544841614861667e+02
-2.114258033664724792e+02
-1.077308209058591615e+02
4.827645224131526902e+01
-3.471338537443396177e+01
-2.236006784031492600e+02
2.705196065183345695e+02
1.063813235443696925e+02
1.498806827875198699e+01
3.109152246345366279e+02
-1.511160156136926105e+02
-1.781909496958565740e+02
-1.403503151466791898e+01
1.004679326374379968e+02
4.208125039529180356e+01
-1.033363530756896296e+02
-1.463009736403694205e+02
4.769525547781913701e+02
7.962630351580305899e+01
-1.767973425787894826e+01
4.938056839091051131e+01
2.637985994186106495e+02
-5.508079278666725287e+01
4.640934208834154617e+01
-4.696822272361750095e+01
9.713522404453408399e+01
5.641612349184168096e+01
-1.611557213346243884e+02
-3.519649932866346376e+01
-3.111948472150480427e+01
2.439588499149780887e+02
-6.537770912781358845e+01
-2.263169195401883371e+02
-9.436003538871582919e+01
-3.207731604258598281e+02
7.163853487465082992e+01
2.033923842022752524e+02
-1.129237122087964309e+02
-4.391389123574010256e+01
1.199251627563672429e+02
3.259007164123799498e+02
5.926052923390908234e+01
-5.970026677669268089e+00
1.438419019269442378e+00
-7.049404249566271119e+01
2.968681609320444181e+01
-3.762729781682250518e+01
2.767285058846109891e+01
-6.761636611612881609e+01
-6.128058842719711663e+01
-5.966739207659828992e+01
-2.035279584469888334e+02
-1.494560429452032508e+02
8.040585271102722231e+01
8.688461812468106871e+01
-1.692115599740402487e+01
9.837104409564055629e+01
-4.196611896712514778e+01
-6.001060449836568012e+01
-1.772196888485757071e+01
1.309518552896745973e+02
6.184116840077277288e+01
1.219846923269502383e+02
-1.197997811367686296e+02
6.483261685247167350e+01
7.201440654214254167e+00
1.867906737545346800e+02
4.420482722116489072e+01
-1.320452437737139348e+02
7.994155035938254628e+01
-1.286122782104552869e+02
-1.648770044859793131e+02
-1.153016917015038416e+02
-1.568603335832296182e+02
1.023328848366022612e+02
1.511631898935334846e+02
-9.498055277922029305e+00
6.306761162705742940e+00
-8.863214374407323248e+01
-4.869091465252960660e+01
-1.635502916234310078e+01
-2.687779307469868968e+02
-3.634853407420997655e+02
2.104043314336747414e+02
2.111459230822768873e+01
1.020278095802445790e+02
1.998743096492496534e+02
1.022053346395303066e+02
1.229461519522262876e+02
2.369399720834566949e+02
1.547301894000268589e+02
1.755788953229947253e+02
2.981838108377410634e+01
-4.129491096646024317e+01
7.488539248499081680e+01
2.107013895813423972e+02
-2.978493617943415472e+01
-9.347886450431933270e+01
1.467941823916403052e+02
-4.367518626966268869e+01
1.796667983004817017e+02
-1.828885085143496099e+02
2.260409563076637482e+02
9.323812986591406116e+01
-1.128191221943550033e+02
9.802247130623776172e+01
5.918881905256051112e+01
1.142697802520760320e+02
-2.046311970696936555e+01
7.817082186960716683e+01
4.913417740853414273e+01
-2.818558102971247425e+00
1.029509951114391981e+02
-1.139721394821831240e+02
-3.410664371255779770e+01
-9.375951199132173031e+01
-8.933788172341385803e+01
8.198561546058876104e+01
-9.830878957394016027e+01
-2.923984304229602671e+01
1.868395083465025266e+02
8.421600928097417338e+00
-6.653269623835065261e+01
-4.921454323104253348e+01
-1.853994216064008356e+02
4.742809017514382219e+01
-1.160891703024230992e+02
-6.530402223898806824e+01
7.620964128308914098e+01
8.250891946973358415e+01
-4.028458462055836975e+01
-8.449504916537097188e+01
-8.290015926732090179e+01
-1.165789106839825990e+02
6.822820560263524570e+00
1.301031947379153735e+02
3.367882910104665228e+01
3.388749755091168225e+01
3.889834581693301629e+01
