2.365679938127390869e+03
2.522674387360197215e+03
-3.219558990143189021e+02
-3.199339212294805748e+03
3.955474238182162480e+03
1.952299261176045320e+03
3.033739161230568698e+03
-3.611095057226685867e+01
-3.890821180714213767e+01
-1.356209586404634365e+03
-1.581907582398733439e+03
2.865044773888489544e+02
-3.455071766249955658e+02
-4.076666503010237648e+02
4.914861382229145761e+02
-2.505896520065761706e+03
-1.810526299334760779e+03
3.577726762347746217e+02
-2.843754982451491742e+02
-2.067303400047754991e+01
4.318057243795367981e+02
1.781670370157796015e+03
-4.370127478215751182e+01
2.857299086347462662e+02
-1.887043888912760679e+02
7.950579198433674719e+02
-8.438525536449237308e+00
1.793262639010991961e+02
1.401225270548354274e+03
3.537429688297827397e+02
-6.981049716951466735e+02
3.540670953240874610e+02
2.993138485182593058e+02
-2.061915825541450431e+02
-1.119185983945907992e+03
-1.147685577257974046e+03
-1.003350785314373638e+03
4.085790317241335288e+02
-2.600959694155058628e+02
9.370672950721184407e+02
-1.105843115692907986e+03
2.787826520974222717e+02
-7.192645817790495357e+02
1.097022836814101765e+03
-9.695362962669538547e+02
7.515248413803229388e-01
1.539224652876714856e+02
-1.282111582868988762e+03
-4.997324671116570016e+02
-3.740983593741747200e+02
-3.965779935390165747e+02
4.479675902068410096e+02
-5.287053318540877171e+02
-6.335448640811734577e+01
1.287279836435410516e+02
4.721861894786174503e+02
-5.676558156668194215e+02
-2.561976808678413704e+02
-1.051403569526435831e+03
-2.973876376928950549e+02
9.966049752921104528e+02
-2.709263791721692201e+02
3.035814340101268840e+02
7.926873523523784115e+02
-1.725076173319712325e+02
-1.950375825254448969e+01
1.462750410876687965e+02
-1.987107534964671913e+02
3.483376168121170053e+02
6.864493192542852285e+02
1.047142139617088361e+02
6.213546847446743726e+01
3.224474791931837672e+02
-3.946043281409636165e+02
9.029787248400467092e+01
-5.804670725988403319e+02
1.922804204768838474e+02
-4.298152217432202065e+02
-7.994007644862032080e+00
6.552066791062934499e+02
-3.292615791580170708e+02
-2.394096040983880584e+02
-5.763302170201807684e+01
1.608666064982742512e+02
3.608253230947460679e+02
1.809519316184459115e+02
6.062513228929583420e+01
2.062253093281819361e+01
2.686247519904714522e+02
4.548567133870368906e+01
-2.385251473505004753e+02
-1.668861645907632294e+02
-2.226102038127220908e+02
4.299251950173582060e+01
3.169166233242143562e+02
-2.671478462077365066e+02
-2.886712096261242095e+02
1.588252218435892189e+02
-4.179049439424739489e+02
-6.235006081892740326e+01
-1.457905932031679583e+02
2.210473494840648101e+01
2.287180020566659877e+01
1.456714175411015049e+02
1.556186153570702686e+02
3.990543428656418996e+02
-1.642838324837247228e+02
1.267218519839841804e+02
-2.722616483590275749e+01
3.803576375620204431e+01
3.296331303115360356e+01
2.662179608585693700e+02
3.811559975548811394e+02
2.166795589055369931e+02
-3.516418493085233195e+02
7.519578500635668661e+01
3.894681564016978115e+01
1.512655529400846603e+02
1.730339802443525059e+02
5.560464779655272594e+01
2.455355333974112142e+01
-2.691941610235121374e+01
-1.199357326689575984e+02
1.255090021496131101e+02
-2.729356476157990983e+02
-8.218262327552567115e+01
1.931772671294251893e+02
-1.946451251759877152e+02
-1.946873555817307633e+01
-7.664055700120356107e+01
1.255835967784988583e+02
-1.345084928684311762e+02
2.171123247030547532e+02
-3.330375473759509646e+02
2.272271162595174019e+02
-1.309019983322209555e+02
2.088028332734386936e+02
1.320804116204442664e+02
2.139118154286779543e+02
-1.023749553555971801e+02
9.958913092755609853e+01
1.978881979039339285e+02
-1.331613422408248084e+02
5.806136560806118041e+01
-2.379165110940431305e+01
1.232230345476809816e+02
1.429760222779544279e+02
1.953010361913560757e+02
-1.917586064740759468e+02
1.362102391709653091e+02
-7.372846337308496345e+01
2.659750058089563822e+02
7.628303759826779640e+01
-1.498295113178330382e+02
-5.157396981154743543e+01
2.732812802382031236e+02
7.292058503840448225e+01
-4.162233643875198652e+01
2.231366144363125272e+02
7.319995307270326634e+01
1.041107734721648654e+02
-3.662196221888904120e+02
-8.207817840246639207e+01
2.450704901958627318e+02
1.602116056930501600e+02
-1.704989311797780260e+02
-9.216342543401989218e+00
-3.328576407897460854e+02
3.390986570672939138e+02
-2.400454201341146074e+02
1.221457410991555008e+02
1.591901277807905331e+02
-3.392648329181079703e+01
-1.160341732300229580e+02
2.328540672977910830e+01
-2.549956748827108015e+02
9.909359625262403881e+00
5.393873741258373400e+01
-3.393781438831933883e+01
6.175659523765818903e+01
1.641267109867457634e+02
6.031544675292062863e+01
1.071498256599872718e+02
-5.295394986562559581e+01
4.395571648074638738e+00
2.101817472198289636e+02
-6.826040316572841959e+01
-5.632401339944946272e+01
-8.450773290139866845e+01
-7.023208544854504964e+01
4.745850255880633739e+01
1.250391103804443205e+01
-2.509710740468115020e+01
8.243687201047781343e+01
-1.527035731405370278e+01
1.817525616416973548e+02
1.019168105554474266e+02
6.507493693219913666e+01
6.875644661108778166e+01
2.408520292893634362e+01
3.606812982694404468e+01
1.163474714998608306e+02
-4.523456847244758450e+01
-1.290421654526867634e+01
9.512619346399698372e+01
-7.567853555169429569e+01
1.236725389044691639e+02
4.770497951593854680e+01
1.189057453970420841e+00
-5.505817353355712385e+01
4.837925224615419495e+01
-7.706547390331766678e+01
1.167701508352127746e+02
1.636906939917102193e+02
-6.548165092922651809e+01
-1.353762109100248949e+02
-5.150292107799560881e+01
-6.493249104089169066e+01
1.091266300406320795e+02
-1.313027945966715890e+02
-3.296920711732145293e+01
-5.005145755419392373e+01
3.319535450253457753e+01
-1.130817036171474825e+02
-1.066140494053177150e+02
8.273965412724355417e+01
2.344090676268277917e+01
-8.842001672037925175e+01
-1.076921987356007975e+02
-8.223743341706463639e+01
2.480610000140034899e+01
5.997893719246960842e+01
2.867286080442723062e+01
1.126456582948198388e+02
-2.271100757030090733e+02
9.528297046934011405e+01
-1.021946097438436567e+02
1.274124828282242561e+02
3.771106960497084515e+01
2.556090705102444005e+01
-7.815191859636291838e+01
1.459580147752782580e+02
1.351356105358050854e+02
1.942674932692915775e+02
-4.172926910217925212e+01
4.108483246852984649e+01
2.648949887941082437e+01
7.034011244572758947e+00
1.691512070084831620e+01
-4.201289704959872040e+01
-4.542538398769060137e+01
1.174063284110760819e+01
2.552667111724373328e+01
-9.494014756262497201e+01
7.312665026231364607e+01
-1.655901558155931355e+02
9.145463148312940405e+01
-9.056606118626744362e+00
7.057050334714034534e+01
7.017655975504378318e+01
2.274734395181337732e+02
2.146141576432530584e+01
-1.102797448064741737e+01
2.980556798088936254e+00
1.384315778136103461e+02
1.079027736957111472e+02
-1.883328695670990101e+02
-1.069497154385806965e+02
-1.387296020982257687e+02
-1.753705706791935199e+02
-9.641390817592184703e+01
-5.916962109680240189e+01
4.718434731353934097e+01
1.071633555863834886e+02
4.552293884802402602e+01
1.298896838199867148e+02
-8.408514995888748444e+01
-9.974216213201067660e+01
1.985467322510509547e+01
1.127498405492227818e+01
1.019981304863997984e+01
5.474762246187745518e+01
1.045674546030174241e+02
4.131321899695974764e+01
1.214402530353929137e+02
1.142920831426440600e+02
-7.606855342951185150e+01
-3.305405069846239741e+01
1.732618833609974374e+01
3.182321871882000508e+01
1.408412760584964474e+02
2.294856004641679714e+00
-5.174389197763713533e+00
8.451031653513723541e+00
2.435621230824170169e+01
-1.052278957814902896e+02
-1.235926472978914603e+02
-2.456274162193107791e-01
4.189759137862386495e+01
-1.536361749056876924e+01
