2.589606349601265833e+02
2.094044451496140027e+03
-4.221784747854145081e+01
-3.025820836584975041e+03
2.368362876617014081e+03
-1.538770515113963029e+03
-2.204426177854271828e+03
-3.209260711179932969e+03
-3.220004773583935958e+02
-1.291198492462571721e+03
2.427222307945063449e+02
2.003952089830549539e+03
4.221794807026437297e+02
-1.674438639191316497e+03
1.158678110240137357e+03
-2.483733886359164899e+03
9.042610953605162649e+02
-1.363548754669885284e+03
-9.013068053208394304e+02
-4.352484028659113733e+02
2.731097256635227950e+02
2.749338984909927149e+03
-2.146452303590062058e+02
-1.073374032685690764e+02
2.160699084554227738e+03
8.420252024361492431e+02
-3.419471674052448407e+02
9.032771263485600457e+02
5.313746951864643506e+02
-1.532735715331186839e+03
-6.023305275798093135e+02
4.501626894657610478e+02
2.879699523955375184e+02
-3.754172709887920689e+01
-2.150962089268160184e+02
-6.479636509697173778e+02
-4.386989244631751035e+02
8.293264523680704770e+02
3.671058023507264920e+02
7.142977191407337614e+02
-2.069511453758118762e+02
-3.082927304199852756e+02
3.110685422603997381e+02
8.201660574570357767e+02
-5.131950307592153422e+02
1.219718174125526104e+02
-3.742392556066023985e+02
-1.292743257633012263e+03
5.448900898914821482e+02
6.451819818880064759e+02
-9.954779365703961957e+02
-1.484165425060043333e+02
4.441479038807439110e+02
7.928828457283633497e+02
3.856592874249863030e+02
-1.604996634020520219e+02
4.091500105753783600e+02
-8.736150034453055468e+01
2.622635038330785164e+02
-1.271046351595714867e+02
6.376517121295783141e+01
-1.148735807482013485e+02
5.717407985707841362e+02
1.371444834633054199e+02
-2.786308266604691539e+02
2.269063463955665583e+01
-1.770109359576841257e+02
8.534617377161006289e+02
-3.939948956425340043e+01
2.095223056129127599e+02
-4.274247535719511575e+02
-6.618130222242280070e+02
2.803994904224856555e+02
2.104940625797662221e+02
-5.413493577814703883e+01
-6.773461418194891621e+02
4.621253450907165217e+01
-5.212707650596674966e+02
4.435743082783733371e+02
2.908666905570574386e+02
-1.097759003125909203e+02
2.595622923599867136e+02
1.376489841128647811e+02
1.814488090376117384e+02
3.486961706615618937e+02
1.343481171455359657e+01
-1.179012573108665265e+02
2.133282491930427511e+02
8.797202910889214422e+01
2.076332809892471687e+02
-4.125634783011308286e+02
-3.566970298673847424e+02
-4.354958047598260578e+02
3.759113493637779015e+02
-4.900507730681580369e+02
-6.617617031524341655e+02
-5.726891133361726816e+02
3.652370276570000556e+02
-7.730553802657006202e+01
5.807495635919845256e+01
-5.283403957565068367e+02
-1.608848268215248538e+02
4.335418451054945876e+01
-4.200772143336456566e+02
-2.141863608320495302e+02
5.326121647471689613e+01
1.983905985261971807e+02
-2.091600294548389343e+02
-2.683001276904471410e+02
-4.613286278846038613e+02
1.141652610004820758e+02
4.690040646469903436e+02
7.147383058420000168e+01
4.165434500508446831e+02
1.277381266856564856e+01
2.729192962739726340e+02
1.121229533661778532e+02
-6.562215543412679608e+01
2.281049328041304989e+02
-4.070962221272019121e+01
-4.989147565273392360e+01
-3.465210553940459022e+02
1.911809806955818090e+02
2.872101574972958815e+02
2.046928829104247995e+02
1.261765096431106628e+02
2.171584084207074454e+02
1.379376676659604186e+02
8.067949728501201889e+01
1.752111319622649148e+02
3.234253106584124566e+02
-1.208850635464106347e+02
3.860701084138156034e+02
1.993636492736133548e+01
3.310671720008494390e+02
1.073353049885680122e+02
-7.198400790420781448e+01
3.354143062202258534e+02
8.201641404254473855e+01
-4.007102816099518918e+02
1.701628809862719152e+02
2.407657541250333395e+02
-2.357300408530135272e+01
2.901402884011337164e+02
-2.803083063235581562e+02
1.845872743838795884e+02
-1.377396472369856326e+02
9.356593080702397458e+01
3.250422225187664083e+01
1.354102374967311277e+02
-1.789179658154361263e+01
2.245041281859458309e+02
1.073345239181887649e+02
-6.753180493784630301e+01
-1.537449829790738249e+02
6.958391358227406442e+01
1.472648478507547622e+02
-7.959121812868946222e+01
-6.767462512874138270e+01
-1.111105975145998173e+02
-3.541237616797305066e+01
6.868434003349186412e-01
-1.465621959575567601e+01
2.907946927290163899e+02
2.225091063458459359e+02
8.712193499021051935e+01
4.024949870142272061e+02
-3.667055293879461146e+02
-9.034021246445178122e+01
-7.353334871677823514e+01
6.084606357941372323e+01
1.367465389882611930e+02
-1.027676115385861380e+02
-3.042554902069045397e+02
-2.671068438575182995e+02
-2.964935063413046805e+02
3.006760987097113258e+01
-1.463863225988030763e+02
-1.968966662131638543e+02
1.181965472366366754e+02
-2.029511484653490072e+02
1.133524561239240001e+02
-2.388947477834292386e+02
9.535060066992409133e+01
2.390751195449787190e+02
6.650235416237799768e+01
-7.776637248686058967e+01
-1.688102633910607153e+02
-3.830065317941455874e+02
-2.235931911857823593e+02
-7.892530912468498805e+00
-1.282571560973652769e+00
2.337172590024964904e+02
2.064876195766644287e+02
1.796245224407670982e+00
3.356398835857614813e+02
3.427390642155386900e+02
2.130989122532190265e+02
-1.683678139164340593e+01
2.340452122193371665e+01
9.814436923028891613e+01
1.687370067838367049e+02
2.141947893129081848e+01
-3.774032797470999157e+01
1.086195197429822343e+02
3.454629772151848499e+01
1.869553183353842574e+00
1.861615184008941810e+02
4.365322072415506938e+01
-9.219032818752745584e+01
-1.511683738324508042e+01
-2.157420234534804990e+02
-1.827641783348694560e+02
-2.052022564622665186e+02
3.757007775664166616e+01
-4.324112077945662946e+01
7.936352233478145024e+01
5.081073026655262481e+01
-1.151611699420365085e+02
8.039617356273460302e+01
2.133812505824972732e+02
-6.504197419763453070e+01
1.371501274197795226e+02
-1.826275831395441429e+01
-7.141251471942203777e-01
1.663211072698555881e+01
1.614801845508219742e+02
-1.640658916623963250e+02
5.154921175870687478e+01
-5.468074996227633022e+01
-2.218158524896342954e+02
-1.457740008404882737e+01
-9.321050256642382692e+01
-7.115640575284560043e+01
1.108987739487100725e+02
2.647438143730331461e+01
4.859752814507463370e+01
5.401754970938063849e+01
-1.133732017436355903e+02
1.173236886457313410e+01
-4.823112056471838116e+01
3.880481668289507269e+01
1.402266633116294088e+02
1.278795008697436089e+02
1.073809374560482013e+02
-1.132808912142189826e+02
-3.365579975607613505e+01
-4.699437395320519073e+01
-8.171008875332424282e+01
1.574255675421305511e+02
-5.131185772806312428e+01
5.350637763641314848e+01
-6.472055123001463528e+01
3.573256958050036758e+01
1.452773516588858627e+01
-1.258584770403580535e+02
1.301883892101431570e+02
-3.141690852732714134e+01
8.399712853229246434e+01
2.207285606533474009e+01
-8.431545125360494808e+01
4.436336315425339194e+01
-5.285141828696075805e+01
-4.570299772894696133e+01
3.395661722738884691e+01
-6.044236585498889980e+01
-5.138535322363404845e+01
-5.330778821163127645e+01
-3.886753104604259335e+01
-5.737557431462273172e+01
3.095062552177354576e+01
-1.783722688518484745e+01
1.418523157768685650e+01
1.064789467033228618e+02
4.216827660196994998e+01
1.622551352599734003e+02
-6.929327028260814814e+01
-5.434697152659639841e+01
-4.445619415201824154e+01
7.218867846226287099e+01
4.133453536745400925e+01
1.458637859704670916e+02
-9.932187675789071690e+00
1.726022985633057516e+01
1.579180935149715594e+02
1.431912784848995557e+02
-4.032261523437244932e+01
7.454015153288858642e+01
8.437025591424679760e+01
7.830985723236828733e+01
8.929943325613236027e+01
-6.741973625243755919e+01
1.346244608358390060e+01
-6.691887784090720004e+01
5.742689084804226241e+00
-5.975618362576761200e+01
-1.444815762884629784e+01
-1.906954106306627139e+01
2.416577041952645644e+01
2.763711159184257227e+01
