4.754934179640556977e+03
-3.022970498568775497e+02
2.009182306698359980e+03
7.694916694658058987e+01
-1.815542684879586432e+03
5.942782357539022996e+03
8.833744586501700269e+02
3.792697749994759988e+02
1.643695277075790500e+03
-1.543018798305387691e+03
3.601044761796853209e+02
-2.096834685166541476e+03
-6.352899899089787823e+02
1.300244260985515666e+03
-4.842745462854319953e+02
2.998149273471162360e+03
6.090092425872865078e+02
-3.566492427536813636e+01
-1.465564636962886652e+03
-2.586109903353979007e+02
-1.189867410509794809e+03
-2.405042084021682967e+03
-5.012867673829965725e+02
1.214773415490235720e+03
-2.032223134814280911e+03
1.870207741341478595e+03
-7.372464676048263073e+02
-7.422056789084360844e+02
-8.603654351943075653e+02
7.855273585966618839e+02
-7.341870987061628284e+02
-5.916126706426842929e+02
-1.189744120327330165e+03
-4.227228914543598535e+02
7.444598195876387763e+02
5.944098797462033446e+01
-1.322866905460680300e+03
-3.095057084170504140e+02
9.678851900342419867e+01
-1.902322702648274344e+02
1.215336097532913726e+02
1.549333469584417571e+03
4.119296754529038367e+02
6.533788403105762654e+02
2.165661443567899823e+03
1.277093460600913431e+03
2.318550785361146893e+02
-1.162633829682642244e+02
-2.232899373207023359e+02
7.321359355580873398e+02
2.119858226747048775e+02
-1.012634435246310773e+03
-8.729090888689171379e+01
-4.745938488088168583e+02
4.276891768151318161e+02
-6.635877306707601520e+02
5.395244164757415319e+02
-1.012299275829126827e+03
6.036149993292177385e+01
-1.266413155459367317e+03
1.360401814724360179e+02
3.696320199544290972e+02
-1.511089538274072765e+02
5.098614315111279893e+02
1.435662530177183385e+02
-1.014359874048562062e+02
1.760561631815600322e+03
2.835844886507027240e+02
-2.565885123398084033e+02
9.211119981827087031e+02
-4.344067896785230687e+02
-5.918476307615582073e+02
6.133565697295226755e+02
4.277591971702882461e+02
-6.355066662062512250e+02
-2.037012901360442640e+02
-6.019195518604384461e+02
4.583293720892534111e+02
-1.661438947178999399e+02
3.491067442518920672e+01
1.485681909100412952e+02
2.624008314642649111e+02
-5.035800225733036228e+01
-1.098047906308798929e+03
-2.067903442394066005e+01
1.546428880949592610e+02
2.295850085379206291e+02
4.958031990835143006e+02
-8.073999812297283540e+01
-1.543644743479166026e+00
-1.170420189252916998e+02
-1.595932709453261111e+02
-4.277648862967204195e+02
-5.163032539772566452e+02
2.093798473379994221e+02
1.315387432414550517e+02
1.421310305057948824e+02
7.131116031095611163e+01
-8.306512153659906517e+01
3.561890599348313913e+02
8.796825732115979690e+01
-8.531611427980099052e+02
2.792474807553638811e+02
-1.782910238620861207e+02
2.937719883668618195e+02
-4.525866703267705020e+02
-3.419361898879297428e+02
-2.935733296346267593e+02
2.438399140932899911e+01
2.960725400267858731e+02
-1.078564581137881078e+02
-1.678958831269339100e+02
-4.862041971785585588e+02
-5.027581239425703075e+02
-7.328079287515191709e+01
-4.103073768361956013e+02
3.520715742325946280e+02
-3.417609294915542932e+02
-2.871381807784905504e+02
4.358505122883369154e+02
4.986067210084759154e+02
6.978263530259759762e+01
-1.537699708209222393e+01
-1.092030651187618595e+01
1.200860866173899808e+02
2.395750012898103307e+02
-4.016083760346098188e+02
5.179739285715677397e+02
3.968074845707868121e+02
2.994680761943264429e+02
-4.099801576866299229e+02
4.035148260705492476e+02
-3.612854143082516316e+02
7.470214883426748429e+02
1.007372072113510910e+02
-1.844577401263654224e+02
3.106784113918777734e+02
-1.618356081716716233e+02
4.337516549032837929e+02
3.632301407899320793e+02
-2.241670842404809250e+01
-7.405937961082814525e+01
-8.223123328628493311e+01
5.674736215478153412e+01
-4.060776581718555462e+02
1.205833885136392922e+02
-1.066032029622709274e+02
-5.184829499066316316e+01
-2.094509042670597410e+01
1.798643767286994546e+02
2.109137674608582529e+02
-4.236472060035710001e+02
1.111151342105763575e+02
1.028648741208683361e+02
-1.883120653210466173e+02
1.097288225330122629e+02
3.288800431516550589e+02
1.392237009606622848e+02
-2.454801483327352400e+02
-7.068011317342087807e+01
1.988689275535761567e+02
-9.417437751305493876e+00
5.087751950580603477e+01
4.844717186887764981e+00
-2.987128460474278313e+01
2.307809096400922044e+02
5.275512753174402825e+00
6.678438083273707093e+01
2.582136914412475903e+02
3.363545221910829355e+02
5.376843048918339463e+01
-2.529711707142704995e+02
4.239663502010026264e+01
2.149371447285041370e+01
-1.332606412132068670e+02
2.434068354189032846e+02
-1.497686828831299266e+01
-3.382380916953868564e+02
-2.484433271250274800e+02
3.515421419876811910e+02
-7.961381762917261540e+01
-7.490659213644319436e+01
-1.294018685026635183e+02
7.282913683047100051e+01
3.395181204223346754e+02
-8.886206363888639714e+01
2.598557013399816640e+01
1.744852621262323851e+02
4.572362904327981425e+01
1.407707542895989263e+02
-9.055541404757637736e+01
-1.661572186865066953e+02
1.855415762352483569e+02
-2.824241198887328324e+02
2.188533386107472722e+01
-3.188093260858126428e+02
7.571545534572635461e+01
2.985677301266330801e+02
1.774948106015891369e+02
-1.739542559033941416e+02
6.624955773879173648e+01
2.067676387342233681e+02
3.090836804900827701e+02
4.529764345406618276e+01
-1.884206482852036117e+02
-3.755697491459704906e+01
9.895868407581033921e+01
-9.267880540050431648e+01
-3.216775176564310641e+02
7.340524609667912159e+01
-1.596934753795344477e+02
-3.057158727583926261e+00
4.745153987010708008e+00
-1.809191113228917516e+02
1.657916281805098322e+02
1.289678539351724567e+02
3.057058892758930710e+02
-2.652220825450799566e+02
5.180750019166318054e+01
2.018633562318471775e+02
-6.130536600891413457e+01
1.496647882713197077e+02
-7.355150056873819153e+01
-5.813233194569995277e+01
2.761104876693612482e+02
-3.075484108840238378e+02
-1.993413947937201272e+02
-1.771861400899388173e+02
4.324235032318856753e+01
6.619356594984634512e+01
7.223281965988142872e+01
-2.152529818466081935e+01
-1.390081398004203095e+01
-1.172322819555659521e+02
9.386013202529692023e+01
-5.608765794152112960e+01
4.233633344823363842e+01
1.597170592828738904e+02
1.162559660243353932e+02
2.609038646468110301e+02
-9.417447075308434989e+01
-2.021981048224336064e+02
-2.318588106393725070e+02
8.977865195158179290e+01
7.559589551242522987e+01
8.567829202981229741e+00
-6.251058841376146091e+01
2.168306212157290815e+02
-3.957745102919275837e+01
1.595185264727059007e+02
9.724277219319762366e+01
1.744381963190266305e+01
3.004529757739576326e+02
1.551619732228463988e+02
-1.605701355925139922e+02
1.472510992863409172e+02
1.853161100055559984e+02
1.408802530776655715e+02
-2.990301039283722844e+02
1.904560711209722967e+01
1.499337340730496670e+01
2.345513324805138495e+02
-1.041115902387733740e+02
1.160578086038981382e+02
-8.539056982326393097e+01
-9.193652804291451375e+00
1.974874563922007553e+02
1.321555990350982484e+02
1.465694116069199140e+02
2.637356499100820173e+01
1.539761290470824306e+01
1.759520317486901035e+02
-8.182530776501394598e+01
-3.272774993838443436e+01
2.237312163073795261e+02
-5.084253318775513897e+00
-5.887059897843935374e+01
4.320314540057587038e+01
-2.665572620256925518e+01
3.729007807436906408e+00
-9.855210235680029029e+01
2.966654773080936138e+02
9.638610576894603810e+01
-1.545571360588267851e+02
-2.488322361481517078e+02
1.060456129878959963e+01
2.920627858615386572e+02
-3.594856252504660432e+01
2.556682975689782609e+02
-7.748275565582714819e+01
1.097569617646866789e+02
4.440803797289521526e+01
4.252189136299352157e+01
9.306565432955753181e+01
-3.354331587545985371e+01
6.049638100472385815e+01
1.547719082953303769e+02
1.728964686498568426e+02
-1.120368136865842814e+02
5.311439752281702731e+00
