-3.280596504337848728e+03
-1.912137306992411595e+03
-1.982686147941743229e+03
4.300701254036393038e+03
-2.440091096583655144e+03
-5.335305454748040432e+01
6.370831684110194146e+03
-1.734373766750788036e+03
3.081222009018359032e+01
-2.506702542412066578e+03
-1.426856421733499019e+03
-2.283952431521277504e+03
-9.130248854144788311e+02
-3.108636355550146618e+03
-1.309410923289986385e+03
1.086760719689503276e+03
-2.923166283891771400e+03
2.938034588790635553e+03
1.161818022967710533e+02
6.928081493619257571e+02
3.212928738646082252e+02
-8.655457585340911919e+02
5.402079930148056519e+02
-2.143032741166569849e+03
5.403229820944817448e+02
-3.013632320159517349e+03
5.270919673992232219e+02
2.346673677156730719e+03
-2.081799955895877702e+03
7.323982010150441511e+02
2.594251009982627238e+03
-8.921271711646554650e+02
2.799503796797864652e+02
1.008904959402850182e+03
5.498913030322149780e+02
1.533543275671898073e+03
-2.021633934126639815e+03
1.556881310198296653e+01
-6.196819951410426484e+02
-1.185112598475742971e+03
-1.647046693934788891e+03
2.584160010298184261e+03
-5.046542985185896555e+02
4.572700162114172144e+02
4.829920168616782803e+02
4.816702184923332766e+02
5.773281607602079930e+02
-8.379151668586183632e+02
2.159172879292293146e+03
-2.383824581745697060e+02
-3.410234819607707095e+02
5.169313895329993329e+02
-2.604042029624059751e+02
-1.341890956069169761e+03
1.050566304533954280e+03
-8.284464113138644734e+02
-3.974575343172651856e+02
1.364423821404986484e+03
3.377349083657437063e+02
-5.392454481818652994e+02
6.609454666342749363e+01
4.688394338703911757e+00
5.440341296640951896e+02
-3.675384215264652994e+02
3.538922507496031358e+02
-4.180397569048159312e+01
1.052750276727297660e+03
4.060878066567042310e+02
8.488918052599641442e+02
1.216845055921089852e+03
9.738721105548576418e+01
-9.754562110044182646e+02
6.952314719310690805e+01
-8.155707263303552281e+02
-1.540088439862454663e+02
6.960099585823081725e+01
-6.863542041237112699e+02
-2.493890734001039959e+02
-1.309118082450606380e+03
-5.289785729827319756e+02
6.063999325199212365e+01
1.078686162562913751e+03
4.827521632826341715e+02
-2.529139122477730552e+02
-5.813016369543513520e+02
5.092146145252205542e+02
-1.242616330530013080e+01
1.688680055108140152e+02
-2.800662131080352992e+02
-1.187069648180932063e+03
3.842311814990126209e+02
4.481445262688686171e+02
1.821237376079235446e+02
5.013310044263544114e+02
-4.585950818871862680e+02
7.925743605822327709e+01
2.970239554774782391e+02
-5.299671784453580585e+02
-5.594913644770844030e+02
6.127649145195780420e+02
-3.343025976243816331e+02
7.116916779293862874e+02
-2.023755459131617442e+02
1.841444030385039525e+02
2.164230953705107297e+01
1.299339790086214919e+02
1.833640299132797793e+02
2.173470378729621189e+02
-2.339607025538109610e+02
6.307904015786432410e+02
-3.814748136771956410e+02
1.573645725703719052e+02
2.049850431117151217e+01
3.548141229277827051e+02
2.842685260323935381e+02
2.276500984936733403e+02
-1.901011982818506283e+02
-2.533755615311163183e+02
-5.398068911687140599e+02
4.148350136952218747e+01
-5.931122890204041909e+01
-1.587527695141560855e+02
4.335905898054908789e+02
-1.351346791499224480e+02
3.185364697600764430e+02
-1.724458323323523246e+02
-4.031097090145466382e+02
6.706089350559453521e+01
1.091977517708410232e+02
1.739196049162401323e+02
-5.466993718837836695e+02
4.421319462990389297e+02
7.534447152972035155e+01
-4.974605288406028194e+02
1.608447328778103440e+02
1.355488657398557564e+02
1.526007561640687697e+02
-4.949028531352659570e+02
-9.602444154088956907e+01
-7.181812052614377251e+01
-2.482244860210386150e+02
-2.286608920400503280e+02
4.559002578821210250e+02
1.073140248223755151e+02
2.173686336044735867e+02
-1.045610112598424024e+02
-1.464461286142535243e+02
3.524250252418914897e+02
2.916389993810365127e+02
-1.612275748206145352e+02
-5.276953896462095628e+01
-3.063466633191629853e+02
1.684690061173769777e+02
3.409901010670002108e+01
-2.569867131863168197e+02
1.833060693961132301e+02
1.297830607828165341e+02
1.314876443803046016e+02
-5.973037895857272588e+02
-8.371900945347408651e+01
1.109244171137545152e+02
1.415389443761674784e+02
5.361721606944625051e+01
-4.339384663103978141e+02
-3.643806803266440966e+02
-2.744510607533671305e+02
-7.961031902978666608e+01
3.391930365805357610e+02
1.225811526820199333e+02
2.916195241901947952e+02
-3.371698217571882310e+02
-2.179587594910091752e+02
1.414111449176590440e+02
-2.730338874770479833e+02
5.190131981941357253e+01
-1.821278200574769102e+01
4.296495910177348492e+02
4.708935715899008869e+02
1.723438474589649729e+02
1.085499883206813365e+01
5.432817121046829243e+02
5.365450545782452707e+01
3.093961006791278123e+02
-3.474942784574043486e+01
2.904419828382949618e+02
1.605799202812421811e+02
-1.230644777087542820e+02
5.879507213613226213e+01
-1.729950932209201824e+02
9.170196390835079114e+01
-5.248131605445249193e+01
-3.425137352447526382e+02
-1.380025881224548527e+02
-5.036626910668612140e+02
-1.327755889212448608e+02
3.124327168503919552e+02
-4.652069255765166389e+01
-2.789271266246576033e+02
-2.131601403966043407e+01
2.282092980033706340e+02
-1.192800243438507692e+02
-4.134403542775308438e+02
6.419935020429957149e+02
-3.954915617576054956e+02
9.545854631533893553e+01
3.705275017565671192e+02
-1.795412678479443400e+02
2.247356353230262371e+01
4.885875209265821582e+02
2.570955609825828674e+02
-9.824230118493117914e+01
-4.249545193715594849e+01
-1.183982452759823332e+02
-1.683458042388821525e+02
-4.011551093636566634e+02
-1.449714756781110054e+02
7.268941844404990604e+01
2.138365625603646549e+02
-1.867501729133948984e+01
3.027269757153938201e+01
-1.999029789974930509e+02
3.176254042776714641e+02
-2.515115711508752838e+02
-2.612837517556700959e+02
-2.822104713885060505e+02
-6.231719997929011470e+02
-3.110572612633536096e+02
2.320465134706053334e+02
-3.076314053530160209e+02
5.060295894756304591e+01
-8.717392662476466114e+01
-1.044464104356847556e-01
-2.555970355305359121e+01
-2.046582851532113239e+02
1.909250345534417761e+02
-1.364198989576572671e+02
2.886973040953047871e+02
7.758317761016751035e+01
1.299955946553967863e+02
-1.257483213298645950e+02
2.556582161125747916e+02
-6.982666388659460210e+01
-3.667415262232706255e+02
-4.380696693632690994e+02
-9.855142902510453951e+01
-8.967110329002488811e+01
1.744798286421694229e+02
-3.986159009160847972e+02
7.761771783246618384e+01
5.973537594479508073e+01
1.446357520774694194e+02
5.948531171050701261e+01
2.985934129495290108e+02
2.211397525733930891e+01
2.520889536668507844e+02
6.388922673912382066e+01
-3.987060893935500161e+01
-2.931185252446842071e+01
-3.555279814290862532e+02
9.263021136347488493e+01
-3.786706250322063738e+02
3.086316503347754860e+02
-4.235917139453728737e+02
3.870865636552354658e+02
3.132303382058356789e+01
-7.232161917906590531e+01
3.971445292424109539e+02
3.321514575522153336e+02
1.698852652429893624e+02
-2.406730555046160305e+02
2.606608267215747787e+02
1.648841620587633940e+02
1.687927572300350789e+02
-3.515402745987833555e+01
2.543630830566249301e+01
6.804632926489841793e+01
4.743548687856110035e+01
1.843843336019517949e+02
-3.445521417842694518e+02
-6.016115955483210342e+01
-7.313315696663453025e+01
5.273180426123128228e+01
-4.882604154120183004e+00
-8.087885847018711161e+01
1.222219259603239436e+02
-1.155778571424428520e+02
1.490883453794479863e+02
1.047821051484479966e+02
-1.191041531129852871e+02
-4.620978316186387502e+01
-7.133963505703361818e+01
2.237966861141527488e+02
1.665592879727651336e+02
-1.079809597413315743e+02
-3.008607273448004094e+02
9.296776203230474778e+01
-9.557730483370772845e+01
2.274184772848975342e+02
-3.185519721955380987e+02
1.740799821726558605e+02
