7.495123657485069998e+03
-2.301387305838398333e+03
4.307021226998283964e+03
1.648586023129694240e+02
-3.217035851632930189e+03
-1.015666221240178118e+02
1.955780330071959042e+03
-2.227174005085466888e+03
2.055275764665459519e+03
1.654896316994217159e+03
8.975545838668185752e+02
2.419533134833330905e+02
5.643677228880555958e+03
2.094876221681393417e+03
5.071531632625307680e+02
1.050781280070042840e+03
1.600424661944477748e+03
-2.029631256315567953e+03
-7.313756156903203873e+02
1.169164321031991904e+03
-2.424950346774375021e+02
-3.250976168927039112e+01
5.531484766966324287e+02
1.088824982154209920e+03
-9.093249275052562552e+02
1.364480413417943055e+03
-1.964488606620599001e+02
1.251867437051888146e+03
-6.585909120384093285e+02
-7.458432769647819214e+02
-4.858438874176694071e+02
-6.729505112172275858e+02
-1.043833866382103452e+03
1.686857441658919242e+03
-4.786620000025578747e+02
1.237616757676436464e+03
-7.922711163935709919e+02
8.651721440292797638e+01
-2.483470378669202034e+02
-5.579819160721747551e+01
-1.410434149674886157e+03
3.011990802922397847e+02
-2.872840035865710888e+02
7.459841886091413699e+02
5.230309340713157695e+01
4.958017326548780375e+02
3.652839583054980608e+02
-8.587784953967910724e+02
-1.135381309628764029e+03
-1.268664115352541728e+02
-1.181052592026326693e+03
7.581355253302848496e+01
-7.695866363992822698e+02
-1.954612028630739076e+02
-6.388272846010991657e+00
4.856970861522711402e+02
1.401614087731682332e+02
4.522265547760912909e+02
5.078860836707874569e+02
5.460963772417898809e+01
2.334399902612664945e+00
-4.314258560509324525e+02
3.073076425716845961e+02
-4.660531385256052204e+02
6.460142080534919273e+01
-2.259450582757891368e+02
4.692083111943353515e+02
3.923101847481013920e+02
-4.334652861648996804e+02
3.836491856947225756e+02
6.357424889291321790e+01
-4.209513625575301603e+02
-6.375944249377505457e+01
-5.501841883873631787e+02
8.421809173972516760e+01
-7.982017905437917307e+02
-4.193501097982023680e+02
2.258864564948146096e+02
1.248571634755391813e+01
-2.411433701557636482e+02
-3.316093196729726742e+02
-1.464886991162157130e+02
-2.059101571057966567e+02
-6.206937888983532048e+02
5.967251318736612120e+02
1.950207031416172576e+00
-1.409532399074230682e+02
-6.246643846183203550e+02
1.604577908482427233e+02
1.869687654748327077e+02
-6.047364514291262338e+01
-5.959638671840959034e+01
-7.278124416281265496e+01
1.560318853994359927e+02
3.077304208215690551e+02
2.856323023885154839e+02
-4.952730640339709112e+01
-1.141673917199857442e+02
3.506744113192839905e+02
3.697054634818592831e+02
-9.313780344327253147e+01
1.788874496612322389e+02
-2.362057081985616662e+02
1.476515659152772741e+02
-2.843764341400592457e+02
5.794125024562904400e+02
2.515918447986217075e+02
2.948929238506627115e+01
-6.116715844580839985e+02
3.446401957163239445e+02
-2.079700937937994070e+02
-5.526956598262898979e+01
5.842568229192786067e-01
-3.889996212606028081e+01
-2.517482064915342050e+02
2.291172923091904181e+02
-2.658803510055077979e+01
1.349132363945936959e+02
-1.715030884670303806e+02
-2.074921092311446813e+01
-2.739108462456038637e+02
-9.965698654542420343e+01
1.757333086801735647e+02
-1.664697542926688811e+02
-9.779998953472737355e+01
-4.935333991731145886e+01
-9.553983103712759828e+01
-2.282050171654336737e+02
4.892068529028744592e+02
-2.376190897199924450e+02
-2.003919851929231299e+01
2.515590840908600967e+02
-1.176257692909045183e+01
1.435741754082449404e+02
-5.475523001584272151e+02
-8.676592140811351328e+01
-1.355554083009928945e+02
3.147923834500985549e+02
-5.153464445920292292e+02
-2.588385615357536267e+02
-1.862360814367998785e+01
7.544696065057134149e+01
1.478633226810358963e+02
1.912589397184365509e+02
2.524706033061343931e+02
1.387590848984433762e+02
-4.502629384987096195e+00
5.424528594766764300e+00
1.255361745410906025e+02
7.140183994350802266e+01
5.054400105971238588e+01
-7.498204271695216505e+01
1.063690879034881220e+02
-9.523343833327547969e+00
3.395607734191390819e+02
-1.631863278911612554e+02
-9.516022131317146204e+01
3.239930606972563396e+02
-2.442009049068492388e+01
-8.805514587175984786e+01
-8.481862050923182039e+01
-1.005281437649542227e+02
7.344060967345765789e+01
8.005870828511056914e+01
1.384034061653441370e+02
3.215918463736838930e+02
7.866444532024398484e+01
2.145471674291925694e+02
1.195349214561405375e+02
-1.639532842391470808e+02
1.914092978584887703e+02
7.995065998987256251e+01
-4.286005010331247433e+01
2.406387666307019515e+02
2.170026013996609606e+02
2.033604103998343362e+02
1.113809412985939957e+02
-2.848049523242109444e+02
2.893222779988226421e+02
7.171255603774130805e+01
2.433673062231228812e+02
1.399329339496521811e+02
3.833213307080671939e+01
-2.152117040288285068e+02
1.085247197942606476e+02
-2.986538119158742433e+01
-2.441489412318965435e+01
-1.216682770567924194e+02
1.823070458585804658e+02
2.026596130570435719e+02
-3.005165775787739904e+02
8.446512584617609321e+01
5.090561503454289038e+01
6.288526504911555293e+00
2.465489910570472887e+02
4.689216820308536171e+01
1.066231171405318463e+02
9.003303444998854843e+01
-3.003030964245122902e+01
-2.275080727872401098e+01
8.516188505576273826e+01
6.025504558585542014e+01
-2.107176580807602306e+02
3.594950823895009506e+01
8.167229458017486365e+01
-2.880229040992416145e+01
-1.350755874170748427e+02
-5.535955471302541753e+01
-5.059249433016250919e+01
8.278632914316965241e+01
-1.774337868613880573e+02
-4.890898422029714254e+01
-8.891996242001742701e+01
-5.247580317080100087e+01
-1.436922543474747158e+02
1.133476807522080918e+02
-9.003349315258064678e+01
9.692647025767163527e+00
2.500729965479386578e+02
1.887523262464309255e+02
8.716179500583596962e+01
-1.413809924228235992e+01
2.376069627488913838e+01
1.166715458071900713e+02
-1.418801676598858919e+01
1.316681997857451165e+02
5.868841593367911713e+01
-1.146691257793643643e+02
-8.677724281282806373e+01
-1.157574440580440154e+02
-1.530792520104454297e+02
1.314035217286393475e+01
1.276312244643653031e+02
8.757293294123449812e+01
-1.276666372591546406e+02
-4.129462264530710769e+01
-1.561831781503698267e+02
4.654980853619631631e+01
9.198747000532952711e+01
1.788731348136116424e+02
-1.829557468743826689e+02
5.357177320532363751e+01
-2.228250646708630427e+02
3.130764308110259719e+01
-5.129437248432325447e+01
-7.717257864419707403e+01
-7.461383574795519280e+01
-8.264802805653708617e+01
5.077756877993401474e+01
-5.424801891417360622e+01
-6.299920153101518316e+00
-1.423649225303545052e+02
3.824497567542083942e+01
2.800350446181584374e+01
4.029462316110372910e+01
-5.663510326261057060e+01
1.219021685304863354e+02
1.036838451783346784e+02
-7.279043912205082734e+01
-3.322786089382319119e+01
8.518282155040749259e+00
9.372185079726560275e+01
1.298168398490414290e+02
2.332098012958438460e+01
-1.515990281566164413e+02
-5.760787602331897972e+01
4.545802724938702255e+01
2.368049002076896059e+01
4.939757980882149901e+00
1.841837071146803595e+01
5.414457938515698565e+00
-1.062779442388215578e+01
-1.400788182745599242e+00
-5.018482311915008154e+00
-2.218240713289833366e+01
1.340185746889659981e+02
-8.039668321125574835e+00
8.147910511232034025e+00
4.692613989655729512e+01
-1.886184744756849696e+01
1.329955475898009922e+02
8.195492069569696980e+01
-2.623497005776762592e+01
-4.917724646816713374e+01
6.608067680848577652e+01
3.101852183993795364e+00
-2.739361229295061051e+01
1.979534407413231278e+01
7.130429549055691041e+01
1.657901666079503400e+01
1.027867528871148863e+02
5.266608572844135239e+01
-2.091490499138123837e+01
-1.007404758135423606e+02
9.344650764275171184e+01
-4.454812663633918035e+00
4.748376259001191357e+01
-1.144887077454451868e-01
1.493637072536650692e+02
-9.526777915609995873e+00
