1.170919301559107907e+03
4.494488319739632971e+03
5.439382733383247341e+02
-9.703765594386129578e+02
1.331692913438294681e+03
7.724175449164147267e+02
-2.608573497625804976e+03
-2.270129965299822743e+03
2.859225208331205522e+03
8.193340982923040201e+02
-9.414463659427913171e+02
3.085246653971296382e+03
9.666830053180083269e+02
-5.325504422354963481e+02
-1.563185076341457716e+03
7.485979642652774828e+02
1.506047701427552511e+03
-5.807927405131221121e+02
-8.898566537088647692e+02
6.496810215591139013e+02
-7.789537500893975448e+02
1.437658288457839262e+03
-1.487455798919422023e+03
-6.561935151137410003e+02
1.067445173270607256e+03
-4.224936036618502158e+02
-7.928744527739577279e+02
8.363028342992769240e+02
2.442884922604331734e+02
-1.068793161732158296e+03
2.016350747522888582e+02
-5.653998579562093028e+02
1.267431130147891281e+03
5.808371768480423043e+02
5.859193389830365959e+02
-8.417579952727012369e+02
-4.235928040305417994e+02
-1.444720960102016988e+03
-4.173521357084406418e+02
-7.105283940203269140e+02
-3.296815754874377262e+02
9.836834413766543150e+01
3.892469731331074740e+02
-3.071851913284978082e+02
5.341050679494269389e+02
6.731188174662727306e+02
-1.067696602249782245e+03
2.297309104469445913e+02
6.263391092128068749e+02
3.589988696991002826e+02
-4.730006292489623547e+02
1.249588780458848589e+02
1.603630828954826768e+02
5.570079847388357166e+02
-1.546474880575208886e+02
-3.918318141930671459e+02
9.375127299354033994e+02
-3.722865502578912356e+02
-8.904706585521357738e+02
-8.471243080320431318e+01
-4.728806466511450708e+02
-3.274848601733399391e+02
1.682485016918489578e+02
-4.442814145399489689e+02
-5.695883225060345012e+02
-3.793412621183482543e+02
3.561534514737932682e+02
-2.865906873972855351e+02
8.798222693193615385e+01
-6.184647384297488770e+01
1.375846821643772273e+02
4.795907314467256128e+02
-1.788166166036627374e+02
3.301621313519013370e+02
-4.152178050212336302e+02
3.649055652769154676e+02
-6.295206102875702214e+01
-2.799562574790006693e+02
9.753692701632549245e+01
2.348419238979622605e+02
7.554217312458258675e+02
1.363803282441241436e+02
1.321035457117174019e+02
4.317883555702779290e+02
2.473714844582870853e+02
-2.098436127041841246e+02
-1.860139378871710960e+02
-8.979962281021997228e+01
-2.275365346095429402e+02
-3.918401429698994889e+02
7.332473750115698863e+01
-2.727726926976080222e+02
5.549360617403292508e+02
-3.790485090896492011e+02
8.727651410369161056e+01
3.648902386544793330e+02
2.836514584921537789e+02
-4.229858829288352950e+01
1.453191356456790118e+02
8.943409509187851825e+01
-1.194304738104870296e+02
-2.542109939895199489e+02
-1.922443131405810846e+02
-5.138629149280990127e+00
-4.642181133548726280e+02
-1.159531417485638229e+02
1.858336834664560229e+02
1.631815884074958944e+02
-1.713294678080067968e+02
-4.948216219061089873e+02
3.602284588750199390e+01
-1.945255875566207271e+00
1.682628197303555950e+01
3.201089266236900812e+02
7.421214122727499785e+01
1.318103613495067634e+02
7.319035194544133560e+01
-1.978165280942727122e+02
1.342516280763544501e+02
-1.285879992322077783e+02
-2.488022903957915446e+02
9.834312156632707413e+00
1.382730609263323629e+02
-2.375373454298723264e+00
4.523536476658283050e+02
-1.355511787907875885e+02
1.611689643802634180e+02
1.790832681370546595e+02
1.887508424413125283e+02
-6.448150394653460182e+00
-2.270154653224129220e+02
-1.946246984116360181e+02
-2.102976061731409629e+02
1.064890879814229976e+02
-1.670644756791473924e+02
-2.355175402782997551e+01
1.070353737993459760e+02
2.307294851723128204e+01
1.284114000148485957e+02
-7.152481249165423094e+01
4.816127427182080112e+01
2.357805696254597478e+02
1.303014740071652398e+02
1.397356106009646339e+02
-2.061612168131408396e+02
8.672477594489262742e+01
-8.248680976744358517e+00
9.174817876801338912e+01
-2.577466215431827834e+01
4.935408540794009724e+01
-1.431009441304997836e+02
-8.827958213752972938e+01
-4.523927006781472073e+02
-8.165969021664922423e+01
3.163858833558808215e+01
-1.773861042765816762e+02
-2.543121753133144036e+00
-2.600357035308622358e+02
-3.630886821728807945e+02
-9.320140979453374541e+01
-3.964636580587119141e+01
9.834686499005596261e+01
2.513257790431357250e+02
5.912804463447643144e+01
1.212208036206970405e+02
1.341520519758814203e+02
3.510862366899602307e+02
5.538832879239507889e+01
-7.840589228025651281e+00
-5.782331107772436951e+01
-6.639647933953897052e+01
5.768614224327646589e+00
-9.443623446328849980e+01
-9.581930540408532693e+01
-1.712473107939646013e+02
1.081402939202134661e+01
-3.527435896490245426e+01
-2.948668847489048517e+02
-1.820562714497887669e+02
-1.480797706493531223e+02
1.903261529662878786e+02
1.576189731031032579e+02
-1.566492627280899796e+01
-1.540084411729281157e+02
4.071453195202111175e+01
8.457968311527464778e+01
-1.454347338426543672e+02
1.282294914682173044e+02
1.496488737986314987e+01
-2.364197055265775305e+01
-4.004674856265855176e+00
1.235174827829511059e+02
8.199059429601635429e+01
6.515846627711177064e+01
-1.305579910600121174e+01
4.187015085297832684e+01
-4.415859375486218141e+01
1.037198070561501169e+02
6.474551247041893021e+01
6.724931046733283324e+01
-1.292649908065484965e+02
1.327118777592162360e+02
-1.148235425415353177e+02
-4.187348120871306634e+01
3.134546275807547744e+01
-2.050850241325980789e+02
8.615675742260419767e+00
-8.033199434464354738e+01
9.250171538045786690e+01
1.841834139402901416e+00
-1.515081673399301678e+02
-1.520047468051656097e+02
9.849303810520852664e+01
-4.085909335187458424e+01
4.723232891784322618e+01
2.112544539380834863e+02
-1.773907666160832832e+02
4.953619778952661079e+01
-8.478989826579210387e+01
-7.045966293855018137e+01
-7.920441100448316263e+01
-1.440418947586032061e+02
-1.498146047876568510e+01
-2.139256041570165578e+01
-5.605182877246581796e+01
-1.190634584248235051e+01
2.985012886764327522e+00
-1.269238089442320785e+02
-1.389785234260253901e+02
-1.229909807142823155e+02
-1.306138943870705873e+02
-2.837314544152438884e+02
-1.695964779316863371e+02
-8.766246820644421067e-01
5.883299352202588095e-02
1.928670692896155003e+02
-9.043635574998880600e+01
6.125524344622800044e+01
1.047274273855723692e+02
-6.117624495097545179e+01
7.521986853850819443e+01
-5.518227190139830185e+01
3.857666625999425492e+01
-4.969670380567628776e+00
5.325259948401875221e+01
4.520470528448096559e+01
8.207316326907603354e+01
-1.042269530832657551e+02
5.671010433626567959e+01
-7.372350063539222731e+01
1.221955316676398695e+01
9.240114140464622494e+01
2.850272561268357308e+01
-6.830176350674923924e+01
4.873475594348424700e+00
9.284963722516909002e+01
3.204422147150447842e+01
2.244835682784267661e+01
1.051004186092679191e+02
5.181919696637422135e+01
3.248898717626391175e+01
-8.579615844792526502e+01
1.855361244674513799e+01
-1.754538300476081076e+02
-1.297732021151748825e+02
-1.562952958564740982e+02
3.644701023054503253e+01
-4.098275276287017022e+01
3.582918412951759279e+01
5.543178370431852642e+01
-1.303549697393003903e+01
9.553874293893444758e+01
7.397233044989523876e+01
-4.822519174448434143e+01
-5.740351030228803353e+01
-1.613869132563583833e+02
-8.611978828361219485e+01
1.028978129788163614e+02
-9.153536793860196497e+01
2.798087881338948435e+01
1.024658306855892960e+02
3.375314383138112717e+00
1.584985439870781754e+01
3.439322608152258454e+01
5.414738579235185512e+01
6.906281398226533952e+01
-1.140830085237521274e+01
1.485553282589136437e+01
2.570318280537289368e+01
7.403370682609975972e+01
3.890197670912043293e+01
5.335471100643617604e+01
-3.778268444072995891e+01
1.039493128736006611e+02
1.409357906486874299e+02
-4.926103257401756252e+00
-5.993498581739964237e+01
-1.110843847453763402e+02
6.112663872544743526e+01
5.110241687653167730e+01
