-5.708550761798104759e+03
4.347890884528732386e+03
4.412612535726386341e+03
-1.501871033811664347e+03
1.408192344966955034e+03
1.415972775399010288e+03
-4.272910202107620421e+02
1.437388077968220614e+03
6.570228347017596207e+02
1.794247655249912441e+03
-6.059264942569694767e+02
-1.240753091301508221e+03
2.801695918084793448e+03
2.273741151881074074e+03
2.275199473511697477e+02
-7.396346324642011041e+02
-9.673276847786374901e+02
-1.305498917898427635e+03
-6.759626758089425493e+02
1.281129181793121916e+03
4.453157830371700356e+02
-7.208017013481376125e+02
-7.848072229709712246e+02
-1.223357899210454434e+03
-8.792457321855932832e+02
-1.290577991929209247e+03
-5.825138707235593074e+02
-2.119498381993390694e+02
8.165931314647206136e+02
-9.406465257450259969e+02
8.506862330936140779e+02
-1.579118315778466240e+03
-3.056660986925931525e+02
-7.206191196615579884e+02
4.165209784122665724e+02
1.099755232249774963e+03
-7.844565859903488558e+01
1.932561085714262106e+02
1.308566475211739260e+02
-5.657469522051567310e+02
4.378277893288682208e+02
-1.656470398121990399e+02
-8.460435751843289154e+02
-7.440288718874287497e+02
4.000532343951482517e+02
-1.143007708323221095e+03
-8.363058633368822257e+02
5.502257214687393798e+02
2.079014351951203139e+02
3.884952636704279598e+02
1.645723136665901336e+02
2.849274495733616845e+02
1.026562136267396284e+02
-1.219674309065744069e+02
8.810784806140825367e+02
2.676338460166429059e+02
-9.981758681813134899e+02
-6.735233677688785292e+02
4.987602134943599026e+02
-5.054373380071404540e+02
5.459838893894241210e+02
7.694909410399976935e+01
5.947145110711711595e+02
-3.976544312328882569e+01
6.242755209977179902e+02
-7.440862182281745163e+02
-3.710829313252824591e+02
3.933271697730824599e+02
1.437679723839719657e+02
7.672359099784587499e+01
-3.446851408071390210e+02
6.142845052718500654e+01
-5.983904619418345874e+02
2.786185071414547565e+02
-6.363641779693184617e+02
2.046343375547137100e+02
-8.797638357760958172e+01
-2.469706125244317008e+01
-2.999050290408422370e+02
-7.630594442580353132e+01
6.107753206078695030e+02
4.806506605629613773e+02
-1.656981309899372548e+02
3.438254825618100199e+02
-2.809437699693814849e+01
3.239230810122082858e+02
-5.262711451609088726e+02
-1.608217579926208884e+02
2.402126012452081909e+02
6.427972143286967821e+01
-3.692817410138825380e+02
5.426151629324400716e+01
5.270633026349547663e+02
2.382021394254001052e+02
-9.770031804989324442e+00
1.605573675452103544e+02
9.658837431275694030e+01
1.958640174129542970e+02
-2.576429307838782279e+02
3.786747741454386187e+02
-4.100015101381286087e+01
-1.195091859491911919e+02
-3.204781423675967176e+02
6.664972753805903949e+01
5.668219261249831220e+01
-5.055702195667597607e+02
-7.974572978408990309e+01
1.492786968277954145e+02
-4.672062278553382271e+02
1.957556714437353662e+01
-1.174946755653129884e+02
-1.417417891421379466e+02
5.951827415731327875e+01
4.591679791859197053e+02
2.375252668953523028e+02
6.575287150802135727e+01
-2.192548696825821821e+02
-2.869539198343339876e+02
4.835599657790210699e+02
4.427376545275320723e+02
-2.421863721719815317e+02
3.553321203127127319e+02
5.441249595305849880e+02
3.216325648276360880e+02
9.270281141213486364e+01
1.706848301489515904e+02
-8.318222026478166242e+01
-1.189186079439435986e+02
4.312730801256254267e+02
-3.839399547425701940e+02
-4.181356520673020896e+02
4.151655155834155266e+02
9.541513872967280463e+01
-2.268277185603460282e+02
-1.597109257726941394e+02
7.229350628955032221e+01
1.550535882951896554e+02
-2.745065987904883542e+00
3.096578550358373150e+01
1.084803985214749673e+02
-1.095916434870580503e+02
-1.122164222032606489e+02
-8.264794341909231434e+01
3.397599938052832158e+02
-2.051255865328190851e+02
-7.929773497314029385e+01
-3.461219513468995501e+01
9.020222705556420806e+01
-1.621536879032621812e+02
8.092795426440552831e+01
8.759801298717998463e+01
5.683893081598813524e+01
4.834673488419210408e+00
6.293713718152313419e+01
-1.752167567031982571e+02
-2.565447453223984553e+02
-9.616618538595785637e+00
2.925725632265593390e+02
-8.065821671468724219e+01
-1.647199667173042883e+02
7.932216687897154372e+01
8.432243267005807752e+01
-2.103197613461568665e+02
-1.134623789889832608e+02
-2.081309675555577314e+02
1.272813001476125638e+00
5.733868796827484182e+00
-9.628979852742017442e+01
6.277352248369346199e+01
1.718683623041113435e+02
1.489674174795462704e+02
-1.720165386655021962e+02
-2.602902728105439110e+02
-3.174927324582188604e+01
-1.672501333483538488e+01
4.130916797506609441e+02
1.450150057611062380e+02
2.713664739780313653e+02
4.306204002266147768e+01
-7.100311809980978239e+01
-1.627452846649076434e+02
5.140294560719373962e+00
5.125627129692320949e+01
-7.430535601629702569e+01
1.103203271148949227e+02
-5.498444817409898633e+01
6.740479091008860735e+01
-1.387093963247595241e+02
1.189347915810705203e+01
-1.399749582267891697e+02
-6.353775649884130239e+00
8.106511834107251957e+01
-1.629859041672069679e+02
-1.498036434055720463e+02
-7.946613010668703225e+01
-3.700803296026546008e+01
-3.081749806431125194e+02
1.087544567291655966e+02
-4.702652265706242218e+01
8.538936206945798801e+01
-1.534433801366691625e+02
9.416629585725129203e+00
-1.929651226549141896e+00
-1.152164024427278974e+02
5.659151091513575693e+01
-3.497374130070390663e+01
1.090219249284585956e+01
1.303193600194936721e+02
2.272782158054926072e+01
1.056417469499918695e+02
-9.675966875396309774e+01
-4.965058785118878859e+01
-1.327288368361227455e+01
-8.553308660586495193e+01
-3.249501118445077168e+02
2.459360992765504150e+01
-1.046079827578812740e+02
7.948321834328207558e+01
-3.874645826762839107e+01
2.136622395757035235e+02
-9.171844922098034658e+01
3.056613637303990050e+00
-1.630401909672136185e+02
-8.285208324092442922e+01
-6.479275588000361097e+01
-2.033874304170496998e+02
-1.667293278075620719e+02
-8.205626858944800972e+01
-1.130015670910853309e+01
-3.692768029699173837e+01
6.415362369046977875e+00
-4.451624802264997349e+00
-1.330351252185629676e+02
-1.332463393688981057e+02
2.510625193827310042e+01
-1.097391287582597386e+01
-6.679818595311124341e+01
2.759448838331042708e+00
1.255294198869546296e+00
1.350932737809953323e+02
-1.336699891153106705e+02
-9.724700894951949337e+00
-1.909537688516916205e+02
-1.575173488982342747e+02
-1.499296006885828980e+01
1.500045810655740013e+02
-6.117511682640415671e+01
-1.555542029130391768e+02
-2.881981691441993689e+02
1.577977697722105290e+02
7.030816609103214887e+01
6.302465635047656178e+01
2.298841713898462160e+02
1.503013846800325553e+02
9.617924852516802048e+01
3.971882363124524886e+02
-5.164952661817913082e+01
-4.064480929824806310e+01
-3.726691881674702245e+02
-9.199774122095311313e+00
3.113913297791459911e+01
2.153635566070599054e+02
3.280849937130009408e+01
1.041847223042783668e+02
2.007407592639874139e+01
-8.216941639934915997e+01
1.613238647729401976e+02
1.969517094448159753e+02
-2.686528292222035219e+01
1.279977323276075225e+02
1.560169407705525373e+02
-3.971317706750429721e+01
1.369311698688337664e+01
-2.035441826666515794e+02
8.591428900389264101e+00
-1.779535105240918513e+00
6.969708539951139414e+01
1.124956069915164250e+02
1.236087583052072603e+01
4.677798155710591033e+01
-1.964724712028054796e+02
-1.165327988405549675e+01
-3.317662758795528077e+01
-1.139389414721886595e+01
-2.507599282447249678e+01
-9.189056587694462053e+01
1.102585690786057597e+02
6.992950628906086763e+01
-9.950096415296233943e+01
5.385242155084824134e+01
-1.361491834274112307e+02
1.322614410876784063e+02
-1.116932794387350896e+02
1.143415410267248333e+01
-1.680542427120222726e+01
-6.776726367396773298e+01
-3.272755044969135696e+01
-2.058456229085429001e+01
-5.975493547756126134e+01
-1.448985198988844836e+01
