-4.033841345863243532e+03
-8.655157839543167029e+02
1.316651645504168300e+03
6.727599883921392575e+03
3.481202983772923858e+02
2.902873194931374655e+03
5.584686527896983534e+02
7.240361064925444623e+01
-1.324201033858311121e+03
2.839465568468135643e+03
-3.895119794854713291e+02
-2.113129455740873254e+03
-2.762500119153388027e+02
2.650496218540240079e+03
1.092881375312011869e+03
-1.129848141887433712e+03
-4.676765164967966371e+02
2.797321772889335421e+02
1.405987951777773560e+03
1.911181188826855077e+03
2.827727462538275631e+03
-1.239124437932944574e+02
-8.763932400644811196e+02
2.136579160813890212e+03
-1.372480776469475927e+02
7.714679959858408438e+02
-3.698229868792260788e+01
-1.368765092882830913e+03
3.078184936743566595e+02
1.420058655618489638e+03
7.460986861393560048e+02
-1.935226580301920194e+03
8.306579671835790180e+01
-4.482852599162871456e+02
-7.926486540561645597e+02
-6.532165933717033113e+02
4.137683382012468769e+01
1.081102933264409103e+03
3.485056492598741329e+02
2.585041028239458683e+03
-3.966361137297395771e+02
-9.646434397936611731e+02
-1.068216574512441412e+03
1.369409558353963121e+03
4.595422174691481132e+02
1.066747654963608284e+03
-2.962719895355819517e+02
1.429981319601306211e+02
-4.089366353407630186e+02
-1.414947824807527468e+02
-2.592720631182270949e+02
2.644824937740903010e+02
-5.672191627784189905e+02
1.325646478296191333e+02
1.377273944526524296e+00
-4.434441638419894502e+02
4.776516813834893469e+02
6.818326793602982150e+01
1.045806201926699487e+03
5.511445476391356806e+02
1.113033874865232065e+03
-5.471408425550602033e+02
-5.062720406216984088e+02
-3.675808776955898907e+02
-8.017554460976900543e+01
-8.713615218474227504e+02
-2.355578360916522627e+02
3.947294728757325970e+02
-3.253675401815594910e+02
-9.525762491359191131e+01
-4.175025022875187801e+02
2.376134444779904697e+02
-1.197226566015160188e+03
5.210401724723134294e+02
6.149557057023182551e+02
-2.644903656507609071e+02
4.850310540033425468e+02
-6.403326772448244810e+02
-2.934212928389019908e+02
-5.703826669276384820e+01
-4.083351803265372268e+02
-1.975103891882233142e+02
3.697538912401920186e+01
6.011322437216041408e+02
6.015672933055859630e+02
7.238258323304613668e+02
7.587116274783805636e+01
6.589092328440260644e+02
7.854175592517069617e+02
1.126108108226099489e+02
-4.426792493245909554e+01
-2.419862088226060735e+02
-2.367106691611493261e+02
1.150452020918029348e+02
2.023835160639884805e+02
-4.875444244441403896e+01
-7.707362978485281246e+02
1.600826707970785279e+01
-1.808551794571221194e+02
-3.054384391686301683e+02
-5.150662979320524073e+02
1.830302407387426626e+02
-1.220567823991291476e+02
-8.585743589558938993e+01
3.107409584525661330e+02
1.289351843385266250e+02
-5.822789383308493605e+00
1.079035077540050054e+02
-1.843413521795244492e+01
2.090954774743554196e+02
-5.401486843795005370e+02
4.263831106621966569e+02
6.827658564036968301e+02
-1.731128934865690212e+02
-1.739239720386246404e+02
-3.474307248688203487e+01
3.632458920913587974e+01
-9.561375686803798146e+01
-5.210770926331067585e+02
-2.586714988090506395e+01
-3.172509665689426939e+01
-9.630089024556443178e+01
1.746974217711861854e+02
-3.070078118942444689e+02
4.985112135700985618e+02
-3.727312258114710630e+02
-1.157894088023700476e+02
-4.566029574593727034e+02
1.178981360624936485e+02
7.986723303391038371e+02
6.671008900612927164e+02
-4.363105924066450143e+02
-3.926575926489683752e+02
5.292923431154039235e+02
-5.286498007359450639e+02
-2.116188741654874264e+02
2.281973648322909014e+02
4.016709971314332961e+02
3.454837217669424376e+02
6.308260614098020369e+02
4.624264216600554533e+01
6.943735403174179055e+02
-1.530079092412924808e+02
7.059704539857171994e+02
-2.809733075831044857e+02
4.422505063823550699e+02
6.054173364024306636e+01
-5.043893648669208574e+02
-2.118548571333319330e+02
-3.347659013439551501e+01
-8.030241723365646678e+00
-1.532103951095578793e+02
5.613785235416851549e+01
-2.021076127572915198e+02
-5.118759584468926960e+02
1.480675302177230890e+02
1.094278511780686216e+02
1.174862486631638632e+02
-4.993805737394441735e+01
6.534668167665995497e+02
-4.246545255890719091e+02
-8.026055455707809472e+01
-2.467466366254333821e+02
2.518699398327776180e+02
-1.683876547503346330e+02
1.039658924489159233e+02
-1.745323784477610047e+02
-3.777249119580357615e+02
-2.539703397238637308e+02
-2.947891180216963676e+02
9.916531236205319999e+01
2.507259844310035817e+02
1.705793390035369725e+02
-2.322318948782402117e+02
7.537245606669517883e+01
1.138755882893254778e+01
-1.663773985114086145e+02
-3.203300481482110627e+02
-1.541179448373312084e+02
2.282753382989463020e+01
5.682682464839480190e+02
1.343556577531269340e+02
3.735512433365664151e+02
9.892370826725117183e+01
1.978597985825915941e+02
-7.994275126003596910e+00
-2.588444139054669790e+02
1.148861102858644614e+02
1.462305332293499305e+02
-2.894160554947051764e+02
1.295178231535766997e+02
-7.865354000433802639e+02
-1.631447060147116872e+02
3.982381849323080303e+01
1.939317477752954062e+02
-2.485970316547255834e+02
2.776077780432746067e+02
9.046287038640049616e+01
1.461737067961469450e+02
-1.017573628874980045e+02
-1.233288502791332952e+01
2.659955680866679018e+02
8.364576063149250729e+01
-9.787925451181514802e+01
1.666844376699686237e+01
-1.044165405807307963e+02
-5.035501059011863134e+01
1.963490091341626851e+02
-1.362209303311925623e+02
-1.382301214588759990e+02
1.977216987168101525e+02
-4.306677863879382357e+02
-7.717382048956149276e+01
-1.357606840627464351e+02
8.125830801154700112e+01
-3.936555421438806661e+02
5.059667355501950681e+01
2.269298671384287331e+02
-1.901886408506378814e+02
-1.893409445158299889e+02
-7.415727704233528073e+01
2.682684444748966257e+02
-5.442187682514369271e+02
2.822972252558139061e+01
-3.076178140568331187e+01
-1.759927100108734521e+02
-1.720369524903297247e+02
1.364604078621100598e+02
7.341650460805219325e+01
2.179657981799482798e+02
-3.236321533671199973e+02
-1.032145934976315687e+02
-3.132391112344326984e+02
4.047153113619157807e+02
-8.004377220673595161e+01
-2.584424584285221727e+02
1.107637807418818312e+02
3.119709806429661967e+02
1.975000243025544364e+02
-1.913632818754147991e+02
2.454375700022359297e+02
6.291863402778667478e+02
-1.224273990685070288e+02
2.654444222027664182e+02
-2.755305314405719628e+02
-2.390272207339379520e+02
1.295034688203615048e+01
1.119580593225709464e+02
3.437450331646431323e+02
-5.512901030954130874e+02
-2.761115639819303738e+02
-1.605082166487793671e+01
-1.225722660444207612e+01
-5.525771581834895585e+01
-1.250335144770705256e+02
-2.814290084019195319e+02
-2.687040805973051647e+02
-1.314263758219603346e+02
2.439497371612205825e+02
1.201553525220937644e+02
7.321139778842967871e+01
1.941815824597734661e+02
-2.916439098008100359e+02
-2.235761437456339706e+02
2.373877993147044663e+02
6.498414959295854487e+01
3.419688054061445541e+02
1.257536225947694817e+02
1.992963300704040819e+02
-3.524269382648493547e+02
3.304349307045708883e+02
-2.217354012102735510e+02
1.206895483469181869e+02
1.409768029152303370e+02
-1.638862115722099304e+02
-1.152262057255688177e+02
2.611997910137580980e+00
1.093708968799688961e+02
2.598848204532081496e+01
-7.777406686408535563e+01
5.131375483328923792e+01
1.780119852922545647e+02
2.670926087134640525e+01
7.074702333063972048e+01
-9.857762672845515795e+01
5.601260628955775900e+01
-2.679583817417908449e+02
2.637984034061696548e+01
-7.733172154632524098e+01
1.937240849172458468e+02
3.860461477125107308e+02
2.428644264720169303e+02
1.038988050336667968e+01
1.681697344285832969e+02
-4.209100226082642280e+02
5.522059558650640554e+01
-1.341634004490558993e+02
1.632491778035905172e+00
1.080488556557094455e+02
4.134178658182841559e+02
