1.512179905918661916e+03
-2.264611101934221551e+03
3.081141529527483272e+03
-3.337057208663532492e+03
-2.309335242302995084e+03
2.210805336694804737e+03
-2.700422805729251195e+03
6.382108123895765175e+02
4.847577921901824993e+02
-1.410988106648389476e+03
1.076796827530942835e+02
1.411637975487117501e+03
-1.855014051186764164e+03
-4.352074567004762002e+02
-8.677624269830225501e+01
1.969676919745829309e+03
4.109998960178375000e+02
2.292727797245137481e+03
-3.168891321856227933e+03
1.167057046453737712e+03
-1.929210901207107099e+03
-1.960059093579796354e+03
-2.359755777836103050e+02
-7.932166920296094759e+02
2.220829934271965612e+03
-1.118738415169180826e+03
2.351266639811902678e+03
-1.565126534863365123e+03
-7.432140646302859750e+02
-4.087531025452289555e+02
-9.962597471188584564e+01
-6.871983288262405267e+02
6.563196413692405713e+02
-7.551129916873638876e+02
1.006720766001308903e+03
1.840878006065883312e+02
4.742566651176275059e+02
5.999995679611605510e+02
-2.606031684339062053e+02
-1.422790972833923888e+03
-2.445806195600842159e+02
1.461536466916490156e+02
6.650340486162975822e+02
-3.044800817860234474e+02
4.505436955070371141e+02
-1.042108402911776238e+03
6.152737733528854278e+02
4.039972539225378796e+02
-1.400698413237264504e+02
4.927718555853920890e+01
-5.079893837810354285e+02
2.138413055377885996e+02
5.721281907043990032e+02
7.836768412757883198e+02
7.461953749196129593e+02
-4.424933866083535463e+02
-8.228060064880604330e+01
-4.545516915650495093e+02
7.104671664943452924e+02
1.022849075189189989e+03
2.117742460085513301e+01
3.846633900586100907e+01
-1.580377285012143034e+02
1.428173281231951819e+02
4.617834905922376265e+02
7.846907551301435433e+02
4.361665001208335752e+02
-6.366638722931954817e+02
2.817041498921037714e+02
-1.985231691130271940e+02
6.008159892505951660e+01
9.015356290463796540e+02
3.466123375643460918e+02
-3.168975513116885168e+02
-8.551750797212123416e+02
-2.545347033679622655e+02
-6.264228135489671558e+02
-1.095489246785084561e+02
6.230536038101936356e+02
-9.710351581705018589e+02
3.822276505222482683e+02
7.357208857729264082e+02
2.253399136270085137e+02
-2.602880027623453429e+02
-1.317142845098217549e+03
-5.259321305908204067e+02
2.021626110740398872e+02
-7.800714945255818122e+01
1.013656288195419734e+03
-2.127760019628844077e+02
1.070735304035129190e+02
2.069185769661569907e+02
-1.930210179459007236e+02
-4.877242383381679929e+02
-2.091447849450082117e+02
2.760014802190260639e+02
-2.339978461208492604e+02
-1.438770983128514258e+00
-2.155063497515858160e+02
-4.201087226991682542e+02
3.585357832621508578e+02
-2.372042778936950356e+02
-4.344898279078339556e+02
-1.025914683718732022e+03
2.890791236412721901e+02
-6.577522927521360998e+02
-3.188300669327758285e+01
-4.552604363782407972e+02
1.264752779143812802e+02
6.826897238367988052e+01
-3.190069479269872659e+02
-8.193928419005632122e+02
-1.583568444475767137e+03
-5.623497624692126919e+02
3.985495071934509497e+02
3.415285326178388345e+02
4.017189366460854671e+02
-5.398654242229351894e+02
-1.947521463851737735e+02
3.438243248485562162e+02
-2.057190692095244628e+02
1.738282269446783630e+02
-1.013815708492255965e+02
7.288658174179279285e+02
1.038268733045911674e+01
5.239641799773886532e+02
-5.834688758147228782e+02
7.014684005110542842e+01
-2.531105970068687441e+02
4.528894047462110279e+02
6.080100723012232038e+02
1.025826096739874174e+03
-1.249268254468511259e+02
9.369660526064085104e+01
7.181135795726872573e+01
4.503911522609462281e+02
2.564701377993323490e+02
-6.624183945964725808e+02
3.222191355043879071e+02
-2.895339178007395162e+02
-1.422748022315099945e+02
-2.729258812472204809e+01
3.935713100081104017e+02
4.317932712554053296e+02
1.012644046343601545e+01
-4.079391447180590324e-01
-2.206297657806990173e+02
3.779552668244972438e+02
3.913459868779129351e+02
8.424156897975642551e+02
-6.343301872156640684e+02
2.350584843542529825e+02
2.679916659326040076e+02
-2.344219527302999495e+02
-2.203083745152438837e+02
6.477681095619809071e+01
-1.412943962394527375e+02
8.716005602949361446e+02
2.361034070957940969e+02
-3.277331965707859354e+02
1.939020856314615457e+02
-3.930837207000076887e+02
4.794791387027739233e+02
-7.906597892996514929e+02
1.095932508540354178e+01
-6.250341344215981962e+02
-4.861361389500594328e+02
2.249261567428058584e+02
1.302023715109012301e+02
-1.728377967556398289e+02
-1.307861387289913182e+02
-5.172643188666704646e+02
3.684758102369093535e+02
-2.491831067417608665e+02
-1.495729401720782050e+02
-1.265131996699984285e+02
1.046113097683762305e+02
-4.402307706764200930e+02
-5.256408675319720487e+02
2.913435138468214518e+02
2.530376748466540846e+02
-4.603602010245810447e+02
3.628880686860982223e+02
2.913203408970792907e+02
-9.527474213922394597e+01
-5.191410181535294441e+02
2.436409702987374430e+02
1.540378253470509833e+02
-2.165832430995638447e+02
-2.130311654449578782e+02
2.249917366308750388e+02
-1.158675420028135704e+03
-2.636871521077595162e+02
-5.936909755154124468e+02
8.432682139127553000e+01
-5.066826405600056660e+01
-3.229811967911728630e+02
4.157524090866252209e+02
2.681606228011190183e+02
1.686564779605275248e+02
1.895504560367955094e+02
4.090726781693108904e+01
1.192327038493703185e+03
6.853073454273381060e+01
-5.530297615106964315e+01
-2.784097134668110129e+02
-1.184846679097472588e+02
-8.652773279632467052e+01
1.654264866819646329e+02
3.198022139356097568e+02
-3.319334246223504010e+02
-5.257236046484898679e+02
-9.318824734754679184e+01
-3.951972771076096933e+02
-6.852088116433136200e+00
-6.682412644251338918e+01
2.394929462385024976e+02
1.432940070407577871e+00
-2.675097151553106301e+02
-1.492919246881465085e+02
-4.198722273529743347e+02
1.285391364654626614e+02
-2.671747716963823223e+02
-5.935594926039394750e+02
-6.028108520349734434e+00
-8.772714735560654162e+02
-3.450557553514126994e+02
-2.420130487674565245e+01
-1.199261855821249156e+02
-4.811790013270946815e+02
-3.003691926609998291e+02
-2.342199087251794936e+02
-3.881136575085822074e+02
1.599247251827455898e+02
-8.985187975106089908e+00
2.833480099221966952e+01
-2.834670097918003506e+01
-3.333420611064425287e+01
-5.588455654486317314e+01
1.728215106636232292e+02
1.566439580906325091e+02
6.152258185925075651e+01
-6.076589753902813982e+02
-3.826165325857857056e+02
3.178069232766159757e+02
8.032681627630688581e+01
-2.118363043750020438e+02
9.611640323341708836e+01
-3.152529253262102316e+02
1.017835861022578143e+02
4.846980842499749542e+02
2.446455292396004779e+02
5.494000028146443810e+02
-8.104153605037775776e+01
1.424352495021628044e+02
-1.697173118458942156e+02
2.359910264440267440e+02
1.538151472604488106e+02
-8.136442127385512890e+01
4.370688198207959658e+02
-7.454028986634961029e+01
5.128362457464412500e+02
-5.351396642456429618e+02
2.585162233648243273e+02
-1.618792401435333943e+02
2.892472318618646909e+02
3.522576549729424187e+02
5.472975514501180214e+02
1.984221019441607723e+02
-2.355606567014720554e+02
4.471395145940639537e+01
3.181365219572572300e+02
2.869105460443181954e+01
-1.578646335921816615e+02
-1.074964368912361756e+01
2.332045719154068877e+02
8.773869476195025641e+01
2.006656265998747699e+02
-1.820358978438084421e+02
-3.982162714178942053e+01
-3.884555854508486163e+02
8.610585214540445804e+02
1.452642077975336292e+02
2.835166825143043638e+02
-1.871139790352780778e+02
-5.465029460218169710e+00
2.544885654401817305e+02
-5.762821309647058143e+01
1.045274884725937454e+02
4.243788844122212822e+02
1.898903108207052526e+02
2.405695186213288821e+02
3.583476925267699471e+02
1.126969348768503068e+02
-7.999186810879305654e+01
2.687574431527354477e+02
-1.194598791347034279e+02
3.409070718223443350e+02
-1.835358223620150682e+02
2.030424065836409682e+02
