-6.144635235069930786e+03
-5.026019913750419619e+02
1.586846919268653437e+03
4.180796320579506755e+02
1.474361012951575560e+02
-2.518187726948326599e+03
6.552112338539435541e+02
-5.569884802740028817e+02
4.805734666063646728e+03
3.152418933870320416e+03
-7.441030362314680815e+02
1.567552069945675726e+02
-1.147138261693582308e+03
-1.663043666643374763e+03
3.973403817174624919e+02
1.940339300878275424e+02
3.110961860470340980e+03
5.248379244735202747e+02
1.625942939702820468e+03
1.108946927092630403e+03
4.218600009113366127e+02
-4.148357720541537219e+02
-4.263432829225238265e+02
3.266751212866238347e+02
-1.692481142675019328e+03
-4.223518208897855288e+02
9.631525017974657885e+02
2.999571445831379606e+02
1.011150746464352665e+03
2.496131803569221859e+02
1.111984302030374749e+02
3.917150030930600906e+02
-7.080577708770132404e+02
1.323868430858668489e+03
5.518276927630608952e+02
-1.228912804728006677e+03
1.121971194794367648e+03
6.009367705804595516e+02
1.603572610861419435e+03
8.049926284736742446e+02
-1.672043054555743993e+03
-1.242836543026895697e+02
6.518562663730779150e+02
2.335451824941410450e+03
-4.382782519620154744e+02
7.407842583463128676e+02
7.779872102446391864e+02
1.448860759593571856e+02
-1.486522633070107133e+02
-9.980365595330407302e+01
1.428725524878484521e+02
2.510204056087987396e+02
-9.781476009922888579e+02
5.146770955298769223e+01
4.510650322905589746e+02
4.553467783327737948e+02
-1.860875061321072508e+02
2.068292526399335998e+02
3.958000985818651998e+02
2.440204705348053551e+02
-1.118590733113822111e+01
-2.737197995049311885e+02
-3.781170100649702022e+02
1.331428450727154029e+02
-6.372961615597024547e+02
-4.018743505982741908e+02
5.689248984730009084e+01
-6.652126972442564465e+02
-7.242685133990562463e+02
6.691403959426354504e+02
2.982345221641075454e+02
1.957812623670907897e+02
-4.225237590174763795e+02
5.652448816539931613e+02
-8.007042586587107280e+02
2.106715597221119651e+02
-1.211297179748826807e+02
-6.585852512409286419e+02
-6.205530439181910651e+01
-4.473283309591121792e+02
2.345391569203663664e+02
-5.551943389536319273e+01
-7.428156766178872772e+00
6.034744023951117242e+02
-8.780520873065869125e+01
3.576466103837234982e+02
7.005382359360839928e+02
4.495498880467629306e+02
1.457344773997615732e+02
2.897395177680380129e+02
-5.027672783467609747e+02
-1.416083101800608404e+02
-1.616524918417380263e+02
1.598719519617212939e+02
2.644999182556895221e+02
-2.414058449332829923e+02
-1.508631605628777095e+02
-2.832390343755536151e+02
-3.508752403554023402e+01
3.327070992531559313e+01
4.837115677514964318e+02
2.932263461422927975e+01
1.507150206042445291e+02
-4.252286099291370647e+02
3.534557757252289178e+01
3.264019845097817552e+02
-7.083300573869694006e+01
9.731519332234702802e+01
-5.905295898027497969e+02
-7.016643109474055109e+02
2.499910568098856913e+02
-4.955994631839205766e+01
3.085321910463775339e+02
-2.479010287093593945e+01
-1.184577322434357853e+02
-2.598023314792597489e+02
4.553627392349008005e+02
3.193227674480499090e+01
-2.547930419528500749e+02
-1.814324409673191383e+02
2.170588395943724080e+01
2.901575761386663288e+01
-2.081726700878274698e+02
-9.840504053482324309e+01
-1.808584209860351280e+02
7.362784497807001571e+01
2.314552619351833584e+02
-4.440759353193424630e+01
-4.610515655417825087e+01
7.000082184013617734e+02
8.300224704123802155e+01
-3.271526257356489396e+02
-1.306751120727436444e+02
8.871967161718409045e+01
3.487379039849532205e+02
7.589018375038044439e+00
-6.598433398366708502e+01
-2.121585221807029029e+02
1.547505878961065378e+02
-1.833105525566613778e+02
-1.640863074939080590e+01
4.371915712543055292e+02
-4.717111857902551719e+01
5.469021826760665590e+02
5.563741262088073114e+01
1.196286363764836835e+02
-1.147319742218138572e+02
-3.181161129185895788e+02
-9.961431682864855475e+01
-1.213402403896954667e+02
-6.304959871581472726e+02
-2.599554836259204649e+02
-3.286816131573895063e+02
-2.015969325169318722e+02
4.550881206108768851e+01
2.214536284536327742e+02
-1.581950650195628043e+02
6.704957869569908269e+01
-3.019839171994868821e+02
2.122226223063998418e+02
5.561511425970946476e+01
1.488332995525514093e+02
-1.102019362178972557e+02
6.223605379193208620e+01
-2.016929229911074515e+02
-1.837768961495946769e+02
1.432315728704241167e+02
1.634996309505260967e+02
3.923469091660828099e+02
1.391696248496267003e+02
-2.679520485410088781e+01
1.684705871036132976e+02
-1.484315516056248327e+02
-3.503502217654154833e+02
1.907701143809353539e+01
-8.478803780096755816e+01
-7.842866283522410242e+01
-3.812620937234929102e+02
1.398031535302235113e+02
-2.244420165984286086e+02
1.180792090796634994e+02
-2.528047774790167068e+02
7.177817909586036649e+01
-1.933298436521076837e+02
1.436955452148714016e+02
-1.011200515427732149e+01
3.123384384400369029e+01
-1.228384103338455304e+02
-1.190751031279074965e+02
1.010023488117423369e+02
-1.167904403988293183e+02
-2.086400257125001474e+02
-1.472238092172048027e+02
-1.562307106093378728e+01
1.607378088814889168e+02
-2.937082984919648965e+01
1.548681392804392658e+02
9.646025806014561610e+00
8.599376595881740570e+01
-7.788419775675279766e+01
1.609943696793265531e+02
-2.410543838128604932e+02
-9.297577406563983970e+01
-1.827931656636480682e+02
7.321624564716987038e+01
-2.545701391759491798e+02
2.796797080302126304e+01
1.704182173966240441e+02
-2.159292592206129413e+01
-2.688377539821362916e+01
3.939244145375209314e+02
-1.017978655034269337e+02
-1.659516768905178310e+02
-4.548464709217914503e+01
3.642542352869581723e+00
-1.289172377695088585e+02
1.908087448029660607e+02
2.500512566738911246e+01
2.218328199743826801e+01
-2.764566645748356422e+01
1.565882276179045718e+01
1.703231589373228871e+02
4.192141548680081087e+01
3.824149810556443185e+01
-3.375710422814023559e+01
-7.637194730722831082e+01
1.889737638713347394e+02
-1.547817194818398150e+02
-1.335453192130509024e+02
-2.678465861983986684e+01
-9.218980010753526244e+01
2.156216287654659425e+01
-1.882065460661036980e+02
1.926105918266251749e+01
-1.196408285545062844e+00
-6.835334493821187607e+01
1.207462450297172474e+01
-1.179504330877921205e+02
-5.377447423996612486e+01
7.637063249414650556e+01
-2.009645982595150713e+02
-3.016066998841865043e+01
3.142679595133975567e+01
1.956293162728946697e+02
2.027768727236794177e+01
3.520214529917915058e+01
1.609073993419348199e+02
1.671526127305727361e+00
2.311851334948102021e+01
-7.628680689317288000e+01
-6.122068081680573037e+00
-5.926316752813912814e+01
-7.267331825343238449e+01
-5.511653949975878675e+01
4.992047897538216006e+01
5.469896059288255685e+01
5.813427343431708039e+01
-1.173945791451464693e+01
-6.479631908116973982e+00
9.069887130793365770e+01
-1.504407635567394266e+02
-8.341832143041584402e+01
6.988218040772531481e+01
8.671398410494104780e+01
4.734992643042249227e+01
3.824194705179660758e+01
2.300626239016995385e+02
-1.742013629550148224e+01
5.654892919274872298e+01
8.868323536200660939e+00
1.059762397770699351e+02
5.780081611783658957e+01
-6.088057186959238010e+01
-7.001171700375985552e+01
9.885012403964482530e+01
-9.048699561913123546e+01
-1.440706378656684983e+01
-3.766380756241927230e+01
1.204248989315870801e+02
3.394226791070555294e+01
5.285314048270369369e+01
-4.769555440219190312e-01
-6.427043276092317114e+01
6.538559226043082617e+01
-9.172410450616902722e+01
3.414830680390632978e+01
5.070801381388717743e+01
-3.002261343980256925e+01
2.987110030892106138e+01
-4.322704233670089025e+01
1.180077530189866621e+02
1.344890707170117707e+02
1.225058001715075164e+02
3.806561593393435317e+01
-5.845774036157159514e+01
-1.425573217351296194e+02
-1.725712057780791753e+01
-1.003815437498782970e+01
8.366679732514230139e+00
-2.593066639245184035e+01
