-2.284083784822807502e+03
-1.486752444974252739e+03
2.074241462197947385e+03
1.754313009993555625e+03
1.193697519141046541e+03
4.472615248249143406e+03
-1.379940776972976209e+03
-2.982726607229196361e+03
8.540636542017479087e+02
3.191629805756969290e+03
5.728705285750012308e+02
1.627296911014485431e+03
-1.022539208752534137e+03
-4.941827495790387275e+02
2.609088398102459450e+03
-3.674492688955964468e+02
-5.781326883987200063e+02
2.617595845429567362e+03
1.850023094650347048e+03
-4.709421598854951299e+02
-9.212058489853161802e+01
4.701958761628069965e+02
2.322324296441840019e+01
3.763639806422625043e+02
3.397610634239973137e+02
1.998995866878921561e+03
-7.549843021557786642e+02
-3.175582632873959597e+02
-2.709451892775058241e+03
1.679613044163677841e+03
-1.776837343823939136e+03
2.592242317085696868e+03
5.187986076543635363e+02
-1.321522216085887294e+03
-7.552257359378510273e+02
5.050511917765218755e+02
-1.614256020325304632e+02
2.817984358793249555e+01
5.156700621792117545e+02
3.384195765898458603e+02
8.200147009747009008e+01
4.492815981322303998e+01
-4.848476283751450637e+02
5.633120196957445387e+02
-6.432996433360475521e+02
-9.300404729503566159e+01
1.355548597746227557e+01
7.578948317465884656e+02
-4.469305798273920800e+02
7.843948984536646662e+01
2.102323836497056107e+02
1.511364239085426959e+02
9.741811355747530570e+02
3.788426719509145641e+02
9.923077350894267283e+02
-2.728629290844319826e+02
5.455326452768589434e+02
-1.061980508725875012e+02
3.697776439791755365e+02
-3.737340608436689990e+02
4.713465845756982162e+02
2.863891434104835980e+02
4.765829080151142705e+01
-3.673411752804623234e+02
1.231246847708531277e+03
1.708318845022911887e+02
2.898195024828793862e+02
-2.031261495162313793e+02
-6.348057461970145141e+02
7.822050292929469606e+01
7.803533154382740804e+02
-1.632853777100795867e+02
-4.919793304193725589e+02
-8.429840810014608223e+02
1.977979985800604084e+02
-9.169423359662242774e+02
-3.512322542361313822e+02
-3.913961536091672997e+02
6.390652493402586742e+02
2.904232497546033187e+02
3.113064915543557021e+01
-5.324731057023284393e+02
3.370041812859034280e+02
4.990875971759596155e+02
-2.781709036268724162e+02
3.492613834144105454e+02
1.662181560857910938e+02
3.537399811984778353e+02
5.972874726281468156e+02
-2.812793522553974412e+02
4.284097997645321243e+01
-3.001919871735834704e+02
3.952908468096501906e+02
-6.374740138017063629e+01
5.587681069152481541e+02
-9.978290423431542422e+01
2.704754711794363971e+02
-1.953528149560140434e+02
-4.666563104859099553e+02
-5.481303221761877467e+02
-6.167748244349982087e+02
1.983888011536402871e+02
5.405580483815687387e+01
5.078784681341512197e+01
-6.719077577221604543e+02
3.117288996103811769e+02
5.195782340354132600e+01
2.048182059259246159e+02
7.294133263641396070e+01
-1.821490950219070726e+02
-1.155083012163584755e+01
6.664564230475341446e+02
2.660311610211986704e+02
4.556316736747367599e+02
5.117588368060265225e+01
1.959213262799619883e+02
-4.587302673279548912e+02
4.125550330308079197e+02
5.660125116973209742e+02
-2.555032471556966982e+02
4.730090933291808142e+02
8.019928211852570143e+01
-1.853130884168887746e+02
7.606023750234147940e+01
2.554662585801081676e+01
4.921969640806580060e+01
3.580412763251048318e+02
1.981807778881506010e+02
2.780697138134573834e+02
-1.959451997701911807e+02
-2.465091637803075386e+01
-2.692962973812049086e+02
-4.778239033157515792e+01
2.809132803660082800e+02
3.697980089893463855e+02
-7.602941858041364753e+01
-1.909504144700513706e+01
5.542664339985407196e+02
3.561603587406999054e+02
-4.620727887036979453e+00
3.163760548286380754e+02
2.937091716912476613e+02
-4.267198487800916382e+02
1.559429735785304842e+02
-2.938490652938230863e+00
3.512454201599004477e+02
3.459911631421915672e+02
-5.183714167525312178e+02
-2.920014254468003401e+02
-1.693038863189766730e+01
-2.017109555628299233e+02
2.442987802040804013e+01
-3.686706938235131474e+02
-2.332313396913747283e+02
-2.991359435680220713e+02
-2.572658303945909779e+02
-6.536927096355260858e+01
-1.217821333148740734e+02
-5.703718902138101043e+01
3.503275457999626497e+02
-1.033159197450825104e+02
-9.072244346543534732e+01
8.030528355834714205e+01
-4.823846136240702975e+01
8.954161127654315067e+01
-1.273669365059974581e+02
-1.859785457209640356e+02
-9.215250675527585145e+01
3.717814621894413563e+02
-3.631091966909365851e+02
2.641213649747052727e+02
-2.587862187164595298e+02
1.889618063898134892e+02
-1.645066969630227618e+02
-2.043971189210870705e+02
-2.533559084833948987e+02
-1.819306456193611723e+02
1.559978936385534354e+01
-5.524579701352370620e+01
8.110670126560334836e+01
1.374882503700266341e+02
-5.886524929812706830e+01
-7.101848330623677441e+01
-9.421736812804648764e+01
9.997438685246515888e+01
3.759486482862234169e+01
-1.460876809215762364e+02
6.936265695146268229e+01
6.471733551975860621e+01
3.063516692771736416e+01
3.257421606403282510e+01
7.509745640526286081e+01
-2.157939673343943099e+01
6.595269972661510849e+01
2.859184159978238426e+02
-5.088199114700218217e+01
1.998226994872566138e+02
2.276843354662730121e+02
9.503982955630242202e+01
-1.663279596048412827e+02
5.905170918307074857e+01
-2.267141064575192644e+01
1.058604571058858568e+01
8.254489092787413540e+01
-6.398320919814374008e+01
6.457949911949647515e+01
8.763954487679534111e+01
-1.352700112342810428e+02
6.543918799690204935e+01
-1.057919377513774606e+02
4.202663404750498444e+02
-1.622223177165471668e+02
-4.470873591725773366e+01
1.673746086329130947e+02
-1.131693785882041858e+01
2.500829061906869555e+01
-1.697862410785530471e+02
-1.656354222440555475e+02
-1.768880061464374194e+02
-1.351898436895527027e+02
9.489148606993616397e+01
7.383003238180774019e+01
2.705548841023992068e+01
9.096820434317281467e+01
6.540600839428135771e+01
2.539632527062202172e+01
1.953371968239954981e+02
-1.237939766600327971e+02
-4.087206712743195247e+00
-7.489318648313088467e+00
-5.442501784634990969e+01
-1.921670555009163550e+01
6.749729481991252555e+01
1.654075014831516865e+00
-9.238387407749921465e+01
6.746804127063290935e+01
2.297248142505619057e+02
6.808537826520807812e+01
8.332986997676643526e+00
-5.588652912900929692e+01
1.490876249991731406e+01
7.370018357090552286e+01
-6.556253767279166311e+01
1.561747098325231207e+02
7.333758194780352824e+01
-2.013634264328874792e+02
-2.811821326904727769e+01
-1.134209155889124361e+02
1.612312668302247118e+02
5.076763296855783381e+01
-6.078116056987735050e+01
3.619298154819951208e+01
-1.596489140080363427e+02
-8.556208527163352073e+01
1.161412366366637343e+02
-1.337158632074978186e+02
-3.264936968705062270e+01
1.673180333515416294e+02
1.723969435706339937e+02
6.820740831440765817e+01
-1.156526121727645346e+02
-9.168161815301384365e+01
-8.579013814124851933e+01
-1.065097828234555806e+02
1.025075918308167999e+01
-1.089475231124132222e+02
1.684984734271570517e+01
-6.667993444774096190e+01
2.019913864447045881e+01
1.585364734978403911e+00
4.222668587763245718e+00
9.441768403834194601e+01
-2.691238167854411358e+02
1.081640842964225513e+01
-6.042341957127800356e+01
1.066981293549260386e+02
-2.797680524680349734e+01
-2.226546871017469584e+02
-6.935759338621287462e+00
2.751485725465977694e+00
2.542013988866290219e+02
5.836499705403118554e+01
7.734300884187616987e+01
-1.449157847721922110e+01
-2.829887373367851211e+01
-1.032713171674828345e+02
-2.173251658205309127e+02
1.656375473872925852e+01
2.451910884426431991e+01
-5.827466010502863725e+01
1.706248332060546034e+02
-9.348193104733418579e+00
5.966896518892886547e+01
6.881130448536065103e+01
1.117018622873547287e+02
-3.329254323718657815e+01
5.218509190307262458e+01
-1.405700071766752899e+02
2.441731654601174739e+01
-5.479124574542141346e+01
