2.438853317289698680e+03
-4.729000244289667535e+03
-4.628444837849522628e+03
-2.532183074934816887e+03
4.743343464727112405e+03
1.301358265539098056e+03
-1.974776346496588758e+03
1.183514690709673914e+03
-1.114596360991186401e+02
1.991303124731722619e+03
1.010320623808757290e+02
-1.013244791266936318e+03
3.017090118515177437e+03
1.165946403686192298e+03
-2.369269136247899951e+03
2.473265705388027698e+02
2.534452894331031416e+02
1.530007141914187230e+02
3.264812516810769125e+02
-1.176308456424416590e+03
1.410627552252235319e+03
2.096074129693465238e+03
3.246543590044533403e+02
6.180887834603363444e+02
2.090659832447916870e+03
1.591680966221012568e+03
8.384386027380894575e+02
1.183503021203401140e+01
1.652672903773672317e+02
-6.477535012606159626e+02
-5.172340658379882825e+02
6.997616511703625974e+02
-2.696346292793605244e+02
-6.186307105500687840e+02
-7.715257962002893919e+02
-2.806131774998754835e+01
5.185280834570721709e+02
1.886545885866671028e+02
6.064641136501614938e+02
-1.482606060914424120e+02
1.108783291671665410e+02
-4.821020245304446235e+02
2.141567859642496501e+02
1.097323067238731710e+03
3.658195497084303156e+02
2.553780746820176972e+01
7.783482350665750573e+02
-2.932050830276684223e+02
-5.839003960126599395e+02
-5.169468480233640548e+02
-8.958221042023258178e+02
-5.646839960952985393e+02
-4.000511893344210534e+02
-1.241244571061291936e+03
2.802551033710820434e+02
7.539782966584598967e+01
9.851409908447398038e+02
-4.751998976514966699e+01
-3.383888513806940637e+02
-2.909104696788033380e+02
2.495463421779385271e+01
-1.272222050568347413e+03
-2.648432995536335284e+02
-7.574388975153573256e+02
-1.992436352075853989e+01
3.098249649885179906e+02
1.088336620516857920e+03
2.419589758407013846e+02
2.561271325682724864e+02
6.407889608626121571e+02
6.595103724945053045e+02
9.417559319885687046e+02
3.198677098991529988e+02
6.327566580143836745e+02
3.575417730987635991e+02
-2.944262445998969611e+02
3.220529561230955551e+02
-1.064581133919493254e+02
5.318408481147889688e+02
-7.722144778174066460e+01
5.581295783361855456e+02
6.405248932607096322e+02
-1.096465678241824122e+02
1.255708930314295202e+02
1.577996477047317683e+02
-2.254072787968534044e+02
-4.176491422287262480e+02
6.407085568129912190e+02
2.353164923240540247e+02
-5.772237087554189117e+01
2.362785013849012046e+02
1.807598143869838339e+02
6.146103859024312897e+02
-7.984445382036109606e+01
4.404761051276440753e+02
-4.548873658313927848e+01
3.487992902556917443e+02
5.262303537143233143e+02
2.770491547860121386e+02
-1.490760592076902640e+02
3.256518830773957802e+02
4.785425498026561399e+02
5.289474206638997344e+01
-4.083727025673530875e+02
-1.030110968390926871e+02
-2.364291431801318879e+02
-2.557432804233513082e+02
2.817486838351343295e+02
3.597262336204893813e+02
-5.946415715009872116e+01
-1.990612756079179846e+01
-5.787292655044365119e+02
8.041209284582281214e+01
-4.253420633404940645e+02
5.067437816223363711e+02
-6.957600927849058792e+01
-2.974358214073766931e+02
-4.736020743005784652e+02
-4.802072697940022863e+02
5.264271779895433383e+02
2.672091026945480507e+02
1.571194960862926848e+02
-1.573808308943771692e+02
7.610778832823980622e+01
3.764110704005043999e+02
1.842839977605278534e+02
-6.937746779954123610e+01
-1.330426542936358558e+01
6.777186033328898418e+01
1.612267863747806302e+02
-3.784217982408782177e+02
-2.647032207191927000e+02
7.714308770811236116e+01
4.332904248389194777e+02
5.407942243240570406e+02
-2.659802463802694583e-01
5.824929235379453019e+01
-3.030255293541046058e+01
8.830424101740942433e+01
5.317009493888059524e+02
-4.488617374528029700e+02
1.899571588961384521e+02
5.190113385356847857e+02
-2.180688551815688925e+02
-6.970940684369443829e+01
9.345057636217670449e+01
-7.339714986836168009e+01
-1.220181094808379783e+02
3.280689121908982315e+02
1.028574107806424820e+01
8.742127699623200954e+01
-8.268958096333530250e+01
-3.345622804988851158e+02
-1.038739441552125413e+02
-5.419891773050380834e+02
-2.641941713993020926e+02
3.529705353026201919e+01
9.101840121617298962e+01
9.538743854767155028e+01
-1.124190426851918545e+01
-9.751612067427281039e-01
-9.370391341829819964e+01
-2.415701551610147746e+01
2.019471489607358592e+02
-8.785962618677342562e+01
-1.989694361889779373e+02
-2.293348915390176046e+02
-2.430616362108740987e+02
7.905018892731969338e+00
-2.888420848068051896e+02
2.348686643647931760e+01
3.967200210854305737e+02
1.677161476096204922e+02
9.692561032487381212e+00
-7.598745191668045607e+01
2.751224905130512752e+02
-4.883047351379429557e+01
2.215104795248370806e+02
-9.322828797171486315e+01
-3.094303654822973613e+02
1.658116924212581011e+02
-5.202692970731663991e+01
2.549471995334276357e+02
8.082832002903299440e+01
3.984150355273125399e+01
-2.133316419282753600e+02
-7.627986592813012123e+01
-1.841640425039283571e+02
1.629187732148992325e+02
-2.021243984471641966e+02
-2.102706456295585440e+02
1.469125253315782764e+01
-3.820185092141072403e+01
-6.671464176840113680e+01
-7.323333374483493685e+01
-6.091909224574929738e+01
2.783092683028524306e+01
-1.139222520589920578e+02
9.758682170324820504e+01
2.537628088777904054e+02
-1.420648963207409565e+02
-7.651127796708577478e+01
4.194656174432204807e+02
3.430518113893447207e+01
7.072408464245069126e+01
-1.251346312237193672e+02
-1.271211026742420245e+02
1.646243284922832970e+02
1.372195357735079710e+02
1.970031873738203956e+02
-3.254251368847745596e+01
2.594941117879668013e+02
-2.391880831214212932e+01
1.876650636543999795e+01
-9.946364912528213864e+00
-1.445104085296387382e+02
-1.325579738894128070e+02
2.236891709145056382e+02
-3.284926125175273341e+02
-1.409543951624054330e+02
5.050577740058680121e+01
-1.074853491959279594e+01
-1.561131607324936112e+02
-5.268253695631747036e+01
-2.864887490353329440e+02
3.860638406080071405e+01
-2.352513828358311514e+02
8.305985045168260683e+01
5.528634493054924093e+01
1.752379717980178597e+01
9.840390316093605350e+01
6.705471554016097002e+01
-4.910234238766804538e+01
1.485286492975086219e+02
1.502935720368270438e+02
-1.070546633137082608e+02
-2.390923990685049034e+02
1.483837415061229592e+02
-2.228468235120543284e+02
-3.095908674488243832e+02
6.261600958694030794e+01
1.332159560414805526e+02
7.696703742631245859e+01
-2.061073694943726196e+02
-6.426277989721120321e+01
2.844135406068079064e+01
-6.088664176567320396e+01
-2.627175113822131038e+02
1.437631884366476243e+02
-2.377114648937249797e+02
1.064081728261008664e+02
2.110475822148050895e+02
1.137517210747163716e+02
-2.897047995899261537e+02
-1.956956918482043051e+01
9.463063526013782223e+01
-5.166735289366722128e+01
7.812608737622173294e+01
-4.785940031222172308e+01
-8.778987083524937418e+01
2.178172457802833435e+02
-2.409895586657914635e+01
6.735842132033553753e+01
-1.262494066334344041e+02
3.559324834972707094e+02
4.733691015685943881e+01
2.564794676643195004e+01
-7.384882199590080631e+01
-2.820144350736885599e+02
-1.283635633275110308e+02
-3.078738338331793898e+02
1.029394419774159104e+02
1.680735235153406393e+02
1.404173887999731960e+02
1.424096109416148295e+02
1.181239872871960443e+02
1.113645514661238067e+01
-1.396508639027643994e+02
2.017681193935951853e+02
-1.243624794966626439e+02
-2.100933005092801977e+02
-4.992739519240041091e+01
2.455448874204431675e+01
9.909119556883067048e+01
6.944329331409790917e+00
1.638793935346780302e+02
-2.555147621050948317e+02
5.378636752093734685e+01
-2.858367220958101385e+01
1.391507610765096388e+02
1.692609979180188020e+02
-5.961346594326298742e+01
2.338445594953101292e+01
-2.600250550377216641e+01
-1.505140184096621851e+02
-4.964310022507117282e+00
2.687578905466363111e+01
-1.602572524098020494e+02
-9.453048701696930323e+01
1.802816086556697712e+02
