1.538655492093301291e+03
1.777366790403164259e+03
-2.956929616347569208e+03
2.595663665154552746e+03
4.333336773868712044e+03
-2.974029837280790161e+03
4.102866377357297267e+01
1.417253583284375509e+03
-3.947609746512695779e+02
-1.236302539013871865e+03
-5.131398505202994329e+02
-3.182347403689421753e+03
1.049871420724396103e+03
-1.022001374697953452e+03
1.273101529473370420e+03
-1.213895413818287579e+03
1.266177777709290012e+03
8.664380826638854387e+02
1.359972843980885955e+03
8.167734977494308168e+02
-6.131327339573518032e+01
4.838920891580522721e+02
1.498926194288402939e+03
3.021135642835475210e+03
4.730190528873703784e+02
1.166576680572807390e+03
-6.767241542712886258e+02
6.502387064593951891e+02
-2.259112299754610831e+02
1.256995948812128063e+03
-4.999845683175386171e+02
4.035163610819922724e+02
-1.445499014601118461e+03
-3.072907866324881638e+02
-1.958186175077999906e+03
6.190187399631851122e+02
9.551849785260798171e+02
-1.277522749535757612e+03
-5.984563013977659693e+02
7.469060922397836748e+02
6.969659903649912849e+02
-1.119914089163036351e+03
1.555534245331302934e+01
-9.446955249312597402e+01
1.167329785536290046e+03
-1.257175459152939396e+02
-6.199006355535304920e+02
-2.935932752542378239e+02
9.672936865630736847e+00
-1.168709399012472659e+03
2.991818892220150587e+02
-7.315755280142859647e+02
5.816258604274030830e+01
5.067356773931877569e+02
-7.414973416077749562e+02
-2.624027393699579420e+02
-2.335391382774791396e+02
4.557278465667242244e+02
2.217721700081289384e+02
5.431827171548247861e+02
3.270776554373587146e+02
-9.402916614207202883e+02
-5.515676146431949292e+02
-5.600802044211014845e+02
-4.584164172886850110e+02
2.899655223973246621e+02
-5.180070380335105540e+01
3.443544624693954574e+02
-2.107272500876438812e+02
4.004666888727313108e+02
5.590151889119728139e+02
4.638487491273385217e+02
-2.182189246163013649e+02
8.077660617810167309e+01
-1.011817752809495801e+02
-2.085682045301342953e+02
3.741248820958907118e+02
-5.914856051532037782e+02
-1.952251549443626288e+02
4.492017216957336245e+02
-9.209228016058872868e+01
1.602914270521036997e+02
-2.755021979568899724e+02
1.640946846813677240e+01
5.195937992344521490e+02
4.497230358867844302e+01
-2.463691388479140016e+02
4.952021690104675145e+02
3.924235981844778394e+02
4.426566455476566375e+02
5.345350260761890127e+01
-2.538747937717492675e+02
-1.539823728054165599e+02
-3.719840498673236766e+02
-3.673705985446565592e+02
1.728396283712731929e+02
-4.716630406166253664e+01
3.994763763454729997e+02
1.876102729705868626e+02
1.786831032087777658e+02
-5.913634797295508179e+02
2.480585832971767957e+02
5.087761837793504469e+02
-4.445068622566492422e+02
8.810941778262744606e+01
-6.571082061810106723e+01
-2.090994482159344159e+02
-7.522333172939508472e+01
8.939147278783146078e+01
-4.612052218928151603e+01
1.787301581700042732e+02
2.677467174842777808e+02
1.590624671790648108e+02
1.546609929606138394e+02
-2.478853947574980765e+01
3.961194756108641712e+01
-1.292988206407898701e+02
-3.730318445824363671e+00
4.131915597184370768e+02
-3.178014915964799911e+02
4.703683559120063506e+01
-1.305701761411910127e+02
1.231691832182309696e+02
1.070591676337492686e+02
-7.797989880571030596e+01
1.189165775611712093e+02
3.156105906897206523e+02
1.224978897271180074e+02
-1.179325585737002910e+02
1.534202469009357230e+02
4.321073516219483963e+02
5.333800950992652901e+01
1.238849870787373533e+02
5.187134629745754211e+01
2.301738416065076933e+02
-5.261246888328820148e+00
-9.315972426410560558e+01
-3.475651738861282780e+01
3.146927319986664884e+02
-1.745570644710759325e+02
-1.354427474030487986e+02
1.965733644153959290e+02
3.047855988417903106e+01
5.579510303285530171e+01
-1.813994790554521614e+02
2.000648167441035241e+02
2.455057833875603421e+02
-9.785818408906395405e+01
2.985313475689798679e+01
2.185572453038784317e+02
1.327328348193479712e+02
3.766719543894092226e+02
1.827472286987597272e+02
2.305755596887518166e+01
2.596217923128843381e+02
3.075813331433032261e+01
3.918576102304094206e+02
-4.615734115740771699e+02
1.293767141182682678e+02
1.633621983961411956e+02
-7.480160567875957156e+01
-3.662952877891766548e+02
-1.343569040445284770e+02
2.140688908451530779e+02
3.537377177605866763e+01
2.138266148075539661e+02
1.898666135447681427e+02
-3.477276328265322718e+02
2.514552761887178463e+02
-1.576658028256811974e+02
-2.773533179948542937e+01
2.732083461646395222e+02
2.848404243371953726e+02
2.842347662910468475e+00
-3.334241707836529827e+02
-1.261965672926860265e+02
-3.647938029889890288e+01
7.013363912249609200e+01
-9.279251894543415347e+01
6.719965764886104864e+01
1.135985596803217703e+02
3.923665948989920480e+02
-1.710799290888990356e+02
2.034141124997916279e+02
-2.877515483746236669e+02
1.610618404276611386e+02
-1.164877102823678712e+02
-1.166434427975664931e+02
-1.602915015508075101e+02
-1.761316686472885635e+02
-2.081762714206121956e+01
-3.760816013896512118e+02
4.866918794933837944e+01
1.059498152828410156e+02
-6.780785668148699585e+01
1.711602788295494406e+02
1.363113937291076354e+02
3.764351883227453843e+00
1.302441361263601607e+02
1.596872839556410284e+01
5.314268409726913234e+01
-2.111944030237291088e+02
2.278479013506643298e+02
-4.447702162687791372e+01
1.137355224394078306e+02
-1.279734479170943615e+02
1.144370658204791340e+02
1.205636604638358733e+02
2.064918605497801423e+02
-8.490718051533286825e+01
-3.944450890161858325e+01
-1.166832700481328260e+02
8.998636545126005615e+01
-1.396877628602615005e+02
1.477452983999664049e+01
-2.702590922732109675e+02
2.234471184254057974e+01
-4.801613396231392983e+01
-1.921666135355413303e+02
5.726320635107593660e+01
1.889563392622164031e+02
-7.821752490425460280e+01
-5.588600036335680699e+00
-6.576945204601938144e+01
-1.621262484363162457e+02
-2.045501810343447460e+02
-2.055516188448948469e+02
-5.092262474338238576e+01
1.786162827151203771e+02
7.929875803116240718e+01
-8.947652847541505139e+01
8.424481681577047709e+01
-9.690765640524269031e+01
1.795643282712449036e+02
6.233194957483090093e+01
-1.238075760282022912e+02
-2.258295626499684374e+02
2.184122452209348921e+02
4.652214003531223341e+01
1.688847208079551976e+01
5.984577442444189188e+01
6.424174132798039238e+01
1.338991666813679160e+02
1.675681575587976226e+02
8.572627097854713440e+01
1.030264930464886532e+02
-9.456421051324687710e+01
-6.485895742893309546e+01
4.067402743487139816e+01
-7.494635741371999416e+01
-4.442060658267869400e+01
1.782562855901697958e+02
-2.309215253625436404e+01
-1.109056486155889729e+02
1.535664236072800293e+02
-3.168803387054916954e+01
5.815047656903584539e+01
-1.592795959169984030e+02
9.390160284086429954e+01
3.624147209679841097e+01
2.861684835692126967e+02
6.429077366022906403e+01
-2.195243446255181752e+01
-5.634368292069666495e+01
2.337554264520635456e+02
8.307079696302967875e+01
-1.575921824923601946e+02
-1.699058397566109022e+02
-1.105310714841173620e+02
-2.349681137109906217e+02
2.437669851714946034e+01
7.049251853623317743e+01
8.086551983732353222e+01
1.313641428214000655e+02
8.834145012675836028e+01
1.751496177861628780e+02
-1.210833742863872686e+02
3.868976774594936785e+01
1.252037082053075636e+02
1.121779717525985092e+02
5.152580946159057707e-01
5.396319732641367750e+01
1.666435232040397523e+02
-4.139456319907746007e+01
4.686262653523211696e+01
1.561274259495816636e+02
-1.907012020935912915e+02
1.119331751006717610e+02
-9.238915218908952909e+01
5.557747302847578119e+00
2.562383395275646194e+02
-2.763358425764445769e+01
3.086949198607283762e+01
8.279012398313781773e+01
6.043292057113466953e+00
-1.410549224273867424e+02
4.374804307544265214e+01
-5.899508051337046766e+01
1.667338209455720062e+02
-8.733242592485206046e+01
