-1.897031535985106302e+03
2.269874517996958275e+03
2.995868715193478238e+03
1.580092307489023142e+03
3.965870498179737751e+03
4.182805395098708914e+02
1.852516771250882812e+03
3.369100892696769279e+03
1.584255046932860296e+03
2.187768493516378840e+03
-5.085489187074343249e+02
-1.504850774353281395e+03
1.118831820526181673e+03
-8.551867140089707391e+02
-1.463525366240530957e+03
-1.771246050395425527e+03
-5.493786735846257443e+02
-1.049350238966172356e+03
9.674343233046235468e+01
7.317826952781388172e+02
1.860985702293031864e+03
1.452183255327959387e+03
-1.945860461142081931e+03
9.515509641742930853e+02
-6.254325096062350440e+02
4.993293037181098271e+02
-3.626629689836495345e+02
-1.067485969657556780e+03
-7.321906730755667922e+02
5.878554199460265863e+02
5.068476929642180551e+01
3.983146556670269547e+02
-2.523899363353656327e+02
-1.423579769728940619e+03
-1.038303606697735177e+03
-1.307062341789072207e+03
-3.941034315247317750e+02
-4.173958709721875380e+02
-7.222077960348749457e+02
1.425029126155159247e+03
1.640500455057541558e+02
-1.426749921873860558e+03
5.724945132995918229e+00
1.701467451850075804e+03
1.820886677226641268e+02
1.005112563854292716e+03
-9.510271452275977708e+02
-7.247469218982192842e+02
-1.065181114181355468e+02
-6.757392834792240137e+02
-3.765204083876448635e+02
1.355224773008919556e+03
-2.860936386139041474e+02
8.535696706916504581e+02
-9.030557878960703420e+02
6.337466026183209777e+01
9.575774601744647043e+02
6.787432067022321007e+02
4.357429961168522823e+02
6.681875986607815321e+02
3.354830426751142340e+02
-1.387144346120890305e+03
-6.000386663257304463e+02
-7.706912673684682886e+02
-3.412294950828123064e+01
-3.805611319607709220e+01
6.126547524943025564e+02
-4.610220678502487885e+02
-8.976657775626872535e+02
-2.097214689649424599e+02
6.866361559175682316e+01
9.202852724116326044e+02
-2.197934393087039382e+02
7.421028231340815182e+02
7.058232415251466136e+02
-5.242223320563831521e+02
8.519192531029125348e+02
-8.145191706610341953e+02
-2.304081811832097628e+02
-6.558558371425574478e+02
4.382879992589007543e+02
-1.029951538176709846e+03
2.704508158396367321e+02
1.900769318326378254e+02
4.926732670682134767e+02
-5.881325234206802861e+02
-2.264952010931379789e+02
-1.528590614118083977e+02
4.263128078831497874e+02
1.018884630631298052e+02
9.629647781849207888e+01
-4.834318775678913198e+02
-4.976887829267756729e+02
-3.310175558339037707e+02
6.159952406123636592e+02
-2.090462277216584255e+02
-3.666623079527991536e+02
-5.067203340726242686e+02
3.654108842274531526e+02
5.677839075251818457e+01
7.471111185204678762e+00
-3.891290923837796356e+01
5.064444773515065208e+02
-4.078539270755864550e+02
-7.544247285509536027e+01
-7.741030935196521057e+01
1.503455320434883049e+02
2.190538652656141778e+02
1.441273149257181529e+01
4.827072249834916988e+02
-4.753472597925187983e+02
1.459361176572450631e+02
2.633990652033927518e+02
-1.509640577150131833e+02
-2.347435284273802836e+02
7.156082107413084259e+01
-5.758661206299990454e+02
-2.026295363595283447e+02
4.729164514265323049e+01
-1.243304300674048068e+00
1.719833693286858534e+02
1.318878688486273063e+02
1.223568834761416895e+02
4.950045913139970111e+01
3.100096350168244612e+02
2.007873648763873575e+02
1.888167035500971167e+02
-2.228283159068979558e+02
5.312181262612746195e+02
5.265157147216167459e+02
2.229630684527705569e+02
-2.964161570192607087e+02
-8.132883619136968036e+02
4.429153441653887171e+02
3.181205871818660285e+02
-7.167405930888922683e+01
2.196591332433746118e+02
3.732498413182794650e+01
3.453818844907025465e+01
2.587251811740540006e+02
2.001433035225907986e+02
1.348856665575318061e+02
-3.294857580174838176e+02
4.118242742059753141e+02
-5.060667869582268850e+02
2.639373118593816230e+02
1.004885978955137915e+02
-2.026605398031984180e+02
4.672151033729513614e+01
2.728722701319057364e+02
-4.534067964554295145e+02
-2.342441848134578208e+02
7.319197269856071664e+00
-9.511443627233274967e+00
-1.031565833196106752e+02
-6.996140491720779231e+00
1.112803135807360775e+02
1.379159488272686360e+02
-4.236174816951512980e+02
4.845962814419273741e+02
-2.535182931409875380e+02
-3.268867449780566403e+02
-4.467130510440030662e+02
8.382529827301330272e+01
-2.017026718500541165e+02
7.660882282893808792e+01
-4.021126738560267881e+02
-6.694277795482555860e+01
4.752163583796773878e+02
-3.088235911594496770e+02
5.316516877590473911e+01
2.301003556141162107e+02
1.053253208360840745e+02
-2.747993427071125438e+02
-2.167748067462543986e+02
3.726603357496938429e+02
-2.286340750771601904e+02
-8.250737112580813459e+01
3.803855122329140670e+01
-8.838832622098895797e+01
2.901959613581074109e+02
1.237615972600613503e+02
3.249345243949640576e+02
5.370473399481138443e+01
1.850049719405249604e+01
4.696014088685257093e+02
1.355403477574376723e+02
-1.174003311860103906e+02
-3.520445913989848918e+02
-1.398830870197146510e+02
7.326223730750264451e+01
-6.310522496747099694e+02
1.084905012432262339e+02
-1.207554538807321620e+02
4.897755336809745330e+01
-5.160454754822978174e+01
4.828324072393866118e+01
-2.813220299973712031e+02
2.673119342222306045e+02
1.185088136834405219e+02
-1.147226721650750250e+02
1.571453129332416054e+01
1.913276165662350081e+02
-1.615905055034323539e+02
2.687570918520247005e+02
4.673594630627867730e+01
-3.820946408789334896e+02
3.887034688578617079e+02
-1.499706715819452256e+02
-1.390108476290048500e+01
1.260971504742923344e+02
-1.851255648784397465e+02
-6.507878366772698087e+01
3.979626899665826301e+01
5.370673042063784486e+00
-2.093782072583109652e+02
-1.459756497987110606e+02
1.894859349466429421e+02
-2.774915051702993196e+02
-1.853489539564108952e+02
2.216093337566526245e+01
1.231253270747478297e+02
-2.606463669094870284e+02
-1.765226519162821148e+02
-2.225141515563223606e+02
-1.207944567988793949e+02
-1.409215998542273951e+02
-1.514721385432289367e+02
4.484520595296505974e+01
2.479791780407347801e+02
-2.908484815818845846e+02
-1.203144008473102815e+02
-3.844479030213435635e+02
1.993359725882555438e+02
3.644389235119936643e+01
-1.712759561451800323e+02
-2.346007888492833615e+02
2.900413378532080060e+02
5.289551816988927158e+01
-2.899830362531034211e+02
1.667409817415236546e+02
1.398922293141832256e+02
-2.600249615271803094e+00
2.532597467836469889e+02
-2.160376350608590030e+02
-2.414003752553270203e+02
-1.114203170021139400e+01
-7.319970419799074479e-01
-4.194337172664157265e+01
-1.309515878750866307e+02
-2.093115389228033507e+02
7.414985135689676099e+01
-9.573274485679579016e+01
-1.166401982359398914e+02
-1.395738987733493630e+01
-7.737149157878393169e+01
-2.620365589763262051e+02
-6.413164298824597154e+01
7.266510557421209171e+01
-6.890053300070830744e+01
1.817358871127810858e+02
1.382160845472809001e+02
-2.015223569296031201e+02
-2.664650595184661483e+02
2.186529923425790685e+02
1.192870647790746297e+01
3.882246105110173744e+02
-4.530408357829439581e+01
-1.397397225018840459e+02
-1.192887124822234881e+02
1.480369541473879167e+02
-1.770978682174221319e+02
2.445299646098108610e+02
3.765382326782184919e+02
-1.986310750687470943e+02
-1.258244809294513971e+02
-1.635472913551500795e+01
1.054741488496790254e+02
3.311966010137633987e+01
1.811698351673460650e+02
-1.410288855760568367e+02
2.348667714223049359e+02
2.065704622313235461e+02
6.825220006508109805e+01
6.897076423718311844e+01
1.019784166268095049e+02
-2.930921919370061914e+02
3.560197214064551758e+02
2.525466194875055592e+01
2.409462569808380579e+02
1.794602140021802654e+02
8.641433779852027897e+01
-9.368475227300370989e+01
-5.864389520965104019e+00
-3.265333882150993645e+02
-3.993806270676541459e+01
-6.668139757492731690e+01
-5.768315498180898970e+01
-9.833926618139997800e+00
2.929140299378432246e+02
