1.989882259648932177e+02
2.988519388302234347e+03
-5.240196018082516275e+03
1.384848195770873190e+03
7.476641425881223313e+02
3.845405564970338219e+03
2.776344593078565140e+03
-3.798272683790236215e+02
-1.226445351528637275e+03
-5.862797665096718447e+02
-6.776945574280395590e+01
2.631200957425036449e+03
-2.413426272580658406e+03
1.658442575932149055e+02
1.366928208386015058e+03
1.571098155190114767e+03
-6.683690843576574707e+02
4.764632782535029492e+02
-4.046106145456162153e+02
3.642980882301308156e+02
-5.675244623932846935e+02
-1.269764250208738986e+03
2.504654718942298643e+02
-6.459915788612889855e+02
-1.289812989693721192e+02
-1.824139916932367100e+02
-2.248086363872424442e+02
-8.178643257143105529e+02
-3.686314288434480346e+01
-7.361267449052716074e+02
5.975215639402410943e+02
-1.628519594986549919e+03
-7.694129326891655296e+01
9.142609315718931384e+02
-6.052043445842381288e+02
7.637142711947271891e+02
6.318963854877486028e+02
-1.052886277924020817e+02
1.477110101970211247e+02
-1.092317309892173540e+02
-2.626736132070785743e+02
-2.158487416014460081e+01
3.067062174053642138e+02
-9.421711739226458349e+01
-7.529546020790631289e+00
-6.516334218918309489e+02
8.495641791944593706e+02
1.537473088361480904e+03
-2.804208013123184173e+02
-3.134783438361696426e+02
5.378633155014861700e+01
2.266690761137996049e+02
-1.303752320808087575e+02
4.220124324413484942e+02
7.355823742660912785e+02
-3.660002194217163947e+02
1.763480152350173285e+02
3.661389761915037866e+01
5.273385613118184665e+02
3.093094694291572750e+02
7.014751270546511250e+02
-1.788544640026084949e+02
8.836514701651540804e+01
-3.555894575679533887e+02
2.722028582137601802e+02
6.779143025578005108e+02
6.745143195832731635e+02
3.385809342241868194e+02
1.595347886505714996e+02
-2.250432145855367025e+02
2.852287185678490005e+02
1.660681090675502674e+02
-8.034242093502494697e+01
-6.355734318161653391e+02
-4.561477271754826006e+02
-3.519234471965807529e+02
-4.598150012181956185e+02
4.998775712957730093e+02
5.844416087995628004e+02
-6.719560100394203346e+02
2.907356312394172164e+02
5.189907162117715416e+02
3.804145250466591506e+02
-1.123131661621463081e+03
-5.225261827566231432e+02
-9.994835357030588341e+01
-4.535474343019006369e+02
-1.911045093292911758e+02
2.620100185533926407e+01
-7.624437948957106528e+02
8.779132040506385692e+01
6.030674828764720132e+02
1.174142852635806804e+02
-7.235816881153012901e+02
-2.491819779667017087e+02
-1.293822644839985117e+02
7.754100721413507147e-01
-1.706781175730454549e+02
1.361261268615167239e+02
5.286521777109402365e+02
5.370792806301556084e+02
-5.901940795626654790e+02
-5.454250100107887533e+01
-1.009607022251250328e+02
4.782640968000988551e+02
-6.269365139348224147e+02
-3.380248302247067613e+02
6.176114126846027830e+01
-6.139460582843628345e+01
1.347028747116566478e+02
-2.502579877595142364e+02
-5.869904821309097542e+02
-1.221593125549249862e+03
-3.042069245138595193e+02
6.113232423846543497e+02
-1.950118479006129348e+02
4.142510560994658420e+01
-2.802463216177292225e+02
-7.102284566838259252e+02
2.446847722236998948e+02
3.931109190209884900e+02
5.712260650126892187e+02
-1.293828065008258363e+02
1.884110296701592802e+02
6.214022370412192231e+02
8.329992519753190550e+01
-6.163563309357849676e+02
3.699449329297534632e+02
3.453708411737734991e+02
4.075316450170097369e+02
1.103455494917471498e+02
5.691490460428342431e+02
-3.582448328587560127e+02
2.331508476474683675e+02
4.479643623236740382e+02
1.253775124338229716e+02
2.310529786046803054e+02
-3.575400199192065998e+02
-1.543500594952621971e-02
4.233017978726714432e+02
-1.784161541934023774e+02
-5.959031240432293686e+01
4.533005202078875300e+02
2.936714115661822007e+02
1.057061960765188502e+02
-1.685051260456549116e+01
-3.907116444043796832e+02
-2.314409570781835868e+01
5.063712106262890416e+02
2.123551085046485412e+02
1.818939374698220490e+02
-1.961946761296097463e+02
3.321302472056607513e+01
2.190445200638523318e+02
-4.510270695750626260e+02
-8.654433578976933461e+01
1.221547055446437753e+02
3.752261687687042695e+02
-2.349123763039569610e+02
-3.878201948083365380e+01
-8.606654680635447363e+00
-3.620105337733576079e+01
2.651685174029301493e+02
-4.416693035554237667e+02
-4.030432396780858539e+02
-2.072610345605588122e+02
-2.234247410139072656e+02
6.214682243506194936e+01
1.159104303252867254e+02
2.128676935387357219e+02
5.997391684582117222e+01
-5.019206879059831294e+02
-1.861525478129490807e+02
5.119752879075307739e+00
-2.164739448209513455e+02
2.104212994890238235e+02
3.418711504625657085e+02
-1.574800153325701899e+02
-1.664585469455043665e+02
2.352226258584169472e+01
2.766774493128664858e+02
-2.942732850786420045e+02
5.742325990534033053e+02
2.918838444305183089e+02
2.243819035068778192e+02
-1.930706645320573500e+02
1.438955146857760496e+02
-4.008295876362249999e+01
-2.854463094170968134e+02
3.041589555159605425e+02
1.669919707620907445e+01
-3.533489646931892025e+02
-1.869742223710482278e+02
-4.677252209558756704e+02
1.503593511344441254e+02
-2.177929419213810718e+02
-4.516461145433432876e+02
2.334460971085683809e+02
2.886105786494233030e+02
8.521031206056586882e+01
-1.025999842132975459e+02
2.532854240357817943e+01
8.724766894572462661e+02
1.277619978000454068e+02
-9.377120005090860388e+01
6.183738780257445455e+01
-2.050692921269952649e+02
2.579328679233639150e+02
-3.127368479295848260e+02
3.151807483852484779e+02
-4.388622160241568508e+02
-1.782423910057553087e+02
-8.749062870012767235e+01
-1.938265008548661115e+02
-8.429900490013561409e+01
8.512326172821254033e+01
3.253127475564087376e+02
2.055067619120805205e+02
-3.655432527592975589e+02
1.630426784748827913e+02
-4.213283473068722742e+02
1.074455969986070585e+02
-5.109816998086007516e+02
-3.853041282861548211e+02
2.567055031436710237e+02
-6.211523414640691954e+02
-3.822591380047017537e+02
7.430962856370557290e+01
9.922480429349855058e+01
-3.426602566734926540e+02
-1.726475651620587541e+02
-1.351954577180852368e+02
-4.668615308769207672e+02
-2.264612076122319806e+01
2.678245468139938339e+02
-2.705406453698277573e+02
-1.461135170744242942e+02
3.323500441694494043e+02
1.339256489462826494e+02
1.364398417887578887e+02
1.125805593960247535e+02
-8.673397158240976523e+01
-4.726557870925847737e+02
-1.992289730916791655e+02
1.441611280059062494e+02
2.080701501704838208e+01
3.872890613150124750e+01
1.212691332182651252e+02
-1.888712573685470204e+02
8.849767231846628590e+01
2.018492883901205346e+02
4.989455618453479815e+02
4.521250722088855696e+02
1.025268578048301436e+02
-7.970480683443079784e+01
-5.963512286689227437e+01
1.041376151302029740e+02
7.100563797849376080e+00
-2.460304777829934437e+02
3.255104934049958842e+02
6.572853027978894147e+01
3.702713399912537966e+02
-3.926197114050164032e+02
3.046231083332869503e+02
-2.032847608783198723e+02
1.672138933508282435e+02
5.744061331438236948e+02
5.865311687186024301e+02
1.524972464701438355e+02
7.185654782004549190e+01
-8.740892554740862863e+01
3.034973117878038238e+02
2.297004252395325707e+01
-9.543672838433752759e+01
-2.562333687959068129e+01
-1.965811575833734182e+01
1.862615694309296259e+02
2.970999482290238802e+01
-1.470562942697240487e+02
2.259772108151651082e+01
-4.289743482554708294e+02
4.052816653897908168e+02
1.454929727886714552e+01
1.491958722899238978e+02
-7.434108704439132964e+01
-4.171312475961153865e+01
2.249341740862584800e+02
-9.896007262244430081e+01
8.685885198875715218e+01
9.976589875055989864e+01
-2.580470526291012145e-02
8.238422696658571454e+01
2.272688831729882963e+02
1.389854165432127218e+02
6.397619875613717255e+00
1.154865062102884963e+02
-1.101318019406804467e+02
2.086015180150236290e+02
-2.465767975817000774e+02
3.024322964329568322e+02
