-7.338224187303073904e+02
-4.515711133426871129e+02
-2.255014006859429173e+03
3.396961968681937378e+03
-1.417004979507646794e+03
2.403559979502242925e+02
-2.305618624352451604e+02
-1.234422204010442783e+03
-2.801491006737128373e+02
2.267494024273163632e+03
1.001062064024805295e+03
-5.968529674977688046e+03
1.487839913246154538e+03
5.522988135413461350e+02
-3.790571148647589439e+02
-3.351262091564838101e+02
1.903494941458744734e+03
1.320426683792124720e+02
1.711884854950184263e+03
1.871708540701229595e+03
1.065115098148529796e+03
1.543655517333789021e+03
1.391653527440829066e+03
3.322097514904365653e+03
-3.570785724137245438e+02
1.585386687636900888e+03
1.227091212304021894e+02
2.095359725642297803e+02
-3.887267012166221321e+02
4.241973501407859430e+02
-2.879818346318678550e+02
-1.251575739278143686e+02
-4.358422986995402653e+02
-1.408403073614493451e+03
-1.668093903419716526e+03
-9.465109765397583033e+02
4.634078849602624928e+02
2.797879796024801635e+02
-2.989645450624577734e+02
2.766304390299143961e+03
-1.764671631338326563e+02
-1.705216779111229698e+03
8.354589247777150831e+02
9.549104358643162414e+02
1.193903598566708297e+03
1.708129132314708158e+03
1.195467862465949480e+02
-7.933538343718031456e+02
-6.054311767691374513e+01
8.069357084440812287e+02
9.773038306555717725e+01
2.527526701104503104e+02
8.004108556890412274e+02
2.862377434832445715e+02
-1.343698139804435868e+03
5.787912009719868820e+02
4.373895735689428079e+02
7.013334822008166611e+02
8.032801624193922407e+01
1.178448205024829349e+03
4.064756629238411278e+02
-5.634021479557113707e+02
-5.440275657719317870e-01
-4.080541099349326259e+02
-3.332391847380304171e+02
-9.335885787837888472e+00
8.682570461073374872e+02
-4.460435381115593145e+01
2.950147397898615154e+01
-6.892444309714855990e+02
-8.530359640891522588e+01
4.031408736509864070e+02
-3.220323048796940384e+02
2.311416523298385641e+02
-2.640417792981874641e+02
-4.893295626101048015e+02
1.958914611366338931e+02
-8.793952270643542306e+02
-7.819269383435438385e+02
8.477091966445897242e+01
3.649778954758070313e+02
-9.100357696938448271e+02
-5.015320158139402906e+01
-3.418047900383693900e+02
2.557350460301546775e+02
2.661634068802694131e+01
-5.158884115498660776e+02
6.544075202112247780e+01
8.783184163151796611e+02
1.787309952514108033e+02
1.211220269061960693e+02
-7.975998372858767880e+02
-6.625869386701872372e+02
-2.603805327523713231e+02
-3.481051259251726719e+02
3.310434160539841741e+01
-6.038166110418110293e+02
-7.109928015366513137e+02
-2.722849742328868956e+02
8.498965845256076079e+01
-3.268511244152192603e+02
4.517939997877549274e+01
4.349528630553085122e+02
-6.879399984200486529e+01
1.883368810362896397e+02
1.650448423347415527e+01
-2.906045054295385555e+01
-1.705191204426095339e+02
4.074408553994937847e+02
7.343103138196964892e+02
-6.210177282582988028e+02
-1.492381582298018117e+01
-2.788410451568731219e+01
-1.299856426235504330e+02
-2.501494449105882438e+02
2.041420299973936210e+02
-3.258369556787175725e+02
-2.158115119541068623e+02
3.646496095083567184e+02
-3.799382178598470432e+02
2.101745418261706675e+02
-2.936012529248486089e+02
-1.592106680872307933e+01
-6.418638475558365997e+01
1.544273233524110367e+02
2.031140483612728787e+01
2.654449622593047025e+02
8.873290955626778498e+01
6.253280730992152030e+02
5.241347139706211919e+02
4.901161550298245402e+02
-4.362366049030519548e+02
-2.504552307117217254e+02
2.378132682394823121e+02
5.036352909805610238e+02
2.171470671029737218e+02
1.942142723176536663e+02
-1.010404856524831985e+02
2.826654991765261116e+02
-1.479681291450810363e+02
2.452420481511464345e+02
7.209100936990838591e+02
-5.224828987106541263e+02
5.827901006987240180e+02
-2.854308203108577118e+02
3.065346220698393722e+02
4.009162858068716560e+02
-2.708307874872855905e+02
-1.766863042977820442e+01
4.977565275739294748e+02
-2.593905875461837809e+02
-2.801445974868752273e+02
7.852046634014395465e+01
1.015691934068462388e+02
-3.088703787209990992e+02
-2.972730953483085159e+02
9.394758117105601514e+01
1.004342857700485609e+02
-3.768373843204386162e+02
4.126929953761645038e+02
-4.557965740355141975e+02
-3.593551096707288934e+02
-3.120203659090814767e+02
2.269884263725813298e+02
-4.029433800867241757e+02
-5.378224949760552676e+01
-1.637416191586638945e+02
-2.250195505832014362e+02
3.286886735990698298e+02
-1.462842730122607691e+02
-4.433089240160784072e+01
7.180691807012580341e+01
4.256647933593729931e+02
-4.500739251958409000e+02
-4.200477993290474501e+02
2.456168873322945956e+01
-3.791909915544228227e+01
-4.308884552600373468e+02
-1.832109218516590374e+02
1.394370435519827822e+02
1.671879387859350459e+02
-1.446895532576721450e+02
2.656524076524656834e+02
1.632639246240253499e+02
8.249801939600359901e+01
2.533813723561270876e+02
3.796285552508142302e+01
9.433311742028816127e+01
-2.652084993851238437e+02
-2.134154164737733197e+02
2.491846073817714569e+02
-7.860666705128704734e+02
1.448720182451310450e+02
-1.021192329849294111e+02
1.623575604376317472e+02
-1.202449192193675458e+02
4.391704089495954122e+02
2.643931202560675153e+00
4.801041693047442891e+02
2.108333033210417398e+02
-1.064234150148556957e+01
1.366593471925168330e+02
1.809195160646532230e+01
-2.815499345541367404e+01
2.926838194527337578e+02
-3.064204097350631173e+01
-2.423954425872510683e+02
1.867937011414270501e+02
9.535704945467484706e+00
-2.099587329529112196e+02
8.269316320631908468e+01
-4.052916315709787227e+02
3.574121109787289186e+01
-1.254479271663325051e+02
4.029380550441254627e+02
-1.922239798799441814e+02
-7.517072027274002366e+00
1.213325617190825056e+02
-2.393998605041100518e+02
6.203998310711401842e+01
8.211640050325756590e+01
-1.473871962949526626e+01
-7.401270108532247605e+01
-1.828535093181920672e+02
-1.721298151675608494e+02
-1.772452441681276696e+02
-3.276929897461413788e+01
-1.670380912357200316e+02
1.778272098090784539e+02
3.087301470460774908e+02
-1.443375167619400088e+02
-5.548672895935536786e+01
-4.843768404071607279e+02
2.629212966753532896e+02
-6.814470762648332425e+01
-2.917658152602691075e+02
-2.170068843144896675e+02
3.951039857688130610e+02
1.749088458197664124e+02
-3.381328210209188683e+02
1.329896626202524601e+02
2.128671099458662752e+02
-1.606692732592100867e+02
4.556212983578536182e+02
-1.480457653456608398e+02
-2.168442881969562563e+02
-4.489917012572114885e+01
5.809460078326701193e+01
1.569624140105363210e+02
-2.648410670876968425e+02
-1.544943576788155895e+02
1.466624512487533316e+01
2.566190999505023385e+01
7.066675223814276308e+01
4.695543794579355534e+01
-3.758772651123788933e+02
-9.022904049016622707e+01
-2.972138565980692348e+01
2.857136112206306322e+01
2.319388330997634000e+02
5.385934768127576433e+01
2.503293659192451059e+02
-2.317596994253966898e+02
-4.299571664937143822e+01
2.305190804400366176e+02
8.906414778878489358e+01
2.763932113173914331e+02
-6.078391515756865005e+01
-1.591451392789940655e+02
-4.437296274518692485e+02
2.101469290747342313e+02
9.571488935659432684e+01
1.238677623764647677e+02
2.809066121917599617e+02
-1.697574834055596682e+01
-2.162437398017619827e+01
-2.413436368738036890e+02
3.238851218872553339e+00
-1.091925957821348732e+02
1.233896879743162032e+02
1.661326810733771993e+02
2.901745292737032287e+02
1.436934985525944057e+02
2.006372049757677019e+02
1.298524855851032385e+02
7.515841424168537799e+01
-1.763078660972302032e+02
1.003692707018827548e+02
-6.770389447355040602e+01
1.103984645698587599e+02
3.058866731445124856e+02
1.445606456490656910e+01
6.667765172754917558e+01
4.963355089736378289e+01
-4.671509409281687226e+02
-3.292126675359311605e+01
-1.459515696922926509e+02
-4.893045491092624388e+01
1.910866807990075813e+02
2.843943067504683881e+02
