1.638995095270912316e+03
-2.778093343163009763e+02
-4.640233451172462992e+03
-1.522633776734212233e+03
2.319810233601829623e+03
2.745952667984447999e+03
-1.990666715941933944e+03
1.965061925718353280e+02
-6.056143986819416796e+02
-1.214813416471158462e+03
-9.756105069066981059e+02
3.676830061822975040e+02
-3.895194391476170040e+03
-1.408569426662755404e+03
3.015250775604220621e+02
6.818296690812995848e+02
3.123640929184735455e+02
9.261012506740063372e+02
9.304190760053091935e+02
1.506106503900509097e+03
-6.395254516421281323e+02
-1.315767334417495249e+03
3.731947850893247960e+02
1.882756075139133145e+03
-1.091533806369035347e+03
-6.218548066473747440e+02
3.607198275259613638e+02
5.942670125233750156e+01
4.512312989450854417e+01
-1.931417356350213765e+02
-6.689653422485860119e+02
-1.572676127748808540e+03
-5.904128046262100042e+02
3.577154151225360010e+02
-1.084404764580759775e+03
1.366955810527238384e+02
3.545847936749147493e+02
-1.116260551608618698e+03
-5.745995037175691778e+02
-8.048710967081824492e+02
-1.887347911361399611e+02
1.482834933955936947e+02
-6.370226525125311667e+01
-5.401249491292481935e+02
-5.555357063004951357e+00
-7.975002924933392023e+02
-1.017945760814233608e+03
-9.640208755484476910e+01
-5.661675279727595580e+02
1.250088812721011777e+02
1.716250694964074626e+02
-7.667251995238834752e+02
-1.242286941153294038e+03
2.538090393677608461e+02
1.152402224223541509e+02
-1.496809812359398393e+02
-6.419747936901071625e+02
-2.166807732666414097e+02
1.408736032041944668e+02
3.332461179079773217e+01
-6.498840906568536191e+00
-4.230084087724341657e+01
-6.737510204959087332e+02
-5.170307395237876413e+00
3.069974564492300715e+02
4.405407875793934522e+02
-1.289582699659374612e+02
-1.048435897489296451e+02
-3.410176479156876894e+02
3.524455934762335687e+02
2.791258520702008923e+02
2.564982081678012804e+01
-1.735247038997881646e+02
-1.342291214085426532e+02
-4.904643744362601865e+01
2.411015364989306704e+02
-5.455245648222555701e+02
4.876891118997399417e+02
8.432609737024885987e+01
4.500567808029521757e+02
5.115226224245698461e+01
-2.373836394872964775e+02
2.770847835437314757e+02
-4.556708799763727029e+02
-2.011481445286218843e+02
-2.545034833174176185e+02
4.099065644918994877e+01
2.955102269951594280e+02
3.846492774420030401e+02
-8.360845948545478734e+01
-2.204238941808021934e+02
3.245934488621674632e+02
8.306985882666573389e+02
-3.236812566024682951e+02
-2.271685095368819418e+02
3.407875616912501471e+01
-1.088321116657146774e+02
4.376918255237831090e+02
-9.564272582770952624e+01
2.052946876612741676e+02
2.431095803341932537e+02
-2.491381848733207249e+01
-1.756323341132176381e+02
3.480255260401763735e+02
2.368025808908287217e+02
-1.601494943060920946e+02
5.144868662551130001e+02
1.170742758617499391e+02
-2.132023272274916081e+01
-6.433353664410459771e+01
2.608329044388680700e+02
-3.749467753806775363e+02
-4.492334730952049995e+02
-3.963821739973529645e+01
3.187725565437832529e+02
-4.379935959950640267e+02
8.886708362419570051e+01
-5.973803629575375851e+01
-4.519799263535483647e+02
-2.407318217898426553e+02
5.025973843045806433e+01
-5.607097773465429214e+01
1.183118741734098194e+02
9.214614432723065818e+01
1.274274347794651447e+02
-2.372265002304970594e+01
-3.014383735739458530e+02
7.898518169974070702e+01
1.703184181184644501e+02
2.735004901641733568e+02
-2.057890171208954655e+02
1.106547042697395682e+02
-3.039718977701150493e+02
1.085839698249854166e+02
-2.234613456451634192e+02
5.608535451541208516e+01
2.455752508987916372e+01
6.785322166110618980e+01
5.427172145135736869e+00
7.750987318832179085e+01
-1.241841210814996828e+02
2.903174863772478034e+02
1.323562570374146219e+02
3.402758191653099402e+02
2.140623302619468689e+02
2.164149740488422324e+01
-9.683822984634896613e+01
1.927825087941363620e+02
-7.839645417047937315e+01
-1.180439060235918447e+01
-4.821466407122051834e+01
-2.857751919229763757e+02
-3.231927365556579730e+02
2.628168824432064525e+02
-1.282522061644261839e+02
-1.395361372070633763e+02
-2.172042162956816753e+02
1.587524333966277936e+02
-1.105265494660378636e+02
7.954558328914508536e+01
-3.461033655632623862e+01
-5.766095958488931217e+01
-1.837315557328899729e+02
-2.868219019985139653e+02
-3.999808274231110659e+02
6.086736144485286104e+01
-1.012987712353274645e+02
-1.018300278904910527e+01
1.682245711017195902e+02
-1.506828486404584169e+02
2.751334130514096046e+02
-6.780443662043734321e+01
-2.237803498367293571e+02
2.154360019349645938e+02
1.485511737596898172e+02
-1.149682025193637145e+02
1.225146357869958393e+02
-2.271447874303573258e+02
-2.119311667551815219e+02
1.468038349896755790e+02
1.190597945238805266e+02
-1.224089751556238639e+02
-6.228367904297784463e+01
-7.477627518435531329e+01
8.659795790791081416e+00
-1.234149580009912626e+02
-1.135745359815025068e+02
-1.076311836611975963e+02
1.207134727258231521e+02
1.930842015381417127e+02
5.095415684594077277e+01
-3.072014484170007886e+00
-1.884132112618191002e+02
-1.044125792808058435e+02
-4.742151122413872599e+01
-2.101181187117549598e+02
-1.899573427306042390e+02
1.408081314389407055e+02
2.154440319361120544e+02
-1.268191501413922317e+01
-3.427139034227861458e+01
1.243016469645706223e+02
1.156922400841453822e+02
-7.823092838164032514e+01
-1.258167884290974712e+02
-2.335097456083572354e+02
-1.285265688447736636e+02
5.960059772586958360e+01
-1.371543807188667472e+02
1.607754931704475965e+01
-9.198328272091715974e+01
-8.489112579715934714e+01
5.183352299526845286e+01
-5.600690491179078379e+01
-6.436058233010773399e+00
1.401886362118243312e+02
1.456379052406872745e+02
-8.963526179727411147e+01
3.759379340574335870e+00
2.252563704926841126e+02
-6.388046730131005546e+01
7.595485305899178741e+01
-8.902494738941685171e+01
8.376090707639573907e+01
1.600286815512910437e+02
-1.580106980043734097e+02
-1.322688764947587288e+02
2.480697603185815865e+02
-5.851650574901933410e+00
3.891807268568409484e+01
-1.157963941334753031e+02
-2.055867827599950033e+02
-2.468581487223882789e+02
-6.233862622570882195e+01
1.057251562874707673e+02
-5.025520201437414869e+01
9.786579848406243798e+01
8.317809910218814196e+01
7.992516459836136278e+01
-8.905116765466592810e+00
9.273174343092496485e+01
-5.254349320047710137e+01
-4.297268839200094703e+02
-6.119485786125051163e+01
1.128591655878923063e+02
-1.802194336206475400e+00
-1.328950590658034230e+02
1.071629186177629549e+02
-1.446194871024776241e+01
7.181612621085064063e+01
-2.590161531026548669e+00
4.480991571788274541e+01
1.928177848174339459e+01
1.244017564771005766e+02
1.109469068911797862e+01
1.349057320881763360e+02
9.871106992017615767e+01
-6.066613104304138915e+01
-1.630276671414305838e+02
-1.587811577832551180e+01
1.217830580996959888e+01
2.155845443493603568e+02
-7.126626873927334316e+01
1.168795816610054175e+02
-1.799419196919111812e+02
-1.037595081794804202e+02
2.525354999482260610e+02
9.662930531544445500e+01
3.295319033773247241e+01
3.061714991045865730e+01
1.755642489122286349e+02
1.087556197508984184e+02
4.281132442902158175e+01
5.005874772692126129e+01
-2.989203925121404382e+01
-7.372457490311265360e+01
3.859658622827245011e+01
6.058723422229154920e+01
-4.097919648219275501e+01
-8.683171374199930881e+01
-1.244066846511791908e+02
9.465357241631566865e+01
-1.642257110771562267e+01
8.882867908375362731e+01
-1.124166064463959174e+02
-1.214838386595980246e+01
9.454742470161141910e+01
3.447743374764392854e+01
1.515259917572043946e+02
3.565145332374255105e+01
4.596266588442979639e+01
7.323806562120827834e+01
2.586707854240342996e+01
7.809767000344794496e+01
-7.296741598910539039e+01
-2.526132974777413054e+01
1.866898336431927419e+02
1.298990542578063412e+02
-1.677679484234201652e+02
2.906534844381255311e+01
