-2.592004748782351726e+03
-5.118407565053211329e+03
3.501277460220343983e+03
1.844325372632982635e+03
-2.739887692355651780e+03
3.179497155369090251e+02
-8.659697598708264650e+02
-2.243333815163749478e+03
-2.460010992342765348e+03
3.188481242353966536e+03
1.271155795902317777e+03
-2.838036540391072776e+03
-2.336402848671379616e+03
5.614841405186530210e+02
-1.728532504055296158e+03
-7.984989259765904990e+02
-2.499374981870244483e+03
-8.664418218920338859e+02
1.216804614946529597e+02
-3.606458666398221453e+02
-8.076843348140273804e+01
1.386928392413425115e+02
7.255768214712168174e+02
-6.644946265402350036e+02
-5.840829703124368280e+02
-1.720153236846182381e+03
-4.329986543194880255e+02
-1.893090191890880533e+03
-1.930928963960079955e+03
-6.408691962585149895e+02
7.449115367768001761e+02
5.105902704941549786e+01
-3.432888813108392014e+02
1.303080734203990232e+03
-1.345523669958852452e+03
-1.698893401546539963e+03
-2.849854076689050686e+01
-5.437038150284060976e+02
-1.097056581813992125e+03
-7.986301839718732936e+02
-3.501225419196055668e+02
-4.063356315265684771e+02
4.149642579783550786e+02
1.509293292254430071e+03
3.516237031912028215e+02
8.211021770645834295e+02
2.224954288265839182e+02
-3.410290839532569862e+02
-5.276654037816472282e+02
-1.172728552645048239e+03
5.041683720040924754e+02
1.347906500462127269e+03
-2.829159935151998297e+02
-3.446457452235517849e+02
-8.231429783671969744e+02
7.967744789877122003e+02
3.691378507101222226e+02
-2.776001418017963260e+02
-2.640799409847891752e+02
1.076530033742461455e+03
-4.242889385860598139e+01
-7.677659555924855113e+02
5.386626936755517363e+02
-2.251494939817825411e+02
-3.266157000386644427e+02
5.473783944246874000e+01
1.224624963510615032e+02
3.628498734564839765e+02
3.144425174150733255e+02
-6.380753057967456066e+00
-2.419702828820647866e+01
2.360210512659576310e+01
-5.159481724846191355e+02
1.205917412085623255e+03
8.501761026641351009e+02
-9.023219037573805963e+02
-1.209188844218604544e+02
5.265341801312879255e+01
-5.453060342902923594e+02
2.241634599233173333e+02
-6.563150354276923508e+02
-1.405717311611751711e+03
-4.901165066891306878e+02
2.512804310785711834e+02
9.946515294259423854e+02
-2.799359052652028623e+01
8.637553446078101160e+02
4.701336917994037776e+02
6.525572202286407446e+02
-3.632375110344436280e+02
-4.134590456915545786e+01
3.183934807565943856e+02
4.611865303013655648e+02
-5.575386597267681736e+02
-2.907310130358890774e+02
8.187655752972602841e+01
-2.580737202408435564e+02
-3.411532791687791928e+02
-5.442332752065041177e+02
-7.951069991419122971e+02
5.207095592655015253e+02
3.876338848829175845e+02
-3.046584080513729873e+02
1.062547717825601126e+02
-3.435864743272679220e+02
-5.559400678763522308e+01
-4.128009690455517671e+02
-4.514816417324362874e+02
-6.447021258148199649e+02
-5.155747156594076159e+02
3.695621279158822290e+02
-7.990548919554129270e+01
5.542007541461082383e+02
-5.641110119835597203e+01
7.334570296575977011e+01
8.193034559847253604e+02
4.696380776531131573e+02
4.254953799037036219e+02
-8.921093950631411928e+01
2.689333741436732907e+02
2.078998086801877037e+02
1.576024727445856684e+02
-9.595900339356020936e+00
1.302197056434327465e+02
1.007866638722678800e+02
7.787951049053372117e+02
-4.715106015802837192e+02
4.088839097082797593e+02
5.533052798653720856e+02
1.944912496767688310e+02
3.142754793304345640e+02
-2.383526679249786469e+02
-4.867740405572151872e+02
-2.607742321399845196e+02
2.675467374175348709e+02
-3.590922144473580602e+02
-3.684041244094385092e+02
4.895730500738713431e+01
-4.726662372197896502e+02
9.184564859850215157e+01
-1.588543132641124487e+02
2.797456111533429635e+02
-7.688067798830207948e+02
-5.570025170264298708e+01
-4.295760358038846789e+02
7.350533316264846917e+01
-9.110738203466534912e+01
-9.176141021455963198e+01
-2.759770748063829160e+01
1.022857325096325098e+02
-9.305490743876194415e+01
-1.163709671024181915e+02
-4.561922337610064915e+02
-8.393290005663035913e+01
-5.225848893709490994e+02
-5.047547397295044647e+01
-1.349535131772481407e+02
-2.959439627087291456e+02
-4.982256821525564305e+02
4.526166612208759830e+02
1.292058298787832200e+02
-1.095120029557763246e+02
-3.578292946901424330e+02
-2.100007569124623217e+02
-2.459692864913459118e+02
1.483545152789648647e+01
-1.763073983764778063e+02
2.836526474204755033e+01
9.877272060394909658e+01
-2.667652451160382725e+02
1.114779074470681337e+02
-1.679902654201515873e+02
-1.620940985581009954e+02
-5.667490183298009470e+02
2.309736319812497527e+02
1.239691340708365175e+02
1.129533792329273183e+02
-4.119663028128152860e+01
9.030875161215863756e+00
-7.646290477265810637e+01
1.327014244575397015e+02
5.981135793058044925e+01
2.375515189494104220e+02
2.029480485225425355e+02
1.627690405286077464e+02
4.843798985565027806e+02
-5.653691975939299397e+01
2.442681106651142215e+02
1.570121096363814672e+02
6.867410538791616226e+00
-3.191093320343897517e+02
-4.434355801567824642e+02
1.443986923059662502e+02
-9.380862540418528184e+00
3.827901776658384279e+02
-1.048271839934737955e+02
-1.150060182857024715e+00
2.321042372208603055e+01
-1.978360046265212873e+02
-3.076975360597390008e+01
8.493414427304462322e+01
3.744897745401120801e+02
1.001787503171867826e+02
1.016139362708693028e+02
-2.683056745376956655e+02
2.631105803007452550e+02
-2.495282518455793763e+02
-1.596791720226748907e+02
2.276063040442621954e+01
9.809759742327645426e+01
1.584728612318900787e+02
-1.521270537235530185e+02
-3.948976537553398316e+02
-1.655851517965410551e+02
3.290995712222784846e+02
-2.202691625511917550e+02
3.766017762593364182e+01
3.356730170530464079e+02
-3.285722655537110199e+02
2.031521986441998138e+02
-1.012686393037063652e+02
1.169042328943904892e+02
1.777873240156446286e+02
8.585944364717052579e+00
8.725070521790807732e+01
3.231995653962145099e+01
1.738211838649865513e+02
-1.215672390560491891e+02
1.152905450866151540e+02
1.447893227004620655e+02
-9.408322594459844979e+00
-1.191260991382533376e+02
-3.524372670386460413e+02
2.866210727082192307e+02
-1.910797413595220462e+02
-1.442258322735098091e+02
1.180962336040119141e+02
2.466282778718118891e+02
5.407585475705430156e+01
-2.383281993134123127e+02
8.510841549145628449e+01
1.187348719782495863e+02
-1.850017205341377746e+02
1.397236257817203295e+02
-3.079964401225623760e+02
1.041885934261478610e+02
-1.351597003348269936e+02
5.659454918462480322e+01
7.198553900709751474e+01
3.287203411349793214e+01
-2.233888313112484809e+02
-2.795709741628475058e+02
1.305243877856471215e+02
-9.686027230061384330e+01
-1.018513377340525636e+02
-7.033441621810824529e+01
-1.897783179558496292e+00
2.707676193372508351e+02
-9.510390361136357384e+00
1.574550892309891026e+02
-1.968258418901261280e+02
3.488014110912824890e+02
-1.311639990930143540e+02
2.045076270567104473e+02
1.304301442811812137e+02
9.758129916094407008e+01
-4.562918477753714086e+01
1.818751577084479436e+02
3.284095428383099602e+02
-3.130352080007229461e+02
2.194355245654992927e+02
-2.109810686662221144e+02
-1.054893159378035108e+02
1.438961525628674565e+02
-2.536497963747638948e+02
-9.764333248436871315e+01
1.918769710791720797e+02
-7.374996751146024110e+01
1.277524571077958768e+02
-5.037265137905797729e+01
2.099440781610560407e+02
2.057008019664396059e+01
1.611393010883328714e+01
1.723357849477826846e+02
-1.713289178175778105e+01
-1.629370468162349255e+02
-6.077214333482549335e+01
1.489096269893311160e+02
-1.499608660155100210e+02
1.758286001093599111e+02
-2.305777212102315943e+01
3.044578847602938367e+02
3.591845502169061888e+01
1.700750852471119572e+02
-9.144949809494988813e+01
9.665005563463131466e+01
1.637824208725327821e+02
1.810528854886042325e+02
-6.573202682396811269e+01
-1.350142155145719300e+02
