-3.416222818364213254e+03
3.995575773109100282e+03
-1.221159603247390123e+03
3.148763031739156304e+03
2.682422137310590188e+03
2.562928068290404440e+02
-5.394333150228629847e+02
6.898839327957463183e+02
1.129707752637192925e+03
-1.630186821148181480e+03
3.107104322540928365e+02
-1.223306139224342132e+03
-1.280690837389922478e+02
-2.907375822573310870e+03
8.754162903090751797e+02
9.495776002941465777e+02
9.201965869959483371e+02
-2.791683203707152074e+02
5.208076078979198655e+02
-1.360364349942666422e+03
-1.895907017700193364e+01
-1.797244131348722021e+03
1.939941316968595629e+03
-6.842417395820421007e+02
1.311814514626587425e+03
-5.525126543110466173e+02
-6.215563315739120753e+02
2.026034222521718448e+03
-6.376804449538309427e+02
-1.494442975012615534e+03
-7.813389729904347405e+02
-1.240368263402170214e+03
1.218636019331737259e+02
-3.952829133997986446e+02
-4.311535829929254078e+02
7.986385618273412774e+02
4.904097402538578763e+02
8.301879226829790923e+02
5.432157241280742710e+02
-1.585073381367338015e+03
3.827334771944939007e+02
3.346800823208791371e+02
1.122164633945322066e+03
-5.873923749563676893e+02
1.328957562933552481e+02
-6.455077778977730532e+02
4.557282942956625789e+02
5.676824623184362508e+02
-1.535995061612779580e+02
-1.092602136090283238e+03
-5.866521834872936552e+02
-5.383296504219626968e+02
3.063975999875271441e+02
-8.326466312858423180e+02
-1.875294883632549556e+02
-2.550795164539815829e+01
9.237360299535848185e+01
5.850427417862438233e+02
1.883346955627710528e+01
2.801747774491683458e+02
4.057870879620769529e+02
2.436342899325249505e+02
5.308966702294806055e+02
2.147809134252719616e+02
8.517405485724523260e+02
4.472344934395339351e+02
8.883064263963136682e+02
1.378951368305332039e+02
-3.544423644473442323e+02
7.146420485605493695e+02
-7.167101360678523179e+02
5.954376961561767985e+02
-6.639277293888993654e+02
-9.523266402295736555e+01
-2.594340308809240696e+02
7.226860045066711109e+02
-3.041673135904532614e+02
3.937939530286464560e+02
1.686454984006633140e+02
-3.893171703656950626e+02
5.636385584619220026e+02
1.026905710321323895e+01
2.495920197992782619e+01
-3.180480183401404588e+02
-1.011801935153983152e+02
3.178486525064055854e+02
-2.057784109684554608e+02
-5.302867904967388313e+02
-6.515289100803245219e+02
-1.503838980676989650e+02
3.483266236106227893e+02
-6.617493643393513203e+00
-3.364404817210645433e+02
-3.107802012216944831e+02
-2.190942638157854461e+01
1.904091792064169795e+02
1.268047666793642492e+02
-2.411063108718194314e+02
-1.223982717231218516e+02
-1.799490509454675475e+02
5.066300207128785473e+02
-2.271363605161200496e+02
-3.171497975231579858e+02
3.779668971121169534e+02
8.085477269922182586e+01
2.123359506305909861e+02
-1.605630541354473166e+02
3.557029697006234983e+02
3.396447020962786212e+01
1.706942807356663252e+02
2.883591997310420396e+01
-5.408485260218066060e+02
-5.621979393616246625e+02
4.820972309295459013e+01
7.143097166599108050e+01
-2.585575838597240477e+02
-2.720975871907110104e+02
-3.669997119298000143e+02
-3.528202131278979437e+02
3.741349761903518356e+02
1.089086287244166762e+01
1.551117704360153198e+02
3.252502597471621293e+00
-2.573327774588047401e+00
-4.429261968262763816e+01
1.851217199481473301e+02
-3.074171451409716269e+02
6.799043009109415436e+01
3.336263082311343737e+02
1.969946344988435669e+02
-9.713811206828161460e+01
4.100625233997108694e+02
6.767162231068937217e+01
-1.195341191992365424e+02
3.683682567896982505e+02
4.215126857747678173e+02
-1.368261292472859125e+01
-5.811899029638084357e+00
1.636105994723770607e+02
2.907624965195533377e+02
4.336445308992456660e+01
-9.735182272374026979e+01
2.160242429315686934e+02
7.093094110117735340e+01
5.373244312974126302e+01
-6.169491554824761437e+01
-1.944251527826762356e+02
9.130095539744282007e+01
3.653016729479974174e+02
1.808614293651310447e+02
4.189868983782455985e+02
-1.143207829874208414e+02
-8.079039366579954162e+01
-2.999349844501107754e+00
2.169720583257274029e+02
-2.889950556675771622e+02
1.492357235314742923e+02
2.175209827352597642e+02
-2.883109899643912755e+01
-3.849869600894913333e+02
4.718765147330229297e+02
2.442404668125407952e+01
2.445164867692142536e+02
-2.680610670342766184e+02
1.366962025319719487e+02
2.916449220105560158e+01
-5.952700051684527427e-01
2.982915159202012845e+01
-5.769486495124590419e+01
1.074102521423069021e+02
-8.069725379295174150e+01
-3.141265778098014039e+02
-7.679284913652199407e+01
1.666683071960257223e+02
1.432895763050386506e+02
1.431964260404581637e+02
2.220157133659479598e+02
1.858435509375222239e+02
-2.631153597954295265e+02
-1.795885849205721740e+02
6.012394526155319774e+00
8.415858956012891667e+01
9.101806189718817564e+01
2.792786483935311139e+02
7.821711668477104240e+01
-1.373503727065484554e+02
5.763832574529816100e+01
-1.349434874286108155e+01
-2.562092509547227905e+02
1.650140156762860215e+02
-2.363861947818431020e+01
-3.848508603203897849e+01
-1.398218473901906407e+02
-2.029875054507588175e+02
-4.379823370787949699e+01
-1.707944807820563540e+02
-2.995782818197098436e+02
1.870400680761486356e+00
-1.803753915278397244e+02
7.366847464741906215e+00
-7.685197051914072119e+01
-2.185812705431897314e+02
3.676316075147053652e+02
9.119127920150059197e+01
4.739561209811698461e+01
-2.334148357349588565e+01
-8.246769809610810853e+01
-8.621577110488244600e+00
1.062314678228472644e+02
-9.130694516226044755e+01
-3.047180349704260394e+01
2.423457258562820726e+01
8.625034198288787479e+01
-8.501289489604479854e+01
-1.218059689516812369e+02
9.448553267064910699e+01
1.683196931300302595e+02
-5.910207506792785637e+01
-3.792889964458458394e+02
2.120365399966727864e+02
-2.094785582701894384e+02
-5.832594718139230139e+00
-3.184135370374860372e+02
-7.603744616400049061e+00
-1.397164716980579726e+02
-3.682366702621735612e+02
-2.712758198551505302e+02
1.325771405313986975e+02
2.003901796657100931e+01
1.806002038546405117e+02
2.778689366238775094e+01
-3.449317724464395951e+01
-1.780848874680611402e+02
-1.003003087121372374e+02
2.383756725134981593e+02
1.302843835096557825e+02
-6.367733559947671296e+01
1.393255280375338998e+02
7.496457554220999953e+01
4.771973793288915466e+00
-1.766320855100518017e+01
-9.202712933611657320e+01
-1.431281822611713324e+02
-1.295513221575104410e+02
-2.421969406474628528e+01
3.448000282203081923e+01
-2.994367328726610111e+01
-1.433231831605340858e+02
-6.534849713115740144e+01
-7.220601196790050835e+01
1.637257106358582917e+02
2.177413575687194935e+01
2.522153541296798949e+02
-6.370912915136252508e+01
2.319709615839389869e+02
9.106165950309909363e+01
-1.811592340752333428e+02
-9.369911709260310317e+01
-2.269602217493351475e+02
1.087962205390233947e+02
-1.882361390925990463e+01
2.461859227372839243e+01
-1.077237750879483116e+02
6.749716121482558151e+01
1.870619054319508834e+01
5.086405049021285407e+01
1.025553933737484300e+02
1.589457119276473520e+02
3.227633233271308910e+01
3.756423598508332162e+01
-1.244975219101906561e+02
-1.090259259777364349e+02
4.212048124353766809e+01
-1.689996259944411463e+02
1.930642365921036685e+01
-5.720498478787756369e+01
3.015373567130595589e+01
2.014808945009355767e+01
-1.803738441448536278e+01
-5.466396162706980277e+01
-7.909388196468400167e+01
1.446952057136256826e+02
-1.344496431150964781e+02
1.763842225965642285e+01
-1.418279393734780172e+02
1.316899917931301367e+01
-1.039442704127431796e+02
1.250155124623630911e+02
-1.899857321489799133e+01
9.025142115518161745e+01
-1.062064935218855410e+01
6.479224329806841354e+01
-1.315992464958806174e+01
-1.443943907366685586e+01
2.115714372516304564e+00
1.563169690471087847e+02
-1.354576340002910513e+02
3.525535096725787554e+01
-2.634413425237553597e+01
6.434945205778370791e+01
