-5.995302100384345977e+03
-3.036056422093911351e+03
-2.024030103392745332e+03
1.792377997306759198e+03
-1.561400755994160136e+03
-2.088534814540584648e+03
-1.950790968359118096e+03
-1.608474192732249548e+03
1.236093821473942398e+03
1.509306492037409953e+03
-4.207300543853002637e+02
-1.815881995132161592e+03
-5.152761086080040513e+02
-5.295554990713733332e+02
1.597471149625089083e+03
-1.032768885472667080e+03
-2.134359351073078869e+03
-2.996505858091000505e+02
-1.738333776530730574e+03
-6.156444945942911318e+02
-7.547072859692457314e+02
5.426370597000758380e+02
-1.979429335920244284e+03
-1.625532486459205529e+03
-6.577369921707512503e+02
-1.227259771413994116e+02
-1.156794326238793474e+03
5.259903279893256922e+02
-1.211050841200535388e+03
6.849453685272925441e+01
-1.047554717903012147e+02
-5.518250636614551468e+02
-9.057274034122191324e+02
-1.050304545840177980e+03
1.528748648568416911e+03
-5.115480801404062845e+02
1.150050446697744064e+03
8.387942321162662438e+02
9.097743386932863530e+01
7.878932994311911671e+02
-1.053161459845448235e+03
8.050177821474833308e+02
-9.203941579540948226e+01
-8.501452264769102385e+01
4.428665369223019184e+02
9.675729526275830494e+01
-8.759550635388687851e+02
4.669913927326610974e+02
4.943449825728448843e+01
-8.265611662140760245e+02
-6.225218597265070457e+02
-2.729019079011853250e+02
-1.820339528988873212e+02
1.798994799840293695e+02
2.412495599646725353e+01
7.957451476872853391e+02
-2.923018131300568143e+02
5.626121835918670513e+02
-7.972278093693010987e+02
7.130881819618504096e+02
5.346582994690312063e+01
-3.770885691828680137e+02
-3.238158097001617080e+02
-4.758335334528234171e+02
2.389900182797031221e+02
-3.550409432578472320e+02
-1.572723995441582474e+02
-4.930456738241660446e+02
-7.412820087345011189e+02
3.707240562850849983e+02
3.091197182378406865e+02
-1.192136316394059037e+01
-4.528564856154565632e+01
-3.043776791267218300e+02
6.122794366723014718e+02
-1.835464072558538078e+02
-2.305388871172343954e+02
5.390754454487597513e+02
3.821447367827981338e+02
1.010235187903449656e+02
3.007672418249408111e+02
-5.355678648102581292e+02
-4.232628983791105526e+01
9.419848320815502518e+01
9.562558114784893348e+01
2.686393264661577405e+02
1.136959798871883009e+02
5.839737440607643748e+02
1.039919673227127078e+03
-1.238879509572273889e+02
-2.893158097434071010e+02
-5.735305970075738458e+01
2.430155569935280084e+02
6.518742055957271475e+01
3.154520589747500026e+02
-5.819910035722198245e+02
-4.630394252497576417e+02
-4.706292879459143705e+02
-9.478092898049126802e+01
-2.811279724280470305e+02
1.872481084133988531e+02
1.382779033330043319e+02
1.148382973456918847e+02
3.007477127552368756e+02
3.440795809322387981e+02
-3.278785501225360122e+01
3.181960945528584261e+02
2.900492797786561709e+02
-2.196749857933950238e+02
3.171023873396274553e+02
1.219242494132703740e+02
4.308508520307200342e+02
8.816221432695242299e+01
-2.007316649553064565e+02
2.857544073049465396e+02
2.759026530119922995e+02
1.085213655978746772e+02
-1.353607488340915666e+02
6.186529849170074158e+01
-3.575335610725830406e+02
-3.159795021140521243e+01
-2.355699069217313308e+02
-1.642839453358739092e+02
-3.214203622292649243e+02
-1.965589965920975857e+01
4.022501898243590972e+02
2.747341563633311807e+02
3.823543626585689026e+02
1.206994914800496161e+02
2.814716754837257895e+02
1.944390932120510058e+02
-3.277270606697846915e+02
-1.891470870712596763e+02
1.780518533551609437e+02
-4.159523294422029238e+01
4.151052525131149196e+01
2.812347600912112355e+01
-2.353999803232885313e+01
7.136537142646755427e+00
1.857168374415048788e+02
-3.763933627889354039e+00
3.014914036302718046e+02
1.330325259247152587e+02
7.873530774627840856e+01
-1.807082875797060240e+02
-1.436350350714509432e+02
-2.625204285793423651e+02
-1.308689931435023652e+02
-5.161110065830627747e+01
2.345487504917404920e+02
-2.433023902086329429e+02
-2.265642295080674273e+01
-1.798698831116278996e+02
-3.418837260720889049e+02
1.430157051807183279e+02
1.867307150087545438e+02
1.102973868549354108e+02
2.215266839840009254e+02
-6.308438910016989354e+01
3.156304766398326365e+02
5.103612869739201585e+01
6.727980671879544161e+01
1.892885165026684149e+02
-5.230434051493178771e+01
-1.501092479910099371e+02
-2.204030658178207887e+02
-2.600966475043300079e+02
1.656296452762023819e+02
1.467866804912078464e+02
-9.139757784999507351e+01
-1.076594618862028483e+02
-1.520883371166771099e+02
-1.622651147270493368e+02
-2.920897667047268556e+02
-8.645292403525247948e+01
8.828362777831739727e-01
-1.222675732373495947e+02
-2.774679812358043396e+00
2.184676849188862491e+02
1.369142568929845254e+02
2.480664809986198804e+02
-2.775888883884259144e+02
6.693539153440133305e+01
-1.030187506093971592e+02
2.087748738418906385e+02
1.310589827570256887e+02
2.490851505575564602e+02
2.456544219600869638e+01
1.869763019693500326e+02
-1.714800552361762698e+02
6.229484224243940105e+01
-2.032658611266052446e+02
-1.052884937069214004e+02
4.241998637867629895e+01
1.668279679132814124e+02
-2.666780043389047705e+02
1.017952279573016199e+02
2.784677115411273007e+01
3.592982003772146982e+01
-1.153723866539390031e+02
7.387425071101399965e+01
-1.085777860099457399e+02
-1.635502522435482433e+02
1.555696541915407352e+02
-1.626585303237239941e+02
-1.701745247558035601e+02
4.379090995083982563e+01
5.083929912170143695e+01
-4.827695221381315349e+01
-1.155939733464594212e+02
1.729160194128229477e+01
-1.195837286982816323e+02
-1.641844299384478063e+02
-2.400258508564535305e+02
-4.396283334636829920e+01
5.543009679632922904e+00
7.115759000753403996e+01
-2.785903397109292357e+01
-3.414218808749864564e+01
9.729061637997459400e+01
5.960933550215575849e+01
-3.731683846006225025e+01
5.002774280987440392e+01
1.396874596034694527e+01
1.238760398903272275e+01
-1.325898606897140830e+01
-1.273861874531451654e+01
-1.143649829361348651e+02
4.042979870616580484e+01
-2.895972543881453731e+01
1.808961467048448402e+00
1.209042435497426915e+01
1.251765469042748435e+02
5.003293027773259460e+00
-8.490857743691266535e+01
-8.352311242363225574e+01
3.532097796083784402e+01
1.526153044218124322e+01
-8.645324788106877634e+01
8.887076548796268582e+01
-1.507083365682346798e+00
4.702646801089682072e+01
-5.727581091593248175e+01
1.530278742897228312e+02
-6.821923533706976173e+01
-1.309709999350853877e+02
1.709461840187034340e+02
1.297651655037193734e+02
-2.539331063191954030e+01
-1.279039608642620607e+02
-1.365513445259790331e+02
-7.837151185476045612e+01
1.607737967042396576e+01
1.780051101095861270e+02
3.981141207272464300e+01
-3.198904073907907275e+01
-7.521869995235559259e+01
-2.006219057361748170e+01
7.922834661454989202e+01
3.708629127280973847e+01
-1.512715768197492316e+01
7.085243549321563705e+01
4.662316507704019131e+01
9.544343269842995880e+01
5.242763276662907757e+00
1.864407418133563255e+01
1.451386176867954418e+02
-2.184357255977869627e+01
6.102612054409220121e+01
-1.113904127105841013e+02
9.792894126098286733e+01
6.065085841598936156e+01
1.492185155560287591e+01
-4.880017015276208525e+01
-4.105335379972530063e+01
-6.992887085761518051e+01
-1.338556370962700157e+02
-2.399420717802264846e+01
8.357496606229084080e+01
8.522809509675474260e+01
5.651925294974927283e+01
5.259284450806722333e+01
-3.925060499076212750e+01
3.867347041168972321e+00
-7.492142185857207437e+01
6.650005274585526927e+00
-2.435930665284317342e+01
-2.830704975583883609e+01
3.247953179451363326e+01
-3.213838436581745395e+00
1.850191895883655206e+02
-3.109585458182531070e+01
-8.353906037129255058e-01
2.261159976392572446e+01
2.783404866592136706e+00
-2.594423312229046275e+01
8.397295730079672182e+01
1.431035260706252643e+02
-2.739937953823195826e+01
1.020505790953590690e+02
