-4.616553555431647510e+03
-4.149573008165192732e+03
3.436552327554963085e+03
-4.339052972387071350e+02
-1.132061759831987501e+03
1.384472316468586541e+03
1.887945292214283199e+03
-3.959312687356550100e+02
-4.246154188027249461e+02
-2.216062446671533053e+03
-9.690098280242638111e+02
-4.014413359469846228e+02
-1.746989675540305598e+02
2.350991388939501121e+03
1.780260648885895762e+03
1.691907995145542600e+03
5.277646552420433181e+02
3.015608110335722927e+02
-1.112818967804335443e+03
-2.110202246816678326e+03
-5.419697068641195159e+00
-1.741705379002422887e+03
-4.885523436979117378e+02
1.536385679277271947e+03
-4.028934327522538865e+02
6.009877934971697186e+02
-2.049456189254955007e+03
-1.682962795034057081e+03
-3.418396142516623968e+02
-8.550867013082824997e+02
1.952698276762227806e+03
3.316252908404907629e+01
-8.459349373476821938e+02
-9.853164601836951988e+02
-1.191393796648923029e+02
-1.373903370797347861e+03
-1.119738945455471821e+03
-6.292391114877560767e+02
6.718121296032443297e+02
-5.291411461460396595e+02
9.293711354169809056e+02
3.143868160613238274e+02
6.850277093525367036e+02
-9.002610978602041314e+01
1.196718222344625474e+03
1.255641012402676552e+03
1.209485951359693900e+03
-6.676474912115785401e+02
5.200653428970289838e+01
8.626239910796508070e+01
-1.457055118353155876e+03
-1.344587343448895354e+03
-6.879974298615887847e+02
5.042916432869801611e+02
6.497099763881356012e+02
-1.289807961612586098e+02
-8.415367038256573551e+02
-7.087613967150675762e+02
7.206607818728352868e+02
6.343412972810792780e+02
-8.446688672186504618e+02
1.218201344661475332e+03
1.122044443386031162e+03
1.716072391404908615e+02
7.167075106152618673e+02
-1.184854234287489447e+02
1.046861514125886515e+03
-4.219547118597458280e+02
-1.307276068239733036e+02
8.340296229053234356e+02
2.396366863324770691e+02
-3.588801573544955090e+02
7.742754248254508411e+02
-7.352829852181071146e+02
-5.338582747529466133e+02
-1.310853473284650590e+03
8.214724822382054299e+02
-5.232234574272291638e+02
-1.133281255545286285e+03
-3.959528987861439191e+02
-4.948372472329816674e+02
6.900734812723322875e+02
1.638569136841055069e+02
4.900171744304606705e+02
3.843343102397509483e+02
-4.486140019910873207e+02
-1.378488461234045417e+02
-9.183674270028668616e+02
2.786736016672443839e+02
-3.734361938080523373e+02
8.144804308760907361e+02
4.163889591879482737e+02
1.173894952227644097e+02
-1.288637496650982825e+02
-2.426383948728542350e+02
5.468827911584104413e+02
5.714444838444379684e+02
4.396444352146447727e+02
-4.661893614351210431e+02
-9.531391523006602995e+01
-3.392084076662199550e+02
2.844163472955158909e+02
4.338486295940159039e+02
-1.254451500126389192e+02
7.286043669944569956e+01
-4.672894282290108237e+01
-1.273462329908036317e+01
-7.898194614567741212e+01
-3.593208738644540858e+02
5.363965047791383540e+02
-5.210222162230446656e+02
4.470217283980050524e+02
-1.271049324344118645e+02
-3.849046177573875411e+02
-5.880494318263940841e+02
2.828362646317349913e+02
-5.801494506379979157e+02
-9.066502423501538033e+02
-5.978485524083578184e+02
-3.709166687807676794e+02
-1.777968696734365039e+02
-4.791493740925992029e+02
-3.438975844090034570e+02
4.298283848973600385e+01
-1.096213415861453200e+02
2.528925084869009936e+02
-1.526743203503357051e+02
-8.307523926379361967e+01
-3.720874009091210723e+02
-1.325169101994709138e+02
-6.567764980840823910e+02
1.842911257914356042e+02
2.565650083949955729e+02
2.248932937516646291e+02
1.662748363228054416e+02
4.731721737061915292e+02
2.981577204279700481e+02
-2.494096422957979939e+02
3.754652976231919865e+02
-2.278525864928222688e+02
-1.922817655405957851e+02
-2.343779622787202754e+02
-1.012153846122454439e+02
5.155338999681487344e+00
8.357729727327294711e+01
-1.376953100694841794e+02
-2.083479599279098124e+02
1.732030643758791655e+02
2.536286436677369522e+02
3.585682826473267824e+02
3.130998460260229876e+02
-2.079890442795383478e+02
1.657656929852593919e+02
2.815401891816540214e+01
1.028348141615085041e+02
-1.003238135515921954e+02
-4.764944448452845194e+01
1.815193277652880397e+02
2.813179360321898859e+00
1.279262288192252868e+02
1.105231259332703218e+02
-3.025998293543101454e+02
-6.039554232962996139e+01
1.400434209867402444e+02
-4.379900134263378675e+01
-2.501906604507527163e+02
1.892900265605004506e+02
2.597371971025218045e+02
6.697507530400957876e+01
1.332406502838908295e+02
3.240877316568326592e+02
-2.690837515825423338e+02
2.769043565543346404e+02
2.540053804838121891e+02
-7.568527893978977090e+02
-1.788544004081258834e+02
3.024462091230122951e+02
3.146621621598606566e+02
-1.250631545064303474e+01
2.724186699394274456e+02
6.926509020627251800e+01
-1.718300514108200048e+02
1.821092961992667369e+02
2.025178461673567369e+02
-3.169883964635631628e+02
1.893768709992508263e+02
8.686695794998833264e+01
9.191183438634257641e+01
2.315842508283607515e+01
1.809224155329577002e+02
-2.983219543150099184e+02
1.948383188363682734e+02
1.445610225434118377e+02
7.367096231801035344e+01
-1.145339686136484829e+02
-4.298322541452579770e+01
-3.183133187723746005e+02
-1.728789577490742886e+02
1.455237366592039621e+02
8.707651501244987102e+00
-3.344651696112784975e+02
-2.401591457397424563e+02
3.732766903947334214e+01
-9.464943873872196889e+01
7.263852466077814540e+01
8.193212036341542159e+01
-1.108935949346418965e+02
-3.793914054890680632e+01
2.385053571748605918e+02
1.232908125737876759e+01
2.033086060305893028e+01
1.830988258360855525e+02
-1.630085411659574959e+02
-1.066797944493079910e+02
-3.327489232528554197e+01
-2.845390374700969005e+02
1.985013804409895215e+02
-4.051766731681966860e+01
3.042214389033951605e+01
-5.926224393434495141e+01
4.141084960845915930e+01
6.904823206013990955e+01
6.505784497545685952e+01
-1.241399597250918845e+02
-3.365053375437258865e+01
-1.090713714617816805e+02
-7.273947472023431260e+01
9.020935708917799900e+01
-1.317999705088606959e+02
-1.862104816456282919e+01
1.582310652202100982e+02
-2.657727304450568226e+02
1.342732557283113408e+02
-4.441283235307958321e+00
1.341847338375084462e+02
2.367598248949920503e+02
2.012131735443778524e+01
-3.103441073190273869e+01
-9.188709107936084308e+01
2.014279383816731013e+02
2.198131391061691886e+01
4.538902442667829717e+01
-8.595985793873721548e+01
-6.408840146849983910e+01
-6.325624492720815795e+01
7.520227750262930044e+01
-3.619174298733865669e+01
-1.854267774276016496e+02
-4.053140036146825764e+01
-1.331129139547975342e+02
-2.308915509424594337e+00
-1.317621448231759871e+02
1.349576303162725708e+02
-4.167256550089828693e+01
-2.079985871056529589e+01
6.423159834391611867e+01
-8.799200660641177762e+01
1.578533726912152417e+02
1.253489078690955694e+02
1.321126786887809601e+01
-1.204367341006532399e+02
5.421690954550440722e+01
-1.011880974813857392e+02
3.366735546533336532e+01
-1.281567567669981713e+02
6.088401634528680262e+01
2.001534896627347280e+02
-4.433819535990317462e+01
-1.878939139381207823e+01
-3.521790274492636286e+01
-2.060681346333275599e+02
-9.582901428054385917e+01
-1.687158808740753457e+01
-7.574407540086880886e+01
-3.545632169261584465e+01
-5.325284375979799023e+01
1.064447837069573950e+02
1.584064920861816859e+02
5.309240834771833306e+01
1.007224745447474277e+02
-2.233864765069617064e+01
-5.453782459072753852e+01
1.550641026531061861e+01
-1.558790954748552053e+02
7.567367675513519032e+01
6.535117361452543605e+01
2.448846739430376545e+02
-3.471618258797276724e+01
-7.201851174941170086e+01
-8.783582310749966382e+01
6.114599208920408557e+01
1.891757872601257304e+02
7.186492885189778690e+01
-6.659087582471460109e+01
2.290352105670404796e+02
1.762467509963089753e+02
9.149598144517030107e+01
1.328664211234781760e+02
-5.935321299013389051e+01
1.069942650128331536e+02
