-4.648598310355585454e+03
-4.297868165772358225e+03
3.499349704072240456e+03
-3.710436068166565065e+02
-1.043749684353794009e+03
1.626682924267548287e+03
2.026007423325441323e+03
-5.119916538856262491e+02
-2.502269132092944233e+02
-2.512452642004802328e+03
-8.769818274068073833e+02
-5.083641574805562868e+02
-4.286884057013180040e+02
2.527180195512239152e+03
1.557463506946191728e+03
1.384099302370052101e+03
5.934974891234862753e+02
8.808486885548728651e+02
-1.174451419529270424e+03
-2.072857879546707409e+03
1.920021073360788364e+02
-1.155568235407512475e+03
-3.974997783900389550e+02
1.359671563650630560e+03
-2.865795173946235082e+02
3.438357797703497454e+02
-1.558861240565288426e+03
-1.717256753019294592e+03
-3.848193260274165937e+02
-6.676200113597551535e+02
2.020725294312402411e+03
7.602306467068798312e+00
-1.049792008237496702e+03
-9.341928241726377564e+02
4.484650317947014031e+01
-1.281527442799415894e+03
-8.098835940285034667e+02
-4.615328485207838867e+02
7.337452956285253549e+02
-5.584864772455194952e+02
1.230750858459345636e+03
1.501744243877116389e+02
4.980071981634353051e+02
-3.361186722292436571e+02
1.325449707305279389e+03
1.676813192955634577e+03
1.139480372982358404e+03
-3.071090008376729088e+02
3.240656663522735812e+02
9.874019210900627286e+01
-1.507926153253296206e+03
-1.172031239709319834e+03
-6.447099148962539630e+02
5.938517726373771666e+02
2.062810762648338425e+02
-3.596010793225715929e+02
-4.383397742289614030e+02
-4.279312677003084673e+02
5.932059729670444312e+02
7.668781223375628997e+02
-9.624373593845218693e+02
1.480859210367507103e+03
4.640723622840531561e+02
5.417282349649515254e+02
5.403645646780053085e+02
2.786770332519216140e+02
8.204752712983300853e+02
-4.632493330112540093e+02
-2.309357859778822331e+02
9.808352265719536263e+02
-6.634813431514110960e+01
-4.603186004998694898e+02
7.417763344364284421e+02
-4.870813252526879751e+02
-7.794430020905261927e+02
-1.380383705458047189e+03
1.009917110006891562e+03
-5.346892441131271880e+02
-7.914234425760462273e+02
-5.109932217737249971e+02
-3.815092147787345311e+02
7.223518100144375467e+02
-2.184981943500119996e+02
4.535050418890651258e+02
6.350851896840210884e+02
-4.086562572191821801e+02
-3.965172154523883705e+02
-6.657900327912936973e+02
6.249636456878560011e+02
-9.415609850374494272e+01
7.698814715247401637e+02
1.515930596815619538e+02
1.130846338376596663e+02
-2.120004820375242502e+02
-3.023464198672163548e+02
4.471772405061307722e+02
4.058655047372324134e+02
1.046977449804081033e+02
-7.047746168088447121e+02
2.363187297007769061e+01
-4.214590168380163959e+02
2.328605656809356503e+02
2.550473983586603026e+02
-4.124946590914564695e+02
7.685118658941966885e+01
2.157909396528852142e+02
2.590467621516266377e+02
-1.826125479119103829e+02
-4.844353111418006961e+02
4.513135609980537311e+02
-2.801117910417395933e+02
6.312372468319942982e+02
-5.222799618561797530e+01
-1.631449998438934870e+02
-5.455072830081123811e+02
2.550479635370692790e+02
-4.113772046354040981e+02
-6.623658555177783001e+02
-5.697909082206876974e+02
-2.618301095965329637e+02
-2.617696306604490815e+02
-2.993422882877765687e+02
-2.944321933756026510e+02
1.171610192717126964e+01
-5.727183299525572835e+01
2.047988396489868990e+02
-1.249679166290673606e+02
-9.572447574474846732e+00
-2.682176784628396149e+02
-1.172991993939472906e+02
-4.840615019113730000e+02
8.653277192730651990e+00
1.427878906960694678e+02
1.802306246614383554e+02
1.119206988246917405e+02
2.708599580264055930e+02
4.966638737474187337e+02
-1.797958086335945893e+02
9.303758881794885838e+01
-9.359110045943641865e+01
-2.001108573314118928e+02
-1.760455643190723265e+02
-1.739751667515158715e+02
-2.050846278680456081e+01
9.904589354891474073e+00
-9.115494861320013342e+01
-1.601776650246303859e+02
1.409837933352395964e+02
2.599254778755058055e+02
3.396286360670595741e+02
1.546003042102258860e+02
-2.880037213789163957e+02
-6.788064960596995157e+00
-4.816732127099729865e+01
1.708994658214847959e+02
2.091796046217881440e+02
7.225026813642023171e+01
1.892836034081761341e+02
7.367757743255197056e+01
2.279582356512068202e+02
1.717804251518550132e+02
-1.942245200062409367e+02
-1.915013888644779172e+02
4.771941238899204762e+01
-3.163855048785814006e+01
-1.035493358490126923e+02
1.496845649793895063e+02
2.264584440837157899e+02
1.258381986474506533e+02
2.188117389997753151e+02
3.537201952258012625e+02
-1.633720366328373359e+02
3.128517918649192779e+02
2.741568581227367076e+02
-6.513202319560590468e+02
-2.507881609243191576e+02
3.015832003967450987e+02
1.164227292245392249e+02
-1.698019720332079929e+00
3.072114414938515665e+02
7.453975771971208530e+01
-1.026186329292445976e+01
1.154787085475436044e+02
1.661466900084366216e+02
-3.554822142637286788e+02
1.876871211658563610e+01
1.630529422897307370e+02
7.722269212386673587e+01
3.417349476857093293e+01
1.160723163845656671e+02
-1.853562165424926604e+02
1.992738969514207668e+02
1.635032588221015146e+02
8.705964859247909260e+01
-5.513791946886701822e+01
-2.379646424738191968e+02
-2.044530631241174490e+02
-1.695620006590992261e+02
2.244693269482170308e+02
-2.606457598363905603e+01
-2.496614093599645514e+02
-2.246318497845366835e+02
-7.098626229308710833e+01
5.453418597948283519e+01
5.613938707304841103e+01
3.772699536948518073e+01
-6.931803904853427412e+01
-1.276094383148720510e+02
2.102262084799874629e+02
-3.696541162912844669e+01
1.283239521451887910e+01
1.646723146812584559e+02
2.212418054202422013e+01
-1.264490913170787394e+02
-2.449204644125801522e+01
-2.104916622705243867e+02
1.270152054254283627e+02
-9.901155174784888402e+01
1.141933614908867867e+02
6.468664839728671900e+00
2.469129301429046297e+00
3.296392827355447963e+01
4.337752535242400853e+01
-8.103525741843257890e+01
-9.521871637213630279e-01
-4.942895455563380125e+01
-4.313925453941458699e+01
1.283612275991079059e+02
2.056005327356340473e+01
8.543911021569130071e+01
5.597583394258430900e+01
-2.241882414913730202e+02
1.321843492470814851e+02
-3.648954566294116830e+01
2.003835242377097927e+02
1.397041350869409086e+02
-2.262242477744717917e+01
-1.890683560505780036e+01
-3.574131181932547463e+01
1.259093797189137121e+02
-1.283618126303014151e+01
3.381487169033845674e+01
1.398571711455086231e+01
-8.264600310980996767e+01
-1.333563743510084976e+02
4.242624933475532600e+01
-6.416888713878681649e+00
-2.243081829768536579e+02
-2.173636999737653142e+01
-7.897337983497365599e+01
1.972183461966644913e+01
-3.489053125712480607e+01
5.751715195965162053e+01
-1.225630251388494329e+01
-8.474236766146934485e+01
4.423907567191034929e+01
-8.270556592525552730e+01
1.455202612977135175e+02
1.007210844373836380e+02
1.567509959043134948e+01
-7.709544146517833951e+01
9.402596317425546246e+00
-3.494352803175850397e+01
3.529352614974744284e+01
-1.417672732004072031e+02
9.157715896043249870e+01
9.544498098872324476e+01
-5.224997453395548774e+01
-6.215548276493441193e+01
-4.728093185198554238e+01
-1.313775819844368016e+02
-1.210974729809557893e+01
8.050697674683451055e+01
-8.559509610965056936e+01
3.045545649282473022e+01
1.537204467556462184e+01
5.779200385296806530e+01
8.982023006356702410e+01
1.353093643801759072e+02
1.002902170677594142e+02
-4.351153824796213598e+00
-5.772632111554863599e+01
-3.627485792501685324e+01
-1.118750975953351059e+02
-3.515223387737910343e+01
7.652224480368971626e+01
1.615557864532468955e+02
-7.244044642742358064e+01
-5.652410174670937693e+01
-7.323738555415025075e+01
8.049843722956458336e+00
1.538153268849716255e+02
4.159836997243124301e+01
1.679878700272896452e+01
1.380524098837197471e+02
8.342360247634316295e+01
8.738259344908807691e+01
2.205387446537350726e+01
-2.292994541703715683e+01
4.328703193161071283e+01
