-5.905494627934004711e+03
2.179450413661022594e+02
-1.564955986695852289e+03
4.096341414549027832e+03
1.269554376749580342e+03
-5.964476659754745924e+02
1.573576874861993474e+03
1.533253615212967816e+03
8.054506374990054383e+02
1.303091773375366756e+03
2.158912592888075324e+03
-8.886070722513437659e+02
-1.852492501887761023e+02
2.636892579227313036e+03
9.481722472647018094e+02
2.319599534005184069e+03
8.681809348587486284e+02
5.160331972112912808e+02
3.000120974998282236e+03
4.121398554570715760e+02
7.755362185051535562e+02
1.520296142175848672e+03
2.957102409570864552e+02
1.436190192144993944e+03
-1.341053648390446824e+03
6.160842277383662804e+02
3.017997751423455952e+02
-1.015241856060739792e+03
-8.639660144275067069e+02
2.150045003018156109e+01
-2.957951327298202955e+02
-1.817629379512972264e+03
-1.625717342176122656e+03
-7.946975584509783630e+02
-9.500858255099375356e+02
-1.463304498023509041e+03
8.781440685753987054e+02
-7.406135382761974029e+01
3.514600846920528738e+02
1.368927270773107011e+03
-1.412680590042147287e+03
3.665318446129995209e+02
7.797642099714892083e+02
4.766553841946179091e+02
5.989260430628629592e+02
7.212090974957345679e+02
-3.204139600501077325e+02
5.979777545437768822e+02
-2.765216657817910004e+02
-7.210171888667942994e+02
1.065426776215862446e+03
1.041309153121923146e+03
-2.410965071472565171e+02
8.516842038354324984e+01
-2.204606851568705395e+00
-2.952337387951349115e+02
5.837589087810133606e+02
-9.256464523094334709e+02
-2.908781699529355933e+02
6.203062739084316490e+02
5.064413674761447623e+02
1.530713860981944379e+02
-5.887735047580591754e+02
5.861928898304868198e+02
-1.434746665612770130e+03
-6.642977135635862851e+02
-4.485729293439540584e+02
-5.839633391646393648e+02
2.914395758333117783e+02
5.762603810133240358e+02
4.960843062638718948e+01
6.239949040805310432e+01
-3.436993790860593094e+02
-1.785666664111704733e+02
6.088529147387976082e+02
-2.660422518625598514e+02
-5.219446144329612025e+02
-1.089506860689442419e+03
6.247333411423696958e+01
1.938087224985248724e+02
-4.527720445213108746e+02
-7.082846156409342484e+02
2.660042920172104459e+02
1.280434793471768558e+02
3.920543590853079081e+02
6.442999670180381599e+01
-3.720614889411061199e+01
2.634856669074160322e+02
2.528763758231123688e+02
-1.752832158206547604e+02
2.630474632145030114e+02
-5.036080739978812915e+01
4.985285001630300599e+02
-8.773955268982274447e+01
3.840784360916746323e+02
-4.071374361829126656e+02
-2.352502231698986748e+02
-4.605806359337449294e+02
4.778266905894651728e+01
-1.676842721089305712e+02
-3.024361805578371332e+02
5.380625966320328644e+02
-3.216404350883807695e+01
-3.927979386062420986e+02
4.462368232800599230e+02
1.946381464765155833e+00
2.884254632604424273e+02
1.976953260267190728e+02
1.301299161821322627e+02
1.350339528867768024e+02
-1.656878588894677478e+02
3.598497443526907205e+02
2.476397663083388068e+02
-1.205886683540278170e+02
-2.470345756663288341e+02
2.913953820435108923e+02
1.599858098667733657e+02
4.757788513794312735e+01
4.602962141145123098e+01
-1.119309426053276297e+02
5.629249183325886179e+02
-1.552627805451946870e+02
6.484216361266919648e+01
4.404347348321589806e+01
8.266653097386403033e+02
-1.742819919272299387e+02
4.543104439348737174e+02
1.891905272102216031e+02
2.508862270711290705e+02
8.607492351036447644e+02
3.810838391376519780e+02
5.478039228350157686e+01
-2.644832714312455479e+01
2.934754534633438539e+02
-1.325375308664467866e+02
-1.005539875599331481e+02
6.900421851031589426e+01
3.818853735293552063e+02
1.245305430975602263e+02
2.735068672337073963e+02
5.592258562243123379e+02
3.008958770014363040e+02
-1.501823027790219953e+02
4.272371679816802157e+02
-1.452884592055723942e+02
2.478716590697156050e+02
1.279785381740922787e+02
-5.806421682026989401e+02
-1.231416970507409729e+02
5.796397768158951891e+01
-4.239428453791606444e+02
-3.178266886675166916e+02
2.293215049271517501e+02
-3.841415775694686658e+02
6.851950145929284020e+01
1.406933245253018754e+02
-5.795283477436483963e+02
1.943571705873381461e+02
1.407110326620631611e+02
3.485411224649645874e+02
1.427319074254043940e+01
-3.416726874933321483e+02
-2.961505228381239476e+02
-3.323293462512110352e+01
-2.519646585154470699e+02
-3.065610908032114139e+02
-2.288263651414733033e+02
-1.536059251377668886e+02
5.793969220132841969e+01
-4.705516511270502065e+02
-1.614823774438408464e+02
1.516982216189684607e+02
2.280078534541045201e+02
-3.677329927102890679e+02
-3.642982395161519662e+02
-2.309067573804632616e+02
-3.211728770745836528e+02
-3.140703849401767229e+02
-1.720902708331958593e+02
4.682995527979082340e+02
1.171432508545186977e+02
-1.042663463024311454e+02
-1.583373815596094403e+02
-2.620180012296037475e+00
3.009543964884071343e+01
5.685185208222324036e+02
-3.647749398827390337e+02
1.437075704353434560e+02
-1.326729832340884343e+02
-1.575757274471819187e+02
3.277166232762915854e+01
-4.422300947585775930e+02
-1.081842058043723682e+02
-1.452682967447937585e+02
-1.112343803044626043e+02
-4.708961996477406728e+02
5.276808352671118030e+01
7.294697239457818227e+01
1.412221972572535549e+02
-3.550478528691183300e+01
-1.255756996570854653e+02
-1.732188554893679679e+02
-2.202803436058503053e+02
5.225910332302915862e+01
4.114771535586635309e+01
1.642035783706220400e+02
-8.304909532569939756e+01
7.092004824966940646e+01
4.906902824773944616e+01
-1.378842195424021781e+02
-1.099583091040264371e+01
-2.663588486435474465e+02
-1.260008557945799055e+02
-2.199424059340163637e+02
1.402174294533534180e+02
-5.906377004609199588e+01
5.123826375377645803e+01
-1.540663212130768045e+02
-1.473524800055569983e+02
-2.612780513264860360e+01
-3.808925937741133083e+01
9.647162594881206132e+01
-8.862853909780334050e+01
1.579187886758407444e+02
3.696732820706767342e+01
-1.242070984965610592e+02
-1.025269788678170357e+02
7.940877687276463348e+01
1.159957383751926443e+02
3.534469583496014877e+01
-1.274838446643906735e+02
-1.474111342574631180e+02
-4.227047793752936968e+02
1.327286877146866573e+02
-6.334775012172482178e+01
-1.217731521279476539e+02
-7.859603820052385004e+01
-2.240350442423578059e+01
1.204741257562619978e+02
-1.474096931612510559e+02
1.646910490691361417e+02
2.411085859333003327e+02
2.456593471051805722e+01
2.876738437572156499e+02
-1.205135418271644596e+02
-8.133797266125840508e+01
1.175003235459148243e+01
-1.921340144046181706e+02
2.286201133620639894e+02
-2.604708367143965120e+02
-4.336625800869911131e+02
-2.694852352405749230e+02
-1.382382012990486153e+01
-1.044714219101661143e+02
4.121721915271988479e+01
-1.637231841133575188e+02
-7.062397523589237380e+01
-6.227116764268372151e+01
9.272553456978022268e+01
-3.578374241389992250e+01
1.816719393166235008e+01
1.909446201713152291e+01
-3.024001330754874175e+02
-1.707891610002212701e+02
2.321354810741108849e+02
1.575529265376162584e+02
1.534188614555657750e+02
1.605450582261252350e+02
1.758902287368554482e+02
-3.405745986186318532e+02
2.958229456229316270e+02
-1.405404160178881625e+02
5.263319610921898573e+01
1.448754062937898652e+02
-1.365580000337826334e+02
-1.308116969481956176e+02
-2.366715156094201689e+01
4.807401734975665697e+00
-8.339750523844475083e+01
-1.580246528857302621e+02
1.748428921146877428e+02
2.107584751635137650e+02
8.667960796520267763e+01
1.656217685482728825e+02
-1.549561441809182583e+01
1.396288701063463975e+02
-1.901056429815864988e+02
1.533614445817820808e+02
1.343077542446611616e+01
1.751522699343701390e+02
1.955857047385991052e+02
2.554701126660257273e+02
2.350417692528483826e+02
-2.332176538838621482e+01
2.685017067371576083e+00
5.506161201100879765e+01
2.196021932587112957e+01
6.957168021805192382e+01
-9.882639581862517275e+01
1.432947856007239977e+02
