-6.882385870153196265e+03
1.862414600864322210e+03
8.267451106945272841e+02
-3.458821483389365767e+03
1.539444857514260093e+03
-1.977857176625940156e+03
4.400708082459534012e+02
7.237794059251547196e+02
2.776409560228443752e+03
-9.441969927274262773e+02
-3.845233841226475420e+02
-1.308824254932818576e+03
1.210855759709723998e+03
3.220288075788615743e+02
-1.130812876146087774e+03
-1.436714901468884307e+02
1.451625143799680473e+03
-5.180961802112431087e+02
2.834292298874956941e+03
-4.038015477754949956e+01
1.093603765222467928e+03
-7.744972267290987702e+02
4.568951803050440503e+02
-1.387694500310125704e+03
-2.235054640462328166e+02
2.587326427599164731e+02
-9.030382705653391895e+02
6.674931554291266593e+02
-1.332397451952105484e+03
3.364552089794158860e+02
2.385491607563902221e+02
-1.381004467649886465e+03
2.652485608812078794e+02
-3.068169219024913446e+02
-1.699060820754914403e+02
-1.625179274554081985e+02
4.843678252919885807e+01
5.387115595527457117e+02
1.481689542989738584e+03
-2.084519636828585476e+02
-1.267728321781562954e+03
9.904487139781688256e+02
1.565078547111768330e+02
-1.170476442590490933e+03
-5.483742663180333921e+02
-7.122367096776894186e+02
-9.628063059759895737e+01
1.999136812352071502e+02
-6.355019312955317901e+02
-1.489591031864729871e+02
5.033213379886024654e+02
-3.674240263901952517e+02
1.384610097573064422e+03
8.151511996583091957e+01
-2.051344831455261186e+01
6.639349366948580666e+01
-1.188017410153898254e+03
-8.509403642994193433e+02
5.993769177844139904e+02
-2.941877121045196759e+02
5.395876789738798607e+02
8.145648913064849239e+02
6.810762518879935214e+02
6.667962310748654318e+02
2.120994208328474073e+01
5.301960014075476693e+02
1.519735035640211436e+02
4.258912255820628161e+02
1.172139031033388363e+02
-2.512124764068579452e+02
3.010138874061960337e+02
8.705261197566763087e+01
1.035984289261908486e+02
-2.126370145892344681e+02
-7.681734068536601967e+01
-2.024587527024406253e+00
6.236667184176695145e+01
-3.966698410570386386e+02
2.612345526446549115e+02
-2.523896662111961859e+02
-4.127936638956919069e+02
4.929799775504192212e+02
-2.854920511299071677e+02
-6.677914817231538791e+02
-4.066142353759094590e+02
2.921031891584666482e+02
-7.599226901836696868e+01
1.549287219648054474e+02
-5.654582347536866109e+02
-6.333535481284233128e+02
2.385529217851340889e+02
8.296801083790312248e+01
3.422712697203257335e+02
-4.785502716651679123e+01
3.084941941476257057e+02
-1.430348167617684396e+02
-5.811047903126586078e+01
2.183984285704843842e+02
3.486552019193596266e+02
1.027347579608354877e+01
-2.001491417685737062e+01
-5.389641803907919027e+00
-1.335870435887106566e+02
5.528671759506889885e+02
2.010342856555574542e+01
-2.009697002723824539e+02
3.009008398887007729e+02
5.398656289296427246e+01
3.712608224727637918e+01
-1.212525979581719504e+01
3.527466318723338077e+02
1.243777396065984817e+02
2.294710253818567764e+02
-2.028977686299849950e+02
3.077642518632001725e+02
2.071057514466712917e+02
4.867229721106174622e+01
2.006631958628646260e+02
-3.383244159126444970e+02
3.377775669281636510e+02
3.316526925017299732e+02
4.740987704722143548e+01
2.089030218231529830e+02
2.851998579496461406e-01
-1.294704705580949167e+02
2.162831855334675879e+02
-1.891550319083512761e+02
2.086444260855408288e+02
4.350073196632724830e+02
-5.781115319178668415e+02
1.195075155881544404e+01
-9.155963618328827991e+00
2.550898851515567571e+02
7.057610751379641556e+01
1.484067953008733980e+02
-2.748220104292792030e+02
-4.337003992250339834e+00
-2.331554856121483397e+02
-6.201614895572332387e+01
2.543453072690774945e+02
-4.454971592237055944e+01
2.709795194020396707e+02
-2.298047600491473474e+02
1.220130572860704348e+02
4.652640405058149327e+02
-1.265235653528620219e+02
-3.265467037993664121e+02
-8.311675514188758029e+01
8.574074343308338086e+01
-4.320405588649101105e+02
2.126647810783651593e+01
-8.993847682461003501e+01
1.922467771632163931e+02
1.374558384042866521e+02
-2.251581346145051441e+02
-8.823287392681018559e+01
8.790098035378537134e+01
1.254212830109445207e+02
-2.165214364427259568e+02
-1.398796917024129449e+01
-1.005413571658161374e+02
-2.593164767387283121e+01
9.216327643352045129e+01
-1.789483846690628752e+02
-7.156869019309479540e+01
1.346780287732695740e+02
2.657208167741626426e+02
2.346365167786321422e+02
1.250411278315088914e+00
3.789072523631649148e+01
1.074349039563201131e+02
-2.863701587906518284e+02
-4.306445608948988024e+01
3.069216179467156280e+01
-7.676054368424543384e+01
4.846725385905170214e+01
-4.362636232090924437e+01
1.392836250197029528e+02
3.015227023520596816e+01
2.033985184038985494e+01
1.291285419226415456e+02
-5.119845140838001640e+01
-3.894088341268720797e+02
2.512008399398557970e+02
1.052306319421264789e+02
1.018582760987466607e+01
9.316822762916920908e+01
-8.815680386545521685e+01
-3.330192069576494163e+01
6.813020202552888804e+01
-1.322417943523249164e+02
2.090427615150907457e+02
-1.791632302774579841e+02
-1.512333958602841477e+01
1.133263030504205773e+02
-1.103177716890415780e+02
-7.244023495551456904e+01
2.194535178351201523e+02
-7.902362584136598400e+01
1.226296152226842651e+02
-4.842932899891935250e+01
9.162129728453362532e+01
2.938421936498028799e+02
-1.230628863748309527e+02
1.190400013289759897e+02
-2.230348156371545087e+01
-2.074326909367736675e+02
-9.270511836855061460e+01
3.091157124076760354e+01
2.042742741759431340e+02
9.132774160870138758e+01
1.022004933991305933e+02
1.409878303274524569e+02
-1.894314575497571411e+02
2.110796434059302484e+01
2.150695773621272622e+02
-8.971522567828536410e+00
-2.275684387477340920e+02
-3.537481692499170549e+00
-7.886676999800927490e+01
-1.240730354136043871e+02
-4.985595118908009482e+01
5.219754752962603561e+01
-3.939602846594510765e+00
2.973212364950072484e+01
-3.766366798432581220e+01
4.595385851873783167e+01
1.258067030224752614e+01
-1.391191394250085409e+02
-7.435566460947711676e+01
1.156084689965358052e+02
-3.330912213874487549e+01
-2.089538915513560653e+02
-1.641344703837807231e+02
-1.316616553109336394e+02
-1.330929003930377235e+02
-1.923418424282852754e+02
-3.619451991487886033e+01
-9.308506719111323946e+01
9.613804362613551291e+01
-4.406936834483997245e+01
-1.656510023566915208e+02
-5.006093811403531646e+01
-2.591993634449022466e+02
3.804199879929431205e+01
-1.909566872873200083e+01
1.686968389628174521e+02
-1.194594500390517453e+02
-2.061698281856437518e+02
5.861144671073550683e+01
-3.826699023591758220e+01
1.155599065978038880e+02
5.979974361531407823e+01
-8.179922922757906179e+01
1.567510157916302660e+02
7.370730239226786296e+01
-2.617067491394212553e+01
-2.127316279316617198e+01
-2.218149669788948017e+02
2.737150224545315069e+01
-2.915882631913052236e+01
-8.344814046639066873e+01
-5.003189601424084998e+01
1.867249968283598491e+02
5.330863814148591473e+01
4.486464485802651581e+01
3.878084597389716492e+01
-1.984421829191219047e+02
-1.318116794102740243e+02
1.010318690558789427e+02
7.641684835720127467e+01
-2.631757689416425450e+01
-6.107952383860302348e+01
-1.219669670294538832e+02
-6.565489565866947430e+01
-1.505004248736269972e+02
9.596304915369189814e+01
1.875861766066036580e+02
-2.824053974409172341e+01
-1.489265313529198238e+02
-1.314347282905306429e+02
-6.378830954744361748e+01
-1.090809446921783454e+01
-5.957393843317596094e+01
1.636939003175326945e+01
-6.807820291214599706e+01
5.215276114946723141e+01
1.326678039605813524e+02
1.118199410865589556e+02
-1.225929430564029303e+02
5.584709307879134776e+00
1.303613939798064507e+02
5.971632386087932787e+01
9.362645025905647955e+00
3.307950333196737347e+01
4.115436661522867468e+01
-4.994342580301105983e+01
-1.974155199286172646e+01
-2.420721499820997735e+01
1.439198474347440460e+01
