5.231238960975781083e+03
-3.437466440205491836e+03
-2.797830652279190417e+03
-3.772851723294942076e+03
2.721091333009452683e+03
-2.450067436166742482e+03
3.672649050917992554e+03
-1.056489380897116774e+02
-1.454143364809247942e+03
4.369626495040390182e+03
-1.788993908117721048e+03
-2.019226286236878195e+03
1.377321686679165111e+02
6.271831869140637536e+02
-1.390411556030652036e+03
5.400746234203840004e+02
-8.749884806332952394e+02
4.288605501466481655e+02
-3.876272324634793449e+02
-8.604081031502917085e+02
6.854313737664826931e+02
1.935311072743153773e+03
-1.844480621950665125e+02
-2.873195990899638446e+02
7.726390195794521354e+00
1.314795150817201829e+03
4.124492762682780267e+02
4.475261170556430557e+02
-1.005622498514788049e+03
-6.402878086672378686e+02
-9.877523931786562628e+01
-4.828381568441707827e+02
2.965859780619643971e+02
-2.625389009945594694e+02
2.273935902863107970e+02
4.894816314654177063e+02
2.687953695008959016e+02
4.793781769579066463e+02
1.198714281786036508e+03
-1.272847922149395345e+03
9.328660113442576858e+02
2.048121650543638452e+02
-4.943406156833786014e+01
1.756725135821454842e+02
2.631886349341123150e+02
-3.233171026787036908e+02
-1.721484946714029434e+02
9.598811244475535887e+02
-9.586508127791416882e+02
-1.084089274942146631e+03
-2.316309891374075107e+02
-2.365934944603470456e+02
-7.104328724356199700e+02
-4.808320147382949017e+02
8.967413107942536499e+02
-6.870811936436294332e+01
-1.128863187147150313e+02
1.807566816069776507e+02
3.039894693623681405e+02
-3.882760645869935843e+02
-2.183887980611273747e+02
4.960196148784224590e+01
7.469804619172625735e+02
-1.321131359269203642e+02
-4.384406360816128654e+02
3.980947075081737125e+02
-1.527137034890057805e+02
9.169899515649512978e+02
6.176736392212990268e+02
5.165883046880873053e+02
1.858398006917391854e+02
3.439291475535121663e+02
-1.808101984138899070e+02
2.283426459040638008e+02
1.007921326589072386e+01
-4.124797066260621818e+02
3.266750451081879305e+02
4.494738438684604489e+02
4.186668482845495873e+02
-7.619937390362925100e+01
-1.133309213890869103e+02
3.531657708227966168e+02
-1.714329296314712110e+02
3.152793543438582446e+02
2.606969670867450759e+02
3.049003008938398125e+02
-4.527487396824661232e+02
-1.819908579972857510e+01
-2.507811327369647927e+02
6.360865525259895747e+01
4.166503393510548676e+02
2.626446549106820498e+02
1.215118333773270933e+02
2.438104313711793907e+02
2.891383507677762736e+02
-5.124664008018530836e+01
4.631112958976844425e+02
2.677416786788311356e+02
3.044811293204656408e+02
2.089778339533502844e+02
-1.215774990482919549e+01
2.983689718728199978e+02
5.971920741389489251e+01
1.690671583815883494e+01
4.780993855132377348e+02
-2.917822506021101958e+02
2.365974741547751847e+01
-2.982345978330985190e+02
2.046375577774846022e+02
2.142216922303324367e+01
-6.632372997191430386e+01
1.378854447644998800e+02
-5.687912290970553642e+01
-3.811128459089211606e+00
3.390918895381459492e+02
-1.587062231266361891e+02
-1.568179824941797165e+02
-1.798313635402553246e+01
-3.851345818893733064e+00
-3.793012707806656891e+01
-1.481898641260347205e+01
-9.803230622294672969e+01
-1.190848801223899045e+02
8.356170917424226730e+01
1.756495856710284045e+02
-6.465826061821277904e+01
1.745392306836019714e+02
-8.272081416985896851e+01
-1.428462222617243071e+02
-6.839692218633580012e+01
-1.554337788665105506e+02
-2.888230123729611165e+01
9.679816365273336487e+01
3.145589810964968791e+01
1.835372113557907312e+02
-1.553611625698647458e+02
-3.513352462148414901e+01
1.067646961381787065e+02
1.202818867399082725e+00
1.428723199099457304e+02
5.157851314878003990e+01
1.834823738584920250e+01
3.374434140180107011e-01
-5.082990177142114163e+01
-2.421259702886055720e+02
2.933319060856281908e+02
7.271713612294789186e+01
-5.518183318995141207e+01
3.950328714437768696e+01
-5.660292118146451656e+01
-2.519528553046094430e+02
-1.212229664806756446e+01
-7.866447665511972787e+01
-5.365527016467489574e+01
-4.555503828823369616e+01
-7.647873683024624825e+01
1.899474745815170991e+02
8.012366099453363688e+01
2.122522753212869020e+02
7.850076662162983610e+01
-1.237919103668159693e+02
-1.541556872192079766e+02
3.442432769100723533e+01
4.323495637986456330e+01
-4.461935119845203701e+01
-4.982954259171026479e+01
-6.394228714110017364e+01
4.771477820021146243e+01
1.326814284570600222e+01
3.799248760249349743e+02
7.412146649434313872e+01
2.005613570512686863e+02
9.374112680337080405e+01
-1.336870495045027951e+02
1.315295304445446156e+01
-8.686924177821938997e+01
1.534564950707308029e+01
-1.908614174121568041e+01
-2.431643363177014905e+01
-4.398222540691098459e+01
1.169456506906391624e+01
1.571558547437274456e+02
1.262248179748221304e+02
2.402528170235030132e+02
3.731572145870688750e+00
6.832774972756068621e+01
-7.573885680558147726e+01
-4.898497413995244898e+01
1.160579480904151666e+02
2.517763656005076882e+02
-1.056211802544708149e+02
-7.561020138244305144e+01
-1.294958914423607439e+02
-2.777059621525472153e+02
-1.463358008984352239e+02
-2.475854578445032246e+02
-2.768251671770133271e+02
7.988404899649982838e+01
-6.367425401562442033e+01
-5.107309083492271640e+01
-3.145271093813341849e+02
-8.483055299794217774e+01
-5.228571069257100845e+01
9.608417077706477016e+01
1.652398862278551803e+02
-2.125171821613061240e+01
4.577258416435994803e+01
1.109436898756152488e+02
1.397694756306974284e+02
-1.386130494971400537e+02
2.032319960698478312e+01
-1.869195929804892486e+01
1.307847363764778663e+02
-2.271830080113263506e+01
1.625572879868086034e+02
3.576254550392766518e+00
-7.670596220350341810e+01
6.354856976598407670e+01
-4.928745441057162679e+01
-1.089307175286069196e+02
6.560107518864590759e+01
1.486085908382728746e+02
-4.461259806226316016e+01
3.073775330904153691e+01
-2.399421630242652625e+01
-6.588449160347788336e+01
-1.094243555268183599e+02
-1.293637517391785252e+02
-4.736671598619729906e+01
1.810510244726219753e+01
-9.174235673181631512e+01
1.093607420574621187e+02
-2.821410349639130999e+01
-2.075236364990160354e+01
-5.397401214687513971e+01
4.248516179288001382e+01
1.349991984934137861e+02
-5.605188774391773876e+01
-6.113890722260009625e+01
5.543896415734440808e+01
2.042058779944233038e+02
6.897896009576214738e+01
-1.091744030950569737e+02
-1.451789559151633036e+01
1.938747481922845139e+01
-4.631583751833622031e+00
-1.697979337458200533e+01
6.969907844273029696e+01
-2.259300526777229550e+02
3.929129772498355067e+01
-8.022857591751899520e+01
2.111112127821195372e+01
2.679296722882157766e+01
-4.608631828463246194e+01
5.180480724782822932e+01
1.069607115605490293e+02
-7.958775397899231052e+01
-9.404441295647517052e+01
-3.470398938452675885e+00
-9.234546473539490208e+00
-5.618665044496808747e+01
-1.730091057300059987e+01
1.572771841474048813e+02
-2.952004404894345058e+01
3.404930052605702429e+01
9.240352063672274596e+01
4.850360370637922358e+01
-1.342753828494607546e+02
1.425578538703985387e+01
-1.469329423227135223e+00
-5.561351937279495417e+01
9.350708787857634263e+01
9.848746014453771735e+00
-7.733430567268138134e+01
-2.026523829688165179e+01
1.327699746152054772e+01
-1.483925247501368005e+02
1.724829791844883786e+01
1.254511899096632277e+02
6.337416816895254357e+01
3.208024748917750912e+01
4.270986123772457432e+01
-1.014410030452541918e+02
1.852359745924882262e+01
-9.385752877954557150e+00
2.228079409029730229e+01
-7.375277484857731736e+01
-2.184667593432642718e+02
-3.464743011990459109e+01
-6.296005653765659105e+01
-5.216128631029093299e+01
-8.239649098422340501e+01
-5.816254527862106727e+01
2.945600136601134622e+01
-1.945218235266705875e+01
-1.444504129094588336e+02
-1.830239133828206732e+01
4.566453308961985158e+01
-9.468645468363594375e+01
7.036147965847321473e+01
