2.052884847937927134e+03
-4.890119132623822225e+03
5.532523398470079883e+02
-4.223776362881544628e+03
3.782466404687431236e+02
-2.637170742686992526e+03
3.933733873014854908e+03
-2.337353531498492430e+03
-4.294582727941782650e+03
2.037385557889783058e+03
1.096400851445327135e+03
-1.227648820865417974e+03
-1.514161760872518244e+03
1.232450902564192575e+03
2.014487336011794014e+03
2.476640465320985186e+03
-1.831087981649695166e+03
-2.807348713561973000e+03
-1.080625371961125893e+03
-7.966301046057922122e+02
-2.588235221401985200e+02
7.323276038652796842e+02
-3.741800108690534898e+02
1.927802104180925426e+03
-1.451385135358234720e+03
1.009575797066988457e+03
-2.488972033273224952e+03
1.624922115234162732e+02
-2.559433309356346342e+02
-1.075785412252587548e+03
2.306604878447006683e+02
8.673360978308138556e+02
8.921008813004903004e+02
-5.244798204946587248e+02
-6.860706807882228020e+01
-6.999354815834445844e+02
7.684101432633764261e+02
1.510869874282937189e+03
-5.669659264448184786e+02
1.252978451734765173e+02
1.044657528479392113e+03
3.041766271519382485e+02
6.336507896855514446e+02
6.177289554395451887e+02
-7.569928471159394121e+02
-1.321674475556741299e+03
-3.290356717000607887e+02
-1.949414866774845677e+03
-5.862944664867574147e+02
-1.176670815058779738e+02
5.966409726325146039e+02
-9.485631497385899138e+02
-5.982931578887756814e+02
-4.423729806365254262e+02
5.735414365535942807e+02
1.823711945034021937e+03
4.085681624407792611e+01
3.241364919350592686e+02
-1.559397680691369601e+02
-8.251479026315614647e+02
6.575195787163260093e+02
-1.710461429419690376e+02
-7.410293613484547848e+01
-7.677429860228941152e+02
4.870769109187869361e+01
-1.721196425003465720e+02
-7.187877181086375344e+01
-1.881123524543634176e+02
4.280245066655572828e+02
1.163671397358054378e+02
4.236404562234310447e+02
5.721140356620863940e+02
-4.583989230725035782e+02
-3.260573234469005115e+02
3.535974118084545239e+02
-5.258561437179871518e+02
6.690675464868886024e+01
3.890424095175962975e+02
-5.928219498595259438e+02
-6.561812418341318107e+02
-1.518566525609058999e+02
-1.875310526241965761e+02
5.782794308919354762e+02
9.410640636893477904e+02
-3.263873513063938958e+02
-2.679905247841861637e+02
5.505193428661137887e+02
-4.581759252410505212e+01
-7.343403442442121332e+02
-5.089674248976539417e+00
-2.214133088444585837e+02
4.513210691016893747e+02
-3.717619741788515739e+02
-1.559088173336557475e+02
-3.852958424402140736e+02
-3.925732986750640521e+02
-7.080129320225200900e+02
-3.693473803467867356e+02
4.254315343886431577e+01
-2.210430022889244981e+02
-2.178247069259502666e+02
5.039456966127171995e+02
8.583526046605941318e+00
-3.007377689505113949e+02
-1.173700763093917203e+02
-2.859077302876111162e+02
-6.755856967073763997e+01
4.811647091280060806e+01
1.214450820397104813e+01
-1.841987135491079357e+02
-2.066255871503628612e+02
3.947897828287052562e+02
4.767682380946426974e+02
3.758731115778386993e+02
-3.096465015509998580e+02
3.145140138441097974e+02
7.534048998621730675e+01
-6.258772543283347431e+02
6.233069245156605120e+02
-5.966460056235274578e+01
3.474337430187811719e+02
-4.077216033541049569e+02
-1.509953332827188532e+01
3.728469952866752806e+02
-5.511464697036932847e+01
2.469683643259926242e+01
-1.680267658523260650e+02
-1.392445440026705512e+02
-5.359734937910571517e+01
-3.214011841348257121e+02
3.376094279771543825e+02
-7.700245602275040824e+01
3.839663946666142351e+02
-6.728229378786225823e+01
6.516672077932240370e+01
7.085308815651306702e+01
-6.130455848817757669e+02
1.616030230300075061e+02
-2.601700752831663621e+01
9.401174181942081987e+01
-9.699249779165107554e+01
9.560560431590893415e+01
8.707506348320653444e+01
-2.155482918121925096e+01
-7.303967388161503038e+01
2.647574578726757277e+00
2.329240203210053721e+02
-7.946302239070767826e+01
2.754956137384290127e+00
-5.389065438764841076e+01
6.180540883505415195e+01
9.720843565359182037e+01
-5.942731755446103392e+01
2.790423537329317583e+02
3.344760669687400991e+02
-1.820140614850197949e+02
-6.265204606962635836e+01
4.311510401689159835e+02
-1.590668861463577457e+02
-2.097332242336515833e+02
1.036910218270376447e+02
-3.087328559457714618e+02
2.322294920690583186e+00
3.265257268388946272e+02
-2.242287197898008344e+02
-2.406074638915276296e+02
1.649061211584367470e+02
-1.825556059085484506e+01
2.366922174230242888e+02
-2.237588277633092204e+01
6.979460771585071654e+01
1.196888947199779949e+02
-3.502460731343566067e+02
-1.691302833520622642e+02
-3.766395083882673589e+02
-7.966183228528241500e+01
-2.431832390501334942e+02
3.300873312088517082e+02
-7.729742404378202991e+01
-3.068225901434950060e+02
-1.134227743946785267e+02
-1.084133097445586742e+02
1.565745622611377712e+02
5.271608575529563723e+01
-1.860778765698793507e+02
2.368849832506348037e+02
1.584924432533631489e+02
5.240786227261577324e+01
-1.530548840030302316e+01
-3.332020580900589835e+01
-1.628023955794297706e+01
-1.049462709042686868e+02
1.583146941495387807e+02
-1.767032034454231848e+02
-1.921724292901615456e+02
7.832395293944206571e+01
-1.954191606707482549e+02
-2.616712258540455878e+02
-6.078501092979541554e+00
9.433409745389049306e+01
-8.878558940523741683e+01
6.027350762377518123e+01
8.927741145703808456e+01
5.934388941573930509e+01
1.207206213218298245e+02
2.470071199686857000e+01
-1.866029936602349721e+02
4.353549563425136171e+02
2.858229003935161927e+02
-9.146630497783522173e+01
-1.204542211220639700e+02
2.114786731624941751e+01
2.075067303742905711e+00
-7.388372678875350630e+01
-3.446975502600992769e+01
2.474732105344797617e+01
6.434843341883276935e+01
2.466045972015722327e+02
-3.539127425684688433e+02
1.409215373079235007e+02
6.567407110399800274e+01
-8.947943532247218457e+01
-5.730959908469741038e+01
-2.583600957020514670e+02
5.298431532972842462e+01
-6.378461439680717859e+01
-2.416125010084452907e+00
-1.704658867843548933e+02
4.338027439405749419e+01
-1.340957799664058427e+02
-2.334922787319819406e+02
8.718840585591594916e+00
-1.188342405982481580e+02
1.422114550463881528e+02
-5.648556152739773495e+01
1.783594251821917851e+02
-1.243515160880740211e+02
-1.135606101941841501e+02
-2.032208694000727860e+02
-1.490469657201187772e+02
1.743371473396719011e+02
9.381689409221827702e+01
4.766539458897162262e+01
-3.348484296306641284e+01
1.831962161128739552e+01
2.497800617152302891e+02
1.102046886268906007e+02
4.085057339840685842e+01
4.328160404162171915e+01
8.625983838730141429e+01
1.579443126328630456e+02
1.842540297921617878e+02
-2.117838725969565772e+01
-2.227017924240469426e+01
1.159369488282466421e+02
-7.985310353654154092e+00
-6.999545629468141783e+01
-6.148783368689259987e+01
1.226009526335494684e+02
6.575979498777671495e+01
-2.746974250061223088e+00
-6.291580684000994950e+01
5.170834977102485652e+01
-3.621981561595055865e+01
1.572830138290392767e+02
4.762422144635186072e+01
-8.138575711482639008e+01
1.280209474532681782e+02
6.551777940355596286e+01
-2.581228393904164164e+01
5.050285425217811053e+01
-1.203727759636858075e+01
8.455121842362571272e+01
9.430748762090095738e+01
-8.677238465212597873e+01
-1.239205511095956957e+01
-1.066532611903691929e+02
-1.217821020739057047e+02
1.638588464198411714e+02
-5.096998171662423971e+01
-2.036146297651656596e+02
9.946631983068563443e+01
5.512252483887395016e+01
5.977215863323668543e+01
-4.217054378066590203e+01
9.240395654158081129e+01
1.341698903902230455e+01
1.163353904621315564e+02
-1.131578156354961209e+02
9.727685814099034189e+01
8.275817996232652263e+01
4.585924888826121304e+01
3.406998457943515035e+01
-3.853772849610002993e+00
1.072716322235666411e+02
-4.358827728789231770e+01
5.589238964947745814e+01
-1.042645750025128706e+02
-2.815891318549716615e+01
5.521758768642579440e+01
