-6.977752500146431203e+01
1.427851208074321903e+03
-2.257687311654909763e+02
3.138833870689232299e+03
2.726713221114759563e+03
-4.086327789583764570e+03
1.068889344431672725e+03
-2.399003046397133858e+03
-1.819458801875505003e+02
1.094156325655363162e+03
1.380633395586286838e+02
-3.204875731904997338e+03
-1.138450764281054148e+02
-1.479959224050249759e+03
-1.560518225941389574e+03
-1.478476332677988694e+03
2.062863513845918987e+03
-3.029344758799923554e+01
1.165019964198025036e+03
8.486442800023270365e+02
2.183106352400230662e+03
4.896509133909522689e+02
-5.815256408497974689e+02
2.102869332910260709e+03
3.274732362121107485e+02
9.968345345929031964e+02
6.579970378053172908e+02
-6.677368637872471027e+02
5.250109770502929223e+02
1.945344021964995989e+02
-6.995121866316832211e+02
8.819049992635378885e+02
-5.859408562911845593e+02
-9.177611340021802562e+02
-7.943481985392609204e+02
-6.735477988916001095e+02
-3.061145004450092415e+02
-1.165469116829150153e+03
-9.536569986952049476e+02
1.408167194269040692e+03
1.342175250869312038e+02
-1.578907699733248592e+03
1.510956977561790609e+03
1.027360733177570182e+03
5.666563624827376771e+02
1.553444513988571998e+03
-4.540826017306754352e+02
-9.470918709409546636e+02
1.523129060859826609e+02
-1.255139288044458112e+02
3.024185524149593789e+02
6.587035565345411214e+01
7.227306020321140068e+02
1.033291979026231047e+03
-1.384649489453795468e+03
-2.427038941776314971e+02
6.500885215193807198e+02
7.404597415167903591e+02
1.612716148455909604e+02
4.417461597907345663e+02
-9.405383988259060857e+01
-5.592250044677457481e+02
1.414455512472628982e+02
-1.031500200125293986e+03
1.166246875055929593e+02
3.213241279282319596e+01
1.812832797833305278e+02
-4.805622258705690797e+02
-8.138668980920942886e+01
1.710573662219258892e+02
1.940190373269839768e+02
6.605893927950971829e+02
-3.202716172111225887e+02
1.776131065944448721e+02
3.976773037673767135e+02
-3.048512484290795328e+02
6.410020691753430810e+02
-2.612203728939254574e+02
-4.996223229686367517e+02
-3.055960143145610886e+01
4.960298361359103296e+02
-3.081688937960976773e+02
-9.522622387050479631e+01
-1.113662001031478326e+02
5.978599180174261392e+02
-1.112288006794818358e+02
-2.282876031291778531e+02
-8.237669682475416266e+01
6.841476600906793237e+02
8.271099045773900116e+01
-5.858296375364262758e+02
-7.448368337105318915e+02
-3.437502842914483381e+02
-2.518622552416973690e+02
-9.299495558157492070e+00
2.191620617187562630e+02
-2.986395431453003653e+02
-3.730565378630082023e+02
6.921214810146207697e+01
-1.445693205785588020e+01
-9.406810531883262172e+01
1.316932887840486330e+02
6.672392465488019297e+02
-3.691172064811311770e+02
1.647189163802939902e+02
1.378838439164405827e+02
-4.990937148041015803e+01
-1.734266815108108801e+02
-2.457191525159277390e+01
2.198238282882009855e+02
-2.217366107452452297e+02
1.540165031929652741e+02
-8.157373387813237287e+00
-1.001206294257910372e+02
-1.377539117095659371e+01
3.141280858740251603e+01
-1.843222104190778055e+02
-5.830894308956410299e+01
6.556553772367971078e+02
-1.626126244298799151e+01
2.954311127703157354e+02
5.687606876832521863e+01
-2.719833188138086371e+02
5.277086841208488011e+01
-1.251848009951234530e+02
2.455466246453869701e+02
1.260040938598079379e+02
-1.592786118288954924e+02
8.782897406261120921e+01
2.166197081705995515e+02
2.946689530957706893e+02
-2.919949015252656377e+00
-2.271368256239662173e+02
1.414646140283116722e+02
2.535060064964882542e+02
-1.056593365436489620e+02
5.780658711224744195e+01
4.262317161978097957e+00
8.561509067554921160e+01
-1.426486112772034858e+02
1.930035988994238210e+02
3.536489970455836556e+02
-4.440674635245990203e+02
2.657183440766480089e+02
-1.620245244922492418e+02
2.571568405150806029e+02
2.406675859408045142e+02
-3.094324027227256124e+02
1.808282678715695226e+02
2.273657776625340432e+02
-3.201699653694064409e+02
7.949641264808199992e+01
2.118564446769488256e+02
-1.160836931747269034e+02
1.355475766571031215e+02
3.119815698430286943e+02
2.567230621969116555e+02
1.069091055954447427e+02
-1.453844814917984536e+02
5.557425084782491922e+02
-2.052709617332670291e+02
-5.063958398094335962e+02
-3.523811952821864679e+01
2.484170612734767474e+02
-2.582296719928702089e+01
-1.401749658754190193e+02
-3.184886612037980171e+02
-2.092115595179794525e+02
2.926376817145113023e+02
-2.122555404540403856e+02
3.033398784964523998e+01
2.555899457435957913e+02
3.370832187476294166e+02
-3.200789413246789650e+02
-2.898323621652083943e+02
2.324618979399175700e+01
-2.533441871397052410e+02
-1.110053317346071253e+02
-1.238223364092683312e+02
1.506914485470395846e+02
2.160388684734131459e+02
-3.701991115235088614e+01
4.441083060060475418e+01
5.127408579783637954e+00
-2.415776095982748473e+02
3.491277941460302259e+02
1.626589936222620736e+02
-8.276383366267025110e+01
-2.009108142565132198e+02
-1.470197908113069047e+02
1.843111428474822731e+02
-5.266224779864909351e+02
1.308433511149264064e+02
9.333985969085843237e+01
-2.751309360444394514e+01
1.199189270427861516e+02
3.194498560585269047e+02
-8.572866176747656652e+01
4.077229340651217626e+02
9.336580317268233387e+01
2.805886377047511360e+02
-1.239761505702980315e+02
7.050037377585951504e+01
1.364588831183384876e+01
2.277177209285973163e+02
-4.646002902133767520e+01
-4.881256672151517506e+01
1.443312178684888352e+02
2.647303342477659953e+02
4.722196605304129946e+01
2.566687170342196112e+01
-2.692600875120377850e+02
3.510085470784579798e+01
-1.766355270511906639e+01
1.432722472004533927e+02
-2.949409534437924094e+02
-1.112660589004301670e+02
8.928368945000407564e+01
-2.077926926461293533e+02
1.071079832897652295e+02
1.631565755720646678e+02
6.890634994914593392e+01
8.367341750088378660e+01
-2.885955887233992598e+02
-1.416756822272804186e+02
-1.226015693545534759e+02
6.746901094367848373e+01
-2.036340783346593639e+02
1.870000665288789889e+02
3.245149602202496908e+02
-1.036274630350748822e+02
-5.139293205988505520e+01
-2.700550289400778752e+02
2.817829503584155191e+02
-2.425882911790295182e+01
-1.975078612131886757e+02
-2.775733980670780170e+02
2.651011670200795720e+02
6.399131815494712328e+01
-1.974166291379337395e+02
5.004435529361267498e+01
1.367613170841071906e+02
-4.202349853385728551e+01
3.598571887867104238e+02
-1.156986524233047646e+02
2.000438604031954171e+01
5.196503640245686739e+01
-1.615380319492968511e+02
-4.380452599781953182e+01
-1.446387714152649266e+02
-8.829788369628806777e+01
5.903775058400937326e+01
-6.792894324118286420e+01
1.513269397127119475e+02
6.980691286863353184e+01
-3.109064692301575406e+02
3.125599571355574824e+01
2.147062199314691000e+01
3.836755827277784903e+01
2.225426619521757914e+02
1.668531271564575036e+02
3.206447531883293323e+02
-1.347553679861615876e+02
1.335145886658241636e+02
3.388786673744053815e+02
2.114097732154134945e+01
7.305227132274073831e+00
-1.462470392253037517e+02
-2.271870211507465172e+02
-1.110475033539168805e+02
1.221995198432410348e+02
1.405295425007587085e+02
7.759197148917604636e+01
2.160552330718968506e+02
-4.060063968296525871e+01
1.077906259615378985e+02
-4.743913777648296559e+01
-6.024288829149554658e+00
-2.428529185735188634e+01
1.201508414622296357e+02
-2.129134884627858426e+01
2.508971831018274941e+02
1.233997878452986043e+02
7.670981490253808488e+00
8.190276428823506194e+01
9.532023043010970298e+01
-1.571943247465579816e+02
-2.688059579747421779e+01
-7.124727851164691117e+01
3.764804248051122926e+01
3.390725587592991701e+02
-5.525070784299040838e+01
9.107968408814218719e+01
6.102458059728422057e+01
-2.730025544850608981e+02
-4.110188332704243663e+01
-1.602746859898784066e+02
-4.158701725628162649e+01
1.673928853823572922e+02
1.760474988997866603e+02
