-4.288684332121102670e+03
-2.875970794558736088e+03
1.527029055373108804e+03
-1.043630012981003574e+03
-2.353370414362915199e+03
-3.345548618176156197e+03
3.515525988169590164e+03
-1.131149521150074634e+03
2.433640780422362241e+03
-1.289663988620423424e+03
-1.267329722587231117e+03
-1.842378608175074760e+03
-2.148252033828464391e+03
-1.559513078134656325e+02
1.169370976133416661e+03
2.576526796165030646e+03
-2.067929848015013249e+03
5.555861053026447735e+03
-2.228396760138301033e+03
-1.275535763196213566e+03
8.904543721521073394e+02
-1.181660242417707650e+03
1.042717394137771691e+01
6.565665260819566811e+02
8.962980410424296451e+02
-4.389814034296072123e+02
2.245759543328776147e+02
3.521857538722186405e+02
-5.281176670682123131e+02
-2.369347244543997931e+03
4.109366204013820720e+02
-5.751868082287300012e+02
-8.003106481484734331e+02
-4.264958832174041277e+02
3.960354007795355642e+02
-4.257163052040155549e+02
7.509687715804160746e+01
8.752846483821879247e+02
3.618421880461210662e+02
-1.079284753882124278e+03
1.257696807699820283e+03
1.468587829857896452e+02
-4.956383148614796710e+02
-9.660595475470119027e+02
1.649481899712212396e+02
-3.571894815730133814e+02
8.396304832698953078e+02
-3.989954628794278051e+02
3.611020386662888200e+02
-3.615116490894809544e+02
3.000217010453734190e+01
8.431056772918525439e+02
5.234977094593334641e+02
-2.376595952264890599e+01
1.310205225352584193e+03
-9.418603473855747552e+02
-1.120084422223586671e+03
-7.683487664651684668e+01
2.649979184452896334e+03
3.205544688769563209e+02
-1.307643084815101417e+02
1.386348121973943250e+02
1.294574892150645610e+03
1.298464740276533576e+03
9.283008152933965675e+02
1.004790009765637677e+02
1.052129143864782463e+02
1.737707331185082893e+01
3.173098140834932792e+02
3.367159847350172299e+02
1.140973514612220896e+02
-1.324378176555832169e+02
8.703109081238350200e+02
-2.760583023483637817e+02
2.932138160190752387e+02
1.295801163812664925e+02
2.407926343982674382e+02
-1.183549386386260807e+02
2.839718636731645152e+00
8.638109877327433139e+01
-1.276967884667557485e+02
1.181000502033353769e+03
1.148563720147455136e+01
3.477447976177082865e+02
-1.801670633695089521e+02
5.620723398837176887e+01
2.186014281928224534e+02
-1.258140386802744388e+03
2.238105565044852199e+02
-5.637320303595483892e+02
2.249155055565316559e+02
-7.141115644323890592e+02
7.981355395217442492e+02
3.689450529935933787e+02
2.414242077592473947e+02
3.474711806495166115e+02
5.181720759141545614e+02
2.003438749985961636e+02
-3.955803414637370565e+02
2.758333354278120453e+01
9.940506202823994499e+02
-1.070573766971471201e+02
-1.773151615155807406e+02
8.805108193271464643e+02
-2.438808571043725522e+02
-8.285977497563553698e+02
7.036142805481645155e+02
-3.493708304810720620e+02
-1.445664252254454709e+02
2.746816984508629389e+02
-8.978839179903968670e+01
-2.959148617556191994e+02
-1.249590621846548402e+02
-3.226820686983487008e+02
-3.975622537803044452e+02
-2.449792125973397390e+02
-7.476873172160379681e+02
4.997663689952910460e+01
-2.336714927748680282e+02
-4.220868183921414811e+02
8.798903428762623662e+02
-6.011474466259402334e+02
-1.955017084232785578e+02
1.915728942356491871e+02
1.507407413909163552e+02
-3.712062843555005287e+01
3.063987630724034830e+02
-1.870240645885122177e+01
-1.180748192122569691e+02
-1.926652774979372111e+02
-5.797371346040960134e+02
7.644023403379713955e+01
-9.982400373268674798e+01
-1.140755828351944530e+02
-3.045765488883768768e+01
2.082029022034035961e+02
6.407466230800260973e+02
-7.724915615490190248e+02
-1.773339630198398140e+02
-4.391148067478248862e+01
-2.639787323898810314e+02
2.332182241110012058e+02
3.336087143869782494e+02
1.671022015001392163e+02
-1.683770295753084554e+02
-2.517627663799058553e+02
-2.800121971533760856e+01
9.671522151754793128e+01
2.258343479746712319e+02
-7.559049584619398843e+01
6.931735192472528979e+02
5.069984530974115273e+02
1.685760775972035503e+02
2.540778662941584116e+02
4.822488049012578699e+02
3.054241718993388588e+01
-4.710296156995166257e+02
3.065588540349222768e+01
-1.776313742623410121e+02
-2.897209153589314496e+02
-1.449149177335117429e+02
1.119219395521124198e+02
-1.406678298583125866e+02
1.530285672525321843e+02
9.898049730109897837e+01
-1.676891220582870403e+02
1.506935373728948377e+02
-1.637826544778147664e+01
1.224325724955514403e+02
1.375485840207550154e+02
-3.697316392827228810e+02
-4.719887112762555716e+02
-2.807574310901349008e+02
-2.264041788981126615e+02
-4.903443337456261588e+02
-6.840549430169525635e+01
6.692309657590546124e+01
5.001105451340582704e+02
-2.020227292442365012e+02
5.360225916032851501e+02
2.374355593972435940e+02
-2.420104056013141474e+02
-5.219538351622576045e+01
3.942305393235693600e+02
-1.190691218325670064e+02
5.028370815958575690e+01
-6.795791011064510201e+01
6.738606142105588503e+01
-8.635872162441411604e+01
3.232650488893442571e+02
-1.509916917011786950e+02
1.519720910304641848e+02
7.367554416727928412e+01
6.635872834791334185e+01
-7.138947364888532832e+01
9.786862604780807828e+00
-3.193364219731735716e+02
-4.812321519713878359e+01
-1.307612173741007950e+02
6.352455976811814509e+01
-1.143598107596717455e+02
-9.037862976930165360e+01
4.269877818403125502e+02
6.130948475198103154e+01
3.633780309708080836e+02
8.451683338628605213e+01
-2.661519924571528009e+02
-2.195806730692677888e+02
3.715286621032841197e+01
2.708933632680278834e+02
-2.201336085517563035e+01
-5.025926524651715965e+01
7.321206713620031792e+01
-4.125565469956806908e+01
1.108381587359377640e+01
1.071624676717817266e+02
1.728986361498318161e+02
1.256120132702290988e+02
-1.863849807545254009e+02
-7.222148837715208458e+01
1.528568329472223866e+02
3.950454934119061932e+02
-3.285659591513088458e+02
-1.649440256935718310e+02
-7.691447778565844828e+01
-3.362037181683209610e+02
-1.234331853060779594e+02
7.986546379990603839e+01
-9.814734922749126156e+01
7.980249409697873375e+01
2.244237448667836929e+02
-1.408485977185463298e+02
5.116344636727441042e+01
1.921410273974578331e+02
4.881271836605572645e+01
-1.196689088777209804e+02
1.044372155168531293e+02
7.554896853772967802e+01
-1.343569897190866698e+02
-2.215360857885310111e+02
1.042543265665470500e+02
8.184749287292712339e+00
-8.268888485852959036e+01
5.091054317500415749e+01
-7.615682056929697907e+00
6.232940452982561652e+01
1.008451363506601837e+02
-3.541252784775034712e+01
-3.280725686073706981e+01
-1.258237551997631130e+02
-5.943472586558642234e+01
6.980298980983498325e+01
2.137082122931316235e+02
-1.921727056235345117e+02
1.810182441746005466e+01
-2.908741417185847311e+01
5.093045828729648150e+01
-8.565932050047719315e+01
-3.995252715283677958e+01
2.692370047669847395e+02
-1.925867724914210157e+02
-9.875683909230108526e+00
-1.654906880508000313e+02
6.613440991834177396e+01
-1.413354701922823153e+02
-1.015574815326953910e+02
4.858590476021610698e+02
-1.929232480207552385e+02
4.949880107208617375e+01
-1.427633852053170642e+02
-7.623562110042539253e+00
2.935329011046234893e+00
2.498845831708495382e+02
-1.169688000963734709e+02
-9.076846429915924830e+01
-2.020501444173182226e-01
-1.595822120526529204e+02
3.199432385392750575e+02
-1.195383171893366949e+02
-1.982834272359624208e+02
-1.396128863107616667e+02
1.799092746160528122e+02
1.584854538497946237e+02
6.953954242253105633e+01
2.002681241690106584e-01
5.570751605982858123e+00
1.588538505539497407e+02
1.401870084731222619e+02
4.418607867943389778e+00
1.070982075333439667e+02
-2.189431355590911039e+02
1.257540529035634336e+02
1.692226467162490735e+02
-2.090499143470653394e+02
-4.459224629561121134e+01
8.820113023593138735e+01
-2.902997616426690541e+01
1.525981441486026711e+02
-9.488488603300486091e+01
1.135028640327526261e+02
