-8.629915447679138651e+02
-1.878241305370286227e+03
-1.512102208487366397e+03
-2.549770579240779171e+03
3.841680407107598057e+03
-1.319326703774669113e+03
-5.476567103485565895e+03
2.658150759551179476e+02
2.086198369468929457e+02
-1.984362737467834222e+03
8.458296012498124128e+02
-1.167941674917142336e+03
1.620776874661460852e+03
-1.537881223994450693e+03
7.484265073273564894e+02
-2.831581227902283445e+03
-4.752347505012519946e+02
-3.607520618216415755e+02
1.544205715350536536e+02
8.591767343584463106e+02
1.064995068023059503e+03
4.876275138658471633e+02
3.315905578328624870e+02
4.996188363485125592e+02
-2.279876168926504363e+02
3.546352202372404463e+02
-6.561894519393954397e+02
9.634473017123707450e+02
1.551009612923232908e+02
-2.966951159125880508e+02
-1.264951497383297237e+03
1.186876648705431535e+03
-4.328851761464409833e+02
-1.067397457043552095e+03
-1.050409183485363428e+03
-5.178536268365435680e-01
-8.744403811930729944e+02
1.139604909590159195e+03
3.994350936797014811e+02
5.367650208686852693e+02
3.424094632282298107e+02
-1.454727121490808713e+03
1.088439691799521370e+03
1.452929298093261195e+03
-3.528866448805708274e+02
1.091018533057267177e+03
-1.979218407900570753e+02
-6.079499468049174311e+02
5.196565936222212940e+02
6.663165972282756684e+02
-7.918457568189372751e+02
6.874954356711529044e+02
5.745651158915374026e+02
8.792698968560048343e+02
-9.425773542577496755e+02
2.085705279215898145e+02
3.419192857738104863e+02
1.652964395572780347e+02
2.600443341815803251e+02
6.735955627282794467e+01
-1.414896164328686154e+02
-1.208741199607175304e+03
5.647746761459734444e+02
-6.600798050377874233e+02
-7.112447326255789903e+01
5.763335973752492691e+02
-8.778022039096872220e+01
-6.472384402916074464e+01
4.746652682714726552e+02
-1.430287123796064748e+02
1.921335838151699349e+01
7.550398311923790970e+02
-5.690169277155770544e+01
3.814164481608731307e+02
-3.856792797615573818e+02
-8.593285687455569359e+02
1.728987039300492086e+02
-3.854054405116073099e+02
3.459227703122224398e+02
-2.214386672420482967e+02
-4.114647364173004007e+01
-2.301585257054336751e+02
-2.187498334255276689e+02
3.987953104635323029e+02
7.549156191776044125e+02
8.536499429985809684e+01
1.383310887181742466e+01
-3.938434729375308621e+02
1.107199774955313956e+02
1.237947596670197612e+02
3.166289538734652709e+01
-3.116161495599168916e+02
-3.336857182520693641e+02
-6.895882727631511955e+01
1.338691625107021537e+02
-2.785257091476111100e+02
-7.109760380697913433e+02
-2.033003785604457221e+02
5.963241060886449532e+02
-1.428940331709528380e+02
1.263767528660976041e+02
-1.319464340362769974e+02
6.485395463722962859e+02
-6.522605373341025370e+02
1.114272955429580350e+02
-2.376602776209482215e+02
-1.344780479589988715e+02
-2.176015178443390141e+01
-2.140819122965127121e+02
4.911165310860212116e+02
-6.132185552784818583e+02
-1.150246445800960089e+02
2.692055883664851308e+02
1.422410083709548587e+02
-5.737465331918778588e+01
2.773396543498354845e+02
-4.594084952118283809e+02
-1.703675709448023667e+02
2.456890629289654271e+02
1.725766673991566336e+01
-9.582332139683657601e+00
1.354077337557616261e+02
1.939648045832039358e+01
2.612281302365107081e+02
-4.067256336982034668e+02
-1.301766520553912017e+02
1.719802257844257554e+02
3.864455498411805934e+01
4.446269252345460359e+02
2.547784091779039386e+02
-1.279114498883068407e+01
2.056686246576254291e+02
-3.714590180243001214e+02
-7.792844043050084224e+01
2.405409634914699097e+02
2.222956954232679720e+02
-6.122091662622375452e+01
-1.820464887938705374e+02
9.419578231804617019e+01
1.820740899482670443e+02
4.290057155193380822e+01
-6.774435648845835090e+01
-3.157591241938699227e+02
1.751107710683563141e+02
-2.062696643148778435e+02
4.032335249990401280e+02
3.701644601990810912e+01
-1.698625046653940274e+02
6.174579717601195483e+01
1.096546814869798965e+02
-1.946392006729335549e+02
2.164106118014816218e+02
-5.198408721736007720e+01
-1.771953819654289575e+01
2.262234645181935946e+02
3.340329023414303151e+02
7.492187832241927481e+01
1.132432510486297588e+02
1.933125647286161541e+00
-1.228490609104931686e+01
-1.991355907213541343e+02
-1.372511106571915036e+02
-5.144378330111536712e+01
2.567569955040797254e+02
1.177789497022265692e+02
1.019441111519539156e+01
-1.124755718818726109e+02
-1.852574658363388096e+02
3.813995174138734967e+01
1.092261539369256269e+02
-6.428779660896530856e+01
1.272244901100108194e+02
1.671201131652132688e+02
-7.555527424746206577e+01
-1.545121319446883774e+02
1.570921207371178809e+02
-1.318320384033213486e+02
-6.323663217899255073e+01
-1.682155317478126335e+02
-1.081874389037764317e+01
1.410877663206321131e+02
-7.861160267085374187e+01
1.701712754171896336e+01
1.740244391387943423e+01
-4.844501807372279245e+01
1.738596839654745168e+02
1.619455168779632857e+02
-1.301336746786015794e+02
-1.791578844577857126e+02
-1.724906319693862429e+02
1.436994814019474802e+02
-4.843785448410820322e+02
1.677190167041414952e+02
-1.757608308090956086e+02
-1.032292628289140453e+02
-1.562262920954639078e+01
1.115970972849541170e+02
-1.437041969473222878e+02
3.263784420203460854e+02
1.027184664934550824e+02
-1.245884119325439769e+02
-5.353486621982104765e+01
9.863535223181881406e+01
4.028266112713000524e+01
3.923106897345932111e+02
1.449740430920708201e-01
7.964501338754500637e+01
1.596399360021218294e+00
2.144771188095051784e+01
1.943377759510235236e+01
-1.459467639828598351e+01
-6.721710159489386172e+01
-2.285065224998018607e+01
6.375575504413688321e+01
1.649280865597795582e+02
-2.087817464278440411e+02
-3.010245427768440507e+01
6.413033231887013130e+01
-1.315808895610110767e+02
7.596502809245017085e-01
5.450607062761604737e+01
9.363644661550834769e+01
-4.028335487345631805e+01
3.683649913093249495e+01
-2.436996957006399498e+02
-1.648086384468219876e+02
-1.259140146899047608e+02
-6.153493318312085592e+01
5.710963238441605938e+01
2.219240888842462596e+02
-2.773254027415271139e+02
1.876762229609764745e+02
-2.332597449965033434e+02
3.403230316565168323e+01
4.083002474230912071e+01
-2.026091074940955821e+02
-1.518566509093163290e+02
1.043256748781674474e+02
-2.168864118405002372e+01
-1.849740841166288590e+02
5.420780112286364982e+01
2.310076097227136813e+02
8.692956592321671394e+01
1.455313435642430022e+02
-7.711798958629891843e+01
-1.697879173325977433e+02
-2.409808848298532666e+02
-1.291511224852866633e+02
-2.810273281785712811e+02
2.602576924160344163e+01
-4.811349118443521178e+01
-2.240949627158263269e+01
-7.663444630154204162e+01
-1.347863192489679918e+01
2.052373102436444441e+01
-1.533994197275455633e+02
-1.773581570014422368e+02
-1.065261347921629493e+02
7.520680613006933868e+01
8.708817314029026591e+01
1.526333392673168419e+02
-9.292603795911571751e+01
-8.159816753375960019e+00
-9.489650258189958265e+01
1.983501463081879024e+02
4.240050948679835585e+01
1.034131844968924696e+01
6.442660203652830830e+01
-8.883923497521409729e+01
-8.892364468950682976e+01
8.087975772618469250e+01
5.441874873847166327e+01
1.710276112047593244e+02
8.041679449497453902e+01
-4.616987790907526801e+01
4.766970308026206027e+01
-4.022555693890267037e+01
7.108666682443987384e+01
4.990016615037008307e+01
5.579453416085356565e+01
-9.779447333532327491e+01
2.588256946294340537e+02
1.075941032312465069e+02
-1.579011190048729532e+02
1.750588386383111867e+02
1.434056692703211695e+02
-7.449966529994038922e+01
-3.124741173524271787e+01
-3.899542589896751110e+01
1.207801708390964279e+02
1.324526576017757122e+02
-1.117821088346969134e+02
-8.234428297294894605e+01
-4.653750416258402112e+01
-5.090094047028896540e+01
-8.486004608776661939e+01
-1.477772014749678249e+02
-6.998856523104454652e+01
7.802359068020962241e+01
7.780057754533089565e+01
