6.051622164801681720e+03
-6.461608601731714771e+03
-1.802839164294385228e+03
6.013132577328904063e+02
-1.351294497184310899e+02
2.836214613812934203e+03
-1.322860599872589546e+03
7.278254778887020393e+02
1.055153509957634697e+03
1.449595468120734722e+03
-1.193830237040003652e+02
1.593818510581644205e+03
3.399368239534990153e+02
2.092203258965297209e+03
1.060441806271389396e+03
1.501795191237201834e+03
3.394888700246592066e+02
-4.046737524340773234e+03
-2.195901771683171319e+03
-9.246602986859188604e+02
2.887769357710323675e+03
-2.854570029645888667e+02
-6.210768735445409305e+01
7.449598861631726550e+02
2.715717174636640721e+02
-1.467772497999503457e+03
-1.758319166255134860e+03
1.659645625894973975e+01
4.617840292680486414e+02
4.477293681132927645e+02
1.927260955101828301e+02
1.249619058244830285e+03
-1.053523872879774359e+02
9.654890490169145778e+02
-2.136448577732380272e+03
-1.635916314567843131e+02
1.121016297967270475e+03
-3.292942339649921450e+02
1.215404496270354144e+02
8.944002556589310871e+01
5.294810460259333240e+02
1.064705546186040692e+03
4.781039044187122755e+01
5.822254751794531558e+02
-6.231379804885669955e+02
-1.301357801652599164e+02
-7.952596792657115543e+01
1.332136698649059667e+02
-1.031286201446698442e+03
-1.493996378499577027e+01
-9.070387658621287983e+02
-1.510643345745329043e+03
6.166043989620233106e+02
3.126013615299085586e+02
-5.927115543523738097e+02
-3.304067198882184186e+01
3.610298834908180599e+00
1.894794272836498976e+02
-3.209684974567343829e+02
5.909967787714175103e+01
-7.331902285036758258e+02
3.307659504850525991e+02
8.011102488577379290e+02
-1.501208436708489273e+02
1.909035627889282125e+02
-4.990514221263215688e+01
7.808650656169737658e+02
6.735689951678457419e+02
-7.799490908834711433e+01
4.216023085113905040e+02
1.251241438507917678e+02
-3.444242375382486898e+02
8.497234628612858387e+02
-5.398383408012879272e+02
6.307090644920729261e+01
-3.905429947492257270e+01
1.024989639652606456e+03
-7.874473680542466525e+01
-4.694149957995884961e+02
2.116496130093625538e+02
-3.870565939483385023e+02
3.957615884318137773e+02
-3.168615612096069754e+02
5.704485255083449857e+01
2.396064612219524008e+02
3.268596074187922795e+02
4.958160652795764349e+02
-3.018776188213516321e+02
-1.094475660253740443e+02
-1.820637069831675348e+01
-2.246613821040329242e+02
-2.100689928723541868e+02
-4.748121311035657186e+02
-2.221546706933493169e+02
1.351346715960534652e+02
2.129402816507504497e+02
1.208233246481383816e+02
-1.053624238141178893e+02
4.833698880958399968e+01
-2.695474728641679008e+02
-6.876336565376026329e+02
3.600287610923496686e+02
1.349371274989141796e+02
-5.135983241802611019e+02
5.490721047462800897e+01
1.767002221326813185e+02
-2.366623007165132435e+02
-3.457128329987684197e+02
-1.121876066492978907e+02
1.848202939219819427e+02
-1.683284038090048682e+02
3.895089755894662744e+02
3.338925342814279134e+02
-6.763168946707106954e+01
4.717402470789680535e+01
1.544697157744956826e+02
4.595033367981353933e+01
-1.971894622043365075e+01
4.269989107099794268e+01
5.305599407775549281e+01
-1.390011703855341807e+02
6.785193370812403657e+01
-2.925465396857512133e+02
-1.276559770156432165e+02
2.640083045305332234e+02
1.127653606432300251e+02
2.113553428271306132e+02
1.477328104248063312e+01
-1.467792254561868219e+02
-1.779958193794813326e+02
1.105055943606921858e+02
-1.468427340888775348e+02
-1.508899616933982486e+02
-2.809271367876579717e+01
2.142655997928966372e+02
2.776119679026867857e+02
2.264574917230108895e+02
3.736738600013370615e+02
1.872676989319424194e+02
1.812449908869948345e+01
3.224310741348983811e+01
-1.068753377881362496e+02
1.136264691931811512e+02
-3.246389060667950162e+02
-2.489725944468896444e+02
-4.469476295717164760e+01
-8.515309722309433482e+01
1.038658967257720320e+02
1.600948221123407791e+02
-5.823817377550739849e+01
2.696515131905557805e+00
1.217521962150390067e+02
1.657398891125152716e+02
-2.146015220361852585e+02
1.385381556436671815e+02
3.909420172958363651e+02
3.907485589327229150e+02
-6.036807248692637273e+01
2.190960270407774146e+02
-2.380721183538942682e+02
1.399981933001247683e+02
1.969602114731131337e+01
-2.680750301362623986e+02
-8.076512631914550155e+00
3.359863003650974065e+02
-1.237656747394243268e+02
7.390150628000664135e+00
-1.944299953891407426e+02
2.162235325381398354e+02
-2.733395781134146318e+02
4.058830335180650195e+01
-3.794383124884728886e+01
5.543933183956306721e+01
-3.844984227453803083e+00
-3.259039333099273676e+02
-1.764108986999717956e+02
2.812049757110257815e+02
1.281945570191658987e+02
5.518307991459899142e+01
1.501090236561011793e+01
2.182964051082050503e+02
1.588308136438563736e+02
-5.917736003931217681e+01
-1.253572349853843804e+02
2.066200842263261563e+02
-5.633426346784653305e+01
6.609716943191328653e+01
9.252740335473386324e+01
-2.980893064474807943e+02
1.233551321477191181e+02
1.359110720095732177e+02
-6.247078357770991630e+01
-3.097797874277621233e+01
2.954578726774419550e+01
8.383586664554844958e+01
-2.926874669646949201e+01
1.879147494648071302e+02
-1.413695494992554416e+02
1.400587248300474528e+02
-5.151076647792415031e+01
1.142461819829578218e+02
-1.722359443013277200e+02
1.645589337680470692e+02
-2.210236282065967828e+01
4.279891590671944357e+01
5.705580414723458205e+01
-1.260831898127722717e+01
-1.060729912302922529e+01
-9.204381496974190213e+01
-1.785969287858630707e+02
1.014587876836325364e+02
5.122658756373976985e+01
-5.935623912074396458e+01
1.294891251009119912e+02
2.668485931924465504e+01
1.582208455095472210e+01
6.113319119458311945e+01
1.258094990085398734e+02
-2.005703374887283701e+02
-1.887128451569034837e+02
-7.841886440916385759e+00
-5.061894042385181791e+01
-1.181494625957952280e+02
-9.262946247069780270e+01
-1.134551361367450255e+02
-1.728791708132072813e+02
1.629648012437242244e+01
-1.398225295504424821e+02
-2.663907475074237396e+01
-3.172323465432135947e+00
6.547251376299181302e+00
-1.800728736442368927e+01
1.130852301092918282e+02
1.631059777994843785e+02
-6.019356074951220137e+01
-1.532862008846401780e+00
-1.405464589781543339e+02
-5.619993544809271491e+00
3.058996284339650984e+00
-3.001110095661178079e+01
-1.750264144175715444e+02
9.040417203671132995e+01
2.230300125531264541e+02
-1.153871810269240967e+02
-1.433562169400945230e+01
7.046905291594472764e+00
1.689317496237821103e+01
-9.815397381167662161e+01
-7.510958823128996187e+01
6.494979060822682015e+01
-3.971583154003150895e+01
1.417489383075637193e+02
1.062482169756895587e+02
-3.696812099946878050e+01
-1.310372271272086948e+02
-1.311772218389826037e+02
-8.822934741200802478e+01
-6.832267356251940704e+00
6.778311216433378661e+01
-1.537364119228513637e+01
-3.257562786668974297e+01
4.366792924048102265e+01
-2.819988155788078998e+01
2.102595790968903344e+01
2.533526980471405352e+02
-1.863033594420992500e+01
-2.888948608561916487e+01
3.784934972766258454e+01
-2.803477758704512368e+01
-9.924107943698861334e+01
-8.293535097800503308e+01
6.946704124430257821e+01
7.386363093959769799e+01
8.168698669276835744e+01
4.466650976979962451e+01
1.344520039528175630e+02
-7.317518597085756937e+01
-1.070394351523174805e+02
-1.361426363490622293e+01
5.852462370253369528e+01
-1.155970240997338436e+02
1.710283739277726411e+01
1.202520195216469148e+02
7.706986055652916434e+01
3.746613354203483226e+01
1.496364680034197079e+02
5.643526350017193494e+01
2.538301705255005558e+01
8.662912783106983738e+01
7.414839974730190875e+01
1.307801298193096500e+02
-4.415515619028815308e+01
4.766183792914637962e+01
1.316835461244143346e+02
1.148491674234728777e+02
-8.236275512837889323e+01
-2.361433653052688797e+01
-2.102917809487315992e+01
-2.598905909463110575e+01
5.567628417163454912e+01
