-2.057825170661321408e+03
-7.255245752615176116e+02
1.232284971295933218e+02
2.405735959353840371e+03
5.517850179061613744e+03
3.972388106990005952e+01
-2.509925476772952152e+03
3.104685238343050514e+03
1.920871142802543773e+03
-6.976204979350095527e+02
-1.065719075320105958e+03
-1.514333165087388352e+03
2.089158059682374642e+03
8.909290755819110785e+00
-3.806834467333019916e+02
-6.776831280862809308e+02
-8.160575019076143235e+02
1.381298215229765844e+02
9.072731842648294105e+02
-1.797231365247950521e+02
2.067199211019805261e+03
1.159829332549848232e+03
-3.220549307341975691e+02
3.928348128564690001e+02
-1.315602174386170645e+03
-7.610013482144794352e+02
-7.566681976859289307e+02
1.325467151997067958e+03
5.252227075929401963e+02
5.850213291190907228e+01
-3.138625753644492633e+01
6.912622494965481792e+02
3.768350400435082861e+02
-5.756326224586885019e+02
-1.485631219805880846e+03
-1.272214909517426577e+03
4.568377161117161904e+02
7.541632655283403892e+02
5.091616518025455775e+02
4.210661844255806727e+02
2.029460053222330274e+01
-1.629708814963035820e+03
1.138510232343702683e+03
7.891493510150631892e+02
9.769357869618092991e+02
1.225979633101606169e+03
4.745148756616110290e+02
9.853799552469654373e+02
-7.040547476817755523e+02
2.136800124492071973e+01
-3.226937784491091179e+02
-4.687797528491486219e+02
-1.726697701818766291e+02
-2.118959924270549209e+02
-5.159545608981844680e+02
9.379396307964534572e+02
8.829608260658380914e+02
5.992352544135266044e+02
1.700409388051789961e+02
5.798138443439115690e+02
3.727301010900080769e+02
-2.048035567289749906e+03
-6.262860489412498737e+02
-5.552015503930427940e+02
-2.246947913250629369e+01
4.470150085963547326e+02
6.795071317517413263e+02
5.579262003557739718e+02
1.992552592465137877e+02
1.814251868510407348e+02
1.160939674736672487e+03
6.886335501110484074e+02
-1.059235930933877690e+01
8.593527849762896267e+02
9.776863807166813558e+02
-9.769040470191246186e+02
2.341174705499597906e+02
-9.273693310363903493e+02
4.029479142268343708e+02
-3.665039563402411318e+02
4.008453768570690272e+02
-4.673227836005388269e+01
-2.446967476210845689e+02
5.949249919677257594e+02
8.961695471081043252e+02
8.853200321605492036e+02
-6.606522044523043178e+02
3.745067985683916731e+02
-2.839655557941110260e+02
-9.172377859081178642e+00
6.562448872804724260e+02
-6.692200427469232409e+02
1.170695910585329784e+02
-4.293026426676509004e+02
8.405432721816370076e+02
-2.944552334059784471e+02
-1.761139219966683527e+02
-1.344442851445319889e+02
3.073167592069881948e+01
-2.857544686900448596e+02
-5.431185779031236507e+02
-2.086176548809047233e+02
8.333642312409621411e+01
-1.026945573588652110e+02
-3.024874998115573135e+02
-2.481739667469095423e+02
-9.423352600229587495e+01
-6.202416622863054840e+01
-1.641999075632692495e+02
1.990785134867099515e+01
-3.929664666440912129e+02
-2.585274295317724409e+02
2.725113825358407666e+02
-4.253460645775867874e+02
3.892875703987068903e+01
2.714349761516363628e+02
-4.508585038971861536e+02
-7.137682044712985316e+02
-6.051368223525923895e+02
2.402299411666487927e+01
4.228245548597768106e+02
2.556759921610018580e+02
-5.201561171845920484e+01
-1.043413247685569871e+02
3.636608733599446168e+02
-2.062743062661527347e+02
7.597040130556720783e+01
-4.990783828994161695e+02
5.166164609084881931e+02
5.883809323940076865e+02
-5.196763414203797282e+01
-5.415631093923279877e+02
-1.101793449550288187e+03
1.122038887325094265e+03
2.769621820306996938e+02
-1.762043403916132718e+02
3.359460034954553009e+01
-1.955453247013141151e+02
2.519446306288835444e+02
8.092468522287416590e+02
-4.699801780133739157e+02
1.777675809230985067e+02
2.498740930812980920e+01
3.303765408227628768e+02
-7.621502501568564867e+02
1.991196904028604990e+02
4.465783067785554863e+02
-1.013617167248544604e+02
-8.334998789446262890e+01
-1.313538324108998552e+02
-7.508243167003003293e+01
-2.737455341651005938e+02
-1.224551493984183708e+02
3.767921888381618345e+01
-2.694111499670430590e+02
-2.476456812863878554e+02
8.538165314736509970e+00
2.439459878415713945e+02
1.001845683291474671e+02
5.584922171763628995e+01
-1.859781854311513882e+02
-2.513710956306653657e+02
-4.697738439947830216e+02
3.078635063860080550e+02
-2.688537168310928109e+02
3.428671256229131359e+02
-3.112240425175897585e+01
-3.955428367244328456e+02
3.069122549264664030e+02
-4.422126015947488327e+02
1.175612853130625837e+02
4.795518145743025684e+02
5.587379218055940555e+02
-1.243970330444332859e+02
-2.173455869001979934e+01
3.539319179977028966e+02
-1.955506763996621373e+02
-3.872100056713762797e+02
-3.586944293647311710e+00
-2.321091043936890230e+02
1.335573310887967864e+02
1.774256352414313369e+02
4.737811748308259894e+02
-5.042990372724104731e+01
8.953922831493700585e+01
1.887322925413330097e+02
7.638268786789930687e+01
-3.187742576383016058e+02
2.004370821996946717e+01
-8.130072565381905747e+01
-1.254241342084384172e+02
-7.042046190887773491e+02
-6.484229295380416147e+01
-1.381799416066175183e+02
-2.274654782592402285e+02
-1.984726125904739149e+02
9.711935650061090541e+01
-3.746115779559829662e+02
-9.851514610031824759e+01
2.787094800512454071e+02
-1.369517460045379096e+02
-2.196305213735835693e+01
7.583132427403717202e+02
-2.831706560612569206e+02
2.592657114631008994e+02
-4.939995933064273004e+02
7.689121376272913722e+01
2.796629723478359324e+02
9.325040116919093292e-01
8.017847703902980072e+01
1.354123422684293701e+02
-1.457167404709041989e+02
-7.997793889729412342e+01
1.019896164608773574e+02
-2.872381471044054706e+02
-2.743967385730194337e+02
-1.274440915180798299e+02
4.635898026271028982e+01
-3.605416817986674687e+02
-4.356623152669165506e+02
-1.965765332560450531e+02
3.106062669678204884e+02
-1.512408847752948589e+02
-2.444251745137236753e+02
-5.091110061356735628e+02
-1.557453486541601073e+01
-2.290837538334628221e+02
1.161140324483610868e+02
1.967869590618192603e+02
2.794136086757644932e+01
-1.397466665399076362e+02
-1.206187379969244375e+02
-2.369432969909978794e+02
2.340090452711761770e+02
1.954379870406632733e+02
-3.419746808299993290e+02
-1.621006860414578910e+02
5.735097119040095777e+02
-8.849618887549925716e+01
-4.320430235918317408e+02
1.380255005618323310e+02
4.708172300884679089e+02
-3.087745586312872348e+01
8.564077836787244280e+01
-3.063670275661712594e+02
-2.244417269614454824e+02
1.660931392726636702e+01
-5.811450227572969851e+01
1.071942984427068097e+02
-1.320150274751266579e+02
-6.554756910317883012e+01
1.803713228030890434e+02
-7.533322430800291158e+01
-3.683674250962870929e+02
-1.896951139162790412e+01
9.738300678862070470e+01
-4.135633464466926057e+02
-3.046191007552167775e+02
-1.231991699160200966e+02
4.689286922904125277e+01
2.885623294805064347e+02
1.193804672994994434e+02
1.317492633132296191e+02
-3.430007108637263968e+02
4.946224859705304198e+02
1.020848747795389784e+02
5.018152143345635636e+02
-1.864027791200680895e+02
-5.044091205852128610e+02
-8.063073107996679312e+01
-2.171279800660940964e+02
-1.357358686228689919e+02
4.187851172907155615e+02
3.313324335879788691e+02
-2.002874985346296910e+01
-4.283212116329575281e+01
-3.304915764555434521e+01
-3.372086803516214104e+01
4.565880005225875493e+02
-2.280042536487082714e+02
-1.316174185459844352e+02
3.294383441033183857e+01
1.949159202208295198e+02
1.702014335075475060e+02
9.170423518091030246e+01
2.198205748933941663e+02
-1.667613305635345569e+02
3.347917452561331970e+02
6.073080650575447237e+01
1.027585663785552441e+02
1.412601534718564835e+02
-2.987845765863454162e+01
-1.493692160392514090e+01
-2.345578652394298445e+02
-6.235147668174329283e+02
-1.230267235717500967e+02
-1.336125123662314707e+02
-1.062010727069717717e+02
-3.425015088854855208e+02
2.336947775004409493e+02
