2.216324719564633142e+03
3.883300703382031770e+03
-1.210136585440491963e+01
-2.953151814788592674e+03
1.634280960245483357e+03
4.203227916507936243e+03
4.417117310291307604e+02
-2.344370661562128134e+03
6.898035115328336815e+02
3.206405826027305920e+03
-5.984790334787581969e+02
-5.378871438382272572e+03
4.217421164884276550e+02
-8.792233049492748478e+02
1.669443513600650931e+03
-1.381831699255893454e+03
1.254857308998719191e+03
-5.332263365359710861e+02
1.134099382795956899e+03
1.514393789247370250e+03
1.953313491457197699e+02
6.970608269712211040e+02
-1.142291424662161035e+03
6.737975630354654868e+02
6.938562823707426332e+02
1.112073725684780356e+03
6.525667893152782426e+02
-1.984302122567798676e+02
1.231802284627181507e+03
-2.373156175203930616e+02
-1.020683312820497576e+03
1.418889616166783526e+03
5.039532863228207589e+02
3.161431205390871355e+02
-1.778023442400349495e+03
-9.065979336175016670e+02
-9.597995514259732772e+02
2.152171640504048185e+02
-8.797417356513057030e+02
1.007979139472869633e+03
2.067695684123518447e+02
3.478020507804307044e+02
2.174612057323844851e+02
1.878210447454205678e+03
1.052208586882297595e+03
6.572023286702601581e+02
8.723565195344252743e+01
-1.919150053402163394e+03
3.098986152108824399e+02
4.475652423688254089e+02
1.810679312888321135e+02
-2.457741293206935893e+02
8.040526716732319983e+02
4.724477351065834796e+02
-8.360333072339302589e+02
1.647999597283359208e+02
-2.781532694270144361e+02
-6.965278769800021053e+01
-6.500521637381775690e+02
1.853001956831611494e+02
5.142213469456921757e+02
2.665137317626213758e+02
-1.113837739599766223e+02
3.898337378095991994e+02
-1.020226656715626632e+02
4.860435158234013215e+02
4.921371768283484585e+02
-1.701218761033682654e+02
2.880191870546400992e+02
4.489381322004929302e+02
-6.328970911577155789e+01
2.424814522361632285e+01
-1.191639504844992103e+02
4.982653337419717445e+02
1.778187296531671677e+02
-4.307202995243335977e+02
-5.233035960352233218e+01
2.060991073835986924e+02
3.242194717179359476e+00
4.083427386498044598e+02
-2.953017485440839778e+02
5.479113723577280552e+02
3.813105391600876715e+02
3.929585847118644324e+02
5.303255108439211654e+02
5.449860726996025733e+02
-1.702454925417574145e+02
3.466520738165868920e+02
5.991965585487791941e+02
7.955657718969280268e+02
-3.591706735435044493e+02
-5.619569983885523925e+02
-3.707047911234105300e+02
1.921607954290112446e+02
-2.170616358962621728e+00
-2.229074503094832096e+02
-4.365665973901670327e+02
5.579609402402775942e+01
2.770264325294158994e+02
-1.710072324472041601e+02
-1.743600753314103144e+02
1.564750121513281726e+02
3.576438061659876553e+02
-8.130612589993657480e+01
-4.631311260284696800e+02
3.577240779680446963e+02
-8.987399332444211097e+01
1.582195650910938767e+01
-6.310081829792836317e+01
6.166283728959906796e+01
3.201805129384990209e+02
5.416541177450576470e+02
4.499674395286772892e+02
3.629108731793713787e+02
-4.292026919696574510e+02
1.527877926577398284e+02
1.540603445473703346e+02
2.968154436108270033e+02
3.881286478591602531e+02
-4.553236818901396532e+02
-1.724854231947971783e+01
-3.747418391063537229e+02
-1.634960204628870315e+02
3.018224711490505570e+02
-3.476070112043171321e+02
-2.022394174532861655e+02
5.617979588995538052e+02
-1.336113974118595991e+02
-3.118076870551493016e+02
8.551144644161126962e+01
1.987944696495242169e+02
-3.192789180336623076e+02
1.689953102830333762e+02
8.465249116586642231e+01
5.756533553031582784e+01
1.187970254878905365e+02
-1.517691247943357880e+01
9.768894718081688211e+01
2.703091924293848791e+01
-1.490338800508738757e+02
4.652183545263349629e+01
3.328748479433642729e+02
-1.300777902712605680e+02
-3.745628942713514107e+02
-7.829234861351362440e+01
6.431270074204994103e+01
-1.151802869739759387e+02
-1.413317566525853586e+01
-2.225689758021200362e+02
4.689669452393503235e+01
-2.627780115436556230e+02
1.308440868791493301e+02
2.313095382605603163e+02
2.917268853206420332e+01
4.686453017569208868e+01
-1.187508923845621780e+02
8.831587507991618224e+01
-9.490134330420416120e+01
2.802724548382378202e+02
2.663277481789885428e+02
9.538518945499717461e+01
-3.767829170707814797e+02
-9.479004025563301639e+01
1.852420093951306512e+02
6.143027692838420961e+01
-2.734985538753633705e+02
-8.039203787016970182e+01
-3.032664058454570295e+02
1.047016225731542249e+02
-3.461361923166058574e+01
1.437623501199540499e+02
2.199279092742534658e+02
1.750434106629492135e+02
-2.602653031181942538e+02
6.005954448114349020e+01
-6.050742745092485819e+01
-2.692304677482752027e+02
-2.948534997701461080e+01
6.352816849567463464e+01
1.089464181605578403e+02
2.080979882946269015e+02
2.022870513452284911e+02
8.385817321667971669e+01
2.167789797072337592e+02
-1.491317104586039193e+02
-2.143157075566779568e+01
-1.665567555830346578e+02
1.797079775938953787e+02
-2.334238886200548677e+02
-1.096922724866627590e+02
1.872844046766450674e+02
-2.180600829400638929e+02
1.833559488253068253e+02
2.000406696286280237e+02
1.449477621301718955e+02
-2.566109286082085461e+01
2.800341279123068716e+02
6.015545167451853814e+01
6.465894217528759214e+01
1.468524671271096338e+02
1.104399421989381551e+02
-1.425247927311356300e+00
5.922339863469427002e+01
-1.784332134755640595e+02
1.886443188642041946e+02
1.844876990751050982e+02
1.321682245501234831e+02
7.659694091608881195e+01
-2.484390156196102595e+01
6.942308446463998450e+01
2.316462004419751111e+02
-5.862206967848442929e+01
-2.222617247680451840e+02
-3.453605722790448596e+01
-8.139797221502767854e+00
-2.623503346730511794e+02
-3.566525796367530177e+01
-3.855071028305178782e+00
-1.650776857008207799e+02
-1.972468288171514246e+02
3.429487113105464857e+01
6.373503863943573577e+01
1.474120736788375154e+02
-2.049013549905164098e+02
-5.998255684249729569e+01
-5.039759565395718255e+01
-4.388600582811389472e+01
1.184356266425468931e+02
1.639143432395184448e+02
-1.933385403516145118e+02
-6.846918763746285208e+01
6.067276155238396740e+01
-1.893637569428275924e+02
1.988213663726758185e+01
1.252264428828915754e+02
1.260858354151233307e+01
-2.033943534495230665e+01
-3.483380403300343175e+01
6.711854023233910027e+01
-4.644570198278787920e+00
-9.989354806370830175e+00
3.935363568111679200e+01
1.319784225338046042e+02
-2.717105787726377386e+01
1.590067422836533018e+00
6.312497536298055678e+01
-1.484779000738787147e+01
1.418207651312584971e+02
-3.986713267288971707e+01
9.568423989560209009e+00
-1.429435501746220893e+02
7.932194795634632101e+01
-3.011505543840394816e-01
-3.540416521320545229e+01
3.996454311215830302e+01
-9.761684558767831277e+01
8.910803415849473197e+01
2.162904472154492552e+00
2.132102273238084535e+02
-1.478896966261760042e+02
1.251039032905011616e+01
1.307926316944619600e+02
4.826844151881405764e+01
3.547741613323529464e+01
2.121022429345312332e+02
2.670065204175059748e+01
7.062452055254409800e+01
-1.248899524538794381e+00
4.038869819900686053e+01
-2.758666030254610178e+02
-1.342193304728108671e+01
-3.568474002698189196e+01
1.683297396919497260e+02
1.528342984977197716e+02
1.740584024364798381e+02
1.660226302943827932e+02
-8.289280332820328567e+01
3.275757415507072778e+01
-6.043257966452453189e+01
8.928981741926698135e+01
2.222633404673196722e+01
-3.143150544871051011e+01
2.966087909859561478e+01
-5.614676107913932412e+01
9.838014145022809487e+01
1.500281367357468980e+02
-4.334608309259882830e+00
8.871818142266265639e+00
-4.620990302760383805e+00
-1.123071172325157185e+01
-8.356763494532054892e+01
-2.994929635871329321e+00
1.174470879247593587e+02
-5.180773154041825990e+01
-4.934671335214100196e+01
-1.419175987059928730e+02
-8.858284804918234556e+01
-7.404497072779268763e+01
4.794097313908861935e+01
-7.326045791233249815e+01
