1.259936774793926816e+03
2.982086380016428848e+03
1.663358775191143764e+02
-2.428050371001744224e+03
2.232707288385537140e+03
3.625864775191308581e+03
7.572908812591035712e+02
-2.028241844807318103e+03
1.138867242678745015e+03
3.209196969482632994e+03
-1.792116341740270684e+02
-5.486719764482717437e+03
3.706524662842141424e+02
-9.587500752782464133e+02
1.185919341990332896e+03
-1.636170190063412747e+03
1.645043865873605682e+03
-3.293230177634108031e+02
1.370025360846660760e+03
2.097412139814354759e+03
2.240578432917612872e+02
1.048554844949863536e+03
-1.005700775451901677e+03
1.054235934592850299e+03
7.343916721398103391e+02
1.458677205798258683e+03
3.243782809647942145e+02
-5.143350595437148058e+02
1.154265002414174887e+03
-4.432523551741790584e+02
-1.433979946350167211e+03
1.687994188589125315e+03
7.577334718676094099e+02
-1.344451556812051081e+02
-1.610690428712893208e+03
-1.076419175091915349e+03
-1.034229987006631291e+03
6.664014092314144477e+01
-8.947644334869310114e+02
1.350219477523302885e+03
-2.654629122082389472e+02
-9.788998310707493999e+01
1.609295309077322145e+02
1.768661843317596549e+03
8.457342149154595745e+02
8.109170906356848718e+02
-3.082537627107279263e+02
-2.134064303133173780e+03
6.635215128076105202e+02
7.672215335975707831e+02
-5.450613018858358316e+01
-4.565335997317752685e+02
9.269561084145335599e+02
4.637068370580713008e+02
-9.010390358502137360e+02
6.705084040184482319e+01
-4.238962984092611919e+01
8.896654337685933456e+01
-3.637487870956376810e+02
-7.611353248570824803e+01
4.973241146940972044e+02
7.522820184458556980e+01
-9.883491206313669508e+00
5.266693074660907996e+02
-3.637716700329431774e+02
6.269096647024401818e+02
6.242573011015171005e+02
-2.829858197591763087e+02
1.656483827726472953e+02
2.082395725474376036e+02
9.083321966913290169e+01
2.850444967191053252e+02
7.295724627139404106e+01
6.250931603143683333e+02
1.842226152189941502e+02
-5.748885590693794256e+02
1.541503607748354057e+02
-1.340973488180724758e+02
-7.972779393270434944e+00
3.333573120699560945e+02
-1.706996853887367536e+02
4.582482393815894284e+01
3.264215419005347485e+02
2.380730461924278814e+02
5.186316633812534747e+02
3.859551911547674194e+02
-3.378354670274342197e+02
1.882498931490482335e+02
6.790825477205479501e+02
6.735926399617770812e+02
-3.607280056280159215e+02
-7.839766599256787458e+02
-2.083249040106777272e+02
3.681308734974888353e+01
2.864498588564622992e+02
-2.284598454854456122e+02
-5.799753174018368327e+02
-3.040174510772182543e+02
2.225899688515025048e+02
-2.972587570990835957e+02
-1.499520729915586230e+02
9.713096597139239918e+01
5.113396428054005014e+02
-6.622029116411331984e+01
-4.821582850250528054e+02
3.907523016980288730e+02
-4.623514031668941016e+01
-2.476804165464750795e+01
-1.280636226906296713e+02
-8.105748121483679069e-01
-9.022406713366862618e+01
5.363487969656800942e+02
5.149029757250054899e+02
2.723550992338579704e+02
-3.750408231715853731e+02
2.981049824618057187e+02
1.629784013534523410e+02
3.116978472127668738e+02
3.084381084364961794e+02
-3.724549359477733219e+02
2.677331480895393767e+01
-3.882965058407647234e+02
-1.950396503552764216e+02
3.173450053042810737e+02
-3.385642058946229440e+02
-1.245711052630146156e+02
3.362998001905103251e+02
-8.186629077600052540e+01
1.791890716987272825e+01
-9.817344754661354500e+01
2.624728353568623902e+02
-2.106368421661586297e+02
1.050223953172878737e+02
2.299050068851965136e+02
8.365207360069676668e+01
1.888318299769032649e+02
-1.511534787128914381e+01
2.220145674207245179e+02
1.476184646260825559e+02
-1.459988446134589424e+02
1.473514901731886368e+02
3.769415143429966975e+02
-2.333346452427944939e+02
-1.627654761409987998e+02
-1.627708429980648077e+02
1.409551889276901022e+02
1.671414802184639115e+01
-9.506751716635888272e+01
3.557098161968535521e+01
1.703100709566228090e+02
-3.502259523111652015e+02
2.038527535265313588e+02
3.526156818505963315e+02
4.703739420258452952e+01
8.215050138749930397e+01
-2.150006070279775727e+01
2.169974818996011265e+02
1.763263107899514353e+02
3.080825787399215869e+02
2.260320045300541949e+02
-3.083147101869049056e+00
-4.575199566340204456e+02
-1.430769159574939238e+02
9.761876697500180455e+01
-2.706222405715126911e+01
-3.311280169209279052e+02
-6.220551672836641899e+01
-4.033897715522036265e+02
2.519242002205019162e+02
-1.075107822304828744e+02
1.251828442606421845e+02
9.498310910938347718e+01
2.710089865698238896e+02
-3.453573073968931340e+02
-6.576313241614445815e+01
-1.766373542915679309e+02
-3.161611631104082676e+02
-1.933642007606825359e+02
3.097997594066736227e+01
1.683567203487194490e+02
2.508547299387272176e+02
1.919238404651258065e+02
1.404062775965537924e+02
1.862158447634615754e+02
-1.798442670917234523e+02
1.147277934529770960e+02
-2.525442432812973550e+02
1.287174127327224369e+02
-2.304426905201219142e+02
-6.029554268462150191e+01
1.693688356715769601e+02
-4.350448898528802033e+02
1.904409792853536771e+02
3.250153088448200833e+02
2.114615785069850915e+02
-6.535867060883018098e+01
3.380360375041749421e+02
-1.206357355996291432e+02
1.400945323638157163e+02
2.922681833420734279e+02
2.698894808201064279e+02
1.118691955980222730e+02
5.217380490858705855e+01
-7.719384254190983086e+01
1.833681162343195012e+02
1.107651360205128128e+02
1.024504992229603033e+02
1.969010942539032527e+01
-1.380041588285071441e+01
-1.970575367576521941e+01
1.702765578920580936e+02
-1.729979264332934861e+02
-9.877587150034712238e+01
2.001471866895660146e+00
-2.380353805395238886e+00
-3.552542973084510436e+02
1.710034656242437379e+01
5.226272366693810056e+01
-1.251849199705036426e+02
-1.107653610307486787e+02
1.361275910018993045e+02
5.338244335391764395e+01
3.262099554091743130e+02
-2.693482234706536360e+02
7.782832283714554933e+00
2.114953605650883617e+01
1.284385768517459958e+01
-2.157588499831838362e+02
2.243604682505048515e+02
-4.512772676864187105e+01
-1.096601404710042544e+02
9.526026835732743336e+01
-1.584256278571891414e+02
1.386724670968153248e+02
-8.958875917626248508e+01
1.130069372873371805e+02
5.340435397837084253e+01
-3.175341694668620107e+01
1.054970097223520042e+02
-2.609150534119205744e+01
4.399993271086748425e-01
1.055199005326256412e+02
2.186507800613351904e+01
1.296468367656005114e+02
-1.415077860793114723e+02
4.716048768958629012e+01
2.059395302231228797e+01
-4.220432069861793423e+01
2.518184299301249496e+01
1.217646117011720435e+02
-8.016583915740901034e+01
6.405083363088174053e+01
2.249777315416468682e+01
9.732663369632994943e+01
9.353741768079341057e+01
-1.483948905763702442e+02
6.748766141929537810e+01
-1.132422582630027819e+02
1.108202629741704754e+02
-1.776957143913527375e+02
1.059072896363444727e+02
2.543736325230516115e+02
-1.488419633727719145e+02
7.387826736477482825e+01
1.261054988867880269e+02
9.316264736361905818e+01
1.157659467217201978e+02
4.557922589406402381e+00
-3.909593717725110906e+01
-3.578402355284534337e+02
-1.359647511820779471e+02
5.825538527298603952e+01
1.774995075438191350e+02
1.569062260136753082e+02
8.811421183981681793e+01
9.844550190987821736e+01
-1.573807624147963793e+02
3.775660322198618246e+01
-6.829440791721704329e+01
4.459576995159738289e+01
6.767653493894955830e+01
1.546915774020169749e+02
6.835714551432161556e+01
4.946001863589710723e+01
1.794782400497772414e+02
1.487856817207060658e+02
5.053776427803584603e+00
2.286755150650586188e+01
5.286330905453539941e+01
-6.377313285415667821e+01
-2.568472634342105465e+01
5.295765677891304790e+01
7.044683131376268648e+01
2.864224424077338682e+01
-1.035715513069827551e+02
-1.266051542066656026e+02
-1.025125175246282083e+02
-9.648488542192011153e+01
9.406745047272696070e+01
1.230545530661059672e+02
