4.032579264139125144e+02
-6.453658535472635776e+03
3.764619631309381930e+03
-2.892793679803323812e+03
8.275048878762293043e+02
-2.483563092515996686e+03
-6.686196707857234287e+02
-4.613475140714117515e+02
-1.473973019235915217e+03
1.203031671943672563e+03
-6.939796164897518338e+02
-1.619737874000558577e+03
-1.682489321462596536e+03
2.201017916995699125e+03
2.454796719784142454e+02
7.474753046911946512e+02
-3.318533182340682401e+02
-5.063751177034509396e+02
-3.434777112953477626e+03
2.402774632187378302e+03
7.459406833013132143e+01
1.736108649494012752e+03
-1.588444778715883956e+02
5.176050819836301571e+02
1.272075861072325552e+03
1.676935237508499313e+03
-1.459723123550645823e+03
-3.575057270230648214e+02
-2.163501874262244655e+03
-9.963455725239946332e+02
-1.134983037581263488e+03
1.287479641270146203e+03
6.511946649740741577e+02
-1.124433370024083843e+03
-7.684276465677130545e+02
-1.101900965770801349e+03
-1.236008163976430865e+02
9.353732108481528940e+02
6.326404249163141458e+02
3.966636273720603612e+01
3.682991045679779063e+02
-6.223970001032756727e+02
-2.102152392339483811e+02
1.728799106623399666e+03
2.279424901659971511e+03
1.791797370575032801e+03
-1.896947499082850470e+02
8.722806445910998718e+02
-3.760799473980206358e+02
-6.335391741433701327e+02
-2.199785059581138000e+02
2.259062122400379451e+02
-8.414640719826509212e+02
1.325836461629281075e+03
-1.141339432677558989e+03
-7.719250829622671972e+02
2.712518835334578853e+02
8.747108388884357737e+02
2.203181922567948448e+02
1.022150850491440224e+03
4.741823027799453172e+01
-1.773793593660155921e+03
4.857507429789220765e+01
-4.587980467355409360e+02
3.478541649573210179e+02
1.032794611897593086e+03
1.466155105291759355e+03
1.151643035526813264e+03
4.984202369852091010e+02
5.977904741739562269e+02
3.844285003456492973e+02
4.224203030254727764e+02
-1.198972184593364716e+02
4.331359698861743368e+02
5.545855565161218692e+01
-8.612290224564217169e+02
1.232924038297063134e+03
-3.496412036802515786e+02
1.469633200825737504e+03
-5.854571121342102060e+02
1.821200860493601965e+02
1.645288757341297980e+02
-5.835266354472673811e+02
1.154357800736127501e+03
6.929039450048964000e+02
-7.597516685026055256e+02
-9.979350680875224953e+02
-3.292205124433419314e+02
-3.454582274324397417e+02
-2.632111467052245075e+02
4.819318654019625114e+02
-7.055860307130543561e+02
8.449949253047863351e+01
-5.606304102562228309e+02
6.307554226855793331e+02
1.992635230875516470e+02
-1.908810361591004323e+02
5.136649575243075105e+02
-2.191582151443297732e+02
2.264628700362696350e+02
2.018314984493041493e+02
3.207485684173853429e+02
1.088557954047065124e+00
-2.504008859427170819e+02
-3.321189714689683115e+02
-2.041728285294857415e+02
-2.841727566813375461e+02
-6.825601369336280868e+02
3.406122553028055222e+01
-1.553783438647769231e+02
-4.740566299393835266e+02
-2.416393780799374156e+02
5.741751142151423437e+02
-7.278103352496666503e+02
-1.120343006021145555e+02
2.441821144548889322e+02
-9.951335927222463624e+02
-7.421667504315568067e+02
-9.351294376709261087e+02
4.068957434174576804e+01
3.001138920287364726e+02
2.549420321790007335e+02
-5.065846594317879692e+01
4.894637003778163944e+02
5.499194110490883531e+02
2.468063791746021991e+02
-5.097053579834291668e+02
-5.713755520751415133e+02
7.913545642691852890e+02
6.391013128222623436e+02
-1.577931290483830082e+02
-6.019639921198404409e+02
-8.802065284228020801e+02
3.432808363786521682e+02
7.843150483779063507e+02
-2.894389029522653800e+02
2.240163761269556630e+02
-4.479697645962151569e+02
2.099783471594253399e+02
6.657706335066901602e+02
-5.060174407401360099e+02
3.484586053884103762e+02
6.106778736496925148e+02
2.248906331799870770e+02
-8.450576075016597599e+01
4.207524441408499456e+02
-5.862728513599467561e+01
2.198713112724934149e+02
2.932508568302764047e+02
1.658541018220615513e+02
-2.801073172447921706e+02
-3.529270658321095198e+02
-2.916923237661656003e+02
-1.816251253425327548e+02
-7.478628858873437366e+02
-3.819878895690258673e+02
5.797226292776625911e+01
4.286389715428106229e+02
8.374325762500772896e+01
2.943539124678749630e+01
-3.023566838330073665e+02
-3.154774068687576118e+02
-1.355406863607985315e+02
2.667898275358603541e+02
-7.974315579015956246e+02
2.520342446366553872e+02
-2.497324397494147945e+02
-2.540421975707567128e+02
-2.590769308731512410e+02
-2.359722352716999296e+02
2.634848413108394425e+02
5.240140078393637850e+02
2.415250627085504789e+02
-3.324615298849733449e+02
9.463130841275769001e+01
2.454890221236690024e+02
-8.549572360385195680e+01
-5.160991388324544005e+02
-3.646672614852544143e+02
-5.200314343501212022e+01
3.235892326780569306e+02
-1.248764377322520289e+02
4.965169729191881061e+02
-4.177399061022184412e+01
1.946488288802736122e+02
-2.366007385742885276e+02
2.092674627692147382e+01
1.211217454035802064e+02
1.573639941251271352e+02
1.448079655495379825e+02
-1.824661358703228018e+02
-4.174592275111675121e+02
-6.141115411927508205e+01
-2.718768240870858790e+02
1.271527741471513906e+02
-1.320957394180436779e+02
-3.209193637313197769e+02
-4.143023092418148963e+02
-1.087612663545198046e+02
2.352702480906797575e+02
-8.422116403220745440e+01
1.316988855935586002e+02
9.331417166606408955e+02
-1.038675878490021631e+02
5.530543960005226722e+01
-1.003112955836261762e+02
-1.500284645330016531e+02
1.852334623362865784e+01
1.660857223469364996e+01
-3.266037551086353830e+01
-3.823779939129055805e+01
4.104373128656813208e+01
1.769813234861300799e+01
3.900142498331723004e+02
-2.543247622754343524e+02
-7.666330056945581362e+01
-1.023799011087403343e+01
1.632412304421801537e+02
-3.688136837361512903e+02
-3.675103490618297997e+02
-1.807428748138205492e+02
2.976169879425082740e+02
-3.312316610410310318e+02
-1.754177365444957957e+02
-1.277318960948886541e+02
2.006822326102955003e+02
-2.466219785630415231e+02
2.636629639278780246e+02
2.117608854356479924e+02
1.596854783345213491e+02
-1.500111543788461965e+01
1.321112635423469044e+02
-1.461433308035184950e+02
6.079696836097072321e+01
7.274663441132607034e+01
-3.175590981099588817e+02
-5.313011117028379005e+01
5.277018729976904297e+02
-2.256106692349679008e+02
-2.963580782947511238e+02
-2.770953348874193978e+01
6.214343169313264070e+02
-1.380196759158615691e+02
4.942614492710114860e+01
-3.713783051224154406e+02
-2.141357252482370654e+02
7.802918788376214820e+01
1.435480977028731218e+02
1.842588744598332653e+02
-1.894202213975930817e+02
-1.826155151455191117e+02
1.133151742907933368e+02
-9.236809814093502879e+00
-2.896076474177770024e+02
1.180730433696103034e+02
1.357320285888666547e+02
-4.801185422705675592e+02
-4.867357208418489734e+01
-9.999508005501044750e+01
-2.327432385670195458e+02
2.677990451278157593e+02
2.007149192813967602e+02
1.475537803395506664e+00
-2.525794016369542021e+02
3.130260403361872932e+02
3.906366159399548792e+02
4.919505322145922719e+02
-3.815175920348880254e+02
-3.755588493684350624e+02
-1.610451980496407032e+02
-3.327606376805353534e+02
6.199565645812799630e+01
1.338098149175849869e+02
2.766506036043660401e+02
7.258041887335154740e+01
-6.378799083801333580e+01
2.160269048875056512e+02
-1.568502915879929560e+02
2.772867389730842547e+02
-1.595660693415708806e+02
-1.786088060471388985e+02
5.260153192627165453e+01
6.361838975647212635e+01
3.609267847026467280e+02
2.355344405087805342e+02
2.259468717841788248e+02
-1.921905509429816732e+02
3.722206043640478015e+02
1.745949075026714183e+02
1.292632935828922598e+02
3.371892531433230715e+02
-1.099066091087420460e+02
1.726188526404571064e+02
-4.934891544849800482e+01
-4.274967189681660216e+02
-9.552851035534170876e+01
-4.905552561353632512e+01
-2.455350330560289063e+00
-1.556872161084793618e+02
4.510338151653831460e+02
