1.569428291708255529e+03
-1.915144968396597505e+03
-1.263665918925673395e+03
-5.712872712546943148e+03
2.559858712492501127e+03
-1.607108314486554718e+03
-2.677436969517141733e+03
2.064476539727612021e+02
3.198922775293724044e+03
3.197903657117120474e+03
-3.952345148173757025e+03
-4.891061721326296663e+01
-7.973047299763010187e+02
-9.761344654444610569e+02
-6.264080505274508823e+02
-1.127234933032091476e+03
-1.129217430803489378e+03
1.326410282715143921e+03
-1.803076233828096235e+02
1.069489903532306471e+03
7.257864561305980260e+02
1.776087659496375409e+03
-3.350535066615963729e+02
2.169966531891655904e+03
7.921341137603648122e+02
4.690525413995978283e+02
-1.669568192184300415e+03
1.666816681261568192e+03
-5.468067954656854681e+02
2.023056263410275051e+02
-1.474289348193642127e+03
2.539345104985568753e+02
-5.800344742600706240e+02
-5.696000875106637977e+02
-6.029186235350001652e+02
-6.780746775573853711e+02
-8.804113251986717614e+02
-1.021935050985176645e+03
-3.750629176547502084e+02
3.062124395148102280e+02
2.120293284249961232e+02
6.459485551338819960e+02
-1.590359447688894761e+03
1.058429104132104158e+03
5.139845947030631805e+02
1.313984996295806241e+03
-5.571392063977375528e+02
2.275821186444415503e+02
7.019055579954986115e+02
2.331492474650663951e+02
5.870342315175489603e+02
9.689928488739227532e+02
-1.065043854788389268e+02
1.558259903203263264e+02
-1.170075173025480353e+03
-4.824539613796731601e+02
2.062384598483849061e+02
7.633568519999528235e+02
4.831459998884909623e+02
6.268816041327146422e+02
7.003822678742862990e+02
-6.736312289403342675e+02
9.897736654361673914e+01
-3.946522869098325828e+02
2.304428352920292511e+01
-1.222456372721735960e+02
4.154817106100046544e+02
8.697888864900684780e+01
7.583723553105821793e+02
4.928166628333413968e+01
9.129420933960872162e+02
-6.057729232291234212e+01
-2.424857119331813067e+02
4.339569404151502567e+02
4.922737765382312887e+02
-2.645152412433431550e+02
4.502615266480942182e+02
-7.613629841243778174e+02
5.028160580008576517e+02
1.570110775497408042e+02
6.225310907398683185e+02
1.367904972034541515e+02
-5.554554571243046013e+01
-3.488132051699584508e+02
2.822916101330790752e+02
-6.703326678266339513e+02
-2.044078408911300926e+02
-1.225350825057367956e+02
5.211304496305275791e+01
2.137248955303950027e+01
1.142861447947573623e+02
-2.116034925164209426e+02
-3.105581628625725443e+02
-4.183551439498972968e+02
1.368761585190521544e+02
2.227308991721306484e+02
3.535224463760972657e+00
2.300234269629927830e+00
-7.002332312720891139e+01
-3.103592314751296612e+02
1.378298761199335161e+02
1.088418165212259083e+02
6.674881587238287750e+01
-2.408941283500404040e+02
-2.538082130570695938e+02
-3.158349996319733322e+01
3.809552712856664414e+01
1.424467548190230843e+02
6.589550268379309728e+01
-2.049439854827014074e+02
-3.896781062294200524e+02
5.415623948488156714e+01
-4.963438914002336055e+00
-3.369337452731193707e+02
-2.330561435579036811e+01
-1.534905613836424543e+01
-1.050665753188623057e+02
-2.080275643955823384e+01
1.804778123993787915e+02
7.093971882773510629e+01
1.714038320415045007e+02
6.150175541881424124e+02
-2.273952210172547268e+02
-7.538133283125488049e+01
2.830816323901402853e+01
-1.452634403448143985e+02
-4.856303067035597110e+00
-1.011395728679106725e+02
9.546847232204852673e+01
2.033284478249657923e+02
1.670602478981164154e+02
5.560544524564755164e+01
-2.304737169520050770e+02
1.887861542496435447e+02
7.097561107266575675e+01
1.810531161140885192e+00
6.330106823671031435e+01
4.918844088981730067e+01
2.896035364196443425e+02
2.668504371783320295e+01
-5.378486195458349073e+01
3.857240164382273662e+01
7.393099514826219831e+01
-1.549101776047916985e+02
5.782773829034044155e+01
3.158188042499035646e+02
2.083441617513340134e+02
3.738358231240546559e+01
3.374378173196462285e+02
2.624156400327057526e+01
-7.773328215921228690e+00
6.888531199805050242e+00
2.229788538808682574e+01
8.586117399436547259e+01
-4.775742357022915030e+01
7.552653789227332481e+01
2.906006522624243757e+02
1.732497093146801035e+02
-1.405069566859748136e+02
-3.177786387231919818e+01
1.522722625658787479e+02
-4.609515599011351838e+01
-4.546691461783500365e+00
1.281657788641333013e+02
1.339134967691156248e+02
2.305391791584811756e+01
6.366980229733620433e+01
3.336353140889887925e+01
1.991571040625120190e+02
2.891522475868794118e+02
4.460833945699886982e+01
1.632696526539264710e+02
1.440815670479411494e+02
3.514569595148688563e+01
-1.744374133108338754e+02
-1.765699791116629314e+01
-1.655913598074664321e+02
1.194843780629768588e+02
-2.924223135743490047e+02
-2.033323599940015924e+02
6.613829734127830307e+01
-3.537760801639932140e+01
-5.848585399753120129e+01
-5.484083172395639139e+01
-2.661207200988808808e+01
9.081872429382781320e+01
4.066470229372845324e+01
-1.990565861868543251e+01
-7.184209026396585784e+01
-1.602503703616252437e+02
3.471971034427599534e+01
-2.761077649590544070e+02
-2.136079049939631957e+01
-9.640871454976625898e+01
-3.174514799745076132e+01
-5.082449944582217682e+01
-5.791558769590621836e+01
8.999000931367826084e+00
3.824812497830766347e+02
1.785973121304578513e+02
-7.071886571481844896e+01
-2.247763897517578187e+02
1.639430817011809722e+02
9.416160511412128642e+01
1.421557669614443853e+02
-8.636918144146304144e+01
6.693875157821014454e+01
-4.004532504797235504e+01
1.460038429771401809e+02
-2.320468238886870793e+01
-2.202010622891984610e+02
5.141048328349413055e+01
1.221467208657356451e+01
1.601118508375216152e+02
-1.211643097076442643e+02
-1.230073987186597861e+02
-1.315411563016652678e+02
1.583951369610863082e+02
-1.501000221622664412e+02
5.728688959909328560e+01
8.638276798977636872e+01
-3.017785139676484008e+01
-1.462301748468494225e+02
7.539193346209201252e+01
-2.439798183322145917e+02
-5.967080425719077397e+01
-7.498387009478277321e+01
-5.339559109186534158e+01
1.661173755201045310e+02
-4.555573395549897597e+00
1.155143323109638231e+02
1.065792281417505478e+02
-7.102800234997971529e+01
6.844995005562940094e+01
1.636704024233550285e+02
6.989582113483092485e+01
-1.028350357301675047e+02
1.205277452174445045e+02
1.349380636018345285e+02
-1.555619710514438339e+02
-1.078918607353173229e+02
7.976245112267081083e+01
1.100200620401577964e+02
5.862172859786238632e+01
-7.700579393774245318e+01
9.027619647821937576e+01
-7.372030986467930802e+01
-2.317172853309159564e+02
1.178592226590854466e+02
6.726980219205878520e+00
-2.524098324240834046e+01
-2.270446580728250296e+01
6.248788488025579824e+01
-9.040112820876663591e+01
-4.928157409318162507e+01
-7.194828051095672095e+01
-8.543395915936278584e+01
-6.307867969878316927e+01
-3.512374058445505653e+01
4.688611348341197527e+01
2.238314654160278963e+02
-1.941326928531720242e+01
1.370339765351381089e+01
-6.584107085951971783e+01
2.673418408519412424e+02
9.634242455665130933e+01
2.666665850943441995e+01
1.044037086615290555e+01
-1.823735459118657047e+02
-1.996991672364505916e+02
-1.611343678299524242e+02
6.029435436753199262e+00
1.678888463674103804e+01
6.964068659908664927e+01
3.296764259746350234e+01
-1.496324117960339350e+01
-9.712332501825116537e+01
5.744626177925648847e+01
-1.674194944158723430e+01
2.549538874620846514e+02
-1.044067185965329116e+02
4.414412114928001074e+01
1.204183425759990484e+02
8.149188209550228379e+00
3.634063846510064621e+01
1.849034367789396356e+02
-3.928938085238851841e+01
8.186406511336926428e+01
-4.106375116742650278e+01
-1.008536994774765674e+02
2.129379405109479961e+01
-2.658249212896865288e+01
-8.139477910792187743e+01
1.341205736209047572e+01
-7.432427944535220377e+01
-1.038376196750834346e+01
-1.984058136201608491e+01
-2.861207424905282792e+01
7.693912051330718782e+01
-2.872213498635155737e+00
