-3.964032612010125831e+03
-2.832085553214264451e+02
4.587780956924670477e+02
-1.875418798114576703e+03
2.443428188114539353e+03
-9.706737228779180668e+02
-2.904388235582251582e+03
-1.189394650279441294e+03
-9.490833159780528376e+02
-2.231538040769414238e+03
-4.364025855481422127e+02
-2.938463284997081701e+03
-1.557600659966787589e+03
3.192458104532381640e+02
-1.257139014556007197e+02
-2.853667049740945458e+03
-7.276556412328130818e+02
-1.298619175076298234e+03
8.287799819819517779e+02
7.720265019476343014e+02
4.366407078233958714e+02
5.384373643040803472e+02
-5.029380052592141936e+01
1.264105653153773900e+01
-8.333671871169004817e+02
9.112056776519599453e+02
-1.720375975061576241e+02
1.065885861809607832e+03
-2.425663897364614741e+02
-5.561741234949519139e+02
-9.189269317866808251e+02
9.852877021052366899e+02
-1.899387257732182732e+01
-3.179487515686795973e+02
-1.034674946686048770e+03
3.976820372863977013e+02
-1.438270013264061845e+03
3.613072911167722054e+02
1.650095705806676971e+00
2.432084114467815255e+02
7.844704888267783645e+02
-6.348572178895152547e+02
5.928183974162013783e+02
6.798243202747929672e+02
3.411781628591795652e+02
2.951688608962130616e+02
-4.758517290733449840e+02
-1.284743082882596639e+02
1.998094423994859312e+02
4.162558641627452403e+02
-2.583675274681593805e+02
-1.491086357993293632e+02
1.270009362653196831e+03
1.336338697566557812e+03
-1.239656289117853703e+03
3.650000843813012921e+02
5.568263482952196455e+02
3.300759039224842013e+02
8.626159463853624629e+02
4.440888331144672065e+02
4.571536006497647122e+02
-1.639519480320136381e+03
-8.742973953883514469e+02
6.862129286776817594e+01
2.258700856729779218e+02
-3.885334738028299739e+02
2.744115570658802881e+02
-7.358709572733570212e+02
2.024151535769141788e+02
1.872341228026481019e+02
2.369647664095569723e+02
4.042503311760016231e+02
-3.390528366918724714e+02
-1.618525925795166813e+02
3.741449586409988228e+02
2.006178328300069040e+02
4.470386318301610800e+02
-1.780614879021668457e+02
-4.023580598376928492e+02
-9.591564419596930691e+01
3.479736492366512834e+02
-9.858181150977407015e+02
2.398738785846864801e+02
6.308574243715645480e+02
1.055846485500429026e+03
-2.297610595895403378e+02
1.340980037909743317e+02
-9.639534034908741944e+01
3.730080104238433591e+02
8.932346946734926973e+01
-2.494192109699949071e+02
-6.635521603937924056e+02
-3.879483602821158570e+02
4.758542718291737827e+01
-4.221052533158745632e+02
-5.206866659575954372e+02
-1.448367830141997104e+01
1.557752400722752668e+02
2.379566834391070813e+02
-4.858743720172240188e+01
-3.800951884674190069e+02
-2.758910046974060037e+02
2.446644370555747798e+02
-2.308348191210089624e+02
-2.808222034480187972e+02
2.227115550068662060e+02
-1.266161181655633214e+02
-1.745365375511914507e+01
2.927108754703670570e+02
1.223184116488210407e+02
-4.441132215373871190e+02
-7.060261792273321646e+01
6.029708465611605561e+02
-6.022424297838683316e+01
-1.004611401395836765e+02
9.435809173352495804e+01
4.997847249165547012e+00
-6.133036549635988166e+01
4.680732896441170396e+02
-2.423751119941497905e+02
7.256173884443153099e+01
-1.486769661714687345e+02
-5.128673123059852514e+02
2.865375604976284194e+02
-4.338147351018752715e+02
-1.697794234348411919e+02
-9.970908452725484494e+01
-7.809016419480379056e+01
9.029975900626000396e+01
4.518337283457594253e+02
1.207502593478056951e+02
-3.249920783272074232e+02
-4.270908886563499323e+02
8.443893502901765657e+01
-1.123986248410955824e+02
1.585542147224396103e+02
-8.101252178744586274e+01
4.154605110042272997e+01
-7.439706807600413185e+01
9.292210746412143862e+01
-9.361537746372268032e+01
2.958212472301775620e+02
-2.939844682387039256e+02
4.685390299430736718e+02
-4.815161949701651878e+01
1.031981942401245789e+02
2.350869518812547909e+01
-2.534645346269116715e+02
-1.815800937893178286e+02
-1.533038729240595046e+02
-2.565272585592749124e+02
-6.696728798505915847e+01
-3.145362824180300620e+01
-6.992765873427676127e+01
3.139870766122839996e+02
2.630235656508133957e+02
1.681112913387421770e+02
3.998857825312758507e+01
-1.251783063137941809e+02
3.834854311034043235e+02
-3.325138771249255001e+02
1.481741435590496963e+02
6.483608031130214044e+01
4.928828581178665900e+02
2.028480395328112991e+02
6.267991536046869783e+01
-9.454405093315499187e+01
-3.416333325020114557e+02
4.115401972667090718e+02
3.664477609831889637e+00
-1.514090104584815144e+01
2.826633735952951838e+02
1.781637974858244320e+02
-1.024249109985762516e+02
-3.381728397208160004e+02
-9.857335260937928467e+01
-2.011876766760410931e+02
-2.498040979304888083e+02
7.439656068617350115e+01
1.091897985822124184e+02
-3.427044592218703656e+01
4.225844615670632010e+01
-6.950508657026666981e+01
-2.570669038394979680e+02
-2.741014904941927455e+01
3.149458764763979843e+02
9.402996992946917487e+01
-9.978200219753101408e+01
-3.159053962915975262e+02
-2.803874939779413467e+02
3.975617632089901576e+01
-3.688728912186445541e+02
7.022923384585874373e+01
-2.048727340709226326e+02
9.244734448312098607e+01
4.691387796351573058e+01
5.133970409611211316e+00
9.049128245618757660e+01
1.381792493501003207e+02
-4.189603112540398655e+01
-1.136065459789378735e+02
1.763899982525450483e+01
-2.033976742052958002e+02
4.026998620986299926e+01
3.207715025871973467e+02
-1.192620703521489673e+02
1.207174565327470930e+02
3.447077678978618565e+02
1.937028806137384862e+01
9.462035382530692118e+01
8.099972553722270874e+00
-2.923230888560864287e+02
-1.341649942985902442e+02
1.427483124860409305e+02
1.423480914224071512e+02
-1.575058204971161047e+02
-1.312852832073932348e+02
1.583847665421345710e+02
2.336502822437473270e+01
4.386989169086723450e+01
1.655225772500031951e+02
-4.792906226492208788e+01
1.742425172158415876e+02
7.755898757454452230e+00
-1.396385574379014827e+02
-5.450689361184387138e+01
-2.998128411727821430e+01
-9.975230276359039294e+01
-1.056818022809598148e+02
1.411025974330022166e+02
-2.428950672184087125e+02
-5.957047788112677100e-01
-1.479996510682727546e+02
7.461720549082853893e+01
-1.107523000205294039e+02
5.263890801372672712e+01
-1.361280085070183077e+02
6.339443112456966389e+01
-3.504224276859399367e+01
-6.128464988751836096e+00
-1.267021238941500627e+02
1.959004385883679333e+02
-1.221614570134883593e+02
1.251451984611334467e+02
-2.979187235499178854e+01
-1.327836852628403221e+02
-5.895849402251969451e+01
-1.295725033607464525e+02
-1.461614860050875109e+02
4.449119557427759730e+01
-9.220143055349106476e+01
-1.620760540624237080e+02
1.031076784806737923e+00
3.514362888978823918e+01
-1.816041749698642072e+00
-1.233673195723012839e+02
-5.633105468351914880e+01
-3.848044096219750543e+01
1.430067281765414862e+02
1.484568762591876521e+02
2.386089103924672550e+00
8.825349267679744969e+01
1.592912423975370118e+01
-4.758097426730125257e+00
9.104686227058168413e+01
1.538867717796988188e+02
4.647866654351142301e+01
-3.106611073557661129e+01
4.334340749724870712e+00
-1.282965739589040197e+02
2.377048615206834370e+02
9.758088008070932062e+01
5.552980120339253745e+01
1.990444384204965900e+01
-3.595309068301334321e+01
6.950436221619000321e+01
-4.708298386883363662e+01
-1.437320092911105007e+02
5.722554635466048012e+01
7.724836747631518108e+01
4.781430650273421179e+01
2.303275506414555025e+02
2.441777492520406057e+01
-5.984632198072523668e-01
-1.060817394564033975e+02
-4.673861135057498473e+01
-1.623649309278328872e+02
1.180472881208497142e+02
-4.837879725676543075e+01
2.707866157098103344e+01
-3.591800415531903656e+00
8.549583569020342111e+01
7.740685812179017944e+01
-8.684917038915168064e+01
-4.658378951697418557e+01
-4.157422996844876906e+01
5.344668008950770144e+01
-2.006202929506194366e+01
3.597184065418107934e+01
-2.186550500954227161e+01
