3.268712172172112332e+03
-5.156313251331508582e+03
2.550095810400812297e+03
2.492585863500357846e+03
1.342851963461372407e+02
-4.049870981319762450e+03
3.527308372506696287e+03
-3.513295210055917437e+02
2.066813632507432430e+03
-7.929420134541765037e+02
-1.330505279564749799e+03
1.239370145891081847e+03
3.062112588848059204e+03
2.547666851637452794e+02
-1.533996039588947269e+03
-7.651536256557926663e+02
-9.696516546991114183e+02
-3.562577666250601396e+03
1.397438095604379669e+03
1.713198370828042698e+03
2.618464157535579943e+03
-5.806990633450853920e+02
9.103759132809170751e+02
3.018421514797166310e+03
-2.627256780052005638e+02
1.131864936831641216e+03
6.870449261456317345e+02
-8.362163513753367283e+01
-1.040891366599784078e+03
7.316809703439329269e+02
-1.194196519365022368e+03
1.495878798734495831e+03
-2.057106694194105501e+02
1.297128620909498068e+03
1.223997108486285470e+03
-8.695521767376700382e+02
6.750387868053056764e+02
1.226261126241408448e+02
-1.343133073375373442e+03
-7.848916646958002730e+02
-1.400187900109550299e+02
-7.768034662095407157e+02
-3.071787022127119826e+02
9.065568630828505547e+02
7.784756779088741041e+01
6.183209965601578233e+02
-1.518881800444740122e+02
8.098272205260059309e+01
-2.855361055573009708e+02
-7.695127459170593909e+01
-9.303397784861984974e+02
-2.594966832585778320e+02
6.616543970131247079e+02
-9.177655622874300434e+02
2.841776151636019563e+02
1.342723335324690879e+03
1.151371781524093876e+03
8.290658185126630997e+02
-3.995970056880736934e+02
1.238557061907296308e+01
8.216916218731247454e+02
-1.484233133129066800e+03
1.796730341182151847e+02
-1.577708384526014470e+03
-3.962333711412571802e+02
1.455370448610412495e+03
1.289344041031731877e+03
4.002754162903345900e+02
4.414345555670634553e+02
4.236050914298480734e+02
-3.369178956443104198e+02
3.581842928269766162e+02
5.499753760333447872e+02
4.776524780545347539e+02
2.933932304756719986e+02
-6.244139705204433994e+02
3.206427792139172652e+02
6.600978592737857298e+02
1.490607869394338877e+03
-2.956991155261869153e+02
-1.108852445022957056e+02
1.068888194456650581e+03
8.076848348326482210e+02
6.246550778549723191e+02
3.454512290467579305e+02
-5.155971886180499268e+02
-1.384481839301236334e+02
6.021314743901301654e+02
-4.645137627170825567e+02
-5.920767319877362667e+01
7.335109234128093476e+02
-5.759384793478786833e+02
-2.067197000438018222e+02
-5.176492763551433427e+02
9.640128104466063164e+00
-2.139257311559350327e+01
-5.368363590090277739e+02
4.739572376098633555e+01
-7.241986901443166857e+01
2.021827078601244807e+02
-2.350354387685680138e+02
3.322799786889437428e+02
1.115011079489611632e+02
-8.715944235042846344e+01
-9.621788993352618036e+01
-4.191267246794204766e+02
-3.552206337484631149e+02
-3.659939375084697986e+02
5.971624585633443303e+02
-8.037186629986186048e+00
-7.623424042666559330e+01
-5.372124283598943748e+02
4.735356776841703663e+02
-1.173460562229753066e+02
6.241024273753226908e+02
-1.494760039910171372e+02
-7.648808737029247595e+02
-2.788148140536272876e+02
-7.178505259112562271e+02
-3.876077638653870281e+02
5.422670655056801934e+02
1.301422323925120850e+02
-2.889942542884995191e+02
6.492208317035047003e+02
4.840885911165770494e+02
-4.144349081568560109e+02
-4.688536321148522461e+02
-1.974623590771923034e+02
1.280040406546528402e+02
9.068090083487760467e+01
-2.530877370672627649e+02
-4.800750732859779646e+02
-1.907520894861421539e+02
-1.313451518752050049e+02
8.477127394088830670e+02
1.682839014216401452e+01
-7.102518492974670039e+01
-8.589916537474797451e+02
1.442002285483751507e+02
5.832953643765465586e+02
-2.528166278331651995e+02
4.326145734531113618e+01
8.652420763367358632e+02
-2.746118433111498689e+02
-2.471349859369653643e+02
2.903411186503968793e+02
4.567137706591731217e+02
2.689745597991493469e+02
4.885642102273765204e+02
3.389901047344555991e+02
1.219304759219097889e+02
-2.460291236646148434e+02
-3.718345639467012376e+01
3.942696311427666700e+01
-1.821993523356550782e+02
-1.882911457477581791e+02
3.505530052665115903e+01
2.335118165282876248e+02
-7.424567543834830019e+01
-2.117503333152359062e+02
3.177024408845254584e+02
-1.596641506034141287e+02
-9.020379576439846403e+01
5.193655105511348893e+02
-4.996539478975071802e+02
-2.581490636385815947e+02
6.663152385638292685e+01
-3.717200202319631330e+02
-9.991421496562372440e+00
-3.930715043922720042e+02
2.247590784295609296e+02
5.868325571115416324e+02
3.553535012835297948e+02
-2.381616937718452220e+02
-4.283374543666101175e+01
9.659191506712649300e+01
-9.658692646690944628e+00
-3.346940775281065044e+02
-2.788627809485884086e+02
-2.528241763521455141e+02
3.815829872126784039e+02
-1.221249095902321500e+02
2.202434260874692882e+02
-8.303728760182430335e+01
4.680027440827408469e+01
-2.397431338300747257e+02
5.241507354600469171e+02
1.071080972910863665e+02
1.414757590958474793e+02
-1.331061073729684807e+01
-3.002028672831777953e+02
-4.188310169256891982e+02
4.833524044306750511e+01
5.980196586828399319e+01
-1.507778825324937202e+02
-6.952622865254265427e+00
-4.344298358027148197e+02
-2.501207979264165147e+02
7.447564142831531342e+01
2.197825241932876281e+02
3.627569654283090728e+01
7.363827943783826413e+01
8.522579685461281542e+02
4.194808097837604066e+01
-1.924292616041008586e+01
-2.797984482529399770e+02
-1.483787822164315173e+02
9.020250488245639531e+01
-1.700053818473794465e+01
-8.615640700111276828e+01
9.939449760943628576e+01
8.443545704425309850e+01
-5.718907442896997395e+01
1.075461240150691253e+02
-2.763931032131098391e+02
-2.111609945825504155e+02
1.469359883596506222e+02
3.243471528603051866e+02
-2.920966239083650748e+02
-1.539381053517494991e+02
-6.108046843810015503e+01
-1.808573359947998540e+02
-1.618513157213280635e+02
-1.390480630062715477e+02
-1.028728590090778567e+02
6.930586548419243798e+01
-1.813931707485174059e+02
3.307465939141844160e+02
1.055045423983950883e+02
-1.117153484222691588e+02
-2.934093849927921269e+02
1.729642342702746589e+02
-1.522875685508886932e+02
3.624287903082603748e+02
-1.461244081576365872e+01
-1.134265101209580138e+02
7.358489598997168457e+01
5.226527497215504070e+01
-2.976294720369526203e+02
-3.245842926545217892e+02
8.676215458658560920e+01
-1.355183751413037463e+01
7.035412725827534075e+01
-2.249709274690244172e+02
-1.396684340738885055e+02
1.047350406744188405e+02
-3.038844549312101151e+01
-8.063797871945675411e+01
8.427954757395718843e+01
-4.923824838730359943e+01
1.241230165297554038e+02
4.339675541405368904e+02
-4.908661693340192045e+01
-2.635401866505717976e+02
7.672899833958652493e+01
1.564281318368984159e+02
-2.731291152503712283e+02
-2.853382198123011193e+00
2.796084564922429649e+02
1.263534872926748989e+02
2.292162740013635016e+02
3.184230064879074575e+02
9.758560412506130888e+01
-2.493650302234157436e+02
4.559292484604879974e+02
1.625701535104699360e+02
2.040519135349635462e+02
-9.487627600895284274e+01
-3.358927550305865566e+02
-5.409771304533405356e+01
-2.111990593275210699e+02
1.238310988502586554e+02
2.548626041517042609e+02
1.424265214045595940e+02
4.303501710287035564e+01
1.323063351514811075e+02
5.279375756644563467e+01
-2.228481562660132909e+02
1.957736319838196550e+02
-1.340684709268705603e+02
-1.981522910639557722e+02
5.184130456051086355e+01
3.779371648791057936e+01
3.036501965474147937e+02
3.477715794527909310e+01
3.552634366627376608e+02
-1.494288432294395932e+02
2.943548967726771934e+02
2.851741753616889419e+00
1.957715465964900545e+02
1.509662612527787928e+02
2.300590136057155632e+02
5.218897441428942585e+01
1.144814730759243133e+02
-2.110105714043822047e+02
-4.013586070302118003e+01
4.364552770334342569e+01
-3.977555948790287061e+02
-1.972869073871645469e+02
3.619045415165510917e+02
