-5.399422416651511412e+03
-2.109553959486207532e+03
-2.090544579874590738e+02
3.138028623924079966e+03
3.109075997151198862e+02
1.852850964609798666e+03
-1.355220174965735623e+03
-3.718982239461958557e+02
1.910090563648716625e+03
1.650952566194411702e+03
-3.732216787452207427e+03
-2.106874994127322225e+03
-1.049279173772714330e+03
2.988573211395083035e+03
-2.434341228646365380e+03
7.502040066833775427e+02
-3.171744137952942992e+02
-1.549561798192980859e+02
6.721831371345751904e+02
-1.871620403335324227e+03
-1.825333594362063820e+02
7.962997515541322855e+02
-1.775962452575297675e+03
-2.069956876445326941e+02
-1.524874539401580478e+02
-4.373239781268808315e+02
-1.154958763354725875e+02
3.549533200095120833e+02
1.494048980243019287e+03
-1.246571077529709100e+03
-2.139203663356112486e+02
3.707583779572980802e+02
1.762197158572880937e+02
9.972287921063438034e+02
1.482199794660095677e+03
-1.859130684006016736e+02
-1.584983908880734589e+03
-5.778318587763017149e+02
1.609057140795581518e+03
4.952410498757849382e+02
-4.838220658190256813e+02
-9.956905281676635013e+02
1.391001024574939720e+03
-4.273732929240364342e+02
1.822685461461930117e+03
-1.081468603956883953e+03
-4.447092847249504644e+02
3.158926961769774380e+02
-1.182685707508248925e+02
-1.816606763128728971e+03
4.635872288252208051e+01
1.509163254656599236e+02
-3.392289363362581298e+02
-5.260389266082952417e+02
-5.109946878702762660e+02
2.761490761508450760e+02
9.848329523168685000e+02
-5.204941089686842588e+02
-7.939206052457267333e+02
1.535502163155014728e+02
-1.421917244316029496e+02
-2.679495748570468550e+02
-5.304295937412490503e+02
-1.381443053833233989e+02
-7.890289230308525248e+02
4.069892933189169639e+02
5.292056568406375305e+01
-3.902093336443731459e+02
-1.543492803948337837e+02
7.267463570833018593e+02
1.056651365845510327e+03
-7.143990300240616307e+02
3.068614483371205779e+02
-1.014959311466961225e+02
-3.324172608255994987e+02
5.979781132321402310e+02
-4.096808828524238493e+02
-3.330095428574604171e+02
6.979639502866925795e+02
-8.008197666915317825e+01
-6.882052876822411918e+02
-9.412678652497859275e+02
1.505305314453705989e+02
-4.979215912340420687e+02
7.163184720863454231e+02
-6.433421189080614795e+02
2.480878152245561807e+02
-3.700695229779029773e+02
-4.485862632130672409e+02
-7.037571054807493454e+01
-5.074682154587359832e+02
-4.280574887984035968e+02
-7.960427129074546428e+02
-8.097423431747678251e+02
6.198266151897265672e+02
-2.743520564586585806e+02
4.601684317497531396e+01
3.003423348689387922e+02
-3.777766322240157848e+01
-1.055510240460941134e+02
2.790784240277961885e+02
-6.019679904971368956e+01
-4.917268853637644384e+02
-4.559503322037336375e+02
-3.868371561040501092e+02
-6.666646897919032710e+01
1.109148977570285268e+02
-4.523833521853607635e+02
-4.144366952948375911e+02
7.920691743580182731e+01
-9.772758872464352464e+01
1.660104639554119217e+02
-7.563248939010628646e+02
1.301223535886925902e+03
-2.370964615236175277e+01
-3.663354694942886454e+02
5.436832936549054693e+02
1.679106064826752629e+02
9.663162041637303901e+01
-4.715652341833050514e+02
3.760999342273671573e+02
-3.694996790898880477e+02
2.185163179509892473e+02
-7.179443833075922043e+01
3.745088675553823521e+01
4.795977942408455874e+02
4.798314690234884239e+01
-2.860796900884915317e+02
-1.339565292121521054e+02
-1.352334612275096504e+02
-3.645833695010313704e+02
-2.997207187356986324e+01
-1.068168156958723500e+02
7.549869418425939216e+01
-2.888037604599076644e+02
5.977291846318671986e+01
-1.964161005141053238e+02
-4.749356741689117598e+02
-1.631305395253897643e+02
5.695569541797453184e+01
2.849712331457285472e+02
2.436555172573936261e+02
9.469783551068540817e+01
4.112829038862136031e+02
-2.136503310579203685e+02
2.615673543750783736e+01
-1.880997278289289909e+02
-1.971678108141686323e+02
-1.983732764622272100e+02
-1.557812542141767835e+02
1.782814383901596500e+02
2.393086640267857490e+01
1.484321913962477311e+02
-3.887417537007404462e+02
-5.037807588168934103e+01
-1.432815146748797304e+02
3.965406389784766930e+02
-2.452929750649808227e+02
-5.465339294366874867e+01
-2.005069878484191861e+02
-1.452124341026201364e+02
-1.083636179182152546e+02
2.264399029691426790e+02
-1.582100865861171535e+01
3.662224166242438628e+02
-9.162760067431224797e+01
8.039097915697144003e+01
-2.114188631351933623e+01
1.243858492476429802e+02
-1.840133404095492722e+02
6.050197425561238163e+01
3.910868088889128558e+01
1.770154076364131868e+02
7.000111063627633712e+01
5.953931504096767924e+01
-5.803983323824103024e+01
-1.863379543967558334e+02
2.721955845361546835e+02
-6.132552000946294868e+01
-2.571946210016902228e+02
1.357321376406759157e+02
2.782370831986137318e+02
3.502575009404689155e+01
-5.434406514779787756e+01
-2.862607752996145791e+02
-3.934658238732982909e+02
-6.534073718316086854e+01
2.460868883752928298e+02
1.386871298548566500e+01
1.187625695800977894e+02
-8.889182976876115561e+01
-1.250490534959169509e+02
1.740748635710183976e+02
-1.020484776586007314e+01
-3.579337529026219045e+01
1.082733598943629687e+02
-2.111746123718614569e+02
-1.599613742912576129e+02
2.132651323373183914e+02
6.328341839407045200e+01
6.566376300233967811e+01
2.448323286163300168e+02
6.855497659288354839e+01
2.103744192449833008e+02
-8.234059557968656407e+01
5.251261804196087013e+01
-1.423662474137395577e+02
-1.211983469121842916e+01
-9.166553360882234358e+01
7.420106852401008268e+01
2.178969880095044402e+02
-1.890181157576452620e+01
2.454692089854760084e+01
2.917858938960662272e+02
-9.653114794104770624e+01
1.315740638822400967e+02
5.652613230322744897e+01
1.063829170596702767e+01
-2.207639933300173141e+02
5.563200378893289155e+01
2.000690746743084247e+01
1.398548491128433398e+02
2.156477900765687252e+02
1.223903109170714174e+02
1.863083626848594463e+02
-1.492826668425262255e+02
9.803152179132415256e+01
9.375718428306726082e+01
1.776889493259367612e+02
-3.037724167894178322e+02
1.035768726815937129e+02
-1.236198593333370752e+02
-3.358435343026862938e+02
-1.146134880539703573e+02
-4.627551249493810914e+00
-2.161328380474587902e+02
-1.497648671091440953e+01
-3.189456819212440450e+02
-8.762354626899926302e+01
-3.019254269307491967e+00
-8.449389371833702000e+01
-4.780858686013836945e+01
4.695137118413532562e+01
-4.345153098471813280e+01
1.163335656346982177e+02
2.018568014480484507e+01
-1.427964697187483409e+02
-3.550631358937731079e+02
3.007457517254807300e+01
-8.015990936256261534e+01
-9.367067677254797786e+01
-1.166140210211463710e+02
1.425522674516076904e+02
-1.838381745259218292e+02
1.034624630338241076e+02
-1.939602526087892898e+01
-1.420154700839851500e+02
6.632247739736614278e+01
-3.008062110836723946e+02
-1.791735432835567465e+01
-1.827869501673908132e+02
5.547455476716822176e+01
-1.505980751731709404e+02
-5.750565736041146181e+01
-3.237337865511496204e+01
3.971986525095633169e+01
6.853382156785345103e+01
1.798066284460374504e+02
-1.939363132468160131e+02
-3.372458669092845440e+01
4.886994482613546076e+00
6.695258526292700196e+01
-3.769566286178052650e+01
9.928297521597578168e+01
4.263296337285581217e+01
2.291845157655445462e+02
-1.078128718199570812e+02
-7.261311364650637756e+01
1.091142208470263597e+02
5.626711022156064246e+01
-7.146289452477804005e+00
-8.631714560050428986e+01
1.763818315493869022e+02
-2.515192598767923471e+02
1.822222950357330262e+02
-1.133794751182331026e+02
-5.374555286654543806e+01
-5.820350927088411197e+01
1.758524896288815853e+02
-1.498671979547777084e+02
2.351741824068563247e+01
3.306142536209460303e+01
-5.975969648372019094e+01
3.569308345072277433e+01
8.990566276503903964e+01
-1.403918464767625380e+02
1.219654731065041631e+01
-1.085900016764694831e+00
3.924589464738501121e+00
1.814703835194880810e+02
