3.538030072459621351e+03
2.164594300950505385e+03
-3.509398672416450154e+03
3.097207658255344541e+03
-1.060682060367563508e+03
-2.902043588862094111e+03
3.346868605289887910e+03
-2.413519839385242904e+03
2.978490988613040145e+02
3.534293183198122279e+03
-4.806128038859793037e+02
-1.559825963312907106e+03
-2.613061585440245381e+03
1.086053219808905901e+01
-3.474986408837423824e+03
2.224025202314554917e+03
-1.269070637846105456e+03
2.455801121474814408e+03
-8.525615556976345033e+01
-8.652220516539662185e+02
2.755476652710166263e+02
-7.351002961233410815e+02
-1.989457460951498433e+03
1.036292209653590533e+02
-3.342573560357608642e+01
1.810283615764091110e+03
-8.494131171928203230e+02
-4.141395186476614043e+01
-1.713393011912763200e+02
-9.515794846541177776e+02
-4.152340128130173866e+02
-1.026346925175479328e+03
-8.869249633511544744e+02
-1.460086172676726619e+02
2.632421539159892063e+02
8.200133745624725634e+02
-1.801773696155409198e+03
9.952235133789038173e+02
5.659983636868521444e+02
9.232331147368481652e+02
1.315950162752754693e+02
-7.588051402291770273e+02
-7.737893182389598223e+02
-6.171302666752849575e+01
-7.596657079573811870e+02
-4.059950974119476541e+02
-1.468786917221595161e+02
6.490460241567687660e+01
-1.606529682670243631e+02
-2.612042746574313696e+02
-8.414879733968911069e+02
-4.520002099662179376e+02
1.711406713413328760e+02
-1.440846155800949724e+01
-2.722441194749625879e+02
-1.473504702681276228e+02
3.962949345565544945e+02
-1.014175449055010745e+03
-4.262463338127321890e+02
-6.675842715847919635e+02
-1.232106825994704650e+03
6.047169964503793835e+02
-6.993992295508326151e+02
-6.429536366538428638e+02
6.539790068675581836e+01
-1.066348911610892358e+01
-1.058199018084487903e+02
1.925993145125987951e+02
2.191613756328517866e+02
-6.662037517098376327e+01
-2.745819228418948796e+02
1.893133712737996348e+03
6.862240374309278934e+01
2.252234491634073379e+02
-1.212242178390327467e+02
-7.107604690872597075e+02
1.045911393104183986e+02
2.860609171570222315e+02
9.394423245252687238e+00
-7.708097683174538588e+02
-9.633337243735421396e+01
-4.458600199669024846e+02
-3.427520113938193731e+02
7.998336330153509834e+02
-3.045886638601234608e+02
6.520883758131534478e+02
1.977275855713037345e+02
-3.432347312671213899e+02
-2.285712804660137181e+02
4.101345924613990519e+02
-6.183597610081737912e+02
1.375102790705739721e+02
1.291306729625930529e+02
7.085434877665531985e+02
-3.058277653223640300e+02
1.067239889895346323e+02
4.098138933447087879e+02
-6.513441139569735014e+02
-1.120175079590238276e+01
-1.371364037099547488e+02
4.463863204651891010e+02
2.165587531738432574e+02
1.392011578763664659e+02
-3.787470244891118227e+02
-2.069032932473666975e+01
1.642913793295938376e+02
-3.022096282542052563e+02
2.025358912202716510e+02
1.009200104181919073e+02
3.935035912262426905e+02
-7.750991922825046743e+01
-3.716534193941166677e+02
8.034310407442157498e+01
2.106331304407461857e+02
-4.045499063976143450e-01
9.989324306012089494e+01
-1.258903449936933896e+02
-1.474687899533632560e+02
-3.419997428574453693e+02
2.991949212822489130e+02
2.011092247927500409e+01
-9.660665868630292152e+01
3.122744118481704234e+01
-4.659738216071241723e+00
9.974150555263568663e+01
-2.675830935581029166e+02
4.924587904300283014e+01
4.841006697971296262e+02
1.355716295470793966e+02
2.006254485910634742e+02
6.215519424163677087e+01
7.481383426249783497e+01
3.944095125302548581e+02
2.375704520731649723e+02
1.019536406742545154e+02
-7.324575517323083318e+01
-1.624200984000355561e+02
-1.343118275368916770e+01
-1.394553287948772606e+02
3.488122701847685789e+02
-8.268591857370805087e+01
2.819569826305611855e+02
2.286823757093662479e+01
2.315898474424571987e+02
-1.956848637859841915e+02
-3.577947723854382502e+02
4.477683715362334738e+01
7.355696773837445335e+01
7.462045376142744324e+00
1.352726253199622306e+02
2.376865142632876626e+01
9.605691696497954979e+01
-1.908556401185083118e+01
1.721439690614236042e+02
-2.348010538983166668e+02
-2.505223310429185233e+02
-3.897342844042157139e+01
1.835564021963073458e+02
2.173723205971289474e+02
8.547538482337470711e+00
-2.589812435981166345e+02
1.707597707230867456e+02
2.525904330984399166e+02
1.616723751275339893e+01
8.455380063951186287e+01
1.074956405364785468e+02
-1.397892176478610509e+02
2.030471958808124100e+02
5.466239338404991877e+00
-3.531336981295625606e+02
1.841946245114707210e+02
3.311274659904022428e+02
9.069107729678898977e+01
-2.662218536434156846e+01
-1.735740530379727034e+02
-1.296265078954962924e+01
-3.286150376754803659e+01
9.293490543123708392e+01
1.340115956405958570e+02
5.419127565568071248e+01
-2.345398711589802758e+02
-1.373653844168076077e+01
-9.332291478241207017e+01
-1.361315540758006364e+02
1.781961216780585175e+02
-7.851455134809391723e+01
5.134704412625659131e+01
1.934112732736711564e+02
4.767290724233798471e+01
-2.704571362663645573e+02
-1.011520005328568033e+02
2.186677913179167376e+02
1.653992674130059868e+02
1.038492896528402554e+02
-6.931509059403708761e+01
-8.467718219125917756e+01
1.312551482804361740e+02
-9.842621050111951320e+01
4.921175846920721142e+01
7.965413989717931464e+00
6.834442425809695010e+01
2.144094306478186809e+02
1.947850083609060903e+02
9.553181168607044071e+01
5.225981663038773206e+01
-9.086842232448742607e+01
-1.125340692166410008e+02
1.926744507097213557e+02
-6.324124314390941493e+01
1.910823445661966602e+01
-1.359097762969261396e+02
1.336416212923805062e+02
-6.742237460762453338e+01
-9.005747149041797073e+00
-2.199291634465534884e+01
1.654949825095690983e+02
-5.546253689402267817e+00
3.333858603777222385e+01
-1.801262343455966857e+02
6.954861522063059454e+01
-1.600847779507849680e+02
-7.404683185620714880e+01
2.776382909131839227e+01
3.049746476915005644e+01
-4.923875308628440450e+01
-4.388226884643533054e+00
4.317365973296762860e+01
1.337776983145568295e+02
3.907456121071509614e+01
-2.245617120114759757e+01
1.265291182001767964e+02
-1.623209977272541948e+02
8.183761746654607094e+00
1.756633792246906012e+01
-1.241312086573579698e+01
9.505368559840640330e+01
1.360855377225636289e+02
1.401444077476238892e+00
-1.794982546287539193e+01
2.359972520555375208e+00
-1.068190816974819342e+02
1.723298023558210161e+02
-4.897978517256036923e+01
-1.672662357714622772e+02
-1.095151787634582377e+02
1.159079934042812567e+02
3.505193678774784871e+01
1.041070122060254199e+01
7.090960334394267761e+01
-1.703784519196192946e+02
6.447578645531950770e+01
-3.117613135658779200e+01
7.268103307219870857e+00
-7.225468935793242053e+01
8.666662096299766915e+01
-1.727931255592836521e+02
-1.735825856412504109e+01
1.199937335903507147e+02
1.238391571669062046e+02
5.650156012615105361e+00
-1.745986548429663401e+02
-5.218050311521218987e+01
1.176539409372790246e+01
1.530497196891684197e+01
-1.313261715789288964e+01
1.550370337373147445e+00
1.683170770244234049e+01
5.221131637877383014e+01
-2.815228274331379410e+01
-5.941939359676267429e+01
2.582611611370421301e+01
7.461548785858505539e+01
-7.842924350518943299e+01
1.093319006674471794e+01
9.100214579437053430e+01
-9.529215173129040295e+01
1.584248263489953672e+02
1.089138791967492210e+02
-4.142335178909555538e+01
8.112967405529856535e+01
2.409191615189537572e+01
-9.547125463700103865e+01
-6.440979615501743183e+01
-1.610130435956804362e+01
7.319361415425882456e+01
-3.768827113895027736e+01
-3.401119062081172650e+00
3.615741817705134054e+01
4.696986828891077437e+01
1.410062926819847178e+02
7.917430437520849296e+01
-8.373082948543193993e+01
-1.100826004577121751e+02
1.966777790631770984e+01
-2.544292933891998487e+01
-1.462977564242401129e+01
-2.419878129151266677e+01
-4.895040610739681597e+01
-1.319228551336149202e+01
-8.841927689271621205e+01
