-6.145467790562035589e+03
-1.137870013023685942e+03
-7.408752619291954034e+02
2.772985488355573580e+03
-4.539878760062657648e+02
2.524416057827444320e+02
-3.072474373078277381e+02
7.507613271658701706e+02
1.264844903353941845e+03
3.134299448564448198e+02
-4.571787915982696404e+02
-5.597100412188669907e+02
1.318602850254613372e+02
3.428092435745019429e+03
9.217183098869735431e+02
-1.822718347296075763e+03
-5.065546474805492494e+02
-1.708291110611852446e+03
2.260788501380777973e+02
3.524916799687320577e+02
-2.072236202265687098e+03
1.829050737346166443e+03
1.065345210641674498e+02
-1.218394983066819748e+02
-7.019174036795152460e+02
6.638508249078545305e+02
-6.661531162668450179e+02
-8.817427615454635088e+02
8.924776895214608885e+02
-2.468992729769744528e+03
4.637058188956830804e+02
-7.140914390825062128e+02
-4.117139357686820631e+02
1.651954126230818432e+01
-5.460495308520613662e+02
3.854000801182850182e+02
-6.833019086167871592e+01
2.599438898662303927e+03
2.777577431725377437e+02
-4.407686614053636021e+01
-7.506407035003130659e+02
5.169708511380920299e+02
6.026653152090237882e+02
-1.547905684920672513e+02
1.264684870594784343e+03
8.283698147819997075e+02
1.350512873509317160e+02
4.090139173038944591e+02
7.791153014567640867e+02
9.138578647492577147e+02
-1.086821329743216040e+02
7.495107902979667642e+02
-8.593315045148212903e+02
-2.621777045148910474e+02
6.489879905599228778e+02
8.365355322462419281e+02
-1.307740581465272101e+02
-1.646876638409620739e+02
3.916853032868251034e+02
2.094294999051536195e+02
-5.670824440792819132e+02
-6.094748238488895140e+02
1.447227962001404649e+02
9.046928722401179357e+02
-1.374963133390801204e+03
6.422083015352976645e+02
-1.570068045346818337e+02
4.490606506172553303e+00
9.531696051976746276e+01
-7.217897157092874068e+02
4.474423558275074129e+02
-4.448782513769127149e+02
1.773981137699552448e+02
-4.857998867000313794e+02
-4.025034530050340322e+02
-3.585577469351738955e+02
-2.322331845068605958e+02
-3.333705064174527593e+02
-4.334523940446874235e+01
5.872764887945796772e+02
-3.011162583086793916e+02
-1.823508533657148973e+02
-2.732909351763779569e+02
4.471126385555507454e+02
-3.810484401249844950e+02
1.199058238292561498e+02
5.598437737071300262e+02
2.080831720483529068e+02
2.579602647406206728e+01
6.967637865247216951e+02
-1.963783964971162277e+02
1.942646269286634109e+01
-4.972654749970718626e+02
-2.110126426854853605e+02
-1.335312216041474755e+02
-2.231191957874469551e+02
3.404438991806657668e+02
5.061841419025623484e-02
-9.674858841543176879e-01
-7.953005032798327534e+01
-1.673043593441267092e+02
1.609696148803968470e+02
7.903126203884228573e+01
-5.113138843400446945e+02
2.648821623483938481e+01
-4.719919428585191099e+02
2.882442833811552774e+01
3.590881231420344477e+01
-1.554746451876837057e+02
-2.784051162749316291e+02
2.075200907550413092e+02
4.267803104559543925e+01
9.127021218732205909e+01
-1.639030100886851926e+02
3.641725821118451023e+01
4.694732212260247906e+01
-2.145528930141169326e+02
-2.662333202797228893e+01
-2.288980271486019831e+02
-1.132904665846709804e+02
-4.206764026372768939e+01
1.772966064742742560e+02
3.890383930597750606e+01
-5.975338691667374036e+01
1.388057166722977911e+02
5.413333411465603717e+01
4.089942152654495544e+02
-8.721969426223344612e+01
-1.138504058091470483e+01
-5.600414215111450034e+01
-1.074422201731482716e+02
-1.516093736026265617e+02
1.114213479728298211e+02
-9.914301617314416148e+01
-1.580132264626217875e+02
2.627494822825302663e+02
9.896830971800781640e+01
2.265711425108619892e+02
-4.555386986735705079e+01
-1.570975171703194064e+02
-6.553814936248583933e+01
1.101628306479638582e+02
2.534815424979260854e+02
1.632885818927955057e+01
3.120070234406657761e+01
-5.708638491675114324e+01
1.101657066634155626e+02
-6.420719353106902361e+01
-8.887205072314490906e+01
-8.320110540466605187e+01
5.282255158028984710e+00
-8.775779409868670200e+01
8.057576523111796973e+01
-9.993651384335458943e+01
-3.050408387690499694e+02
1.657211884024013671e+02
3.679750513053076020e+02
3.530919179513124959e+02
1.458350409389450419e+02
1.083720535504452442e+02
6.763004162884472237e+01
-7.949664239202211036e+01
-5.051475947362758490e+01
-6.424798727477106297e+01
7.000313324916777447e+01
-4.229670117789347472e+01
1.148094100432580120e+02
-1.960894898369034252e+02
-2.002704003973375677e+02
1.469600111916080465e+01
-4.400746913279122907e+01
-5.841612419889166574e+00
-1.142719034332006203e+02
2.637408637619580443e+00
1.957677771509056868e+02
1.950849557594635542e+02
1.079866160756015603e+02
-1.202835309491739757e+01
2.121685525948933844e+02
7.530585647198398647e+01
-2.770082544214399149e+02
-7.695062490171839897e+01
-1.086843439580039643e+02
-1.019097388716481589e+02
1.116061026183197953e+02
-1.106240214231395136e+01
8.376828668097424213e+01
-2.647377062875199627e+01
-3.054871489603191321e+02
3.445442172844205686e+01
1.047691854550859318e+02
-6.793058231592588925e+01
-3.080269515039041295e+01
4.747627251240174218e+01
-1.393508293964121094e+02
-6.787911248013911347e+01
-3.787268671668424247e+01
7.350702926912480173e+00
1.305593405202548354e+02
3.434035380730544773e+01
4.966425764392374731e+01
-5.534657099894211996e+01
2.143043187273890027e+01
7.311835559084316039e+00
-2.548128233872707824e+02
-3.232211149658677840e+01
-5.374047529292710834e+01
-6.690065370632689223e+01
1.959742727072317336e+02
2.815310660126261837e+02
-9.742420381178406785e+01
-6.884271482588628999e+01
2.028664511750296811e+02
5.246623290053366162e+01
8.846943859264699483e+01
-3.474185671551233412e+01
1.658011472846882439e+00
5.954598703984015629e+01
-1.239701440665557364e+01
9.765546289439619443e+01
-1.350441699027274467e+01
3.307914088521119567e+01
1.878245516886055810e+01
5.730290216993272878e+01
-4.192438058620995633e+01
2.287378209753510419e+02
-7.040685383262510300e+01
-1.727393623974263903e+01
1.913792147028271415e+02
4.490631581624219848e+01
-1.029560870323175976e+02
-5.875548495033228136e+01
2.000828630124247098e+01
4.284209770586436150e+01
-1.754071107081554004e+01
2.886778075869867877e+01
-1.640570682861125107e+01
3.608152299939962404e+01
-7.723817739970587581e+01
-7.483160708316394683e+00
5.977005513698934180e+01
1.871085596544472764e+02
-4.524622900711769802e+01
-7.228125419969907739e+01
-7.521516803059938638e+00
9.753351940642481566e+01
-7.425778695316869005e+01
-1.789865892148219828e+01
7.037565305878486299e+01
-3.230700081983624727e+01
-4.152693281740621956e+01
-4.895312971797291191e+00
3.596003693353532782e+01
-2.612917463622812875e+01
-1.367748984355842765e+02
-9.172050893891729118e+00
1.394935396658763871e+01
-4.824100333997377987e+01
3.999004447001920681e+01
1.283528596788994207e+02
-3.609943593740175061e+01
6.411493057712414156e+01
-1.874359490486443036e+01
-1.803849740249999627e+02
7.417584323643619371e+01
-2.673207456769388202e+01
-1.170340915590319355e+02
2.765730925045041033e+01
1.424527435191902782e+02
-1.378726079181596162e+02
-1.202161811848340420e+02
1.394408938471138448e+01
7.030286639588871367e+01
-7.722236278912475882e+01
-3.703511858759070208e+01
1.664860396030057998e+01
1.623402741086272556e+02
5.463694314152764520e+01
-8.396046628429111536e+01
-2.755382769381708030e+01
-1.483765153257894838e+02
-4.401650951636475639e+01
-4.473547875807594210e+01
1.165483141417167801e+01
8.400017520429230444e+00
-5.947049519161385689e+01
-1.293396209592928159e+01
8.719921157910289367e+01
5.195292256689744192e+01
-5.668785168086894366e+00
-7.974814109304031007e+00
-7.519430537104551604e+01
-5.023784231586775917e+01
-3.488755801929612765e-01
-2.647434355104732617e+01
4.320078038304801282e+01
-1.273324201343529438e+02
5.309628843649548458e+00
-2.695915740841444119e+01
-6.397186455805386629e+01
