3.318038822690640245e+03
-4.164547985174960559e+03
-2.571179358887294711e+03
1.808590310102600597e+03
2.227880138175473803e+03
-2.917157005615178605e+03
-1.887553594638616914e+03
1.151016825772729590e+03
1.381690285242013942e+02
2.888345697380041202e+03
-1.128039457127744072e+03
-3.178356033836641927e+03
6.047491669337359781e+02
-1.715284520061424587e+02
-6.296776117179471157e+02
-9.436268944089079014e+01
-2.142975119072325469e+03
2.130311333931980698e+03
9.077549573476503042e+01
1.151158725306975867e+02
1.920374660894933641e+03
7.685814198666528227e+02
3.858079768536510983e+02
1.994475141559017175e+03
-1.738700891531058915e+03
-9.444184329428643423e+02
-7.994815099322986498e+02
5.726198975516383598e+02
-3.617770965441584963e+02
-2.278606187888484556e+02
-1.098856327203042156e+02
9.515216576036104925e+02
-1.030177647921579137e+03
-1.487874284912378243e+03
-7.430287286899862238e+02
4.994201721751488776e+02
1.658173162489720426e+03
4.784778879486711958e+02
-1.060251884674933763e+03
-1.021059805281799640e+03
4.976160744392621496e+02
2.120101211546172237e+02
-5.350699848383205790e+02
-5.752278443497694127e+01
9.712109640769790531e+02
-2.780187996945939517e+02
-1.182947378488280492e+02
2.465399760370274862e+02
5.163181822298257373e+01
-6.980589944716947457e+02
-1.005343059264656631e+02
-6.451219386142537360e+02
-8.194952568963449266e+02
-3.313811915780463551e+02
8.368834982296634450e+01
4.799378361453644288e+02
2.670336145275553008e+02
3.337535630621150631e+02
-3.580336494998348371e+02
-4.115526160067810224e+02
-1.543245895315763221e+02
-6.369134937318930270e+02
-2.054780043287269677e+02
-1.084376887626272037e+03
1.472281491849321640e+02
7.431611281738504431e+02
7.076429353483478053e+02
2.672960728996118291e+02
1.181896842997718522e+03
-1.280561960429513988e+02
9.836082002543236058e+02
3.516655941505976557e+01
-2.282768669860084643e+01
5.091386358496283719e+02
1.259848421283650737e+02
-7.118570362341669124e+02
-1.920910255269035076e+02
-1.125516505775152041e+02
6.172728040020141407e+02
-3.540876451273683756e+02
2.567418438682811370e+02
6.279967894404046547e+02
2.861632535670586890e+02
2.824612101165665194e+02
-3.268812906513231553e+01
4.750064259798178909e+02
-9.840335550134071241e+01
2.382756708149845224e+02
-5.738736500600055024e+02
-3.488279242875824480e+02
6.719354325722221120e+02
3.023486379116953344e+02
-2.880687988481826096e+02
7.585370848873276373e+01
5.283209298617799732e+02
1.522576635771111171e+02
1.609461409875879667e+02
9.078238946989124543e+02
-3.089134915359504134e+02
3.764920333476437690e+02
-1.629059949298334118e+02
5.156029151679468896e+02
-2.903323816242861994e+02
-5.697965315642794621e+02
-9.629987490364383973e+01
-3.978428436128806993e+02
-7.471385542115596934e+01
4.135837309789485516e+01
4.418383591455587833e+01
-1.376506321545531932e+02
1.351600163632186877e+02
-5.705674320007926781e+02
2.179656597381904248e+01
-3.923656344951023698e+02
2.067531079796881386e+02
-2.039922150511467009e+02
5.041623508622114258e+01
-1.931375064850577701e+02
-2.720772856757353111e+02
2.594982063024298782e+02
4.848316931477543221e+02
8.758499876933619532e+01
-4.618950456934944100e+02
1.811386375576365992e+02
3.116189147830401112e+02
1.392672008074315499e+02
-3.158831826792014681e+02
-5.805512875504967241e+01
-3.843215977344525527e+02
4.166588223106280111e+02
1.980015942419877604e+02
-1.472278949077921482e+02
1.487114676681135279e+02
7.945050079906798146e+02
5.438205506236370184e+02
8.469515168942990613e+01
-4.658371059812549220e+01
-9.684575722545808674e+01
-1.255770086013963720e+02
3.785671013167094543e+02
-3.341384338376462324e+02
4.534630032276132283e+01
5.548411863249866656e+02
5.750833413207149647e+01
-1.461933385076180869e+01
-4.529172852526870940e+01
-5.689714481689246384e+01
3.344509160840321016e+01
3.647935275156721673e+02
-2.507822178719245301e+02
9.869425609426478729e+01
1.691861740266115532e+02
1.865989860803439342e+02
-8.822600247485016212e+01
-2.951885223858970448e+02
-3.267913795930948595e+02
1.022947779240264197e+02
7.375089248083195059e+01
2.398881291777987883e+02
-7.482176997901351001e+01
1.877296321803153489e+02
4.656453273412327576e+01
-7.990551861384739141e+01
1.825078322790535594e+02
-3.053063939455626041e+00
3.522425854526704114e+01
1.891988745512513219e+02
-2.584169629666168362e+02
7.278706066565644051e+01
-2.452059464253615886e+02
1.384724358635436090e+02
6.035675366338371077e+02
2.766084424524731844e+02
1.345749942580335130e+02
-8.646076063130367118e+01
3.172591445203201488e+02
7.255464145114592611e+01
-5.552884516789916347e+01
-1.857620306775427821e+02
-2.473776098567088013e+02
2.352693308652750090e+02
1.901287890401784466e+02
2.281817799820448727e+02
-8.457490340251293048e+01
1.190417021382707077e+02
-6.816404346962532657e+01
2.686464549476621642e+02
-6.840423052158428163e+01
7.213130495928761832e+01
-2.636737029431731685e+02
-3.054058322132421495e+02
-6.983011820468411202e+01
1.727394432326341089e+01
4.204022712673434370e+01
-2.460624950912601037e+02
4.539359142232989797e+01
-2.197538751320289236e+02
-5.374272499497678979e+01
2.864729985126830343e+02
1.048547074718721603e+02
-2.505381876391147387e+02
-1.616749459901986370e+02
4.716577257795554488e+02
-9.825587120740820524e+01
7.069369774209395274e+00
-6.638127482763293585e+01
-9.779804577679260547e+01
1.620192854854694247e+02
1.855980387000338112e+02
-2.666249645741826058e+01
-1.050593832084105941e+02
6.797083767255182352e+01
-1.733847157478282952e+02
2.755252666773087356e+01
-3.019604178311772102e+02
-2.700616114740441276e+02
-1.841346201614032054e+02
2.365505330806947484e+02
-2.338060695970171139e+02
-1.930590816242701067e+02
-1.950732078618613343e+02
1.009947713462709658e+02
2.417374387517588730e+01
-1.196971363819303491e+02
-3.474902720438188339e+02
5.663278962875600797e+01
-2.291899280327349402e+02
-1.865046381139485376e+01
2.605326407610785964e+02
-2.178855681542912759e+00
6.930016585306158561e+01
2.634521487862200502e+02
-5.124379861984564144e+01
1.727310198292336736e+02
9.256565109695431204e+01
5.430022762596760089e+01
-2.059779563441212531e+02
1.118002423239246070e+02
-2.223456342040308016e+02
-2.010433080266227819e+02
-4.865962652874493699e+01
3.192729990485216831e+02
-2.803632404469534478e+01
-1.749585319309537681e+02
-2.277337094177976837e+02
5.918131647006247675e+01
-7.331795226096237172e+01
-1.129944725584292229e+02
1.856335821865750404e+02
-2.350949573365085712e+02
9.260625089636911866e+01
2.974827851384447968e+02
1.926940720423937705e+02
-3.531849296455029616e+02
-1.193702310348912761e+02
2.347779811107146770e+02
5.389008670562921566e+01
-9.991964203611743978e-01
7.840961728258553087e+00
2.475215749717551361e+01
1.147082251582344981e+02
-9.540120140113420177e+01
-4.516734201236995716e+01
-2.087710504725842213e+02
3.206258877752283638e+02
-6.418895175965228361e+01
4.214064997200464546e+01
-5.772785564435837102e+01
-3.267966224774100397e+02
-2.237149734177254174e+02
-1.835161128127196548e+02
9.662967582433121549e+01
2.677276007300767446e+02
1.212724756825506347e+02
1.853146515316092575e+02
3.082232462778284887e+00
3.152440633764183175e+01
-2.563813422708161482e+01
2.223537871496781690e+02
-1.015640406027295626e+02
-1.522330709092695429e+02
-9.488048632778264846e+01
7.761470795870630468e+01
8.152220997467483699e+01
-1.597046912640115295e+02
1.672006780123554393e+02
-1.589155066904512807e+02
8.253561320431630577e+01
-2.321730660723920607e+02
1.642084904662949896e+02
6.887237213709725836e+01
-8.468976771520686952e+01
-8.273401645098707036e+01
-8.757195322311561370e+01
-1.168517109444872801e+02
-4.920547188276588457e+01
5.732962531721552679e+00
-2.033351470193533999e+02
-7.011452804783077397e+01
2.137505685723118631e+02
