-4.692061124865968850e+03
-4.466143477203203474e+03
-4.584592341635599837e+02
-3.101674959556434715e+03
-3.456051003859370212e+02
1.214892755462962214e+03
2.829797493243208010e+03
3.200946289191525011e+03
2.119003964614722918e+03
-4.328447041357128455e+02
1.474902238478032359e+03
1.733197420086841475e+03
-7.881856584824420224e+02
1.026455463023628681e+03
-6.356540127119337740e+02
1.504246891140711796e+03
2.725494206665298861e+03
7.466543531607193245e+02
-1.160385207011345074e+03
-1.165385028311900584e+02
-4.414374112498041427e+02
-5.212886615919265978e+02
-1.472763062946841274e+03
2.034280872217641445e+02
-3.622103040952232504e+02
-1.050753465800306003e+03
-2.331426630645945011e+02
-3.779826334772419045e+02
-1.757281309645675492e+03
3.089026160702818515e+02
4.676622246528233973e+02
-8.662766811579067507e+02
8.345599770393104109e+02
-6.279199741575927192e+02
1.885516326730701167e+02
-6.101392647028135343e+02
7.841564410951859827e+02
-7.965567400583145172e+02
5.189041265762342618e+02
-5.683591368981066125e+02
1.120816783335257242e+03
-5.954513389037076649e+02
1.507891671057878398e+02
-1.380162819160591653e+03
1.340736819797463113e+02
4.952285312854837684e+02
1.136901260109415261e+03
3.050675650908960961e+02
1.371203518325888808e+03
8.126747071293165163e+02
5.814443600314865535e+02
4.624668762270156890e+02
7.302657531133147586e+02
-1.361672695122930747e+02
6.542915718669815988e+02
-4.417496511514797248e+02
-1.868058365792121322e+03
4.747990202465377934e+02
-2.010859199496659130e+03
-6.387814618534299598e+02
1.266857289904164418e+03
1.132390197357199639e+02
4.893842117917366181e+02
-9.910597327889950066e+02
-1.006273435880867510e+03
8.716892368342766986e+02
-1.272737022639816189e+02
-1.637254230127632013e+02
2.013782465202215519e+02
1.135585268565773049e+03
-6.030087989123828720e+02
-7.188146345372775414e+00
-4.738672708551392816e+02
2.586774066307521593e+02
1.548233928731452238e+02
9.782321989659453720e+01
-3.725674881865949715e+02
5.211440115031290361e+02
3.047085868974252207e+02
-2.686091582508063880e+02
9.763827960536195860e+01
4.788053967817208445e+01
-6.319657093809540811e+02
1.002171205282139454e+03
8.114645993277945308e+02
-1.509772677497767290e+02
1.451916249165147121e+02
7.936520991174929804e+02
-1.346082203382492821e+02
-4.678505622054930768e+02
2.341782149417711594e+02
9.864309580970018487e+01
-2.336578846282491781e+02
-4.019505174470587576e+02
-7.640903633326287263e+02
1.014184034267873216e+02
4.467783037090930520e+02
2.089781312259735842e+02
-2.825181278967874050e+02
1.531194493290844605e+02
-3.596887511016655594e+02
6.090115501178922841e+02
-2.451318915837242685e+02
-4.447652411971673132e+02
2.524122106277006594e+01
1.921578325344224822e+02
8.200395246676622207e+01
5.478129186473695427e+02
1.111159291439318793e+02
-1.908215745048390772e+02
-6.559715409374163073e+02
2.095558972954091814e+02
-4.767751804175559016e+01
8.634596376760137559e+01
-1.913116699474657310e+02
-1.846875940499423407e+01
-2.724433155081378004e+02
-1.570165542407949886e+02
-3.232683864621594125e+02
-5.150099840201164625e+02
-3.075109860093226644e+02
1.095514306144435750e+02
-1.148142483577703956e+02
-2.427438671609730392e+01
-7.317332760499613187e+01
6.898005787673353950e+01
-7.846130215105938532e+01
-1.544157939837105857e+02
-7.547996280621755716e+01
-1.299767448363248263e+02
-4.141005943115402488e+02
2.585907038806960827e+02
-1.806013523465888397e+02
2.319740826826595992e+02
-1.301086343437129145e+00
2.004431757032249095e+02
1.009027156708068134e+02
2.082314618786648452e+02
-4.975726394068857985e+02
-2.772538277348052702e+02
1.399868413938344816e+02
-2.317586901293343828e+02
-3.448875789001081102e+02
-8.954109580354058551e+01
-4.461258163256737674e+01
-2.483384866758634644e+02
-1.477448684230565448e+02
2.996451771340549612e+02
1.726016605107236899e+02
5.336018347817548602e+02
-9.796162748363028072e+01
1.297197309446991937e+02
2.555299638950677945e+02
1.236334094923218032e+02
8.184738466310807325e+01
9.896868691917352123e+01
-1.339564119419162012e+02
-3.001449080859023066e+00
-6.837995569808538221e+01
-8.287992431251970515e+01
-4.754868364244850198e+01
-1.316715170187744661e+02
3.374360802712448617e+02
-2.922462372692328358e+02
-6.084473615984055783e+01
1.793680386665523088e+02
5.359096733276142288e+01
-7.884273034736206398e+01
-5.255524888049637866e+01
2.265590872753270446e+02
-2.132278240807623604e+01
2.441207903314154919e+02
-2.443548892582181331e+00
-9.652178536020272759e+01
-1.089858453320755274e+02
7.066902166474896774e+01
1.925368258301910771e+02
3.181827443470840322e+01
1.623171591065489805e+00
-2.035534493805327116e+01
-1.157131317477599737e+02
-6.533786163207575726e+01
-1.537210552763419855e+02
-3.157769231835190382e+01
-8.815273956012826773e+01
-1.302846519287692786e+02
-6.435891715981671268e+01
-1.386087922040885871e+02
-3.609810297527700840e+01
5.397700855765734218e+00
-1.817821815945050901e+02
-1.438231807737298027e+02
-9.274050467894410588e+01
-4.669799599142319124e+01
-9.094081649826243563e+01
-9.901448138836035184e+01
-1.388016682900614995e+01
-9.936968424175945813e+01
-1.682899269703599998e+02
-1.647085582183399879e+02
1.911820419854196373e+01
1.685212851677063739e+01
2.539142892202729911e+02
6.791012326501896723e+01
1.653244419504527514e+02
9.846893556390303104e+01
-1.009466064353648740e+01
-1.325308636311823989e+02
5.033321449423777239e+01
2.426307887922805833e+02
3.884970726682937681e+01
-3.564729168473720478e+01
-4.411521223826650129e+01
7.935918764019172045e+01
3.874690479984131741e+01
1.139134267900333697e+02
1.402861255055475453e+02
1.293362801526006933e+02
-1.348984085560318533e+02
-8.435646748138090345e+01
6.812449061852912280e+01
-9.766717308357718252e+01
-5.202256003653479510e+00
-2.011112282534021034e+01
-7.572263329347391903e+01
1.074063641453136455e+02
1.068635269854254659e+02
3.072787443131824503e+01
-2.651131279564867782e+01
-8.331265718541564524e+01
1.231539850115205503e+01
3.284140862561171303e+01
1.036251180902231184e+01
1.169264400218323061e+02
2.531774475624177256e+01
2.368031087955010605e+02
5.829022357775234298e+01
-1.771440835213566913e+02
1.592790320723662774e+02
7.244804884240885201e+01
1.322433552682488767e+02
-1.309155532280083811e+01
2.995381912481117404e+00
1.736243060345358913e+01
-6.830029266736103466e+01
7.759251607413513341e+01
-2.100784815709758391e+01
-2.517295692495298454e+01
4.885652848360805223e+01
3.998531340193655126e+01
1.036342016134582025e+02
-9.933097954996851797e+01
-1.290375472567699262e+02
-1.150341647159249732e+02
2.254309007437007040e+01
-8.524419397177288715e+01
-2.331445723854551844e+01
-1.641918781734982602e+01
3.270453447639238220e+01
4.949451841239893568e+00
7.662303600931869596e+01
-1.403705413888552478e+01
9.073001921713805018e+01
4.361728543380569256e+00
8.012613408149989880e+01
6.688259668185139617e+00
1.735602354122403881e+02
-1.194822466000157846e+02
1.091381360578164461e+01
-8.122370497785128762e+00
1.778670439653057400e+01
1.212826074487416577e+02
9.446544117937574470e+01
-1.331320484209809365e+02
-1.248741680210647154e+01
-4.321958835253141018e+01
-6.543821275228519596e+01
1.592956061081109631e+01
-5.203550546522413356e+01
-2.238157781547161918e+01
-1.105212231878679452e+00
-5.283649622993596751e+01
-7.124024324394476082e+01
2.881730960135633524e+01
-4.782805761468826233e+01
4.081573531734421323e+01
1.414436180586412206e+01
6.963863043360111860e+00
-4.213244215637638490e+01
-5.358314648018540538e+01
-6.313974087810699132e+01
-6.371789620070036619e+01
-1.075684396042120170e+02
-1.065043975525427022e+01
8.671694997606169864e+01
-3.845300848554528272e+01
4.940791489113477297e+01
-3.280921281217278551e+00
1.571821338540196500e+01
-4.321793762106111814e+01
