2.532522092990983310e+03
-5.214351781639611545e+03
2.199509900364053465e+03
8.035156004540294816e+02
2.905239683080151735e+03
-2.900772308091455216e+03
1.875555588570659211e+03
1.993682651432220965e+01
-1.982525242157053981e+03
-4.485522902567703341e+02
-1.594335416578838021e+03
-2.516439397983851620e+02
-1.114029921274973049e+03
1.904693011062706773e+03
-1.065698502854321305e+03
2.151998907654323432e+02
3.191564461111475339e+03
-1.714660128802939653e+03
-1.805863501298362507e+03
2.632458021541272501e+03
2.096054549174924887e+03
1.756378289103065981e+03
-3.560633307306942470e+02
1.412916309240145893e+03
2.104186943032539148e+03
1.303494804182049620e+02
1.127149742114493620e+03
-1.218113657409322315e+02
-1.163412260863939764e+03
-2.652656728796131347e+02
-2.183020936004996031e+02
2.467794508552772641e+03
-2.603411349100557004e+02
-9.632276258807864622e+01
-3.028898401351548273e+02
-1.473566879694926229e+03
6.084532750829971519e+02
5.409737594342567490e+02
-1.269830782154685522e+02
-7.059017468834014153e+02
-4.068669427919500663e+02
-1.005027143575791456e+03
-2.140306167365300212e+02
1.212577896325462916e+03
1.410462594817776562e+03
1.303039672929864764e+03
5.409282621128724600e+01
5.109258822377940419e+02
-1.997642098177067851e+02
-6.196628003839081522e+00
-1.201894658637971133e+03
-3.401775433170896576e+02
-2.970704765662767386e+02
4.348345674158736642e+02
-2.388173800294529485e+02
-1.318006881363074285e+02
8.576450249340362006e+02
3.676351329933138459e+02
-2.777529410104657472e+02
5.815849584009824866e+02
3.103657236900113503e+02
-9.274651147383711987e+02
2.152710019048142271e+02
-3.000069912133235448e+02
4.151128126873148290e+02
9.315299262674728880e+02
8.310739161862928768e+02
5.572169248045095173e+02
-3.795861694034451261e+02
3.607821187866308037e+02
6.579658700705526719e+00
4.904676780634961233e+02
1.803402363678519009e+02
1.289422332373398774e+02
1.589815575898788609e+02
-9.738915212787528617e+02
7.272063503463247116e+02
-1.430602798829856113e+02
1.283955802428382640e+03
-2.935469472481494790e+02
-4.637625260346703726e+02
1.274485462344843654e+03
-6.963281420971524938e+01
7.336111055119969251e+02
5.860664484630297011e+02
-3.236950953800734965e+02
-1.605902113408463947e+02
-7.359336943070807990e+01
3.020960577350439848e+02
-4.362116068489469285e+02
6.055691527243207020e+02
-3.613258176543639593e+02
3.580272261555621185e+02
-1.073454871209874426e+02
-1.690875023057245130e+02
1.843402666879276808e+02
-1.762105010607901363e+02
2.728174551448976786e+02
1.382242314153108680e+02
1.807419439709246376e+02
3.149587925673462792e+02
1.906538739723409606e+02
2.321025282555330307e+02
-3.112293083049228244e+02
-3.106016598055610416e+02
-1.144484949836675156e+02
-1.065835539188043555e+02
-5.279025341685859303e+02
9.332202894192016629e+01
-3.615253747174813839e+02
-3.429686761022355768e+02
-5.005626099555674813e+01
3.036339214886136801e+02
-1.106524596518202088e+02
3.529614153228431519e+02
-1.994889411661032508e+00
-5.434488706897576549e+02
-2.429901140405249294e+02
-3.004834490030240204e+02
-2.517272810692044800e+02
6.113226369733125694e+02
-7.155803689765504316e+01
-3.347973730229759894e+02
2.297771967184203845e+02
1.870598320787374007e+02
-1.723661032683256735e+02
-4.426154096623196779e+02
-1.281315215931539910e+02
7.322405209737138421e+01
1.527130215417565466e+02
-2.399873030668429124e+02
-5.869737996942297968e+02
-3.144826564122023456e+02
2.927208567743596745e+02
6.891053341503569527e+02
1.047590737212120757e+02
-7.878763242587324100e+01
-3.394617868449736307e+02
2.329618605062514725e+00
4.507726203955750748e+02
-5.042762221103031948e+02
2.809288295037301282e+02
5.643904627302598556e+02
-9.872190523163966702e+01
-7.844122770234118036e+01
1.158456126495705405e+02
2.040327967352104963e+02
4.324887962734040769e+01
1.008199414599470174e+02
4.890647235262019876e+02
-3.802409618427043281e+00
3.006575123191053223e+01
7.528519586448250323e+01
-2.648988569699459390e+02
-2.952405453756730935e+02
-3.402446282485680058e+02
4.815476004808911803e+00
1.176503627904615854e+02
2.354264676490478223e+02
6.259664912800739955e+01
3.807925541880356235e+01
-4.590184553583787874e+02
-1.253425929805848966e+02
2.197819466808939239e+02
-2.966960360201937874e+02
-2.581316663246375356e+02
1.509110401062413302e+02
-5.449597698517313802e+02
-1.269590250251741281e+02
-1.042583757146701515e+02
-5.361854337213144106e+01
5.899103024231983454e+02
9.299699115252315629e-01
-1.957485728981905595e+02
1.239345285118966871e+02
1.597320271022686882e+02
6.358237050033064719e+01
-1.395903532870894423e+02
-3.727203937745296685e+02
-2.368401462666977864e+02
2.082530529473631304e+02
-1.610543670906399996e+02
1.621574774226782552e+02
3.964034654127372193e+01
-3.316438195796494881e+01
-7.865248232197193090e+01
2.053569098183488677e+02
1.865145961693952614e+01
2.192483471503323358e+02
1.741517817265372514e+02
-4.281183175927063189e+02
-2.084788421357931156e+02
3.155194596746618529e+01
-1.084323335468628926e+02
2.092705006112939969e+01
3.871181269561429872e+01
-2.381461740031364798e+02
1.471945154519869181e+00
9.569296771312689032e+01
1.984981718676554010e+02
-1.491125636319818284e+02
-2.107214120406740498e+00
6.406282161425166350e+02
-1.871061572508393169e+02
2.188562523198896770e+02
-7.454364903659715935e+01
-1.089546444769114117e+02
1.936335290078691571e+02
3.255398132344090811e+01
1.240864913129155980e+02
6.907392929496941747e+01
-2.548653408167783141e+01
-7.528808159229384955e+01
2.019927964527030042e+02
-1.662179935886038322e+02
-1.830435602395448882e+02
-1.268329994597618082e+02
5.099440881361348943e+01
-4.002080384214864353e+02
-1.392734529297516701e+02
7.999103085750508058e+01
5.650486699132000723e+01
-1.402803920694925068e+02
-2.106856360472756649e+02
-1.937424783033590003e+01
5.616522069834925190e+01
-1.602782875341854378e+02
7.259164708117684484e+01
2.510509785954556321e+02
-4.390505516519282736e+01
5.643056250928102457e+01
1.547708743019838948e+02
4.371285656903881289e+01
6.223444361142843384e+00
1.837287880635544468e+02
-9.791400456425473919e+01
-1.840317632775053482e+02
3.364804574367713030e+02
-3.467391275358307894e+02
-2.220150649924440529e+02
-1.434904155755527455e+01
1.927234683022435036e+02
-5.499563675088244707e+01
-1.153515895481506135e+02
-1.735802569666201691e+02
2.021375272922570332e+02
-4.180784208581268757e+01
3.878791099759148864e+01
3.004586912885860173e+01
-6.107156674421956666e+01
1.884723964254584985e+02
1.275174301170272173e+02
-1.128122905581431326e+02
-1.769992674740887750e+01
7.294909066051650370e+01
6.824649803006272464e+01
-2.453571740767607423e+02
-3.662026444540140702e+00
5.576789487157962810e+01
-4.679437175759083800e+01
2.385775014164867116e+02
1.432356500059178757e+02
-9.931046523658000069e+01
-2.210441720761046440e+02
3.434679964396238461e+02
2.239912744635158504e+02
2.814543357341253795e+02
-2.218019373070380880e+02
-2.261044611136094318e+02
-1.946042408794087351e+02
-2.641910387821939707e+02
7.812081953416317504e+01
1.794834563208426346e+02
1.179402888044909901e+02
5.703339617429391240e+01
1.159589445064748503e+02
1.318953210226958959e+02
2.681424803958586978e+01
2.021202923044511977e+02
-1.304624635597033091e+02
-2.749673169953854313e+02
3.156889638528740605e+01
-1.595510574843020457e+01
2.447170412719401043e+02
4.438361597575478612e+01
2.789048133067885260e+02
-2.712638343160265890e+02
2.112823572661280309e+02
6.431223762894666152e+01
2.951909714606722446e+01
1.877097570779651505e+02
-6.233805119915353288e+01
1.820688241710321620e+02
1.626699144940415351e+02
-1.715888765988792954e+02
-3.124600923947514630e+01
2.133956639912947750e+01
-1.586424025901153243e+02
-5.036353278263606370e+01
4.003162082211658799e+02
