5.728275893697260472e+03
-1.482925254593917998e+03
-2.453391671393561865e+03
2.004491624495456563e+03
-1.898873796841230160e+03
-7.238474284396099279e+01
-1.935238582127016116e+03
2.290407870138581984e+03
1.540341154188560040e+03
1.127336682955103015e+03
-2.524496383085365778e+02
7.499420505888020898e+02
-5.372236866715297765e+02
1.149465905435687773e+03
-9.877933773553000947e+02
-1.491290983872799416e+03
-7.095874782688197229e+02
3.216098482130262823e+02
4.031809661980133797e+02
-6.783893076811431229e+02
5.097597190926865096e+02
1.961262447095580910e+03
-5.461756242221496223e+02
-3.933334881973538018e+02
-8.389057134946915539e+02
1.030715638748033598e+03
-9.955385752013678768e+01
8.365623270919686547e+02
-5.727248862868348169e+02
-1.170292453191503483e+02
8.892739189297409439e+02
4.355403718109072315e+02
-3.237310090242096408e+02
-7.530901938747355189e+02
6.976711415573197428e+02
1.341150647785741112e+00
4.021260417861768701e+02
-9.038245003018988655e+02
-7.706244959961283030e+02
9.997687491049409800e+02
3.525444489197377038e+02
5.899960516857546367e+01
-1.158752139210708492e+03
2.133499565280819468e+02
-4.403752285077360966e+02
7.165295376525990605e+02
1.567344684081647586e+02
-3.030949245751010608e+02
-3.165749800154669060e+02
-4.231371161708676709e+02
-3.239314865844797282e+02
-2.931610610860092265e+02
4.087624816795582205e+02
2.215970347393674729e+02
-1.015743698354403790e+02
4.192479279329401720e+02
-5.207767623072171546e+02
5.083617563681251283e+01
7.428255992899764237e+01
1.991083484507228718e+02
5.978696095934545838e+02
-7.692317901503946587e+01
-3.322804083081292106e+02
-2.568423809369447781e+02
2.894973629324209696e+01
-3.767416105481180466e+01
-1.429316930303863558e+02
2.151363594771738690e+02
-3.010269106638918970e+02
2.811304553576281364e+02
-1.826470143164359570e+02
-4.268866029728437184e+02
4.601604861183797084e+02
4.879578799496946431e+02
9.919206770289139286e+01
2.589398921452515765e+02
1.842239944824306406e+02
-3.153669450087525661e+02
-1.769669703103137124e+02
-7.993623788685301861e+02
-1.619164513262528544e+02
-1.269106798083021630e+02
-7.749456084777806382e+02
5.522651336511818272e+02
1.258466551889822682e+01
-4.260102829476450381e+01
-1.382435795787088182e+02
1.696445004138774948e+02
2.122177927816899512e+02
1.692458613341574676e+02
5.998154391521715212e+01
-3.742466844121734653e+02
4.924143264546096788e+01
-1.484854655479110761e+02
6.107712425462438688e+01
1.605113775290766043e+01
3.954302732859798084e+02
3.380337670642483090e+02
1.713474383597601047e+02
-7.589495319810895069e+01
-3.281610067514584443e+02
4.638990363580989396e+01
4.625648000384794614e+02
1.328699738716962599e+02
-3.244408876744358281e+02
1.642275346608825259e+02
-2.578104936669993776e+02
-2.968723603578249381e+01
6.161083310467608953e+01
2.248586463691597146e+02
-7.511846628113245572e+01
2.447234776527222948e+02
7.105625787810348584e+02
8.627074337676745586e+01
3.042685372902226604e+01
-3.207019758172903607e+02
9.985216625016846592e+01
6.643268483442447803e+01
5.037427035280485370e+02
2.767267264959823336e+01
1.277081759931892257e+01
-1.725997389153818631e+02
2.448601994266856252e+02
1.429209996714682518e+02
-1.555938835546467942e+02
-5.499166048370106097e+01
5.188984176783252451e+02
-2.454046189305100256e+02
-4.859191391779439186e+02
-2.162703794355705966e+01
1.065173884067185099e+02
-2.657566981228519580e+02
1.522556935915526424e+02
-5.281342594979093974e+02
1.910630492491655446e+02
-9.134739456071902453e+01
-1.141603769321883277e+02
1.294460762798277358e+02
8.344601234768383335e+01
-3.003172246624987451e+02
9.407530046213510744e+00
5.525970039591437910e+01
-1.875350538150131641e+01
-3.307309120550066268e+02
-5.662678477417349399e+01
-2.838699684913159444e+02
-2.382973129658194296e+02
9.844932658125041769e+01
3.561059508892498826e+01
-7.766166285522393764e+01
-2.826671730876959714e+02
4.551658785001237675e+02
1.908674707275706339e+02
-1.918581226175714605e+01
2.018656670133149476e+02
4.923267233988706693e+01
1.390960589285151627e+01
-5.569305689923339742e+01
1.411114979507424607e+02
-1.871053474491414477e+02
-1.179015974115698242e+02
-1.511532609378496090e+02
3.142293942834225717e+01
-9.966485312603730051e+01
3.842647240023495101e+02
-2.098705371894743905e+02
2.211667534341569592e+02
-2.673540300984731743e+02
2.833865519387361687e+01
-1.640006491715126202e+01
4.686772796993858492e+01
1.250435386665354827e+02
7.743254464611180765e+01
-5.144434695855865414e+01
-2.444206277963787102e+02
-1.776242995440818504e+02
1.871015714703665367e+02
9.065333031730568791e+01
-2.010784151541022595e+02
-1.017101805981141069e+02
1.574993998947855687e+02
1.458214185155336793e+02
3.805896472444629808e+01
-1.660827287307990900e+02
-7.155591975324003329e+01
1.787470895130042265e+02
-3.594830627103680598e+01
-8.969597791813654908e+01
-1.113021205149401851e+02
-9.415162278461899348e+01
1.024217847123278915e+02
-1.147592868280363803e+02
1.445515644774354485e+02
-5.999623339861658522e+00
-7.480761842802540684e+01
1.951190224540888210e+02
-1.633173896100277034e+01
-5.405578420456655664e+01
9.598715473088891770e+01
1.230157853912850783e+02
1.049520525857154496e+02
-1.576385459439408407e+02
1.804173205705435237e+02
-2.289164915721465547e+02
-1.501226696890195456e+02
1.146301321580247645e+02
-3.808378087906585563e+01
1.522939444256270747e+02
1.913743002401148630e+01
-8.018692392441288064e+00
1.712485933294046276e+02
6.819171923439519389e+01
7.922117907675731985e+00
6.801036384798936751e+01
-8.628223786528965888e+01
-1.269672898184587808e+02
-4.845410359013891366e+01
-3.925871016014485804e+01
-1.293938149133566640e+02
-3.103038861424303150e+02
1.614439761704244063e+02
1.271076950208317271e+02
-2.604208742244819419e+01
-4.118727772758452943e+01
1.622990883600030898e+01
-6.582247481452277782e+01
-2.563869591304601414e+01
1.153133565457503806e+02
1.467072304747863711e+02
6.313911185402553627e+01
-8.053008033753620509e+00
4.680553085202375563e+00
-6.468213185773731766e+01
3.587557270645147156e+01
8.263863482799243343e+01
4.537305851713617955e+01
-1.167548208505983212e+02
3.310850031908575630e+01
-1.354990458571107013e+02
-3.948177819521625764e+01
-7.886052211275827517e+01
-2.785973558604847256e+01
3.265443482052028799e+02
1.206287307500767803e+01
3.433914673527897321e+01
8.482098877019113559e+01
-2.971699981533666346e+01
-1.177890020400868991e+02
1.134770361081332908e+02
2.135609897263437063e+01
-6.183831304784576588e+01
8.688756076856830646e+01
-4.019741318300822996e+01
-2.484164724180948838e+02
-8.005441239374252405e+01
-7.611838332449146094e+00
1.947881492376536627e+01
1.103708598652621049e+02
1.754624598644512901e+02
-4.996100215940763256e+00
2.395066370461946690e+02
-1.132992735370588662e+02
7.710074859676078063e+01
-1.127696475162239693e+02
2.473471618786325621e+02
7.414094298586235254e+01
5.198345868681007431e+01
-1.438779353505442948e+01
-1.179170888685675544e-01
-7.333100573492005481e+01
2.888248163145589409e+00
-4.089065474578321613e+01
3.003338549140440961e+01
6.719371929129164300e+01
2.369523966611112087e+01
1.468946678142811493e+02
-3.027384130901932924e+00
-3.687045893829682619e+00
2.406235146480413789e+01
2.110567336717058140e+02
5.162878765538651749e+01
-9.739576715759562830e+01
1.207930945358608170e+02
1.330354508068905375e+02
9.039883570808252955e+01
1.695300743516376087e+02
-1.089084831780258327e+02
-5.019857308212487368e+01
-5.821764996562016137e+01
2.495359730553461475e+01
8.927621705671531060e+01
-1.110403228915835570e+02
5.214975923824265891e+01
1.060965359042648402e+02
-1.076432516474886825e+02
-8.489529649695134594e+01
-1.973008575034713630e+01
-1.287543410392340206e+02
-8.201772783168742365e+01
7.560366542056470962e+01
