-2.387948844666382229e+03
3.848422752267160377e+03
-2.155856216189546103e+03
-1.686733245185947453e+03
-5.684912807100149621e+02
-1.360679157598742904e+03
2.473587919487077613e+02
4.978422903537035040e+02
-1.376666548367800829e+02
-7.848736200935152283e+02
1.060586716157378078e+03
2.437821765331082133e+03
-2.170829303965577424e+02
5.853993159942750601e+00
7.770112589170920501e+02
1.618167893345593257e+03
1.547740510085378446e+03
8.736658239817220419e+02
1.053451169268931608e+03
-1.114978582521380446e+02
-6.230514410861670740e+02
-1.705447942822372170e+03
1.084629509920315513e+03
-1.093138777395801071e+03
-5.787269942687998991e+02
2.974773590708989559e+02
1.174287318871796970e+03
7.974233025669556127e+02
-9.153936523895227992e+02
1.143412466947972462e+03
9.538467580928545431e+02
-1.963923501813802375e+01
8.321610407226694406e+02
-9.817834933594113522e+01
9.708722806839009536e+02
3.640382553168889785e+02
-2.701863879238972004e+02
-7.993058220210347145e+02
8.288329834877822577e+02
-1.672674872447179041e+03
-3.608128977074646571e+01
1.003607112317223823e+03
3.346752506321086571e+02
-1.054786663244591182e+03
-7.730326635425479935e+02
-8.032403138951463006e+02
7.816080931777312344e+02
9.645475338564065169e+02
2.394623202181477382e+02
-3.021536490309768510e+02
-6.067407607184013614e+02
-4.702930611871915403e+02
-9.517678912214842057e+01
1.159044480759801274e+02
1.390618755986163478e+03
-3.099990533079757142e+02
-2.832599088526736750e+02
-5.322853972341677036e+02
4.483840385684525245e+02
-1.607708857274963918e+02
3.188609493100164514e+02
-9.754563214607849204e+02
-8.274238185973891291e+01
1.469495916461192735e+02
7.667909316412623184e+02
7.094271597830938845e+02
7.519919790708451046e+02
1.679872171460728509e+02
2.631690820829513555e+01
-3.038609148455651621e+02
8.417325165567092426e+01
2.963810931437348017e+02
-4.515099945845433922e+02
1.627445263585352393e+02
-1.112615805886968587e+02
-3.529127662817089686e+02
-2.040209733518729820e+02
1.645706565567286077e+02
1.752337932911306382e+02
-8.926209217724082237e+02
3.804683860481039801e+02
-2.141802961413018522e+02
2.573394425681303233e+02
-5.202834490369817786e+02
-3.865471987834844754e+02
1.922936583146013447e+02
9.596248432788576110e+01
-2.174103018942498409e+02
-3.908764257945954910e+02
-9.292074618060351554e+01
1.479336139905162781e+02
3.839314604533063289e+02
2.633027775485020356e+02
-4.655436752864888490e+02
-3.654281558137095232e+01
-2.123637160393578540e+02
-3.959151243409974708e+00
-4.075788244323993013e+02
1.154075955609451540e+02
1.091399831528719488e+02
3.206018201257084570e+02
-7.363293370418334405e+01
4.168341889674039749e+02
2.817900835946203415e+02
3.504240869705752743e+02
-3.526222223765656736e+02
4.577734964621801339e+01
-3.339204877585675035e+02
2.781203237736109202e+01
2.109325603547275421e+02
-6.216879241768796192e+02
-6.632703535542910913e+02
-7.725531246193199877e+02
-3.685984181405671052e+02
3.223367514433184624e+02
-2.461097046047308368e+02
-5.940023078071806140e+01
-6.953649979693207115e+02
-4.325528970609201451e+02
4.853807326992869093e+02
1.708294527346496920e+02
3.977026574246600035e+02
-6.329563708157048296e+01
2.676887358147862983e+01
2.068794200756307191e+02
1.576429981809405092e+02
-7.227101942423914807e+02
3.388016667172036591e+02
7.100776454972054808e+02
3.078088453882839914e+01
-2.362497557194587614e+02
8.575167414198381266e+02
-3.173353739757149583e+02
-1.631810666601692219e+02
1.484661604553979544e+02
4.866873005429110890e+02
-1.740937764656559850e+01
-3.801476553962454830e+01
6.167021828553048124e+01
3.854366107027444421e+00
-3.259269882102189086e+01
-2.274140331722322514e+02
6.386439650191488226e+02
2.276186120392580960e+02
-1.632820716720268805e+01
1.164567947379915722e+02
-3.095804276706559790e+02
1.108080663139582356e+02
5.273181332632738076e+02
2.171751349503138329e+02
1.666252737490925711e+02
-1.220417143307784613e+02
2.441399516919110795e+02
1.432142684632919725e+02
-3.326737977050769501e+01
-4.412262244247510523e+01
2.213964248937555226e+02
5.037964532842613607e+02
-1.654098038646347035e+01
-5.815150487340600876e+02
4.900870259959956456e+02
1.604431336081141808e+02
3.661461984604437703e+02
-3.412334612599771049e+02
4.052736812243624342e+01
-4.790610329749236485e+01
7.985059448968291917e+01
6.524515777632822733e+01
1.431060896864780432e+02
2.069212447547506883e+02
2.498057133874075078e+02
-5.610368429765330802e+02
-4.628726223738953536e+02
-1.132034749108793363e+02
-2.403791492770163529e+02
4.671832018999902516e+02
2.119365448826596889e+02
2.158646912412708900e+02
2.647217847045972405e+01
-2.426122196422388129e+02
7.666252151168914963e+01
-2.601217472947766396e+02
2.626763791801914181e+02
3.544543734816091387e+02
4.582224068741790006e+02
-3.960504419910299703e+02
3.255068696510487030e+02
6.333995635446966332e+01
-5.947866844462257632e+02
2.169188983628554297e+02
5.701279403181414551e+01
-1.857139192462615256e+02
-3.107135513199772276e+02
-3.868813597212125046e+02
4.680626337983910901e+01
-1.020342946732907308e+02
-4.958788821293528031e+02
1.844496308124197981e+02
4.093565848483439140e+01
2.701055786786330373e+02
-2.439505260709714491e+02
-9.341569162651424563e+01
7.444220209337867118e+02
-7.359485699049106699e+01
3.114282728821640234e+01
-1.129726253776754135e+02
-1.899468212266475291e+02
4.562858439005890432e+01
-2.027976289304931470e+02
3.223359058442716218e+02
-3.199611364015016193e+02
2.517558050102884124e+02
-2.782894111649722113e+00
-1.039462877418622782e+02
-2.106305838921422833e+02
2.391303049377922889e+02
1.185715118205128960e+02
7.816818377280382890e+01
-3.752333635637609177e+02
1.610550096387848953e+02
-7.535295634858774747e+02
1.395471594924678413e+02
-4.316993975718459637e+02
-1.071760785189360945e+02
-2.283217552407485229e+01
-6.131696462421523393e+02
-5.098016337908768492e+02
-9.925929896610293213e+01
-6.057376536432511926e+01
-2.425076099703643990e+02
-2.890918172520296707e+02
-1.275040285922518564e+02
-3.336852044375922333e+02
-2.575089363625750138e+02
-7.145385631878461652e+01
-6.744289639594448715e+01
-2.059124978932838701e+02
2.013491518982684170e+02
-2.513655357082145159e+01
8.153678829864897182e+01
2.410999659775727650e+02
-8.049812656080867157e+01
-3.684388232791239943e+02
-3.163767771448945609e+02
8.178971692245966096e+01
1.897476456672331153e+02
-1.819664264086271999e+02
-2.335612647195185900e+02
-2.134202574278953932e+02
1.646991835407922622e+01
4.030587004853122153e+02
3.757437623111032394e+02
6.348213507421068016e+02
-1.517063251111437978e+02
4.516789679988449535e+01
2.529819881683215783e+02
-5.908352932912669786e+01
2.023842829860489800e+01
-3.258996745007172535e+02
2.558802353980911732e+02
1.010409318032193084e+02
2.476489868984828320e+02
-2.031022046852323228e+02
3.369936048260076973e+02
-5.853158816041023726e+00
5.089695155861409148e+01
2.120943979810858480e+02
4.993001905921959178e+02
2.165628477120116813e+01
6.139141067167614807e+01
-9.875318110379488701e+01
1.234857999108590150e+02
1.604917116929093197e+02
-2.967326974312267112e+02
1.312753282870896214e+02
4.673400080384419653e+01
1.545733025988238580e+02
1.882398338664546031e+02
-1.671053787335095819e+02
-8.939013356418679734e+01
-4.946523774431630045e+02
2.593758992740345661e+02
6.478628571175859463e+01
8.752431463566003345e+01
-6.165504856776307463e+01
8.263097548544905635e+01
1.693876583283679054e+02
6.144507197293295064e+01
-4.185005591515364642e+01
7.642858248129459753e+01
-2.099772015920169963e+02
2.476019236447003777e+02
6.947405229449599062e+01
-1.383801527380780954e+02
1.308018302810617683e+02
1.255274673671546566e+02
-1.238603683770743089e+02
1.910301483942004950e+02
-2.513337027506052550e+02
9.860615827488572904e+01
