1.813283141202470233e+03
-3.215794077937590373e+03
5.595818187500392014e+03
1.617690829374668965e+03
1.518993035799459449e+03
-1.264687355077654502e+03
-3.788066081875223517e+03
-2.153652919222101048e+02
-9.134112297855558609e+02
-2.855379958020761251e+02
5.200026897437542175e+02
-3.565116902262182066e+02
1.593897772983021696e+03
-1.297161736246216833e+03
-2.448843715084531141e+03
-8.609060373954945362e+02
7.591638549982740187e+02
-2.174182185700058483e+02
5.378841457732215758e+02
-1.392984917166302694e+03
7.172911581493727908e+02
1.377951718162470115e+03
1.955020787808597333e+03
-3.690294301637196668e+02
-8.864926262667248693e+02
-5.767067881423366771e+02
-7.430364533462560530e+02
3.483648677933520617e+02
1.097518335678580115e+03
-1.190271768566548189e+03
4.193905989104751484e+02
5.523287346004052978e+01
-2.169989373875397689e+02
-2.018450090414949614e+02
-8.213410640955728468e+02
-1.975849602503065398e+03
1.176358249650588277e+03
6.968795206794566184e+02
-7.758274625385350021e+01
8.277892355210794904e+02
2.138314982571992289e+02
-1.706604188306381047e+03
-7.203384967188005703e+02
4.827562107161913474e+00
3.214111462292951273e+02
5.135232561729349072e+02
-3.050955276411771706e+02
-7.343033862212018903e+02
-2.367434982258546938e+02
-4.411972104340839564e+02
-6.642831108766165471e+02
4.082118295402375452e+02
-6.214333668805257105e+01
-8.604061530522749024e+01
2.431234810601385163e+02
3.431089738253740506e+02
4.174695523916968227e+02
-2.290728217896129593e+02
-2.649999484135657895e+02
8.521743139073697648e+01
2.243310668412834445e+02
-4.975117796946043569e+01
1.212229107276049156e+01
-9.090527185481073502e+02
-3.075263156431491893e+02
-5.133681182131906553e+02
9.274524310228266586e+02
2.660127783596194035e+02
3.943089767282661740e+01
-2.232415230481894639e+02
1.249371237340729976e+02
-1.973852330885023321e+01
-5.590484739131441074e+02
4.561687626735376853e+02
2.552986290984267441e+02
-1.971497909417453798e+02
3.300613418519137099e+02
-1.133158832769015731e+02
3.603855603940552044e+01
-4.427401514603040482e+02
-3.356968574819590856e+01
-1.098229701674926986e+02
1.158640734241536876e+02
-7.316948738530237506e+01
1.505283660331806743e+02
6.575911977146372465e+02
-2.447605293247571012e+02
-2.227177570927989620e+02
3.234454210936588083e+02
-1.914611095972786359e+01
-1.907631640772884509e+02
-3.583105042862358687e+02
-2.433383175263707443e+01
-3.656291575453738574e+02
-3.640240634747841568e+02
-5.274268095379665056e+02
-1.013151062537476434e+02
-1.833378472186041108e+02
1.340323917347334657e+02
-1.376778294338568003e+02
-1.314843643363405477e+02
2.084312306209641577e+02
1.175067143565274819e+02
-3.764059837367951644e+01
-1.112696962915893835e+02
2.034843354434259481e+02
-2.287081850222799346e+02
1.993243947610405087e+01
-8.961347008426965743e+00
-3.062147997371093879e+02
-4.671509004882689169e+02
1.528829330150380486e+02
6.904599271215878389e+02
-1.059722577107308723e+02
-1.360210209677264004e+02
4.758921166683676915e+02
8.657075690082491803e+01
4.200493369385218756e+01
-7.445157888692122583e+01
-4.006133127599471777e+01
-2.915607987452251582e+00
-8.688151084908876953e+01
-3.110336078504873214e+01
1.037502314674451753e+02
2.423952232603140260e+02
7.296093406196153808e+01
-5.548463514571704991e+01
-3.514103457728295439e+02
5.067725635474172918e+02
2.015780028663725787e+01
1.430008189784020942e+02
8.189840323746486206e+01
2.764782371416424098e+02
-1.150099795067890263e+01
1.712201778121372229e+02
9.641004964605613736e+01
1.452296647375507632e+02
3.359378807229243193e+02
1.111212899672922134e+02
-2.154438093570418644e+01
2.009692430354585611e+02
-6.055622713365219312e+01
9.771914634191462312e+01
1.180494084672233015e+02
-2.759090301216955936e+02
-2.102824057640705178e+02
7.532980929426950922e+01
2.464982875548324444e+02
1.717436716279451048e+01
1.952555896161369020e+01
-8.730775557482627391e+01
-1.564772610360992999e+01
-5.398587974207654128e+01
2.763466230579823879e+00
-7.623766170593820846e+01
-8.710486060534306318e+01
1.369090981190770151e+02
-1.743515698138165533e+02
-7.302375581050051778e+01
-1.131156490037937203e+02
-4.727663312815318619e+01
-4.153048189414522540e+02
-2.186486554842371390e+02
5.408872840685683769e+01
-1.024977908704139224e+02
-1.609266635469892321e+02
4.957619759750069299e+00
-1.676214516014004801e+02
1.827803681763680856e+02
-1.323626508997893154e+02
1.189349836199147177e+02
6.138331673470480609e+01
4.466016434618705944e+01
-3.042171755434255829e+02
-1.977900958977549237e+02
2.608645833153782974e+02
-1.606945040522535635e+02
3.981679281596073565e+02
1.529038951480933974e+02
1.335163914306977517e+01
2.271471188515815811e+02
2.888873761651020686e+02
2.480834976002123540e+02
1.015436309275920621e+02
5.347303826721215358e+01
1.502958946853545967e+02
-1.337053593392789423e+02
-1.275328196639447924e+02
-3.240586353235771639e+02
-2.816627613894132764e+02
2.810513371784471133e+02
-7.833855245905084530e+01
1.117448221921227258e+02
3.246717824129591889e+01
-2.121471458677830810e+02
3.865664807330448038e+00
6.607474279742021395e+01
-3.614778837669841778e+02
-2.081540052126593920e+01
2.443985403501245059e+02
-2.566803394922214920e+02
9.136967700155281591e+01
2.385267126089778742e+02
-8.770544265422810071e+00
7.324880810691097111e+01
-9.109421753926216070e+01
-1.775609167884591102e+02
-1.577756420003253197e+02
1.030722782309050842e+02
-5.753071896409643671e+01
1.790221226845648914e+02
1.627216437146093995e+02
5.283688988061163627e+01
2.169744822386398653e+01
-8.537720868222527315e+01
1.006327728720524846e+02
-2.515593222781737737e+01
2.919146457670263572e+01
-3.427688859455763577e+02
-1.352849001666352251e+02
1.177323973898943166e+01
1.121372738838376932e+02
-3.801348161110656747e+02
-3.166310957718867414e+01
6.953918976737828928e+01
-2.023379636161571398e+02
-8.312645335002929414e+01
-4.187896411077718994e+01
-2.784250407864610821e+01
9.021997551411121208e+01
2.558052125665934895e+01
-3.967437370204079627e+01
-1.285271632732914782e+02
-6.826986923772226135e+01
-5.151021651774968291e+01
8.581228641410478986e+01
-6.961231850815106270e+01
1.828456436534883665e+02
5.783929387244644715e+01
-1.257061465980410873e+02
-7.507434361169077874e+01
-3.964839993418829778e+01
2.273035040487097262e+02
-1.720223266097051464e+02
-5.435217013871644554e+01
3.706583501775518386e+01
3.310408355826486115e+01
-1.206635053272018610e+02
4.540947589050357180e+01
-8.166382292246753138e+01
1.253156653924486932e+02
1.542144057044853582e+02
5.488282414641155782e+01
-2.840160498579884916e+02
-1.776392483791780563e+01
-3.090377098628072638e-01
-1.298099856904287606e+02
-3.919544511002455067e+01
4.220116382764172158e+01
-1.584034897071193448e+01
9.205673498987158609e+01
5.174421026044545791e+00
-1.652235648455618957e+02
2.983916764885696438e+01
3.054712398795529680e+02
2.444550722553941284e+02
7.428641485514174292e+01
5.110557538903749020e+01
-9.646796124728346911e+01
-5.947644127971965844e+01
-7.872842119206461575e+01
4.153490572322979801e+01
3.677573486832461214e+01
4.237079435856572474e+01
1.426076783945910798e+01
1.628609153188192806e+02
-4.719375527739282461e+01
-7.103797725412569264e+01
6.497480183149509969e+01
8.176796641952834932e+01
-8.088029498745719081e+01
1.233686193349029878e+02
5.138814105097340956e+01
1.162292010376512508e+02
8.797537729976274079e+01
1.655909922230287066e+02
2.325171269427656284e+01
1.418819549603906296e+02
-8.497271795989280463e+01
7.822774797351691234e+01
1.517991300054485180e+02
-2.430399526671867250e+01
7.639099550657124382e+01
1.586127246979492043e+02
-1.200196612402125567e+02
-6.902791833004626199e+01
-1.312397755102195447e+02
-1.424098675620159327e+02
-7.484561048030367481e+00
1.071589680123255732e+02
