1.460455344869205192e+03
-5.335353772787711023e+03
1.938424326284806057e+03
8.954632188863863576e+02
4.261829205291561493e+02
-1.737720078988555088e+03
1.048116403660805418e+03
2.014795418688612699e+03
-2.625421309532448959e+03
8.015011735733585283e+02
-2.210369372093725360e+03
-1.595144338575142228e+03
2.965828931031566754e+03
-1.095125326617260413e+02
4.389918948144647288e+02
-5.635746989181180311e+01
1.083187352644324847e+03
9.509703106457216393e+01
-4.542200938710561786e+02
1.787902729444153920e+03
5.440433097229448549e+02
1.340579154989247002e+02
2.399557387358265430e+02
-3.166465698042945860e+02
3.184801977204637069e+02
5.088248147956956586e+02
2.405142617893113197e+02
-2.305581261364341401e+02
1.992105525275457296e+02
4.235015810655662563e+02
-1.397377655739378270e+03
2.237777801354064195e+03
1.687272495352439591e+03
-1.249170052379905655e+03
-3.885230648066066124e+02
-2.147451050618095962e+02
8.823177987307077785e+01
8.416463146547699807e+02
-1.788727029649704718e+03
1.895389283463350012e+03
-2.654939637039646527e+02
-1.402114812262936312e+03
-6.784953077076479531e+02
6.588449096746985560e+02
1.035914671124689448e+03
9.049147151804482974e+02
4.452337995839481550e+02
8.994606171744482026e+02
-2.231004002212798127e+02
-4.458900576936763400e+02
-6.318805889496180725e+02
5.783631886088173815e+02
-6.522559387741340515e+02
-4.910016462094490635e+02
-8.571544708833928325e+02
5.464679977176884904e+02
1.003410948701261304e+03
8.197948832756657112e+02
-1.523869224201175143e+02
1.108232440933185359e+02
5.124066826625049771e+02
-1.461306739535937368e+03
1.750732679649608485e+02
-4.294857588601630027e+01
1.836378280204387750e+02
3.665789879939819116e+02
7.947664158739034974e+02
1.021883579410602010e+03
1.395227976948889932e+02
2.165402394715709704e+02
4.921641017810658241e+02
4.634289378834031368e+02
4.166883845391326417e+02
-2.850959388518226092e+02
-9.583261199724187884e-01
-1.279691723480878636e+03
4.591302188354522400e+02
-3.467067890820982825e+02
1.364833707005075894e+03
-2.504828735239542823e+02
4.834142078215263609e+02
5.955053574097569253e+02
5.853174354615122184e+02
8.796830832931134410e+02
5.016376404574387493e+02
-1.984279848327612115e+02
-8.121449655363819602e+02
1.694320900078962495e+02
-4.571402015010700666e+02
-3.416088438314982909e+02
6.599700760236765973e+02
-2.309377228399813475e+02
3.940834214034314869e+02
-2.713297862500020869e+02
4.681604937668864750e+02
3.471262095449929461e+02
5.295652238518283639e+02
6.545798717573725298e+02
1.432282012433045537e+01
8.210155858860981652e+02
2.709283399375527210e+02
-5.511879054546108847e+01
-2.126990396624461823e+02
-4.320397039582487650e+02
-1.838607840679911192e+02
-6.723956774270582173e+02
1.660935942782969121e+01
-2.777335359965271664e+02
-3.329424810418596081e+01
5.241340726808103909e+02
-1.212320673693726150e+02
-2.914879172739327942e+02
-1.835413933475535941e+01
-1.067858238249991700e+03
3.210145029849571188e+02
-7.160508730156843171e+01
-5.118946881003200247e+02
-8.836250001526052529e+02
-4.563065477210494123e+02
3.950901080889420314e+02
6.543875865015290856e+02
-1.231667579064394289e+02
-4.039373737495596970e+02
2.682099254438627440e+02
3.348077217298534833e+02
2.983914156291282893e+02
-1.774365776997813384e+02
-6.702553928276925888e+01
5.064768271922186500e+02
5.383131017170304631e+02
-3.102935403701193451e+01
-5.283510015380962841e+02
-6.487821907206310925e+02
5.440504186780880218e+02
7.703205315216996496e+02
2.835117734536948220e+01
-9.939736755919007294e+01
-6.592000591443299982e+02
1.046804821063786761e+02
8.477612536805800119e+02
-3.630332845803682744e+02
2.375601906295289609e+02
5.467287482298181658e+02
8.628687420439759137e+01
-1.911968915830306344e+02
3.944133720511058527e+02
-2.622870147535290641e+01
7.300678642662947482e+01
1.282127663945983329e+02
-2.065904554824738568e+02
-1.013692792892307750e+02
-4.524572469364335348e+02
-5.598744058146934321e+02
-8.740031479636988365e+01
-6.665735045541963473e+02
-2.944333024029014041e+02
-2.565926283816713749e+02
2.856547699271870329e+02
2.084121353614468148e+02
-6.170985626508773692e+01
-1.847600512098286458e+02
-1.733079045507788010e+02
-7.764581530253541075e+01
2.910741813269403337e+02
-4.015057278195813524e+02
2.037431768601149997e+02
-3.684314975408063741e+00
-3.317253433479003775e+02
-5.261935642369691379e+01
-4.977599129217327913e+02
1.946271659316001035e+02
3.251903510328524476e+02
2.525861383841337044e+02
2.130071657480831959e+01
1.651802824433138142e+02
1.337607600742545628e+02
5.347959909147247259e+01
-5.180836919985191571e+02
-6.038134957140165398e+02
-3.223484607237362525e+02
4.407958786304149044e+02
3.101625719060925945e+01
3.127732301137992863e+02
-5.529897383924614473e+01
2.853919706846021995e+02
-7.841498908439099580e+01
1.159870758098444128e+02
-2.049331050427959724e+02
2.488286092246315206e+02
1.463742408227189458e+02
-1.145101836459313489e+02
-2.540968918388154805e+02
-3.553279492388024607e+01
-6.395180500994973016e+01
-4.258124139860883872e+01
-2.850200281256286416e+02
-2.739526460812689379e+02
-2.630212415922526361e+02
-9.888558384751407004e+01
3.715789562685599776e+02
-1.487464220356528983e+02
-4.431432335570574566e+01
9.942733587298869224e+02
-4.704635046674582810e+01
-1.044529502026060044e+02
-8.604713205448149438e+01
4.041411304820342565e+01
7.351199759904967834e+01
-5.074880344810201649e+01
2.449124327242005847e+02
1.354443102939512471e+02
5.086792928048170381e+01
-2.402364689127382746e+02
2.255908589342445225e+02
-3.184617623337570080e+02
-8.906062758991474482e+01
1.459207850381853291e+02
3.648604181498079697e+02
-4.483765214486479636e+02
-3.249457799381901850e+02
-2.499662624493619134e+01
1.704973846569513398e+02
-1.197128384238706786e+02
1.319165156946984574e+01
-2.122079993206986614e+02
1.314598674279062607e+02
-2.929741411932423034e+02
3.400216529620684582e+02
-9.324500256811971610e+01
-1.049795329467675344e+02
-1.534222508468574517e+02
1.728438606688771983e+02
-1.991045748343360913e+02
9.845743857271324373e+01
2.193243020719997673e+02
-9.374942719589256512e+00
-1.519480434266075122e+02
3.058261851551711743e+02
-3.102533808031256513e+02
-3.433513790606829161e+02
1.830703869622353466e+02
3.961202591057527229e+02
1.021426718775706917e+02
-8.618919537389264640e-01
-1.657909520892279147e+02
-7.927826381422525515e+01
-3.608577438614840105e+01
-2.267889899516677019e+02
1.693537007151597606e+02
-4.844689798361443422e+01
-5.125458552999061368e+01
2.003255210005064839e+02
7.255495948034902653e+01
-4.872883613138372425e+02
2.703670715588334872e+01
1.892463538037711999e+02
-1.336832923578843406e+02
1.396587323037742010e+02
3.281295603257093685e+00
-1.787319543324431095e+02
3.526043445501560996e+02
9.066351206352777581e+00
5.735115721094292240e+01
-3.056495414191716691e+02
3.829483419397532202e+02
2.056023284088310845e+02
3.933651193026959163e+02
-2.488669221437698411e+02
-4.105639991871236134e+02
-1.327250230467198548e+02
-4.230546350230201824e+02
-9.657805872093712196e+01
1.764456870676031315e+02
2.003554820217032670e+02
1.749075446574747161e+02
1.665879439495619962e+01
2.355571184842954437e+02
-2.317462113397426435e+02
4.355828500738735443e+02
-1.430528830592294014e+02
-8.801358599762652091e+01
-1.667164264452580085e+02
2.196156772705928262e+01
3.063097695376321781e+02
8.786401312931388929e+01
3.370010807387969294e+02
-2.375505115942816587e+02
5.036224602002290567e+02
1.561331933225073385e+02
2.028399204566848368e+02
2.174460169680054378e+02
-4.320432147618407726e+01
-5.540974273079329038e+01
-1.336591351927595781e+02
-3.999499392004076412e+02
-8.518144931700126321e+00
-8.064871407428746863e+00
-2.749520988768795178e+02
-3.579702606234983477e+02
3.810229843996161208e+02
