-1.101063146067546768e+03
-1.747145237797627033e+03
-2.264757368911286449e+03
5.159777079038873353e+02
4.651769739743816956e+01
-2.981472153822544442e+03
4.641153035514150247e+02
3.454650189820431478e+03
-9.142103185669832328e+02
5.312269471573476665e+01
-1.765767969944503193e+03
1.381697747449937310e+02
2.510377858028276023e+03
-2.385451550383315578e+02
2.151680383008487922e+02
-1.150540249949252711e+03
-4.465960292912451735e+01
7.741532743925097293e+02
-1.241222094459147343e+02
-2.728875784588485658e+02
1.818489992493632599e+03
1.427724730321565630e+03
-1.260224045225657619e+03
8.991166713518443885e+02
-4.208014779377751324e+02
1.370454484634827168e+03
4.199060680032452524e+02
-3.919586209448585805e+02
-1.377074632414792745e+02
2.089750249156988673e+02
3.268428589663097910e+02
1.843963251045703601e+03
-2.940589142205391227e+02
-8.598147684935487405e+02
-1.479985264879759598e+03
-1.022369369893679050e+03
-1.314465526997128961e+02
5.362106726762029894e+02
-5.219426793406133811e+02
1.873845220484165793e+03
4.703021802555809039e+00
-1.242402592301970344e+03
1.871651772435560019e+02
1.809028975206740824e+03
7.835810889630865859e+02
9.931763579940580939e+02
-3.198234032187718299e+02
-3.937604411096048693e+02
-2.418009447792618971e+02
-1.919245712165893849e+02
1.235137233728895012e+02
9.902360283280016802e+02
-1.552297706374932318e+02
3.762254535091041241e+00
-1.175768821241922751e+03
4.469632488177487062e+02
1.540868127161353641e+03
4.295521483019095967e+02
1.922045526967214712e+01
7.426122330307117636e+02
2.040706773247686669e+02
-1.509724545812865244e+03
-9.552133649340582622e+01
-3.332220305377546765e+02
-2.389295116370636833e+02
3.429095025882464256e+02
5.079796343353306725e+02
8.112917723996250174e+01
1.664365421427812635e+02
-1.649261294489301690e+02
4.343168474429798209e+01
6.953305004089166914e+02
-2.529795782553672154e+02
8.648206768757394229e+02
5.243373976818570554e+02
-1.096035724786102492e+03
5.728335977980128746e+02
-8.157460951665559605e+02
-1.731256815959386017e+02
-3.506867904594160450e+02
1.972569199178708459e+02
-4.811153451146024622e+02
5.860757266973120494e+01
-2.562765209213931712e+02
1.956999239790522722e+02
5.051762250932549136e+01
-3.917153607687398562e+02
1.669808817772517102e+02
4.650311974010951985e+02
2.084525782983617859e+01
3.235473078487335670e+02
-5.030683889535021081e+02
-4.924328392641462528e+02
-5.880704249722712120e+02
6.246232732381404276e+02
-1.711630760138257870e+02
-5.351839053762938647e+02
-2.144778878565676621e+02
7.216782043664311175e+01
-6.351960060058528512e+01
-1.349191599749167665e+02
-3.946050959371556246e+02
4.489883751706863677e+02
-9.764861156193120451e+01
2.064338548270232252e+02
2.352820649992152724e+01
6.664233472435201122e+01
-4.757004173967300176e+01
-2.035016442959252743e+02
3.831712414514453258e+02
-5.578927659958978893e+02
-6.887014773312881744e+01
3.759008982045862268e+01
-1.917357537785988768e+02
-1.798327772771150705e+02
3.455852617250830576e+02
-7.014014998475580569e+02
-5.780003145306317265e+02
5.387252321411864386e+01
-1.649262015339598122e+02
-2.553842180995178524e+01
1.038198433686226281e+02
-8.129441283326262635e+01
5.080541528947731678e+01
2.518172911680361494e+02
6.604913833471449891e+01
1.620000566380512907e+02
-2.348325054923762778e+01
4.999263830356818517e+02
4.568492566894660740e+02
2.744716153102307885e+02
-5.165956934718304865e+02
-7.649262877898245279e+02
5.435551084250231497e+02
3.449992128543171361e+02
-8.535496353290005800e+01
2.732621264938137529e+02
-1.239860971533297942e+02
2.659846029189552610e+02
3.207361433085222870e+02
-7.558460489013593531e+01
2.276597843200592308e+02
-3.601922005470144654e+02
6.835545417784038591e+02
-4.195470688293304988e+02
3.647538237054323531e+02
4.833620230672804041e+02
-7.374613722142116501e+01
-1.258826845235473790e+01
1.503825803489341126e+02
-1.964013396982372797e+02
-2.419165669190711014e+02
8.692293366064387072e+00
1.338428749435245777e+02
-8.046339893298738843e+01
2.138039152573571045e+01
2.137629582254686227e+02
2.315782536474527262e+02
-1.005327997611955482e+02
3.187917308318147320e+02
-3.502492368190314096e+02
-3.982377828891525269e+02
-2.772468354110906716e+02
2.518453088023972271e+02
-3.031634144724795306e+02
2.057429988277890516e+02
-3.152356339518987056e+02
-3.969991395586137628e+02
3.198574111679459975e+02
-2.813596800026991787e+02
2.198809237422695730e+02
3.621571979850176604e+02
3.113557258094869553e+02
-3.260329243567226598e+01
-2.986256792368678248e+02
4.726420118512745034e+02
-3.657730490047409262e+02
-4.153840557813381906e+02
-6.253886275311591447e+01
1.378314292438877260e+02
1.702668901370131493e+02
1.218368887543181103e+02
3.038767406767809121e+02
1.569566212073605804e+01
-3.316966964759139813e+01
4.116702502385835487e+02
9.676854899438191637e+01
-6.630136582867133654e+01
-2.829681974060233642e+02
-1.895011106530939173e+02
1.107112501648691278e+02
-7.504197398280390416e+02
4.035067979470452038e+00
-8.701284963773356651e+01
1.187085528893263415e+02
-1.770356237439356732e+02
2.372572593943760637e+02
-3.212871741752816206e+02
3.108990403713706314e+02
1.244154894238261591e+02
3.908418137027300077e+01
-6.266950758332973948e+01
3.631143134410287985e+02
-2.539005801132836382e+02
2.939026915728942981e+02
-2.352927956863943848e+02
-1.855259214696856418e+02
3.999964787693215840e+02
-4.462646645508107746e+00
-1.820342188609433620e+01
1.875450586419431431e+01
-3.072830314571464214e+02
-1.113892896836594275e+02
-2.021121841996541662e+02
-1.288895992694264514e+01
-3.215678112648143951e+02
-2.374103885593921461e+02
7.410580128780667053e+01
-3.419224612605390803e+02
-8.810974565759141797e+01
-8.667358650552915833e+01
1.694900161649254073e+02
-2.171334213472422334e+02
-1.705146896941181751e+02
-4.459066145101053280e+02
-2.191424865033569063e+02
-2.120049354138193962e+02
4.963606897199409218e+01
1.771918248101910081e+02
1.779265457968328974e+02
-2.753941509876934788e+02
-8.957323363169965091e+01
-5.117050756234035020e+02
2.737374519946678220e+02
1.370266745911299324e+02
-2.965507392001896392e+02
-2.142020412542546808e+02
4.575410868419593271e+02
7.865076256495729012e+01
-4.280101185679362743e+02
1.381867908673577858e+02
2.684244496316769073e+02
-1.710368390932672753e+02
3.335270569511429244e+02
-2.108861595542566363e+02
-2.516981829023793580e+02
-6.068867629842701206e+01
1.045860909134061600e+01
5.664038225430638818e+01
-2.092517771797170667e+02
-2.227018005773590232e+02
1.300001499638952964e+02
-3.552837930955171686e+01
-1.945960175195189663e+02
7.650139868247664765e+01
-7.824599316362093759e+01
-1.817553163630887525e+02
-1.390112170649327652e+02
4.801985559787683400e+01
-1.115675842683693162e+02
2.784347963413767388e+02
2.278256295672215970e+02
-1.043734722354977578e+02
-2.642726173551687339e+02
4.152521649353365660e+02
1.743459263178191065e+02
3.322171630420558017e+02
-1.334640510304694487e+02
-2.153258083684210362e+02
-2.445011313957390939e+02
1.327178968687740905e+02
-8.539639159858734274e+01
3.039422904383869195e+02
4.109102839134231999e+02
-6.619264106259386438e+01
-8.655113399916427142e+00
-1.976822481299438721e+02
1.141574285601257941e+02
1.538712891041374462e+02
7.092112363541596665e+01
-1.029526318014120712e+01
2.099517935416137959e+02
1.950488919251297943e+02
5.641329997447782318e+01
7.280300973872515158e+01
2.833030892602162112e+02
-2.179664792172494856e+02
2.898959469476304776e+02
-2.867922642135275701e+00
3.178859575033849083e+01
3.939201844091449516e+02
1.165775791383076836e+02
-8.315683631591195990e+01
-7.653678120178064148e+01
-4.893141063904747057e+02
-7.179227369139977100e+01
-1.729954589348446916e+02
5.108242055850845276e+01
2.561671217474328799e+01
2.973200050125442431e+02
