4.560771782070677546e+03
-2.178248600890286980e+03
8.822853576074728608e+02
2.565902391181873554e+02
-1.100688225200601210e+03
-4.134046053249091415e+02
1.406123062688467144e+03
1.611557171023470119e+03
-1.307482682123043105e+03
-1.849101235348974797e+02
-1.819686714748878330e+03
4.004209843044172885e+02
1.159521055049604911e+03
-4.652059726618660420e+02
5.769753897273806160e+02
7.321840349145287519e+02
2.544231157938073409e+02
2.456441736796435293e+02
-1.340688648880765413e+03
8.916503750529709578e+02
-1.469529784138147306e+03
-2.018552488611180479e+03
-3.301759261857313277e+02
-1.079247976878877807e+03
3.573301879736691262e+02
-3.767608950376293819e+02
3.998651178082790238e+02
-1.288230050964550912e+02
2.646669144390660335e+02
-2.815989970969792466e+02
-5.886963668539312948e+02
3.912876804073163726e+02
1.775977582775041128e+03
-2.136923290967560263e+02
-6.466090718372341826e+02
4.813263528546618204e+02
-6.805173127573546026e+02
1.068211424687960545e+02
-2.485142728115534965e+02
6.110319724640957020e+02
-2.624267442290216081e+02
2.582711830803649633e+01
-3.066876867420652388e+02
-5.916214044045817673e+02
-3.357551842267308757e+02
-8.995565139739971983e+02
1.117379489964169323e+02
-6.258932356277944109e+02
4.518899337875368474e+02
3.888455840806240644e+02
2.602547213629034104e+02
1.262439529632139852e+02
1.715452341426179146e+02
-1.971331793159485457e+01
-3.772977687179929944e+02
4.896022527897577525e+00
-6.889002768426655621e+01
3.812282975828651388e+02
-4.136159786366790740e+02
-1.436341104665030599e+01
9.040464356620172737e+01
5.704541281180833039e+02
-5.237079857953390274e+02
1.130542391334637159e+03
-4.185086756854522037e+02
6.533235052601233406e+01
-4.594512560353036861e+02
-1.292951493848009363e+02
-2.640912725502459466e+02
-1.783133811055532476e+02
1.934296888104521486e+02
-5.440286153628162680e+01
6.389554887820494855e+01
-2.902307223830450198e+02
-5.399598725352567499e+02
-7.389901289820089403e+01
1.553119249269063573e+02
3.117274822391300404e+02
-3.501029285106237410e+01
1.994444746673318321e+02
2.914544540348009605e+02
-1.677459711254791941e+01
2.275897509452555880e+02
9.538276029107041154e+01
-4.500866469803536347e+02
1.186967150642664564e+02
-5.003027072347011313e+02
1.480944519825659000e+01
2.633834715224739398e+02
1.784021172124556074e+02
-1.270288107844463212e+02
2.108250167732552427e+02
-2.442615472094217353e+02
2.129007351126241474e+02
-2.305475896291387699e+02
5.461810343250115238e+02
3.345114506250759945e+01
-4.133976626495788054e+01
-8.910574937126609996e+01
-3.932085826397479309e+02
7.573249937895094774e+01
-3.643321113040011596e+02
-1.830187670892588585e+02
-4.639427603057691130e+01
-3.157369119390775936e+01
-1.290434218731701606e+02
1.729761070220716306e+02
-4.123814882807666891e+02
-1.091793374612009586e+02
2.605715938267529737e+02
9.993244038776308003e+01
1.267824047636145366e+02
-2.910381696222704591e+02
-6.380471732853106204e+01
1.462867737893654692e+02
1.003429371362723828e+02
-1.441753059819583171e+01
-3.086931703798846911e+02
2.401107903444368219e+01
2.076302923453941318e+01
7.435189603876722231e+01
-8.179115530853198379e+01
1.562623294329281691e+02
3.413999083878618990e+01
-8.235121555625052991e+00
-4.713242769764130813e+00
3.118900361749921757e+01
1.445644862427669466e+02
2.432941031146762967e+01
1.042041758322157818e+02
8.632318591152412068e+01
6.435290618599759682e+01
-5.458205434601428863e+01
9.820356920920782784e+01
-2.532199330128762824e+02
-1.474408394658191810e+02
-5.285073329223620675e+01
-2.183434202423087100e+01
1.672024970695436252e+02
2.460691478791671827e+01
1.009801108069776348e+02
1.438501308212750871e+02
-3.881270303427391468e+02
3.474238965847995360e+02
5.609131333713360590e+01
-3.825505715766776405e+01
4.880395645209564748e+01
-5.790656049230950231e+01
-1.503071674878392798e+02
1.237425741550642897e+02
-1.231858375032898607e+02
-1.745057824629622019e+02
9.514515805767548784e+01
3.121005483829840799e+01
-1.174805550198436919e+02
7.698399972951672510e+01
-2.758682979804797242e+01
1.403601678496919760e+02
-2.679610964327937381e+02
4.545130771287721672e+01
5.310270426036493774e+01
-1.204136895523288153e+01
2.022242787013292631e+00
7.449580199719598284e+01
-8.058864462420903862e+01
4.014311126753151626e+01
-1.463543894388664341e+02
4.842195797581540262e+01
2.240116786688089334e+01
-4.894921358115752241e+00
-4.716011251685661598e+00
-8.479321759197584640e+01
-9.786203263812203090e+01
-1.078974356743401160e+02
2.336450056102071926e+02
-1.242789296837476201e+02
1.244745639373924746e+02
-2.035069735792787355e+02
5.950495942646033143e+01
1.378651795605178449e+02
5.319190170134088902e+01
-1.151692092094921946e+02
1.255832299800972685e+01
1.786143457076337882e+01
1.002996591443696843e+02
1.130896203475105182e+02
-6.939285632649350077e+01
1.504620211478227816e+02
2.828721563260219796e+01
1.583449665725276532e+02
9.877638072605186892e+01
2.744041239304794644e+01
-4.192243003525302925e+01
1.162094955680231720e+02
-4.819221916374666392e+01
-1.964030622595529962e+02
-3.102861431132441083e+01
3.453913272553725022e+01
-1.329565555180000658e+01
1.334090399621570953e+02
-1.326431532462626173e+01
1.025012670227864930e+02
-6.377273406242756693e+01
-2.262214765038173994e+02
-7.074348114595359505e+01
6.618114522312944281e+00
-6.375654217172278493e+01
1.382187456894863260e+02
-1.154179996053664183e+02
1.479606290621980769e+01
-6.250501988722021451e+01
-1.583553740602872324e+02
1.112226587624877823e+02
8.938148612157797857e+01
3.127066254055489125e+01
2.036099552360796565e+02
4.024044939390646647e+01
-2.428419705581620462e+02
2.184177075443265892e+01
-6.889193859172648615e+01
2.285001940192776360e+01
9.775078211254944804e+00
1.031916589475834485e+02
-1.000623239519792236e+02
-4.750102552783973664e+01
3.082272606418042216e+01
7.039756500828619323e+01
3.359598211870981288e+01
-4.149539734494938159e+01
-1.221749555534848142e+01
9.590598287541384437e+00
-7.648133302305571313e+00
-6.554104274641896666e+01
1.132599888460398603e+02
2.502681425709753782e+01
1.610240815861948533e+02
-1.770756705259115549e+00
1.136805119731179730e+02
-6.453992822469155044e+01
1.178736806405368576e+01
7.638955842387052542e+01
-2.363708819930895544e+01
-6.084490681376200882e+01
3.204973868316534436e+01
4.566500210900651524e+01
-6.241163260750675335e+01
7.993161360986077568e+01
1.334033897944751246e+01
3.209801663540889649e+01
2.143523602198516897e+01
5.157429374306862968e+01
-6.366813941146005362e+01
1.185542128013851766e+02
6.352607131757852699e+01
6.954044424102724520e+01
3.536863534603402570e+01
1.701708734128063440e+02
4.326275009786411374e+01
-1.917247298940740734e+02
-1.443725445772917908e+02
-1.164943411252962449e+02
1.020009444127778835e+02
5.766196702039589184e+01
-1.499606662862642104e+00
-1.446268775994131488e+02
3.162211757867733652e+01
2.493724950842560517e+01
-4.600327560447282593e+01
9.842575634911041504e+01
-6.897030387554883291e+00
-1.620448237346555231e+01
-1.153243517001297391e+02
2.217183960873769522e+01
7.796272339588682598e+01
-3.341300703269641303e+01
-4.451220110112568307e+01
1.112501420088873800e+02
-6.204677458879092455e+01
7.004225236594045612e+01
-1.262166720263406461e+02
4.092737023864151524e+01
6.898992609084625371e+01
-9.554205389641218460e+01
2.486100120785727086e+01
-3.196704969306303212e+01
-1.461783757058225603e+02
5.105603781646016159e+01
-7.394963222522147817e+01
9.659794977498468427e+01
2.897728101388718613e+01
1.240949812832631380e+02
-2.186481812522040258e+01
-4.961480457803153143e+01
1.851270115978440600e+01
-1.093809080788963399e+02
5.818445376571349215e+01
-7.185503341267278188e+00
3.840001637996293482e+01
-7.741582274943191067e+01
5.940560629196055231e+01
