2.511344795149603669e+03
3.128894112577848318e+03
-2.112086033919129022e+03
-2.405528782255237275e+02
-4.977245777824062316e+03
1.131395422985606729e+03
-2.343361529113542829e+01
2.988150004034388076e+03
2.925553885392072573e+01
-3.047321751012437971e+02
5.017262009141080625e+02
1.233935680678876906e+03
-8.387977908179393580e+02
-1.236202664233431733e+03
8.768057224146299404e+02
-3.751416689879324622e+02
-3.247009834625056897e+02
1.154717576110367190e+03
-1.474736225490331343e+01
-1.712016421082331362e+03
-2.034337043974420567e+02
7.327233610334006997e+00
-6.103839330329038830e+02
-4.824792758995284885e+02
-1.002004632504790266e+03
5.334740555193114915e+02
8.097121048904348299e+02
-4.687325545726006908e+02
-2.199165395447064668e+02
-3.685581263712981581e+02
5.407207240329657907e+02
-1.974670098011722246e+02
2.726814083456375783e+02
2.467124996574792419e+02
-1.471812714907843542e+02
3.033237615153017828e+02
4.431228134966139010e+02
-2.193742712937343242e+02
-1.820623176675950390e+02
1.428962063166398764e+02
-9.278274950542707700e+01
1.024822574174618239e+02
1.513652698954956008e+02
3.885360872332158806e+02
3.471759614354849077e+02
-3.064613677125861386e+02
9.603270300168190943e+02
8.786867957012007082e+02
3.112737370005299908e+02
3.295036464586048055e+02
-2.247359494075036679e+01
-2.842126781545792369e+02
-5.908540334125007121e+01
-3.446727994442541103e+02
2.222221401036323485e+01
1.586977036635765330e+02
2.225978814654037024e+02
-7.907553326986875675e+01
5.846978887206679474e+02
-2.034838173786274069e+02
-3.093882502466798314e+02
-2.370334481274954896e+01
1.653277262449541638e+02
-3.197485929231446633e+01
4.291522658328518105e+02
4.776679160847420036e+01
1.550277338642442260e+01
3.644562890153507340e+01
3.318631773030440399e+02
-3.252978213691007170e+01
-4.543802895656950369e+01
-1.315561925223717665e+01
5.297785997312844586e+01
-3.406765485835876461e+02
-1.075013751178891397e+01
-1.388293926873997464e+01
-3.472063122048175501e+02
4.057092290490896858e+02
4.746290481040630311e+02
-5.335143743478256511e+02
3.787588447503691214e+02
6.362814516692428697e+02
7.304349861236322461e+00
-5.443857611905830254e+02
3.024898623146565058e+01
2.018752963995283096e+02
-7.943777535884782992e+01
1.532920907634570007e+00
-2.955030144424659966e+02
-2.477524660158115068e+02
4.731960129633630885e+01
2.129227415939313346e+02
-2.133984792823238195e+02
-1.219418901419615509e+02
-4.701091600892602287e+02
3.436127663246318065e+01
1.192335893960486288e+02
8.854845892886613967e+01
-3.466087615318099324e+02
2.490999690560360591e+01
2.713884490533509393e+02
8.837422770811828698e+00
8.674219111142278393e+01
-2.479382942673348111e+02
1.101293301028731690e+02
-5.106254832697715642e+02
-3.600348807750204969e+02
-2.747532438815060232e+02
-1.641369132985053909e+02
-1.401391748087123972e+02
-2.097202847194247113e+02
-3.688965951789934934e+02
-5.087602391921204799e+02
-2.777197913555592095e+02
2.211934092875061424e+02
-1.651967429482499483e+02
-7.086287005291575269e+01
-2.263465255901618889e+02
1.766824918688556636e+02
7.975670909543896414e+01
9.701406110521773485e+01
1.954409656261553607e+02
-5.734677716152617677e+01
5.957538780015606505e+01
1.212278242051319808e+02
1.521342929786936509e+02
-4.469718054008994272e+02
1.450355711681201853e+02
1.154801999013439371e+02
8.109404425006600547e+01
-1.674093500696508841e+02
3.384340107246964635e+02
-1.335991903782614258e+02
3.648153774543373373e+01
-5.243249665097270906e+01
2.313062555365902995e+02
-3.790871026286724010e+00
-1.458223829236918618e+02
2.688982962652825748e+01
2.106902936347304376e+02
-6.707550987331937620e+01
-1.904294002957783221e+02
2.621822049237607075e+02
1.008521955446068574e+02
1.871079779970364712e+02
5.112092021491989158e+01
-1.979983459197449349e+02
1.195490068692562069e+01
1.633708642103106286e+02
2.689170586261000722e+02
9.288061226853930918e+01
-5.850328483966221427e+01
-2.840647493323663753e+01
1.057216019106310796e+02
-6.618282850546205509e+01
5.848521873568685692e+01
1.613533257036686166e+02
3.147612671471073327e+02
-3.742743778897784779e+01
-1.863687640512362691e+02
1.557845286402530292e+02
1.509481607645339238e+02
2.875998454293264217e+02
-1.569120125625243816e+02
-1.051420888452250750e+02
-5.484121937049629025e+01
6.160402855887858209e+01
2.683368630312397158e+02
1.593858090207899991e+01
1.377347392373619925e+02
1.232343745234367134e+02
-6.290542345132613633e+01
-2.481259019656902467e+02
9.612214235121383865e+01
-6.421660396072311983e+00
1.937638595547671798e+02
3.896354586465091785e+01
-1.411839437848425121e+02
8.902739993489370818e+01
-8.275645788867581132e+01
1.916552355643841921e+01
-1.760234307612768134e+02
2.991751190097191682e+01
1.172727756019646250e+02
1.715698901639533176e+02
-1.296506212232341682e+02
1.257073683577368541e+02
-1.466217372179190548e+01
2.965711463692602412e-01
2.540992546506300869e+02
-1.626644002555764956e+01
-5.891378361869525548e+01
-6.198238098390413597e+01
-3.055089073742162782e+02
1.190765464395052220e+02
-9.989002112119689514e+01
-4.131405065831172152e+01
1.608649822422901821e+02
1.653159430187768066e+02
-6.022905201628004335e+01
-6.882022377543857772e+01
9.271461476399851165e+01
5.683805060109662008e+02
5.041266991061284841e+01
1.460863896985142629e+00
-1.382887790173677089e+01
-1.077295585422825042e+02
-3.261349223336782188e+01
-9.099394072391471866e+01
1.477835506734328987e+02
-2.378157558798704656e+02
-2.678108063659919225e+01
-1.072109602511925175e+02
-2.625031142080455311e+02
2.002455388766442113e+01
7.493240738986413874e+01
1.391979713958251637e+02
-4.837743455692745442e+01
-8.149180896180172340e+01
2.615144158868255175e+01
-2.811832490359403778e+02
1.155187188832544933e+02
-2.657613685814462769e+02
-1.663655497189827770e+01
8.719787142852219120e+01
-1.751391338595059324e+02
-3.151602792487511806e+02
9.039076203215756777e+01
3.723553586071726329e+01
-1.196988225695566399e+02
3.947234300813469332e+01
-1.340457315481678791e+02
-7.552275443004403144e+01
-7.019190112500425016e+01
4.159070377129035023e+01
-8.329863023717497583e+01
3.642913082801423563e+00
1.121113900764051863e+02
1.270091669771794329e+01
1.008490602912776950e+02
-1.159912165835841762e+02
-1.495623653327142222e+02
-2.455953596135083785e+02
-6.065282235766743213e+01
1.556744894525304801e+02
-1.378219475148726580e+01
2.432047210124157477e+00
-4.412334472246779171e+01
-1.107371614983614023e+02
3.260413591766425156e+01
1.914780513242523341e+02
2.226239225609105858e+02
1.136090946291322012e+02
1.249732058865505309e+02
-1.096120607384818015e+02
7.992895586729002133e+00
9.656795078605453853e+01
-5.678747713331115676e+01
-1.985910024295029075e+02
1.639146211862690166e+02
-5.008791761519425734e+01
1.651862491625213352e+02
-2.661576198617771070e+02
2.517389934434521308e+02
-2.266219857571253726e+02
9.816980227430140360e+01
1.750515449026094643e+02
3.064881127715981393e+02
1.341020667709134386e+02
3.553770941238977343e+01
-8.459362214261682311e+01
1.587548797407208383e+02
7.222886997080421168e+01
-2.963814466894326927e+01
9.991785797414202364e+01
3.458336191932705361e+01
1.079401174812753617e+01
6.978069952922426467e+01
-1.455233866218712819e+02
-7.422429657855947482e+01
-1.633115894482296540e+02
1.859210484341112988e+02
-3.553029530842750461e+01
1.611891913993714098e+01
-1.882616602831843693e+02
-9.834734771939076836e+01
2.318053086411439665e+02
-5.563852653336134324e+01
1.772078103388308818e+02
2.246382710365779900e+01
-1.975625618186462518e+01
6.743578370558668489e+00
8.709843216514694575e+01
5.199936774452199728e+01
2.280662129289608231e+01
1.100392389458924782e+02
-6.542778964870064939e+00
4.662221723976178112e+01
-2.257203479100916752e+02
-2.317396061440074373e+00
