5.654929436074129399e+02
-8.376389571893018910e+02
-2.161863115747373286e+03
2.072592076096073583e+02
1.607556559540075227e+02
-3.436414750665902375e+03
2.416809561506034356e+02
2.494209268872619305e+03
-2.139760852488398541e+03
-3.057216887193470143e+02
-1.956386265061606991e+03
9.853928356825753099e+02
2.932800781912982529e+03
9.271906842129325241e+02
-4.786909685236093424e+02
-8.985081604942942022e+02
9.171640964340109292e+01
1.307843410967871250e+03
-2.024841730041033827e+02
-4.052535105928901089e+02
1.971039004912913470e+03
1.347068934517054913e+03
-2.320375867948393989e+03
1.656943784956313721e+03
1.343303846582667802e+02
5.676407743575539371e+02
5.531242790506267966e+02
2.236998799427413758e+02
6.868197259049925378e+02
9.977318539333754188e+02
-2.702296088164728758e+02
1.586541196205839924e+03
-3.430669826689500042e+02
-5.950085288486066020e+02
-1.077329136092967019e+03
-4.139082764954399636e+02
-1.565786523733536058e+02
-1.666932477538031208e+02
-7.950022113000363788e+02
1.742415719303421156e+03
5.266338245191102487e+02
-6.169845294355533269e+02
1.402592371330383969e+02
9.160507408722778564e+02
9.044379354308640586e+02
1.110802975008135036e+03
-1.006287321473175354e+02
-3.720581700230740694e+02
-1.564220266129303809e+02
3.379567584655356427e+02
3.321753139161879176e+02
2.005618525506374965e+02
9.012676715887928367e+02
-1.460413174236750855e+01
-1.267757676524868657e+03
6.658384536178224380e+02
6.414858230704664948e+02
6.218945541420874861e+02
-9.567748620429044593e+01
1.278744498004975156e+02
1.570080303896218368e+02
-4.651049413756909416e+02
1.498009348985491158e+02
-4.164705399943099451e+02
-1.582177768240007936e+02
-5.482060076734727971e+01
2.863850489355519358e+02
1.513960600135324626e+02
-1.099312614156101660e+02
-2.935182668662176866e+02
1.431431612311278023e+01
2.064908418613938750e+02
-3.476751077380988590e+02
1.797479743744580958e+02
8.356899205418477550e+01
-7.418399926746725441e+02
5.831094610836607899e+02
-5.865221913291125020e+02
-1.242130361470417199e+02
7.134128473728774011e+00
2.219282028559443631e+02
-6.696901279455333622e+01
-2.659504513878567877e+02
1.314617432869245839e+01
3.037995525077200796e+02
-5.563812400763507782e+01
-4.942195535644233360e+02
-2.831319294724959832e+02
1.013129563312432197e+03
5.229717352484907451e+02
-3.601629161230008425e+00
-4.620632203748904772e+02
-3.858074326440802224e+02
-5.254403277864497568e+02
-2.377976812888173299e+02
1.942712378023694342e+01
-2.639601157747827642e+02
-7.126767040763716921e+01
2.035194938875614241e+02
4.876468512747628381e+01
-3.954030810220897507e+01
-3.199185076975574589e+02
4.649080295974375190e+02
-2.890570962786803761e+02
-1.901242582414829769e+02
1.580261951327191809e+02
-2.412163730806412048e+02
1.596958949355018262e+02
6.430848596227744451e+01
6.287419536570068601e+01
-2.523846601546933357e+02
3.737952465547304541e+02
5.079296017523098072e+01
1.516582142988741850e+02
-1.013683976996690177e+02
1.278446776844239139e+02
-3.458397766185208297e+02
1.594575594801372631e+02
3.810023889907257626e+02
-1.526658525210022503e+02
2.102770118374797192e+01
-7.148591154754159049e+01
-2.555209700893183538e+02
2.490514219760049741e+02
-4.356657980483988268e+01
-1.288053076125412133e+02
2.324748516154800484e+02
3.834930595984830859e+01
-1.943602370817469875e+02
5.721305907721175998e+01
3.861809430416079749e+02
-3.554479548581992958e+02
-1.868741207326559675e+02
6.736077541917063627e+01
2.189249745931352891e+02
7.220469632018975403e+00
-3.256472603393556398e+01
5.014421129239772768e+01
9.545891210058671561e+01
-4.136807735158985793e+02
-9.251279373688582552e+01
3.125824576761892786e+02
-4.633754715087434874e+02
1.902321507024557832e+02
-1.305665136303674387e+02
3.379231258805348830e+02
2.809793966692014351e+02
-1.771896521754898686e+02
5.006635922137908068e+01
3.479060657850565121e+02
-2.508001962206973587e+02
1.399267266353968751e+02
1.046099159779435723e+02
-1.228989907194963536e+02
2.169145277788409203e+02
1.289598586161248477e+02
3.765610720378868450e+02
-1.005302486132881512e+02
-1.070429648505162987e+02
4.746623440365408442e+02
-2.483003291292774861e+02
-3.801009921555465212e+02
-1.664709328321895327e+02
3.999495890828997062e+02
-4.975225623751313719e+01
-2.097370291244765212e+02
-7.901300822758817333e+01
-3.010803411187159213e+02
1.996944230375706297e+02
-1.989696390576041836e+02
-3.743928901053382940e+00
2.181709106774482620e+02
3.431442639976733062e+02
-4.291707207050666284e+01
-2.382206448017323908e+02
4.992487524654278275e+01
-2.334191549451767571e+02
-2.477552542742757282e+02
-1.272050384669286416e+02
2.331622579820660235e+02
1.655702519670647064e+02
9.554298816354845769e+01
5.047494646808995356e+01
8.543960451164897663e+00
-1.953574498702559765e+02
9.419438186060169471e+01
-1.065562086485657201e+00
-2.947312059850082377e+01
-2.135484308525751089e+02
-2.011307156463857950e+02
1.536499662312320140e+02
-6.256356775761204290e+02
1.929313379868351888e+02
6.884664350279244616e+01
2.702078784752404772e+01
7.637962639871368253e+01
2.305921298543364628e+02
-8.708943102190104923e+01
3.712329329219381862e+02
1.771534580307091176e+02
2.998127311301124109e+02
4.760145238743132978e+01
3.389452745503000415e+02
2.364076187809651941e+01
1.379471374094012504e+02
-1.928600840452231182e+02
5.501397655873011416e+01
1.067936377850446519e+02
1.125817483721129975e+02
5.987129124787896473e+01
-1.149799933926492344e+02
-3.631398191894119236e+02
-7.635257550939667226e+01
-1.658565769155768805e+02
1.674723083596671529e+02
-2.944485134855933097e+02
-1.660978992185116354e+01
1.554116536459114286e+02
-1.759786354222810303e+02
7.897113196394352030e+01
1.914054657837720015e+02
8.328214138265111899e+01
2.367878953852806490e+01
-2.807256796285561791e+02
-1.411539676003544059e+02
-1.769460918288656330e+02
-5.142641251283341930e+00
-9.064524203646934097e+01
2.532221977921543328e+02
9.060317640382251625e+01
-7.112437058264019640e+01
5.750058253630494676e+01
-2.917990872145887238e+02
2.531050400886231557e+02
1.700181417044626357e+02
-1.972237718923154546e+02
-2.038264447859826589e+02
1.313827730468318009e+02
-1.637475126091984734e+01
-1.477446441092505154e+02
-4.268640634002473178e+01
1.077349335403687149e+02
-8.021521967091311467e+01
2.367565256847877038e+02
-1.583269811172468344e+01
-1.610686547729989115e+01
-4.523589491520215944e+01
6.566950537232089857e+01
-3.881995837324254239e+01
-1.278076763091166725e+02
5.258834613700890515e+01
3.557781963233756528e+02
2.190806863321878595e+01
1.037621032832051355e+02
-3.927393951106338221e+01
-2.078567872900219129e+02
1.056943351080645215e+02
-8.630409437456844302e+00
1.139261616978871672e+02
1.266961886060381488e+02
1.931113252366120605e+02
2.413419247510818764e+02
-8.504996471979461603e+01
-7.463806630146618204e+01
3.984050506586338543e+02
-1.606156165323272589e+01
2.351847271553417329e+01
-9.072983762555638521e+01
-6.087975337097287110e+01
-2.579083986570526008e+02
6.105504046621999947e+01
6.539360949207897988e+01
1.207137486720494195e+02
2.401513682133363261e+02
9.902532575574049645e+01
1.741790692046733398e+02
-1.953051199348326179e+02
1.023099728277089895e+02
-2.320878843448375761e+01
1.426499811012427017e+02
2.463089374419385180e+01
2.657479340014413083e+02
2.871199076316061678e+02
-8.345882680621258487e+01
-5.465207493737413991e+00
1.083004747401979273e+02
-1.775760426299310666e+02
-3.356653939812104426e+01
-2.647380861891559078e+00
-5.641232972104253207e+01
2.816339366051172988e+02
3.277686565148062225e+00
1.153357675313421993e+02
9.129078238903797171e+01
-1.355501997392634905e+02
-3.332400811128751172e+01
-3.276031254568101048e+01
-8.534344141305037112e+01
3.288191292049012304e+02
1.241155813574459046e+02
