-3.586824364310398778e+03
-2.670891467649626975e+03
-1.757822932930286697e+03
-1.502498839332890270e+02
-1.731719249612742260e+03
-3.202151945616667035e+03
-2.112581435138709907e+01
1.683742137469143927e+03
-6.361437483114441420e+02
1.202340469039338267e+01
-6.143700409158492448e+01
8.454325171840561097e+02
1.000954717379855538e+03
1.201791875362130895e+03
-1.061919658870338253e+03
-1.182102951095343769e+03
5.147427100537554452e+02
2.790195506908086713e+02
6.407379037725257831e+02
4.789614003083888178e+02
1.928125393554378661e+03
1.195609564620097700e+02
-7.062211716718770731e+02
9.319371820346595996e+02
-3.313519309227410048e+01
4.554173620341281321e+02
1.065304361307023100e+03
3.908041551357951562e+02
2.847967119393601720e+01
1.092511472279256395e+03
-2.923749703449469735e+02
-2.241247917373895575e+02
-1.844787160079270052e+02
-1.143136170093840292e+03
-7.540259860972397519e+02
-8.224437141970812490e+02
-3.130087787288215964e+02
6.959115513439263623e+02
-6.484517660397738155e+02
1.703120072523651743e+03
-4.576964123595647607e+02
-4.887458359704872919e+02
-2.656627030695684084e+02
7.120784107495593389e+02
5.289721455591530912e+02
8.645143138046663580e+02
-4.053463468708159212e+02
1.452668154200825654e+02
-7.537602540832347131e+02
-3.230999613363682670e+02
-4.829149619109194447e+01
1.299599806847978414e+02
-1.028933370607984621e+01
2.988482270905812754e+01
-7.517138492799062988e+02
5.555813330089708870e+02
7.116236314198679338e+02
2.560628361003019648e+01
1.048548177665809931e+02
1.815355159399198897e+02
4.583266594346883380e+02
-6.189867544478245236e+02
-3.618752467025046826e+02
-4.127802127442439541e+02
-2.672424735368376787e+02
-1.247629784628949494e+02
8.592414029808246312e+01
-3.467600102666454376e+01
-4.781223669198182336e+01
-5.793353275200678354e+01
5.216872209518965064e+01
2.904612367725156901e+02
-2.162064798286103553e+02
4.794274725825972894e+01
4.319885087977164062e+02
-2.717063473359100954e+02
-1.617915246438005639e+01
-4.691732308775601155e+02
-7.170196507554956611e+01
-1.612930510320715598e+02
1.462405980105220635e+02
-4.947694648468050218e+02
-4.994855771566351450e+02
3.300639544433072956e+02
7.676688154090966236e+02
1.267720140139302458e+02
-4.211267789337641148e+02
-8.190554705322536222e+01
3.444628407502455616e+02
2.216738664381110482e+02
1.908708785767574909e+02
-5.872135391791470056e+02
-2.695382984725172264e+02
-3.026226196899139040e+02
3.176693576399197809e+02
-8.177540648567345727e+01
-4.157214076153521205e+02
-1.836457581458553250e+02
3.061732723210303675e+02
-2.615200651388963138e+02
-1.547340057509256326e+02
-1.585442703691655595e+02
2.533014860419511649e+02
-2.515899476302702720e+00
4.306773211808579305e+01
-6.058107276548658149e+01
-1.467608364923765976e+02
2.183419617436759097e+01
-3.436743856260205234e+02
5.417993365899044989e+01
-2.874498706460989865e+02
1.939387517517159552e+02
5.078863735152332879e+02
3.072449852965472132e+02
-9.359245174633304032e+01
5.042996066159975612e+02
-4.945375972284623458e+02
-4.230474687684611013e+02
-5.668590533262329956e+01
4.382167141615424555e+01
1.539251807420210412e+02
1.640939698067208496e+02
-1.008264241142617923e+00
3.645249082934515883e+01
1.469969854756546397e+02
-1.021264580823449961e+02
3.117623614978119235e+02
2.748549570672672715e+01
3.877049365898428732e+02
5.992907599468995841e+02
4.482686376745517123e+02
-3.747318630194312732e+02
-6.793718740255264947e+02
3.990509370878651794e+02
5.654343635551569491e+01
-1.569081447615372440e+02
-1.174906646873644149e+02
1.485176667358640827e+02
1.429127669050982945e+02
3.423267969265313582e+02
-5.635423964207928549e+01
3.209732482473389723e+02
-4.325296033269115128e+02
4.896906639984348999e+02
-2.704786557607199597e+02
1.389046421268287759e+02
2.638111464555119028e+02
-1.032629701999413072e+02
-1.150264772660933374e+02
-7.267902400693091636e+01
-1.198268700057484324e+02
-8.917896169802001793e+01
-1.794994696025695475e+02
-9.173758953580171749e+01
-2.851749275967354791e+01
9.553549776897266099e+01
-4.522088031496694072e+01
1.798332545695888882e+02
-8.883675420467314154e+01
5.370974096032279022e+02
-2.836145235260110553e+02
-1.118917767283728750e+02
-3.338116134720071955e+02
6.865871568507556333e+01
-3.686443588460701335e+02
1.428881560771212555e+01
-3.248270712268418947e+02
-3.507104648788471764e+02
1.944925056475303506e+02
-3.228197853596378195e+02
1.038754903711308515e+02
2.568632844580745314e+02
2.810676193885220187e+02
-3.278298513079050736e+02
5.349851600529005324e+00
1.056882049392078642e+02
-1.024912890064052959e+02
-3.583477696872068918e+02
-1.057353051550327336e+02
7.780057955897989075e+01
-3.291204337897568877e+01
1.095665266251147472e+02
2.993594634163023329e+02
-1.214726989117638851e+02
-3.359189788641107555e+01
2.420669712579017130e+02
-1.229489989622256871e+02
3.493034020979005838e+00
-8.608941829012383096e+01
-2.059728376343982745e+02
1.697564677963468398e+02
-7.490148112818042136e+02
4.587150851724170764e+01
6.920847334168432496e+01
-1.870553336602091932e+01
-9.229988664749433269e+01
1.712337713454069501e+02
-2.162064940659420529e+02
1.989738736205888472e+02
-1.190171587088029099e+02
7.371963004036562950e+01
-3.676846892320318005e+01
1.658127031042368174e+02
-9.373834764719528323e+01
1.995306105420765448e+02
-7.725311720685014905e+01
4.253562591176439156e+01
2.814482662458405002e+02
-2.115952907406629606e+02
-1.685826065992652900e+02
-1.524116409812363315e+01
-4.694897373931770517e+02
-1.267334562896032253e+02
8.353991064259690802e+01
-1.642678858765963312e+01
-3.635089009775238651e+02
-1.595372388530519459e+02
1.769547321120165009e+02
-1.497573068591923970e+02
-1.859189724103631249e+02
-1.272629103724060400e+02
1.892538904784160536e+02
-1.726922568285062027e+02
-1.690544301485275298e+02
-1.720868183967591847e+02
-1.365632231103436993e+02
-1.512657788437369675e+02
2.123720409945641308e+01
4.227084159574687305e+01
2.497055458944350903e+01
-2.744949219528892854e+02
-6.350827478276262639e+01
-2.968665589026765588e+02
2.889714901515170027e+02
-4.963749964706686058e+01
-1.196861383869216269e+02
-3.123246649009617215e+01
3.863776825723523416e+02
1.203838657146700086e+02
-2.249112280065653238e+02
5.187633232769245950e+01
1.698364454040137161e+02
-1.291422350087354687e+02
2.224409336022693537e+02
-1.222184057277364815e+02
-2.585892147031869968e+02
-6.663856610372300704e-01
-5.071609250365141719e+01
2.391488041176602763e+01
-2.436433416740752307e+02
-2.457063384431077395e+02
-1.382550765226998735e+01
-5.088086780283502009e+01
4.872358853248513810e+01
-5.518773563674620419e+01
-8.035398261217721938e+01
-2.589291825272412098e+02
-1.162994811061102354e+02
1.339194009083058461e+02
1.059117493416807889e+02
-3.062820566272308298e+01
1.149785673382510254e+02
-4.296716425204519396e+01
-2.187378825307082764e+02
2.485958097727769598e+02
-1.165072455882810054e+01
3.679089242995286213e+02
-5.663694922040651392e+01
-1.101407871210506784e+02
-9.481950855280611279e+01
1.496353732310293765e+02
-5.329887316253103791e+01
1.236509928705686576e+02
1.345072004455460899e+02
-1.826599760757028150e+02
-6.553479142762579102e+01
-3.060669463457568185e+01
1.333280524654880992e+02
9.907581344486924024e+01
-8.744189228374035849e+01
-6.980414521773791137e+01
1.425274904372216440e+02
1.331897990313721891e+02
-4.791352866619170703e-01
2.503307432083639128e+01
-2.666916786526675054e+01
-1.679154052998418365e+02
1.738689832432752382e+02
-5.280502354795875153e-01
1.115252540940692114e+02
1.132482696970852203e+02
1.205598354776386429e+02
-1.276156584315711058e+02
-9.311647162889268259e+01
-3.038195697024671631e+02
-2.337359973276130098e+00
-1.694247956565211766e+01
-3.130822734713330746e+01
2.883620274657031146e+01
1.507742280301252151e+02
