-2.187861123528682015e+02
-3.387308769675730218e+03
-7.400478698599216614e+02
1.083834291633087332e+03
-1.133521357492198604e+03
-9.128677152520473328e+02
1.550601818853034729e+03
1.696643899483138284e+03
9.873423805582207251e+02
-1.350974558489817582e+03
-1.422892360110869959e+03
7.478721876002642830e+02
8.219879268471186151e+02
1.277721569157095701e+03
-1.272188008227293722e+03
-9.690813767445243911e+02
-8.722077637388875928e+02
2.051934899652259901e+03
-1.472533140617426398e+03
3.006732570836301193e+02
-2.670340182038722787e+02
3.906539734484603059e+02
2.530008336966409388e+01
1.301564796761889284e+03
1.279417309201256103e+03
-3.515242929475392657e+02
-9.508064764645785090e+02
-5.758018059693935129e+02
1.210587740052774052e+03
6.393918525573317311e+02
1.187105729112406607e+02
5.499814367277266456e+02
8.339232622127497052e+01
-1.156752560144553854e+03
6.428083448953348125e+02
-9.727053205368910938e+01
4.908667530752642847e+02
4.619292495555492906e+02
-7.432723733655321894e+02
6.334496817972644749e+02
8.444003766712952483e+02
-1.200000083828829929e+03
1.750165124967383008e+02
7.553338385795259455e+02
-3.469726601970562569e+02
7.990037937866665061e+02
4.359294297515201038e+02
-7.388265316425195124e+02
5.594857780905744704e+01
2.073367190261523945e+02
-4.042863353526204406e+01
3.337673343692411549e+02
9.340169269781024468e+02
2.183513960642723646e+02
-8.107533216086818584e+01
4.899364978665614672e+02
-3.258852416515082382e+02
-2.623535730130301999e+02
-1.773971606630960025e+02
3.068023772663263458e+02
3.317609769413487584e+02
-5.937492539313792577e+02
5.978775302254359758e+02
-7.209612907431451276e+02
6.807170417266767970e+01
-1.232419218684043472e+02
7.124307003651825880e+02
1.334559237894110311e+02
5.230097648966897168e+02
-6.011800037420736089e+02
4.209909063236540128e+00
1.787909030911542914e+02
-1.156462043026044739e+02
1.591799633626224875e+02
2.052943084788497004e+02
7.417153859916746228e+01
-1.534403420886625042e+02
8.695654291751671394e+01
-2.271955483433806080e+02
-1.581121770527128945e+02
-8.048976864441816303e+01
-4.062236668580433161e+02
4.475131344577835648e+02
-2.764395668268576287e+02
4.746465575616992396e+02
2.423638519066834931e+02
-4.109121020467832608e+01
-2.219618706586389578e+02
-2.819041172810980243e+02
4.871068476661459385e+02
-1.210394782916249454e+02
-3.761833104949815265e+02
7.925473616237427166e+01
4.292074461240540373e+00
-3.569614382067234146e+02
-1.102811620928728642e+00
3.970443453290990732e+01
-1.432331375011123669e+02
4.145817547286066542e+02
1.070719763390238910e+02
-2.256223594757267392e+01
3.700352253875252018e+00
2.966893165702514352e+02
3.001792152767280868e+02
-8.119915087733608061e+01
-1.982752260164836287e+02
7.351079673419503990e+01
-2.786169671743763132e+01
-1.782184771492511857e+02
2.656748529614957306e+02
-3.068066549206575928e+02
-8.065071012160682073e+01
2.315889946637564663e+02
4.586913746481826593e+00
-3.593681221477481813e+02
2.732975718371278049e+02
-3.098376830164744433e+02
-2.243850113425035886e+01
6.861184376046563216e+01
-3.551061243841595161e+00
-8.952104973063156024e+01
2.440078880079151702e+01
-2.180013921355240143e+02
-1.807678365927022801e+00
2.490769869271261143e+02
1.971805299023288427e+01
9.929972616726080048e+01
9.167795750872893734e+01
1.979435722399257713e+02
-4.336133532691454207e+01
1.098019200602738863e+02
3.369902950792241541e+02
-7.383949802377455285e+01
3.488550550664070471e+01
1.280676950131134788e+02
-2.624311073158250096e+01
-1.624996445245031396e+02
-4.360322835275856335e+01
6.162251429926504187e+01
9.543960489734487851e+01
3.657885815884957026e+01
-5.359347595344683413e+00
1.871258905585833361e+02
-1.024401480759257765e+01
-1.151026995809616977e+02
2.126883019172150000e+02
-7.275755374639823003e+01
7.454880770358879261e+01
-2.897720946192418978e+02
-1.386382866794152449e+02
-1.065998681953271614e+02
-9.927735352658318391e+01
-1.175582740725041475e+02
-7.288151745827671846e+01
4.180609216687481933e+01
-4.610273070992851530e+01
-7.843403253950938847e+01
4.486544418862588657e+01
-1.585533794854941902e+02
-7.591767305875548288e+01
1.223759325938070353e+00
-8.870548566203005691e+01
-8.439017271330359904e+01
-2.425089698592643117e+00
8.453830428088896554e+01
1.480908375313854037e+02
-1.880653299905067044e+01
-4.148044409486060147e+01
7.643125580203361835e+01
-3.837510737334885391e+01
1.409858304127962754e+02
6.865118898476801235e+01
9.463187021914094998e+01
3.392901023377707759e+01
-1.572578673693946030e+02
6.705283379920983577e+01
-1.395222206075875988e+02
5.489586480764818077e+01
8.953029611000157217e+01
-1.323729173993796193e+00
4.094749349297640606e+01
8.185971594853935329e+00
-1.672305901815141738e+02
-3.752606125869667864e+01
1.827575902730309920e+01
2.435919467229970081e+01
-6.107680049459566618e+01
-2.824298076568829856e+02
-1.464436727031498009e+01
-2.873472239438720521e+01
5.027782540251194376e+01
-6.781066536091518060e+01
-6.760028971601629166e+01
-6.183011295176513755e+01
-3.743712804618230194e+01
-4.487543687026478523e+01
-1.003912460277060461e+02
1.464374885791861516e+02
1.033864565518097010e+02
-1.086427480365854308e+02
9.613734929678702201e+01
-2.035252333782960363e+02
1.758558958608244893e+02
-6.643275096225424647e+01
1.603199974625151185e+02
1.457312036970994313e+02
-1.452433828294291231e+02
-7.622246385639458444e-01
3.395156390811505531e+01
-1.629507355919955769e+00
1.927962255808749603e+02
9.769039753926621472e+01
-4.104962547331038536e+01
4.952117531403344231e+01
-9.755621540232866096e+01
-1.505143971782448853e+00
2.210194979013230565e+01
5.396478297783811229e+01
-7.688077634207101596e+01
-1.130699112388962480e+00
-2.064795283792659220e+01
-8.858475119094389072e+01
7.788242968484953010e+00
-5.406752460632259272e+01
-9.066955657802655821e+01
-5.697445070593682459e+01
-1.136833690255922562e+02
-3.142103079908228569e+00
2.605234953626747796e+01
-4.433032486807460515e+01
-8.579971870873602313e+01
-4.098040125816451962e+01
2.296830846262345460e+01
-1.081510058866745680e+02
1.990227325416194404e+01
-2.816317401732762704e+01
-8.137489335495196485e+01
-5.520290086524620676e+01
4.590086357804588602e+01
2.426089815542910699e+01
-1.237566762233398521e+02
2.770360630262398161e+01
2.174897941741840413e+01
-6.056975182828984394e+00
-2.545232646098053806e+02
4.325335941713881915e+00
-1.317202439557710250e+02
-1.923587838501239489e+01
-1.316137381648316023e+02
3.842759674381686352e+01
-2.153884665913214036e+01
-2.204953011488140646e+01
-4.760986779298729488e+01
-1.481280820944633945e+02
1.559659340135321486e+02
-7.013439657712062569e+01
-9.228340378675058275e+01
-1.381891004276537060e+01
2.231973059403583814e+00
8.332939754713838454e+01
-2.244481041355360063e+01
-3.727692448453046836e+01
5.372379709585452900e+01
-4.627997664012139722e+01
5.102499308912567955e+01
5.432453082427854696e+01
-2.118857426124430177e+01
-7.849247046062011179e+00
-8.839362775352124402e+01
-5.946186352031833877e+01
6.438390132808319954e+00
8.755525647814964429e+01
8.718754092780085330e+01
2.990475967200883645e+01
-7.579077166533797083e+01
3.316445296169500523e+01
-9.961161344387238614e+01
1.127280337075495709e+01
-5.681789891382378244e+01
2.114342437894713100e+01
-8.547299967298927470e+01
-3.835643435334990414e+01
1.686595903155919274e+01
-8.203088929860399503e+01
1.093397364571826245e+02
5.046397222596593934e+01
6.558071276249242487e+01
6.491743357013638160e+01
-1.059672733230605672e+02
4.070569108759507770e+01
6.003138644883383535e+01
-1.823397317382181626e+01
5.016493190339719632e+01
5.987755359954417855e+01
-1.006694384690949073e+00
-1.094408769742071463e+01
-4.017545220582059784e+01
-4.323250016139883201e+01
-8.904569039075556702e+01
-1.151529522552553999e+02
