-5.758999283482532519e+03
-1.628814913041811963e+02
-1.991295257156424441e+03
6.025202102129608193e+02
-2.274289950667340236e+03
-1.137719256095653691e+03
1.001047925039422353e+02
2.800019484628788632e+03
-1.523840094250235552e+03
-1.554488213103618818e+03
-1.600728892760771259e+03
-2.896879322035042605e+02
1.598203950363412787e+03
-1.996694497690124763e+03
1.402550321876887892e+03
-9.857980631789172321e+02
3.504396601721879847e+02
-2.793615679741572535e+02
-1.306004759551585039e+03
-5.789871360323367071e+02
-5.170105267469131149e+02
-4.175400555786739432e+01
-1.367964758536190857e+03
3.690030750303861282e+02
2.260958522694344879e+02
5.958860033231227362e+02
1.981435510240325470e+02
-3.939084006368192945e+02
-2.351787882143007948e+02
6.915753524122446834e+02
4.833192388240395303e+02
-2.354567267653971498e+02
-1.931464759867201622e+02
-3.716514181856551886e+02
-5.154080224001603483e+02
-4.540667644076240208e+02
7.711461982194605298e+02
-4.877095761059904930e+02
4.187990987667050717e+02
5.575528820712705738e+02
-1.133449895290693661e+02
-4.147343022701641502e+01
3.949120495191129976e+02
8.581259389715485852e+00
7.529407571930772747e+01
-4.242089699024134006e+02
-3.745132778068423818e+02
2.911791417619559184e+02
1.311671076063495889e+02
2.106345345333643237e+01
8.215557977912449132e+02
4.928409622874598881e+02
2.430271613649488245e+02
-1.529387550181232598e+02
-8.014884766663328719e+01
-2.373243165399144061e+02
1.108083341780359206e+03
-8.279529826272281525e+02
-5.870636835126204005e+02
-3.931644778704857686e+02
-9.406525040272613580e+01
2.458143844920164867e+01
-2.045873490591247332e+02
1.438077512725182316e+02
4.395493249091562120e+02
-7.156825703842666826e+02
-4.141364946519090608e+02
5.418972091581781569e+01
-2.728427536080827736e+02
4.153553499856240023e+02
-1.626655876609541167e+02
3.606131602257271425e+02
2.533919535455318908e+02
5.132374103592687931e+01
5.099887897569141160e+02
-6.747361545346641378e+02
1.287821213629681267e+02
-2.820115370589383588e+02
2.359871032474798653e+02
3.232760727012461643e+02
-4.503652663457366998e+02
-8.928655775136381578e+01
2.765120807391810764e+00
-7.806051222442847859e+01
-3.211821159237349548e+02
2.467890763351662997e+02
1.753320285389352406e+01
-1.587758009916385902e+02
3.181439543097704359e+02
-7.871673937793532616e+01
6.030511666266239246e+01
-3.981795337408096884e+02
-1.738019361577918858e+02
-1.726786288471662374e+02
-3.897046343573965288e+01
-3.003894479950479877e+02
-3.197775324422783569e+02
-5.410030295995675260e+02
3.381259226532051230e+02
-1.787133386338196885e+02
9.274509091032301455e+01
-1.127414336424362205e+02
-4.398960642625759192e+02
1.031261173956364985e+02
8.841438257123779465e+01
2.215472684994689416e+02
-8.675740700769905800e+01
2.010266372216319724e+02
-2.316161911166639129e+02
-1.095517169864038038e+02
1.681426073016281180e+02
1.888272007988414032e+02
4.363519660877039428e+02
-3.413858577201228854e+02
7.488731181401460901e+01
-1.632468474866041959e+02
9.072341513872189012e+01
5.639719117463926068e+01
1.222082943882525967e+02
-3.763180784915463732e+02
6.635259494038216133e+01
4.314574718559599376e+01
-1.870410618441233908e+02
-2.275955713136697511e+02
1.166615547931803718e+02
-4.608298455361949664e+01
1.785673002569637049e+02
-5.677334678813723201e+01
-3.033674804381707304e+02
-1.565393864536112574e+02
1.785900234496504027e+02
-2.589185578711423545e+02
-1.118595239726565609e+02
-9.838169260091494550e+01
-4.559622615958497249e+01
1.732879295182175383e+02
-6.745683046312157671e+01
-1.091398067921308410e+02
-6.593731511312127225e+01
-7.361643374703945142e+01
6.619025329159448745e+01
2.760665247725406246e+01
3.383046552003721530e+01
-2.191708137693183289e+00
-1.625827917812104886e+02
1.411568195280771363e+02
3.594048356717252091e+01
-1.114707292741364739e+02
-5.326690968716181196e+00
2.004324420796014863e+02
-2.190692023581005117e+02
6.674521284274067057e+01
-3.793066875227754764e+01
-9.216477299018616520e+01
1.680498717637690618e+02
1.013695448367489433e+02
-1.951517411564193694e+01
1.681889167967181606e+02
2.386708741559821192e+02
1.984180520266741610e+02
1.218474460401265702e+02
4.447831776272098381e+01
7.663247207384821991e+01
1.132758556864271782e+02
-2.217792639051672268e+02
1.926939975177758058e+01
2.079331483783178669e+01
-9.655222663978680231e+00
5.960583678192481472e+00
5.633700715133939951e+01
1.061691603696121788e+01
2.284538717492125102e+02
-7.498540749122408045e+01
5.822407970731826587e+00
-1.185853548194366454e+02
1.294777626677002047e+01
-2.727171331421236289e+01
-2.495317902981637133e+02
1.612657688431056613e+02
-3.602217280609479388e+01
3.316724137910176751e+01
-2.850675000130339498e+01
5.676826955276955466e+00
-4.893149175800601824e+01
-5.199629439512588647e+01
9.535467745291678909e+01
-1.022161297224991756e+02
8.954975473161296406e+01
-4.538498444993811276e+00
-1.451108877513386233e+02
-5.061529900794570835e+01
1.059918337623005469e+00
6.401506198393541069e+01
-9.681457947897656879e+01
8.570152971269010322e+01
-2.387491822406020248e+01
5.866124102510595151e+01
5.323823030177897664e+01
-7.574301520163868418e+01
2.039330624090015576e+01
2.745086246369023684e+02
1.175504365829172144e+02
2.292819419718564689e+01
1.537589710652956114e+02
-2.630143743203612416e+01
-1.304451670318713070e+02
-1.386841199976720773e+01
2.340037934096304895e+01
3.364849979215635045e+01
6.629883559107204860e+01
1.264628684284596858e+02
-2.628128674450266544e+01
-1.791633491087659280e+01
-3.526999989584431461e+01
-1.136765133883565113e+02
-1.249495093377452264e+02
9.415264303259759515e+01
-7.392230822766475029e+00
5.117144663587002640e+01
-5.192836301525115061e+01
4.329966494595355186e+01
1.112597321377031356e+01
-1.208974810596922289e+01
-6.874901240666409308e+01
-7.900925593356756593e+00
-1.349420943490619429e+01
7.570379401474795600e+00
-1.020277644833094577e+01
-1.125472634751967682e+01
1.098981659417156465e+01
9.659946159688848866e+01
2.878305671748286798e+01
1.571064346968672680e+02
4.717400952996721486e+01
2.257282199451766047e+01
8.697977586157147556e+00
8.371330623850928987e+01
-1.025829986480817269e+02
1.518549962373472226e+02
-4.660146817366705108e+01
-4.471158779729795185e+01
7.929510676590423657e+01
2.023455131239242633e+01
1.004939219511078647e+02
1.168908371454213722e+02
7.040930894224867131e+01
2.543245699650396929e+01
-4.033237338532333460e+00
6.813137185565996390e+01
-4.079914121679529160e+01
-1.011417116289952958e+02
-1.579669047109788060e+01
2.754927084919131985e+01
-1.123779475952960212e+02
-6.961189842302850650e+01
-1.552112180882608641e+02
2.573725662875493114e+01
-2.122819774862542275e+01
3.059997953364101519e+01
4.529402255321802073e+01
-1.163711361118224907e+01
-6.864882630781568018e+00
1.084263239908316745e+00
1.186611066804823089e+01
-6.082214846724204449e+01
-7.788484521958221940e+00
-6.111132144966855151e+01
-2.367981744491727980e+01
-6.395671975443051593e+01
-5.882480273434239848e+01
1.270400323929401765e+02
8.646960988673265547e+01
-1.536508303132727349e+00
-4.932679010001702835e+01
-7.997744911415729518e+01
3.112747326357984079e+01
-7.892010502599686106e+01
-7.247093690313815273e+01
3.870221595029725847e+01
-1.264060748603780127e+01
1.388106649936901817e+02
1.028606373333840480e+02
-6.374209373503908438e+01
-8.312286980805887993e+01
-7.125707985890494456e+01
5.953036406021648297e+00
-8.185812892652722894e+01
-1.282816768764475235e+01
2.815584388175544817e+01
7.119009704551409357e+01
5.020862833498464539e+01
-9.704289004287197429e+00
7.324298016386278221e+01
-4.241429973078524540e+01
-2.904115653131265162e+01
-8.357828591532148721e+01
4.723101001743628302e+01
-6.795454289533098802e+01
5.047082601478966524e+01
-9.033230370692308497e+01
