-3.021990912007393490e+03
1.541267951937831867e+03
-2.394587805568092790e+03
1.352205180010561890e+03
-1.014770797584503839e+03
8.858902874583836820e+02
6.414956690849538973e+03
-2.998954891898992173e+03
9.765636957124405626e+02
-1.195368663511623311e+02
4.152428560857943012e+02
2.499191038507275152e+03
-8.364631735029056472e+02
-7.348086085824976408e+02
-2.517938021917014169e+01
-9.132028558409781454e+02
4.801471261125601586e+02
-1.028019371649931827e+03
-4.952810438642680992e+02
-3.001950852788841075e+02
1.422775228245291373e+03
-1.180179422103777597e+03
1.668101636449557191e+03
-1.424597759384957271e+03
3.975546826919062937e+02
-1.050172729525135765e+03
2.918416624522191114e+02
-1.219766490224416486e+02
-2.958828236171464710e+02
-7.402408250661360398e+02
1.936304152443631494e+02
-1.422247898743916039e+03
-3.387287190402276451e+02
-4.318029317357184027e+02
-4.032604327629969134e+02
-1.457812053030514505e+02
3.786649520562502858e+02
-8.145985883350498398e+02
-1.140284876497657791e+02
-8.445269820919273798e+02
-7.149573746052592469e+02
2.334202252670442306e+02
2.136593121701374969e+02
-4.391912472623072290e+02
-1.495558971877768045e+03
-4.926883577848577147e+02
-1.220220509727753182e+02
1.388281594479302157e+03
5.443858349002476871e+02
-1.097550190405436297e+03
-6.044505715670804875e+02
1.043495175013955816e+02
1.869967599966209946e+02
-2.893073080030529241e+02
2.611217845298986973e+01
-1.664836262791843069e+01
5.205106889027817374e+01
6.336041588683458485e+02
1.013298995376823314e+03
-4.568171835113648740e+02
2.619067266600446260e+02
-3.794109242033740514e+01
7.851428587868791737e+02
-2.437874107757868103e+02
1.857099094505919084e+02
5.148765729788241288e+02
1.136885882664476867e+03
5.954055816254107469e+01
-1.838254612742723637e+01
4.352971428892458761e+01
1.011891107111912760e+02
3.338230078452244243e+02
5.392866832724696451e+02
1.015423015275958534e+02
-8.434921479789522891e+02
2.531375437555365409e+02
-9.961523483992882575e+02
4.439142353898739657e+02
8.039220530285615496e+02
-5.512511797756247915e+02
5.873660878082878156e+01
1.463450123589034035e+02
1.127264371866671553e+02
-6.362189362429811581e+02
-4.761776624999209275e+02
6.102286751575841208e+02
3.489338889223761697e+01
-7.383029682838366625e+02
-2.841289409543726947e+02
-1.126169468798852904e+02
4.539503117188652368e+02
3.134822544623714293e+02
3.228516472162770015e+02
-5.974004375295401132e+02
3.629888949775888705e+02
-4.097023634034765109e+02
-2.081667313389868070e+02
-3.983968380960291142e+02
-2.636747588746000588e+02
-2.056007901599645393e+01
3.950003162060258433e+02
-2.551948780820784179e+02
3.087894746698228801e+02
-3.068540668387716863e+01
9.855256215212565962e+01
-2.604085743950012102e+02
-1.779602920317247339e+01
-3.840809901115939624e+02
1.020599287224433311e+02
1.982844447995592816e+02
-6.957621325131813137e+02
-5.172194250925017514e+02
-8.336544867497233327e+02
-3.377483566956625509e+02
2.326315124838090753e+02
1.306725561955878447e+02
4.601436078580204025e+01
-1.792181042682291832e+02
-4.415260374664098890e+02
2.313466164091936719e+02
-2.931972286317198950e+02
3.282383826576156594e+02
2.555189018159071850e+02
2.404918730432795115e+01
1.019483419100930348e+02
1.483430269232396768e+02
-4.389162647108090027e+02
2.112832031831001416e+02
2.265097871075136595e+02
3.357756293918089909e+02
9.746804220652238371e+01
7.898707199353153783e+02
-4.008000651174567679e+02
-1.901542299956731767e+02
1.285288236634861505e+02
5.161882857812156544e+02
1.052973956148402266e+02
-4.940256775931130164e+02
4.173390982168302799e+02
4.141470825899791919e+01
-1.530618483134789756e+02
-3.611790942603921621e+02
4.907438709281835258e+02
-2.076368478841788772e+02
3.289169750569440254e+01
3.856066475711388364e+01
-5.220085272161111334e+02
1.115002937393541238e+01
3.537944841987411451e+02
2.753808587599319253e+02
2.320048362933505928e+02
1.969221513705505231e+02
4.246392206916164014e+02
2.047008104463366749e+02
-3.719121123197444945e+02
8.699775525924600572e+01
5.506787007052302130e+01
4.750748222620774754e+02
7.363197551820395859e+01
-4.700079721648491500e+02
2.702434631892926973e+02
1.166770182279842345e+02
4.621095683288351665e+02
-3.418867606910826566e+02
1.001766304746651404e+00
-2.686780301150335504e+02
-2.760522272527152268e+02
-4.846847096451585202e+01
-1.692409033045185041e+01
3.003022255887089500e+02
1.158544694420456977e+02
-3.002857882225190451e+02
-2.371523799041782468e+02
-2.186820771965799679e+02
-3.311436332569044225e+02
3.987254665812212693e+02
2.820557479741916609e+02
8.383193952150222117e+00
-2.273002751556914518e+02
-5.800239725377165811e+00
2.295918883288239556e+02
-2.630573379911556913e+02
5.208536091275300350e+02
2.777287018644968271e+02
2.358893393915874697e+02
-2.378717985432299145e+02
1.736507442670597641e+02
4.553902256267681281e+01
-1.998616933916624703e+02
-7.021931956479330950e+01
8.868359014062501444e+01
-3.118046278500835911e+02
-6.449407818563325634e+01
-3.104402290692974020e+02
-5.365916692858216663e+01
-2.042529933513250739e+02
-5.058611468453055977e+02
-1.006782040680154644e+01
1.060081236183220170e+02
1.961124796950755353e+02
-2.531707758311107170e+02
-2.338364488531567531e+02
4.696049298540284553e+02
1.112023211096021242e+02
1.313732021354337007e+02
8.411561667174666468e+01
-2.412261210831020151e+02
2.921320236281526377e+02
-6.962216733319147011e+01
2.383015396813107145e+02
-2.033682768748858791e+02
-4.322105245209868940e+01
-1.235780499388499720e+02
7.327714053059446542e+01
-2.628604806388037787e+02
6.449616044185320618e+01
-3.731044019189508276e+01
7.877022160897784886e+01
-3.843882816372440629e+02
3.126738373760202876e+02
-4.388328385510509406e+02
2.081786294590544060e+02
-4.001150641018330134e+02
-2.769693016615238434e+02
-4.259971982061934170e+01
-5.326493378043005578e+02
-4.452256869416349332e+02
-1.123718862310203406e+02
-8.556533513038516503e+01
-6.980885653474459218e+01
-1.686700495818446086e+02
1.717194666750649690e+00
-3.262783009066592967e+02
-6.136030231815367664e+00
1.353146487008262113e+02
-3.703477411554833765e+01
-1.532213332391188203e+02
7.857403654160339102e+01
-1.213795183075758928e+02
4.096607646344629217e+01
1.689487630093035762e+02
-2.537480359732597179e+01
-3.285731865027363483e+02
-4.164357146407480741e+02
-1.024218918567964351e+02
9.769101241766536248e+01
-1.059358710526117449e+02
-5.802995213992905121e+01
-2.990506177630265370e+02
6.538937790214872869e+00
3.592644967049832871e+02
4.211169991523505587e+02
5.347005756080833407e+02
-7.874618835897732261e+00
5.937933532347980048e+01
3.608313115536717675e+01
-7.668777081018772890e+01
6.600229408167683687e+01
-1.682621954676692440e+02
2.739450250266988860e+02
1.283983742911924253e+02
1.640325203772936788e+02
-3.745811717204092588e+02
2.367376827983808596e+02
6.294973538330678764e+01
1.282472395122727846e+02
5.445142723063958101e+02
3.054965696053593547e+02
5.910267794276938247e+01
-4.877409371660500170e+01
1.313737841813666023e+02
1.860993069934030757e+02
1.770338472436430095e+02
-2.343293798690894505e+02
-1.301755040333614888e+00
-3.514388072266066132e+01
1.093024003498376260e+02
2.456761616468912166e+02
-1.636592615081079316e+02
-1.245434438922435021e+02
-3.095086649603025535e+02
3.955732392085895981e+02
-4.273652659634240791e+00
1.405774974169908944e+02
-9.378168794841014844e+00
2.560554667079757252e+01
7.616609194162012386e+01
1.143865727104004577e+02
-2.390655995344328630e+02
8.414883488918950150e+01
-1.368576425532889687e+02
2.146814735637807416e+02
9.638582241905143633e+01
9.634868196421118469e+00
1.103862537855241612e+02
1.471097161657883134e+02
-1.806938838622131982e+02
7.137122172424959388e+01
-2.609076756618180752e+02
2.278839539624046608e+02
