3.620779799873580032e+03
-2.164653663657768902e+03
1.824970439600312133e+01
5.280605796233627416e+02
4.572071945362595784e+02
-1.454910592848195847e+03
7.393267111639380573e+02
1.403223966083389314e+03
-2.470103982425904178e+03
1.044324602109520129e+03
-2.799171459621527447e+03
-4.840264153449257947e+02
2.870701226422433137e+03
2.526050481333652726e+02
-1.770731181535859378e+02
-1.383112567223620999e+03
9.733128539818351328e+02
1.561758204386860371e+03
-1.041891070044864819e+03
9.587529564234448571e+02
-1.864247987183094892e+02
-1.335325648071701153e+03
1.588544466296897042e+02
-7.380303752045388137e+02
-1.099523854983917772e+02
1.585745717404505740e+03
2.144389617335565106e+02
1.750852206851433834e+02
1.168328248772783809e+03
-2.709130343146259179e+02
-1.724448948048769580e+03
8.832185299188756744e+02
1.597306726074997641e+03
-6.298845817198282475e+02
6.088378069280903446e+02
-8.518604220201671069e+02
2.891664430511347064e+02
6.290622507406312707e+02
-1.389471322378537479e+03
7.663505191903369678e+02
-9.029723181567545609e+00
-5.994952245729914466e+02
-5.568435604365390645e+02
-5.868643929227977196e+02
2.571866839256297794e+02
-1.160974306670668284e+03
4.713080677765343012e+02
1.505855011854837812e+03
6.301717816508656824e+02
5.173481911349026632e+02
-1.277376101915555410e+03
3.955487090327226269e+02
-4.197510468612393879e+02
7.056235254254924030e+02
-1.842489731142263963e+03
-8.661053875486222751e+02
-8.278400365482904135e+02
2.908043632183902218e+02
-3.821951961090142902e+01
-9.901561629360655843e+02
-1.305183628852135769e+02
5.190117199886423123e+02
4.930791089940032634e+02
1.384393300952593563e+03
-7.564863279813487225e+02
-3.464318318022544076e+02
4.228704430914692125e+02
9.508823612557363276e+02
-7.211968553344942165e+02
8.125864535795975598e+02
6.715956205696688812e+02
-2.331073488281431025e+02
-5.637857035973743223e+02
-3.254569965311713418e+02
1.434379459730202484e+02
-8.756748960273688454e+02
-1.451565198878732872e+03
5.912807642291553520e+02
-2.142188086200464113e+03
-7.238714277433473399e+02
-2.558556855872874678e+02
-3.442347218853514690e+00
6.563694669705397473e+02
1.076560448744204905e+03
-6.579787203483093663e+02
-1.615571054001444509e+03
1.906926487535334047e+02
5.376904584547356762e+02
-2.910569850046060765e+02
-1.677279253121760689e+02
4.445999250349130989e+02
-9.733432155796522238e+02
4.313047408999312324e+02
-2.445358025377552735e+02
-2.033215658372193957e+02
-8.443413829933898285e+01
-5.601999160167398486e+02
-3.998204386525359837e+02
-1.125003192287369757e+03
-1.140577158497407737e+02
-1.774981141252342240e+02
-2.619637531163679682e+02
2.976969229930047689e+01
1.062928173244761183e+02
9.424622291397023446e+02
8.361560822101380097e+01
-4.163398778517065466e+02
-1.328302275233074283e+02
-4.808996081874792026e+02
4.823595760425013168e+02
9.029199829260187471e+02
-1.523029854131228547e+02
8.786531249641591046e+01
1.558089702148929803e+02
3.888147063518121058e+02
-6.222481071746980064e+01
1.644889016039010983e+02
1.270500556871946856e+03
4.849390447783226676e+01
5.773592948568476935e+00
-3.526760238092461464e+02
2.478073362984295613e+02
-4.330039034544338392e+02
-1.591980450649095360e+02
-1.281911030362779513e+02
-7.893955069934729352e+01
1.734082266603100209e+02
2.602166538023400335e+02
5.046474781269731693e+02
1.249609541848572434e+02
-2.914107500911068271e+01
4.097334256376045687e+02
-2.980442507996887684e+02
2.921765330321847500e+02
-2.449861605035875414e+02
2.170406046916454272e+02
4.647604601256909262e+01
2.317424757460890419e+02
3.633842127894811824e+01
-8.023980979659709192e+02
8.101669054452982266e+01
-1.661008176594419865e+02
-2.805714426429434525e+02
2.660958749757966189e+02
1.421183307270852367e+02
-1.885741308297584169e+02
-2.615163680080741528e+02
-2.977012854895158966e+02
-2.062549163623755248e+02
-1.655840370975461440e+02
2.879887773217839140e+02
6.975915526212052953e+01
4.225884443109007549e+01
1.349144813984216000e+02
2.307419620376073865e+01
-1.910563082150203513e+02
4.732315496862052129e+01
2.664769180037072260e+02
9.761226261569382245e+01
3.791878953809489872e+01
-2.578355411030770483e+02
-5.599728245494058854e+01
-1.520576515147602725e+00
-1.141397937068348227e+02
9.309249524252945207e+01
-4.599193509539389879e+01
1.791561858837991963e+02
1.386090622692829015e+02
-3.430146223872419569e+02
2.383515374089670900e+02
4.465371314847558182e+01
-2.428960235338040832e+02
-2.638284695954693575e+02
-1.100369422344874124e+02
1.199838832213130075e+02
8.271008967667818013e+01
-3.495031412059079798e+02
1.645105030349705544e+02
-4.319395545944785653e+01
5.501773975853814136e+01
-2.907667937938453306e+01
-1.544710806195755879e+02
9.003330811029780989e+01
-8.756073809448717782e+01
-2.380639978057175483e+02
7.121626366249306272e+01
-6.211340298376773461e+01
9.557275606661455924e+01
-7.586276483893084333e+01
2.495387116581360942e+01
-5.248339600395240012e+01
1.421073118933205706e+02
-2.331654270795593504e+02
-1.177313062631843223e+02
-1.773008374595164582e+02
2.102270016590214539e+02
-4.284727398025111711e+01
-8.942050895463006910e+00
-1.883748688902824142e+02
-3.921515451223651638e+01
2.195380013254264497e+02
6.391354685017869031e+01
-8.887056103484555081e+01
-3.891392389477108082e+01
1.020969306764746563e+02
7.494755433913672960e+01
-7.878106370390068491e+01
3.505380368955952974e+01
-8.659853795332301729e+01
-2.598301080218874404e+02
6.149730801725580065e+00
1.222594323794635045e+02
7.589429586161975294e+01
-7.151788283477415575e+01
3.223329674469154327e+01
2.353799271414326313e+02
-7.091423590593124970e+01
5.384011017202276150e+00
-1.911421148567718609e+00
-6.566232378687844573e+01
1.196619000628871987e+02
-3.873650186954423447e+01
5.873024286114764791e+00
8.208857894683610823e+01
-1.827534661209927265e+02
-1.324671396593832355e+02
1.220944785070238368e+02
3.304247802520396249e+02
-8.730496582861998434e+01
-6.522471527817512538e+01
-5.319534431637969618e+01
3.961192801198601732e+00
-8.049230891653044750e+01
-8.736378955152284220e+01
-1.315018706430968507e+02
-5.115439502095053115e+01
8.142592009595221114e+00
2.435700238882063928e+01
1.241148969676142571e+02
4.396283922098030672e+01
-6.596682770394718887e+01
3.042721251758565870e+01
7.488687946668680695e+01
-1.041311497060282960e+02
1.006292022201480023e+02
-5.400575372667557872e+01
2.168353089750862921e+02
2.197049178774519618e+01
3.169006018782775058e+01
1.523330943784552005e+01
1.044764821764583189e+02
-5.091681509724342902e+01
-5.380341840783028573e+01
8.097141215709058315e+01
-5.451705318104387032e+01
9.822027426427548846e+01
-1.249669886221451094e+02
2.040546832156267598e+01
-8.178547742292723299e+00
2.070021027566261296e+01
-8.394346416338316885e+01
4.865604062818904652e+01
2.966577340383719630e+01
8.766628405118737533e+01
-1.912392817782130692e+02
-8.775008298599506418e+01
-7.336351223180062675e+01
-2.734285056070002540e+01
1.096787193704762871e+02
-5.634332690183918402e+01
-4.459183488134541307e+01
-8.296637618389193847e+01
-2.709335359925237441e+01
6.250481071908001951e+01
-3.217801924296619376e+01
-9.274827678913416307e+00
1.817216777190958794e+02
3.943120725584028463e+01
-3.271384977332968447e+01
4.822443534141973487e+01
5.839219136577044367e+01
1.046119778109866871e+02
-2.115023365786327503e+01
9.805285619393158925e+01
-1.442797144821055042e+02
-8.015754326394650775e+01
1.087747104250001513e+02
5.051747682352592506e+01
6.373604045393203421e+01
-5.267974237385501368e+01
-7.292998037350048435e+01
1.385236863761155135e+01
-4.454515084078136056e+01
2.014317703267039406e+01
8.229898725035209850e+01
5.749033053422755302e+01
-9.003441881441228034e+00
-2.991333164951997858e+01
-1.008082748793768673e+02
5.724314501714930969e+01
