3.683047081007471206e+03
-5.921716934448621032e+03
2.292002751266531959e+03
5.292247806416761478e+02
-1.063018592472600176e+03
-2.457288969495763922e+03
9.895840172232547047e+02
2.639549917964950509e+03
-3.545579274152488324e+03
2.333933575792115960e+02
-2.524167080875253646e+02
-8.449361074135256331e+02
1.259337124918041582e+03
9.943558737396188008e+02
1.045051600685024141e+03
-8.682581580271438497e+02
8.853703856075625254e+02
5.425846759362768807e+02
2.597596176866644782e+03
1.278038136515059762e+02
2.008697426653773618e+03
4.621248451841801170e+02
4.571383024201433187e+01
-1.577541354136380505e+03
2.136073820396692099e+03
2.116679242345222065e+03
-1.580411016247751604e+03
6.230144152547557042e+02
1.703016223464616985e+02
9.515378578793745419e+02
-1.897006185418239966e+03
1.555656698332825727e+03
-1.142740690610805586e+03
-9.906524226910499920e+02
-1.450674400595313045e+03
7.406051014746171290e+01
2.713337505101997976e+03
1.021096914106789427e+03
-2.059249445779298185e+03
-5.755274745520203084e+01
8.350988160095603519e+01
5.083616958274276953e+02
-1.293674792492291772e+03
1.180817223025844669e+03
-6.393464860337548998e+02
3.543614834612948925e+03
9.130753623259123515e+02
1.586254579171387832e+03
3.688323950013573835e+02
6.643668690152105683e+02
-1.491905390462172818e+02
3.975021708226695409e+02
1.908720795983996368e+02
8.007663219390344693e+02
1.206583958977137627e+03
7.635651128609098350e+02
6.753805549597425397e+02
1.234229642479331915e+03
-1.139828664954720352e+03
5.308290054054920120e+02
-8.001688083728813581e+02
-8.147008480467976597e+02
9.693701942786460677e+02
-6.130120032596305464e+02
2.185286076158199364e+01
6.453063087242201163e+02
9.482947455269265902e+02
1.074245017130217093e+03
-4.982952513960954661e+02
1.236772345064683350e+03
1.132232490229758696e+03
1.864282697120404919e+03
7.764657915224772751e+02
5.960939687288782807e+02
3.022623055401973602e+01
3.141573049322909128e+02
5.771171052740091909e+02
-6.263417118250638396e+02
8.146575383842692872e+02
-3.374272086650344136e+02
2.041014809403264607e+01
9.819027326696083264e+02
9.374324198396632255e+02
4.934948289633880449e+02
6.756918771541827482e+02
-3.093668041678142799e+02
-1.234118460690729307e+03
7.361175140827447194e+02
-6.369933577227752721e+02
-2.544442229390153187e+01
1.859120594917312417e+02
3.023251112947037882e+02
2.827441225880642719e+02
4.542426035568394838e+01
5.440115604637670685e+02
1.662450427199485148e+02
-4.241445669453314622e+02
1.637482189736557530e+03
1.541510450208263876e+02
4.519555215585177166e+02
-1.630391283136044223e+01
7.864135765555624857e+01
-7.153961780590342414e+02
-7.737334286593804791e+02
-6.632306842810760372e+02
-6.164498377508201656e+02
-4.800727974272559777e+02
-7.326048741852875992e+02
-5.127356385975689363e+02
5.458131310779638170e+02
-1.189220282042923373e+03
-3.456687253667964228e+02
-7.175278731905288510e+01
-3.247081327646122304e+02
4.039227306293053630e+02
-4.480266844910753434e+02
-4.432707382178392095e+02
-8.020208537126518422e+02
-3.121263962095397346e+02
3.456448946882298969e+02
1.278030710336813854e+03
-1.488370040114722181e+00
-1.172815260341055364e+03
1.781258987937219374e+01
5.824317978232612631e+02
2.299861334602788432e+01
4.276280765732087161e+02
-2.066593157909840670e+02
5.435475318041213910e+01
3.469874839502832629e+02
-3.349387911636954485e+00
-1.789397145106385096e+02
-6.565472417171936286e+02
3.273656875370789407e+02
1.453312724675897982e+02
-1.223318392366884240e+02
-2.416431620069317319e+02
-1.239663030300579294e+03
-4.729708989961733892e+02
-4.021496491399272486e+02
-3.826686134008817248e+02
1.529480388657576668e+02
9.321513701732728805e+02
-7.478050909747894082e+01
-1.905559822660960663e+02
-2.122254502859123093e+01
-2.815919956496800296e+02
-1.863369131990774363e+01
4.163306116347183092e+02
3.947222606444595385e+02
1.516320491947728897e+02
-3.775431137421607559e+02
-4.923824170181398472e+02
-1.838509986277196333e+02
-5.531938020994273302e+02
-7.230380452879809354e+02
6.452846557482039316e+02
6.335809755006509647e+01
5.816637040095391740e+02
-1.751825772680186901e+02
1.232121381816683794e+02
-3.551214319085315196e+02
-3.179701601840085914e+02
5.287097775302580516e+01
-5.608397965665413949e+02
7.899564480879293171e+01
-1.346456978667152384e+02
-3.489088628695594139e+02
-3.438932896727729940e+02
-3.553453591626745265e+02
-1.684719577701498849e+02
6.730567805067088329e+02
2.461148560775335454e+02
-2.056329202499904625e+02
-6.523491565201445797e-01
-2.113392973872341543e+02
-7.785179541752913224e+01
-4.263176893626476271e+01
-5.058305068851834108e+02
-2.929521056709812683e+02
6.353294034757801683e+02
-1.605652773480167355e+02
2.620076294227677067e+02
4.450152132796223725e+01
4.037559620758808023e+02
-5.364564469664748003e+01
1.239549023398950141e+02
1.964060778834474608e+00
5.468467799897575787e+01
-1.585499685618813999e+02
-2.191916495203719251e+02
-1.287871408223191736e+02
1.677692629191359686e+02
2.400578896155540676e+01
-8.525606602925446964e+01
-4.074922333086942672e+02
-2.135697413826576678e+02
-1.864873026645059610e+02
-2.032989405851348508e+01
-6.577856663876833920e+01
4.307333368767226744e+01
1.118602991762603267e+02
1.148710445445460209e+03
4.800343813735042886e+01
7.066891688947245598e+01
-2.274092867655723467e+02
-2.575331627629632862e+02
2.860496149589924357e+02
1.693653111676042329e+02
2.102850436485358046e+02
4.777872740537977592e+01
3.003520693738257918e+00
1.197208065612737187e+02
1.671263093584555861e+02
-1.937946166105619739e+02
-4.095534569887942098e+02
-2.786753793663819465e+02
3.791815138252894144e+02
-3.861196035069623917e+02
-3.294379401881511740e+02
-1.568537164409807474e+02
2.226919701599816221e+02
4.333337738015470819e+01
-2.994330400042200324e+01
-3.230292840429704171e+01
-5.879637199941679171e+01
-3.955391902586574133e+02
-8.134279179941962923e+01
1.119434261499884684e+02
-2.478565719372284661e+02
1.624448918136125997e+02
7.648625270981408164e+01
-4.547780919884677360e+02
1.625552395503012804e+02
1.638765856727853816e+02
-3.589947562176247970e+02
1.275824653104886437e+02
1.134271277232427906e+02
-2.468390629131831133e+02
-4.713789710016238814e+02
4.294586760846513585e+01
4.218922119539299160e+02
-1.263304188830027925e+02
5.099165568233181034e+01
-3.792055351714906237e+02
8.073805716739302341e+01
8.867735396880607368e+01
-3.644999624216584522e+01
8.045538459673647935e+01
-2.321330973621033991e+02
3.369984318511709489e+02
2.236705459811063292e+02
1.311114798875738643e+02
-2.867186505004686978e+02
-3.137991255791841638e+01
-1.206721108919262946e+02
-1.310503413861896433e+02
8.750204939401437798e+01
2.194504953248024748e+01
1.542827686959718960e+02
3.430080511598075077e+02
6.938648783972195133e+01
7.773586674298218213e+01
-4.425956955045882069e+02
5.482376973434747924e+02
2.860783024635160245e+02
3.077259797431656239e+02
-3.505304934808477242e+02
-7.847907776443541650e+01
-4.018450576210691452e+02
-2.008546536506744644e+02
1.409678651063259913e+01
8.780199712256036548e+01
7.671954620481771236e-01
3.617901784124166511e+02
3.861407851825266846e+01
2.487868521139521860e+01
-2.991619724735240311e+02
2.157449280398730878e+02
-2.258597051545962131e+02
-3.752972968777397114e+02
4.414110023420427638e+02
3.672702566317898487e+01
2.644941457951414350e+02
3.076710855012966022e+02
5.450954245045287649e+01
-1.791616076158869930e+02
7.844068498794510447e+01
6.076858652439815245e+01
1.957378255090393964e+02
3.470036190960844351e+02
-9.772879982570147206e+01
9.444273431043951916e+01
-1.058557692145943179e+02
-2.789563902785171763e+02
-3.601116676634527494e+02
9.452046617739945589e+01
-2.626526051353737898e+02
-2.436907021658678616e+02
5.111098996247197874e+02
