-3.326254410919108864e+02
-2.453811598162368682e+03
3.375571298533882327e+03
4.452002272054212995e+02
-4.460457541909142492e+03
1.889673276479915785e+03
2.428149350034316569e+02
1.648113000312224585e+03
-4.044628299591268842e+03
2.574914493165105114e+02
-4.872505880178926532e+02
5.092336673636989417e+02
-1.202457408384340852e+03
-2.095373107263130350e+03
7.122156747772105518e+02
-2.958852237556358489e+01
-1.606495091750639119e+02
1.025545435929246878e+03
7.258587910809627601e+02
-1.823027409294434847e+03
5.798005947459873965e+01
-1.976276163484501922e+03
-4.578080560643953731e+02
-2.849612436467233238e+03
6.002545503065296089e+02
1.701157808356195119e+03
5.595310466450270042e+02
-4.788805193071383997e+02
2.561593118631213315e+02
3.577373957346142674e+02
-8.844177505900343021e+02
-1.003410989541941603e+03
-5.198695408461608167e+02
4.643472795273983138e+02
-2.000875391330184584e+03
4.185674997199704421e+02
1.219999511557380856e+03
5.896467919946092024e+02
-1.213232668156479804e+03
-1.749633353449433343e+03
-4.456013722246443649e+02
1.277984109000611852e+03
-4.646415314305840525e+02
-1.044764002475769757e+03
3.988690976974550608e+02
1.032338235223633546e+03
5.057821291736499347e+02
1.474037522698775547e+03
7.348213984805591963e+02
1.190426821784109052e+03
2.417463750744136917e+02
4.612541138018685842e+02
3.301053106958782450e+02
1.583276181938635318e+03
2.372945430127702366e+03
6.845560450833731920e+02
-3.349328664753625873e+01
2.260023893143778935e+02
4.688548913012078145e+01
-7.384054463551422032e+01
-6.406944088351826849e+02
7.234061670417953565e+02
4.666208481520909572e+02
6.689335278353888725e+01
-7.128815453960891091e+01
-8.463457853958774422e+02
-1.508866804451401435e+02
2.317823528644305213e+02
-7.650733041612165835e+02
5.153036631404542049e+02
3.672483291285574296e+02
1.481030378641671177e+03
6.545910741531937447e+02
8.198810656474739744e+02
-6.855167199438913030e+02
5.894846884320551226e+02
-9.249726111281107421e+01
3.037522366107108951e+02
-3.903668651199683950e+02
-3.181831654348011966e+02
5.597784402830781119e+02
1.495977977936435082e+02
4.772406017452259448e+02
-9.952496617780167298e+02
-7.438778290024530406e+02
-3.447650113240673164e+01
-6.601620211887498044e+02
1.480944734615111145e+02
-8.509808765986082335e+02
4.324127850386720979e+02
-1.235610811369570001e+02
9.649638480108947078e+02
1.350535559110584813e+02
-2.385425502381684453e+02
1.745519387259162158e+02
-1.737717759988890691e+02
-6.184261151713519666e+02
3.174259378290638551e+02
-4.643985552701159918e+02
-2.805750300328218145e+02
4.040777490650443156e+02
-2.717859954144419703e+02
-3.287868768691751598e+02
-5.311948310879776045e+02
7.495380481937586881e-01
-2.953555462024400526e+02
1.795426991234569698e+02
-4.805279976865206208e+02
-4.437659335055088263e+02
5.752414960307445426e+02
-1.208771383199499724e+03
-6.453596257933148763e+02
-9.379843926339236759e+02
2.365215680189146781e+02
3.168106755642321559e+02
-3.410249805525503461e+02
4.422401425446053054e+02
-5.977857842914827415e+02
-3.399158190826527459e+01
1.533852269007097391e+02
5.606800260636224493e+02
2.664485944817116660e+02
-7.155110155924926403e+02
-2.237125834054567264e+01
-8.567202518921340015e+01
2.650418690399212664e+02
1.036565507058673887e+02
3.592678852860180427e+02
5.230399553238829640e+02
-1.922109271524924452e+02
9.159975265600155581e+01
8.048714999619738819e+02
-2.766911911829797646e+02
-6.448826884783004232e+01
-2.793974221056598708e+02
-1.058261879105081107e+02
-4.232019281370020281e+01
-7.505632441299512720e+02
-3.503316469435023350e+02
-8.592289044630006174e+02
-1.212759098972242668e+02
-2.715560596226272878e+02
2.797860683540607170e+02
1.820181091471735897e+02
-2.748372066970253513e+01
-1.369413684463224001e+01
-3.189433567995458816e+02
1.212910827920436390e+02
4.718672988981297749e+02
7.801512749258234862e+02
3.299005746281654865e+02
-2.185784072109935323e+02
-2.245546443273303083e+01
3.205070706303055772e+02
-1.774628633542433533e+02
-2.710146939815211908e+02
3.824300912204460587e+02
4.152574347477909811e+01
3.451800049834183710e+02
-4.262141100043187976e+02
2.832812188366530108e+02
-1.039461180910234930e+02
-1.566921200847089040e+02
-2.582330631103270093e+02
-3.764020897958690171e+02
1.782826317679157171e+02
-2.173657237052436813e+02
1.327948627973781583e+02
3.932295665974827870e+01
8.076515613958861195e+01
-3.843103238220459161e+02
-4.600163219324244324e+02
-2.150051293306152616e+02
5.627187337367730890e+01
1.965911821570163198e+01
-2.469081164026860051e+02
-6.225110796668746005e+00
-3.218644811925762639e+01
-7.009123704894298612e+01
-1.123091577274771282e+02
6.139643625238656455e+01
-4.402593299433754623e+02
3.908879377192629931e+02
1.822405256877894431e+02
1.521665809851707252e+02
-3.057517897716775224e+02
3.258470802975318747e+02
-1.610292531118329009e+02
-3.968415249610367823e+02
-1.092645361623319786e+02
3.416824931215489158e+01
6.680737419556511725e+01
2.563339058997679487e+01
-4.081121640619256254e+02
2.651575844816465377e+01
-4.189545692329227222e+02
-3.828429754857455691e+02
-1.965986353479627624e+01
7.104190485007981692e+01
-8.961988550177953528e+01
1.578809687017733268e+02
1.141927574248323083e+02
5.729969308431951731e+02
-2.087802236817069854e+02
-1.764279502601698653e+02
-4.621363552356776694e+01
-1.526697615135097124e+02
4.239084598495842897e+02
6.194516195093402899e+01
7.941667148359967143e+01
-1.505845929976331945e+02
-6.324483516565666008e+01
1.219050925254069426e+02
2.177479464819130044e+02
-5.123991999615665804e+01
-1.319792648592041928e+02
-1.217320891794173434e+02
-2.758061359858001538e+02
-3.430676315637221023e+02
1.991622313026709890e+02
-4.009692652244970077e+02
2.049284824078510212e+02
-1.971396873692340534e+02
-1.884545102009901285e+01
1.669392161978492481e+02
-4.093050221074313413e+02
-4.733350206004681127e+02
-2.274946116374597125e+02
-5.019622033530084337e+01
-1.319962561207902070e+02
9.767734094549298618e+01
-2.901519520846625824e+02
-4.002013888177162357e+02
-1.060667110572867244e+02
1.117690184267924849e+02
9.907931042276500477e+01
2.904365843435696348e+01
2.595433640646925966e+01
9.213382884328491684e+01
-5.350974090468994859e+01
6.817639067052300561e+01
-1.419544078815359001e+02
-5.038828861979240514e+02
-3.329598065555724702e+02
-1.123747495460462602e+02
2.776795005907558220e+02
3.543789106515573195e+01
-1.863731487884982982e+02
-1.664133425903687282e+02
-2.290358480420788112e+02
5.649037782264448424e+02
2.192885752255520799e+02
5.879917673101255104e+02
1.539613988889072687e+02
-6.848667145005202883e+01
-2.707336284178039705e+02
3.100638119953270575e+02
8.588855716050817080e+01
-3.159391261179997628e+02
9.175712831856525042e+01
7.586283934163688514e+01
3.675096789306429059e+02
-3.313906631518821087e+02
-4.330370204371853760e+01
2.638577175629749405e+01
2.266408578204886624e+02
1.249074718629567400e+02
2.545542167352386116e+02
1.284806389165027554e+02
-2.485308231026411363e+02
-1.882073845319889926e+01
2.172287742340731995e+02
8.900071191630257772e+01
-3.962117546554481464e+02
1.348740839619761971e+02
7.725385550854744565e+01
-2.011108927720864017e+02
1.299140992996289015e+02
-1.434849694177167976e+02
-2.158679441795071057e+02
-5.208130012665583308e+02
5.460860774344091624e+02
9.644914432522124770e+00
2.314048141890266379e+02
5.629385548256207983e+01
4.086180769103342669e+01
1.303525472482884027e+02
-2.313246522448934286e+02
-2.068257061771376186e+02
1.281948510051519179e+02
6.071320131527691188e+01
-1.022856070698823174e+02
1.585180613837730164e+02
-1.593510747241815650e+01
1.023531583032159986e+01
-1.510239092882903549e+02
-1.515960552451769843e+02
6.619438846232036378e-01
-9.188015378684153234e+01
2.031522108567878036e+02
