-1.036185352539191172e+03
-3.084849638959956337e+03
1.422606067787811845e+01
1.056450463160986601e+03
-1.648423983841690415e+03
2.009031386188167971e+02
7.851391042022271449e+02
4.338622106127493680e+03
-2.044862130120054360e+02
2.102361190552000153e+03
-3.614730516481192808e+02
-8.959486681625750748e+01
2.376637394426321407e+03
2.018995607498608535e+02
1.004216209001184410e+02
-1.643369117538794171e+03
-8.117665024267946450e+00
1.118701746109252099e+03
-6.767484719911492164e+01
1.770508953182565293e+01
1.462839779966584501e+03
1.641603865570547214e+03
-1.766751637710735622e+03
1.673513087505487192e+03
-1.744654578194109263e+03
3.192675316077217076e+02
5.603846806513449792e+02
2.021359303416213322e+02
3.148613502597926868e+02
-8.391437097978874817e+02
3.819357866572883040e+02
1.611428203100314931e+03
-4.692817832153536273e+01
-1.893753172001170526e+02
-8.280925068871829353e+02
-1.516542607588392002e+03
-6.960549041863430375e+01
-3.609005264363084962e+02
1.036008216646684446e+02
9.632798597028620406e+02
4.137819342537074618e+01
-8.745447720721226688e+02
2.132660084234387909e+02
2.286915112882107678e+03
7.092623556003821932e+02
2.908446923110701618e+02
-1.281754474558860011e+03
5.172802136199157985e+01
-1.624014794584103072e+02
-4.332191988968064607e+02
-1.098690873478019903e+01
4.609989755853464430e+02
-1.765352451467736898e+02
9.611499335526318077e+01
-7.260267577190045358e+02
7.487782967983915796e+02
1.225023063956462238e+03
8.871269715020957847e+02
-6.048513481948092476e+02
5.832590369329180930e+02
2.695402481392233653e+02
-1.287700025004448207e+03
-4.068411802643606165e+02
-5.009412340234429735e+02
-1.497577481558322177e+02
3.118693715940259494e+02
6.504973151595467016e+02
2.413942403919684239e+02
-2.147872285033555215e+02
-4.230027896021891820e+02
-1.078714463178737617e+02
5.670702966491136294e+02
3.737117353587900084e+02
6.459101801052211158e+02
2.971878362541044893e+01
-8.844698464270903742e+02
1.092442187101136000e+02
-7.886031039223947801e+02
-1.985780233177810885e+02
-2.417284149351829114e+02
7.329771784881952499e+02
-6.627584453579048613e+02
2.404994542833957496e+02
1.626113477115976877e+02
9.549078553540065286e+02
-2.869103937566427476e+02
-7.265762776450440015e+02
-2.206223490804039784e+02
2.523200829202685611e+02
9.664281274337034233e+01
2.424006948606199785e+02
-4.403465613262831653e+02
3.647495410731603442e+02
-7.444184675690074755e+02
9.659615611558117507e+02
-1.071561440410622765e+02
-4.439467958180105711e+02
-2.166293722507010244e+01
2.226167403805053482e+02
2.839822398126376015e+02
1.995348728909158069e+02
6.964671222606365575e+01
7.504832216016666280e+01
-7.849310939983007529e+01
-2.244347715773995162e+02
-1.460205186516058795e+01
-2.206336528231750833e+02
2.395221823393663030e+01
-1.800681210466337916e+02
5.327752420721570843e+02
-2.953672690686761371e+02
-2.690023977727963711e+02
2.199196937148700215e+02
7.248678920247830604e+01
-8.464023184750203654e+01
2.146842453990651620e+02
-8.633233155156704015e+02
-9.496346980513123981e+02
-3.210127648997347478e+02
6.574146087738937183e+01
3.703126776720313842e+02
1.024638212576999337e+02
1.547539279010894404e+02
-1.111087921659785707e+02
7.381353436895064988e+02
2.110884607700176332e+02
-8.402768180184897062e+01
-1.735554115007414850e+02
5.080201486046969990e+02
5.173396129653070830e+02
2.125521349064847811e+02
-5.870185831430310373e+02
-7.016995852196023407e+02
2.757540848165809848e+02
3.143785626556881994e+02
1.784328182479975169e+02
1.883497448771690870e+02
2.368899521592322515e+02
6.309175131860246921e+01
3.629206920162584424e+02
-9.609393105822324799e+01
4.704436011214755808e+01
-1.270007668487194330e+01
4.710453656012561510e+02
-5.000314803187138182e+02
4.443635327210936907e+02
1.630426277256030119e+02
-1.196110692079998898e+02
3.981878799393142287e+01
-5.925546461653976138e+01
-1.857856893383717534e+01
-1.153980064800755656e+02
1.434884241363628199e+01
-1.122576072398001088e+02
-2.552832331134769959e+02
1.001341163882807450e+02
8.660213527811094991e+01
2.517697551486870111e+02
-2.541874951636765729e+02
-6.896107668758772036e+01
-3.877462622045098328e+02
-2.039871460043110858e+02
-3.375136072347320919e+02
5.012878488433374713e+01
-3.153429168381641716e+02
4.287939053711684778e+01
-3.817498142221078297e+02
-1.094204880742135089e+02
1.513307198647201517e+02
-3.102890169779607277e+02
1.072290702974774774e+02
2.534524779214107753e+02
2.397100581584587360e+02
-1.691377663181820878e+02
-1.338860166642965908e+02
3.757889764437010740e+02
-1.080958665913038175e+02
-1.743458402090210768e+02
-1.311084690686218153e+02
-5.907997099691114329e+01
2.404435693325789032e+02
1.177454435341526846e+02
5.042935105250722927e+02
1.357623349973278870e+01
2.357242332000847682e+02
3.377161499944815546e+02
-5.809158704480581292e+01
-1.581540412978386883e+02
-1.883398560908156014e+02
-2.647559521201467305e+02
-1.599161982727770521e+02
-7.284930068443379696e+02
1.167520268998088397e+02
-2.436536217953328389e+02
-3.338706995730336757e+01
-1.994515457939440068e+02
7.170454733783290635e+01
-3.903198060753002210e+02
1.079498857109766448e+02
1.962951760199908620e+02
-4.216641364782695689e+01
-7.380153718880389135e+01
3.626104482161010196e+02
-2.910768159226245189e+02
2.010025842185165459e+02
-4.570816471754891097e+01
-9.737979839640931345e+01
2.794926226806708769e+02
-2.804816384702114007e+01
1.026075142462241416e+02
2.070774473913353120e+02
-1.595062634975255094e+02
3.680391593740517209e+01
1.883537213364510876e+01
-2.417073123327450048e+02
-2.962544455568379362e+02
1.173309796807721455e+02
1.938493424805983878e+01
-3.146891008557441296e+02
-3.257959610949170042e+02
-2.512801784723412535e+00
1.751916308517236871e+02
-3.251578669661764138e+02
-1.356704789781489353e+02
-2.659872432296991747e+02
-1.160780913550561166e+02
-2.555383963577668283e+02
7.253102193786897089e+01
-1.079359309055303662e+01
8.145109741456421659e+01
-1.104564677120082195e+02
-1.204665431192509288e+02
-5.258804041417046164e+02
1.836351107027099943e+02
-3.134689469518302474e+01
-1.957549025268087348e+02
-3.187292314290069726e+02
4.378235110158392445e+02
-7.114024621245972924e+01
-4.198620583733885496e+02
2.862597989938375918e+02
3.775086186706836315e+02
-1.027023339044753243e+02
1.746632116327262736e+02
-4.118696739593662528e+02
-3.378261716270805550e+02
2.128217142395744332e+01
-7.694848455233716322e+01
-3.611172443917730135e+01
-1.982008076557256686e+02
-1.684580881271745341e+02
8.220255627501245499e+01
-3.886491317803471901e+01
-2.010246673734484375e+02
4.250620214923604578e+01
-1.132910896915640393e+02
-3.532132614178004815e+02
-1.671802029405608323e+02
8.478992980713614713e+01
-1.193425090116537213e+01
1.914607054284162757e+02
1.449561928884668873e+02
-1.090126306958548668e+02
-1.234170856182733189e+02
3.902432265483431024e+02
5.143193328558759703e+01
3.978928150067071101e+02
-1.267458986548969051e+02
-2.722792050420497958e+02
-2.412562136339117558e+02
2.979030873652253320e+01
-1.356070471819568866e+02
2.856717914538629088e+02
2.851281552903926695e+02
-3.315597654087802084e+02
-9.441298629906877693e+01
3.789065181100448143e+01
1.655052408598538705e+02
1.282759970012741348e+02
2.645214703893640262e+01
-1.192045977782665602e+02
2.126645108196530316e+02
1.948081488224794100e+02
1.205389160203906727e+02
4.625707672510894497e+01
2.215775369666127119e+02
-1.686838022670917780e+02
3.898080961030617004e+02
2.164777917830905452e+01
1.867337258190352429e+02
1.693607687608059962e+02
1.573099786476633994e+02
-1.039767696090823819e+02
-2.120154535840015342e+02
-4.391707610319850232e+02
2.237355516350378437e+01
-1.532272844017599880e+02
-8.149753368747597904e+01
-1.385852630026989516e+02
2.460243731195066630e+02
