-8.396701282174642245e+01
-2.506057323366107539e+03
2.938079235065839384e+03
3.972506078515614831e+02
-3.814964202906804985e+03
1.326262458865782946e+03
2.592590015409260218e+02
1.383054104206520833e+03
-3.799590392041532141e+03
-1.665021765179377269e+02
-5.176271350122838157e+02
3.677446237754919025e+02
-8.924361078918378780e+02
-2.172118022096389723e+03
2.518218677644011620e+02
5.037690530044468460e+02
4.969996039896761175e+01
8.832658406950747576e+02
1.453879962684393945e+02
-1.839037800532667916e+03
-1.512882930906037927e+03
-1.270782285236332882e+03
-8.574509321831944586e-01
-1.624576622966664900e+03
-4.966388062068700151e+02
8.191067672015296921e+02
8.412970400277274621e+02
-8.547547143630220035e+02
7.604203106169389912e+02
-7.962445817429243107e+02
-4.442135858080675916e+02
-2.454178064752821342e+02
3.943077806199929682e+02
-1.706806688814778283e+02
-1.840082151763125694e+03
-1.833664291008816463e+02
1.928559764426243817e+01
8.385290931348134791e+02
-1.645415916587048514e+03
-5.943545611752768991e+02
-2.999558018174840868e+02
1.463526853460596612e+03
-7.392690704222904969e+02
1.747082651822436219e+02
3.418182480935012677e+02
3.080840489233502808e+02
2.785599288077487472e+02
1.655251815419380591e+03
6.754191149537344927e+02
-8.179809870576974618e+02
1.280888647737845361e+02
4.694846272857084273e+02
2.146522724971126081e+03
2.126524925293885531e+02
1.434408516761365718e+03
3.637087555297785002e+01
4.964957095466001533e+02
-1.223557362269215673e+03
-1.172434567401016920e+02
5.687661279221079269e+01
-5.026771138607065268e+02
5.841562132883155982e+02
4.334407949106513911e+02
-8.172927584844933335e+02
2.403742599968344109e+02
6.486937354183650086e+02
-5.492336960405738182e+02
1.116564879189838280e+02
-1.750533016959477663e+03
1.100867781370285002e+03
2.013518830681199915e+03
-4.437937201042637980e+02
-2.948428567256846691e+02
8.324354078972260140e+02
-1.362562557463409348e+03
4.721783391554303080e+02
5.482094047890918773e+02
-1.465136474742965902e+02
4.570185660527859568e+02
1.286595943780057461e+01
5.907978553696646031e+02
4.147782553516134953e+02
-6.030489030651793882e+02
-7.023016323821238984e+02
2.394311206533012637e+02
-1.025450539364847600e+03
9.383423436493504823e+02
-1.833603816788539405e+02
-5.400634789810620759e+02
2.362189644432315561e+02
2.549255465120876352e+02
1.158051526431432649e+03
3.910723458748184385e+02
1.291996191243477142e+03
-3.294192605667498128e+02
1.816599977266062922e+02
-1.537953704040869809e+02
-1.088298290214855115e+03
-5.136129056947565914e+02
4.330361842500179392e+01
-6.491092602091697472e+02
-7.087244559239322825e+02
-2.571692155443659544e+02
6.958263314690799461e+02
3.586793370641519800e+02
-5.995386921246749807e+02
2.992853103145112641e+02
-6.219419151180611749e+01
-4.063167236040279562e+01
9.918038063309734298e+02
-3.079908475150618301e+02
-1.251900608309410472e+03
-7.843832942471896104e+02
-7.108952580896468021e+01
-7.213635336314670212e+02
-4.173394641797379450e+02
6.205057744093090832e+02
-4.771076827223097325e+02
-7.076900449429612081e+02
-5.375244915589041028e+01
-2.272192121769820403e+02
3.440468850602714497e+02
2.930231161268067126e+02
1.506336991991032619e+02
3.533564789164974513e+02
-1.696219473775035738e+02
-3.454290659610369971e+02
-4.085958687193672745e+02
2.656716042634832888e+02
-5.873496065789647673e+02
1.812360375883645247e+02
3.779828649895916897e+02
-3.150478181699491529e+02
2.071140923695302263e+02
3.907614735272571238e+02
5.709421084440799632e+02
-5.279419338153340959e+02
-4.865851067788640307e+02
-2.477362267292508875e+02
-2.974170042348019365e+02
5.214883985729876485e+02
6.436925399846917344e+02
2.983680961953222095e+02
-1.599966492401039773e+02
5.486265631201974458e+01
-1.255316517764228337e+02
-9.938137905912384440e+01
-2.653534921115476095e+02
3.138939657110433359e+02
3.658219893318609479e+02
4.292904344389723406e+02
3.698194568503759569e+02
-2.919850290020809211e+02
-2.554167498987738725e+02
-1.438829047715297271e+01
4.113733771043309275e+02
5.511919751422592526e+02
-1.063011233550624155e+02
-1.921024060729250493e+02
-4.209808109247164225e+02
2.870840752692707838e+02
-1.281560332073395330e+02
2.296269381801343172e+02
-5.647398146336468017e+02
-1.975094307523627606e+02
-3.219279358110753151e+02
-1.997525172329446832e+02
-5.865502995651198859e+01
9.011501120540692966e+01
2.896038211702843910e+02
2.010226497074558552e+02
3.587257938092952827e+02
1.607554002758658669e+02
3.831691097061500955e+02
-6.885353196600954107e+01
1.216769981723144554e+02
-3.092604780263428097e+02
-2.441994024535537733e+02
-9.060863580004051698e+01
2.522831262223504893e+02
-1.936755350963333342e+02
-2.347287177574854127e+02
1.818825182433394332e+02
1.775868246619037620e+02
4.587138417486951880e+01
-3.068760176865361586e+02
1.954228947580470788e+02
-3.002910897784836308e+01
7.872753499342496752e+01
5.169963238750781187e+01
-4.353692349718637189e+01
1.568832202526425874e+02
-1.843705675248768330e+02
-2.211535337733589017e+02
-3.520172461351784818e+02
-3.497940921235450560e+02
-1.207454815455172650e+02
1.211148563998600736e+02
-1.340757920430018260e+02
4.284783927720545194e+02
-2.113245111005971211e+01
-1.702905112843875770e+02
1.514700633102100937e+02
-5.746532946650116855e+02
-2.065464826950556017e+02
1.706581953908272737e+02
1.010591367928341100e+01
-8.267329400460896238e+01
-3.354921538266833636e+02
5.765528729616905679e+01
-3.588376094458518537e+02
-2.109665964543594328e+02
-2.156160880448104820e+02
-4.493489608307205572e+02
1.013361902335167173e+02
2.214838859365321184e+02
-6.533236525378362103e+01
2.883461470150614758e+01
1.851683203508287363e+02
1.521347382493833322e+02
-3.484445323090946545e+02
-6.652474778599589911e+01
-6.477054946030352767e+02
-3.253884749629744420e+02
-5.166507705763439162e+01
-6.550926661712848897e+01
1.521710186448852085e+02
1.070501787071243314e+02
-3.310829368034865183e+02
3.565043466116996456e+02
-1.019816885949812217e+02
5.499188521687413100e+01
-7.662998229575002540e+01
6.463547405150157488e+01
-8.358199138985330023e+01
5.626116175394195551e+01
-2.532828803233755650e+02
2.106465448909654583e+02
-1.005565993634476740e+00
1.516927862708619443e+02
-2.000009155389397506e+02
-1.656603595801905442e+02
-3.039898660887914161e+02
-5.080956662754254438e+01
4.872602070122417217e+02
7.458404135563398540e+01
-3.626697840095831680e+02
4.373305657351648534e+01
7.382058261041044034e+01
2.948842656456409372e+02
1.099966346350278599e+02
-5.649779605995353116e+00
3.168198862555080382e+02
1.304936735240743246e+02
3.622490952007390206e+02
-1.048075977949878563e+02
-1.398948794179141828e+02
-3.036019540327495747e+02
4.496932177049249901e+01
1.446049452412902951e+02
-1.579894956351637063e+02
1.168394595154332336e+02
-7.036886703558820955e+01
-4.570456857413282847e+01
2.598468347311736792e+01
-8.378092508929751148e+01
2.470350758753975917e+00
2.287613762370740176e+02
-1.706024154810944538e+02
7.012262844789965754e+01
-2.329315489930961292e+02
7.647508209400747603e+01
4.625122895133829815e+01
5.274095125458918432e+01
3.679280951211052297e+01
3.252374258192404710e+01
6.115405640881354543e+01
4.440175729979434891e+02
2.483275791541872835e+01
-2.579918641078493238e+02
3.833144931855792237e+01
-6.676759087633415390e+01
3.654384156768747172e+00
1.466102793494318064e+02
-1.928016654225024809e+02
1.357956495838343187e+02
-1.473778557981980555e+02
1.417545321376390746e+02
-1.254641083174081047e+02
1.144857500751056847e+02
-6.419233196237821915e+01
-3.644202466612418334e+01
8.405098924400051885e+01
2.088759922515312439e+02
3.677890417241391674e+01
1.811844816004109191e+02
-1.016377120126262241e+02
1.235329433683207014e+02
1.057513320735884292e+02
1.487607624190145827e+02
