-6.463249655513472135e+03
-1.342709982542342232e+03
-1.263455186750968778e+03
7.568288977445989758e+02
-2.185514059603191981e+03
-9.105187768408899274e+02
-3.382249035245560265e+01
3.265325250739638250e+03
-5.881420577411262229e+02
-1.120451351096256303e+03
-2.893008184843574327e+03
1.723245447680666018e+02
9.382681243200158860e+02
-1.410214281812438003e+03
1.461049446197400130e+03
-7.256085118985862437e+02
7.382691868737131244e+02
-1.287217306782320136e+01
-3.594161423845978902e+02
-3.594921680735154155e+02
-3.357532904271304233e+02
-2.601118992080297403e+02
-1.515473074713284859e+03
5.544717508586496706e+02
-5.502337145603863746e+02
3.070631226447380300e+02
8.870743600083325475e+01
-1.423771144339464279e+01
-2.655276274513722115e+02
5.243834618677427670e+02
5.355817324734639442e+02
-8.019955085175173508e+02
-7.576417398090758297e+02
-6.721904068614067000e+02
-1.603166369777894715e+03
-1.339255797225862807e+03
9.580050935899013211e+02
-1.315020339491271670e+02
2.458254553450185824e+02
9.127467867897576070e+02
4.044328927281424058e+01
3.810671032908540496e+02
3.794952593984760369e+02
2.250435169927544905e+02
2.760853541728511118e+01
-4.315134070601245071e+02
-1.195605236918183664e+03
-5.515653972197407384e+00
3.646045522121039539e+02
-6.729305829107461250e+02
2.405400238806473965e+02
5.780545970298081784e+02
-8.276424192234646853e+02
-3.517096130661374218e+02
-2.226032153670458911e+02
-4.280714586859023711e+02
5.687211876533787063e+02
-3.128245627733418814e+02
-2.849038968042686406e+02
1.805481434164331915e+02
-4.058596915533079255e+02
-6.793967163218680980e+02
-4.192979079512271028e+02
-2.561059201648989188e+02
-2.353263072644875820e+02
-1.629231942540070008e+02
5.446737875340939894e+01
-3.245465767923547560e+02
-4.019596706235382726e+02
4.321294058729649237e+02
4.610418804050778085e+00
4.330359853500497707e+02
-3.061917900222472326e+02
1.195301096970408139e+02
5.028813817481105275e+02
-4.858822340821924399e+02
2.288796831156153999e+01
-3.271577188880236804e+02
1.229166245767741401e+02
2.088935828185438197e+02
-4.209087111678202859e+02
1.778778553442981192e+01
3.296233009021603380e+02
-1.194931556544197804e+02
-2.331213384076958164e+02
2.099952294595421733e+02
2.379180156855086921e+02
4.694006204502324522e+02
8.972266953413932242e+02
3.342303652229707609e+02
-2.557817359178125685e+02
2.597739566474587747e+01
-1.632397676206458925e+02
-6.602263819722187463e+02
-7.836982827962246745e+01
-2.995805927130084001e+02
-2.491494632685909210e+02
-1.962949223797149045e+02
1.313496198564535860e+02
-8.701235682189498277e+01
1.488875138036819123e+02
7.470917316126525520e+01
4.494086964069292378e+01
1.785197526047954000e+02
1.092550382223424208e+02
4.281725381504463712e+02
5.081079294848349193e+00
2.268778386775865101e+02
-4.662295872633499130e+02
-4.110716386082083318e+01
-1.867584000192042026e+01
1.008516979461697929e+02
1.517586701102092945e+02
-1.020377645901288730e+02
5.287529687455797500e+01
7.330276723000320738e-01
3.037537309047312419e+02
1.100668234573837765e+02
-1.291008692212139977e+02
-4.198507570861988825e+02
1.433232620119746628e+02
-7.722184395176068961e+01
-1.176896454558679039e+02
-1.815267865460497774e+02
-2.845729461578068609e+01
-1.591620137366337246e+02
2.362564026436732831e+02
1.406634342212173863e+02
-2.210430823116412853e+02
2.044780648728425945e+02
4.591696165660279121e+02
-3.920859433717109823e+02
-4.112247387657938589e+02
1.001893240841514654e+02
-2.575842246471208341e+01
9.164529444933008051e+01
-2.383390234587334078e+02
3.134201167317798991e+02
-1.442509697812898253e+02
5.223391918170993620e+01
2.282414803386738242e+02
1.432430587896076588e+02
1.446221357271787511e+01
1.483842470922574819e+02
-5.112830894465638494e+02
1.721116516347505581e+02
8.609708384084326838e+01
-4.348141844913121190e+02
2.880956729121304249e+01
9.714497234067378884e+01
-5.160009747881861131e+02
-1.257128391904566911e+02
6.619250017497526528e+01
-7.899182582738679059e+01
9.195753374355727772e+01
2.975498771025220321e+02
-8.065035123766298852e+01
2.721637850124139391e+02
1.611454309393697883e+02
3.291355554380646140e+02
1.327632702795321791e+02
-1.032491051458507485e+02
1.441994126401187657e+02
1.562368443554958075e+00
-2.388822685384132569e+02
6.334800386683706819e+01
-1.435504152406980438e+02
6.742588982707599143e+01
1.595339413703224807e+02
-8.222121846753989871e+01
9.387443766976683435e+01
2.494444325561594269e+02
-2.255159962395442506e+02
-9.463061718186186511e+01
-1.720912739318245599e+02
-7.667265861946255256e+01
-2.355995641080386918e+02
-3.748445978490783546e+02
5.685647720388968196e+01
-1.241705829687492866e+02
-1.884308705173306109e+01
-5.581903720706396399e+01
-6.983803128346758626e+01
-1.774895906250701785e+02
7.137179549988994154e+01
1.613205421017367485e+02
3.434519832327980282e+01
1.282364934712539082e+02
7.173088839538472428e+01
-2.157385434529364261e+02
-1.354607711488073676e+02
-3.614107210139289350e+02
2.657016321000648063e+01
-1.734853478352303853e+02
1.947825359148481823e+02
-1.297965114504433473e+02
1.487829218860198921e+02
2.465952136262538730e+01
8.164309342418398785e+00
8.774525999695464762e+00
2.716183961516455270e+02
2.793310506199719256e+01
-3.805788131438824706e+01
1.450769298847964706e+02
-9.022885006283689791e+01
-2.184890959386255815e+02
1.011079668195411756e+02
1.265458302921278921e+01
4.298298483043959095e+01
-2.162373312826441918e+02
1.831565359311304917e+02
-2.084666848024727130e+02
-6.475450921857212450e+01
-1.087582292158845121e+02
1.169234106501553150e+01
-9.671469990747506529e+01
-1.946883327370178662e+01
-2.611214733131211574e+02
1.307832084026013035e+02
1.059404726161910020e+02
-3.876388609397428553e+01
1.131301159619124945e+02
-3.230743396386753830e+01
-9.959631729152379265e+00
7.847820569045651951e+01
4.695887391813279521e+01
-1.041109257325108217e+02
1.142123969497147762e+01
1.131253041109309265e+02
3.483718593628379523e+01
-1.544444176252970919e+02
-4.102764991420772844e+01
3.784292965945279974e+01
1.975450505743400242e+01
2.899704211842335511e+01
2.223197366550585130e+01
2.415115318580085102e+01
-2.908266396143408272e+01
1.452303222123958619e+02
-8.946857396085496816e+01
2.671026949732291911e+01
2.202652691193042642e+02
-1.383183457103049534e+02
1.901141821727310344e+02
8.586537344906084002e+01
-2.693843456520609081e+00
1.292993325800720470e+02
5.332938144714540130e+01
1.626545854593033482e+02
-2.193667508409343441e+02
-9.614378461082628746e+01
-1.104644423335347057e+02
-1.654229126560296592e+01
-7.382444717884136764e+01
-4.757307245194689216e+01
-2.139864866487241386e+02
-2.995120600162538693e+01
-9.062032481036180798e+01
9.389579764400359352e+01
1.057052490680657257e+02
-3.471812233606492981e+01
3.946866905100066703e+01
7.660557222232770858e-02
-1.598897785219581635e+02
3.273778588147114021e+01
-1.975201640289234817e+01
8.451431669922403467e-01
7.431183702782118417e+01
3.434074495751631417e+01
-1.386986051382699827e+02
1.321881796076584976e+02
6.345348632234556163e+01
2.063208758617188110e+01
-4.597011715177651325e+01
-3.411131665699941351e+01
-1.018507815237857415e+02
-5.493762922974072183e+01
-6.712378760240684983e+01
5.414753247331795194e+01
2.192039311982363792e+00
1.785832781076153140e+02
1.588808581216254083e+02
-1.057090100599693194e+01
-4.069647112420827284e+01
-6.656379383746840972e+01
-8.633608301728250112e+00
-1.173320864913921326e+02
-5.793368457033596997e+01
-1.156278432427554215e+01
1.092464855688874508e+02
8.826976608471952090e+01
7.722687831550895510e+01
9.424143796361579462e+01
1.460811291050800875e+01
-1.391412010619603024e+01
-7.174134069651529444e+01
6.042206545356606284e+01
-4.848111192011179682e+00
1.053791255306913115e+02
-1.008844691490907586e+01
