-2.727379980907543086e+03
-1.370551240349135242e+03
2.898898995349460961e+02
1.402780952258549405e+03
7.033342960027722484e+02
-2.241063998344614902e+03
2.393947221970664145e+02
1.416794397405639984e+03
2.979081311353338037e+02
9.270414089525634154e+02
-1.806074020977168004e+02
1.095917267406568499e+03
1.694822214296926859e+02
2.676354997560604716e+03
-4.227189116050512894e+02
-1.042312292268411511e+03
-9.027033470196363396e+02
2.680521874678823337e+02
1.664524109863423575e+02
-7.534105486433325041e+02
-5.799149063952386314e+02
5.173244733423390471e+02
8.313179219364551500e+02
1.174337253439357937e+03
4.641071305040651964e+02
-5.465482419481663783e+02
-3.834012132712694552e+02
2.554598992447479588e+01
8.583539865944469511e+02
9.035565874305564193e+02
-2.607691428590092073e+02
3.364489225330792692e+02
-7.776782010529564104e+02
-9.723701435314862351e+01
2.842651253306013928e+02
-5.413533773957399262e+02
4.589230726354284116e+02
5.240350268125570210e+02
-2.734321096969484302e+02
1.237905895152597168e+03
4.966041443589833193e+02
-9.622127484630362915e+02
2.959842328624607717e+02
2.381058950726544765e+02
8.412381270907642374e+02
1.052259173342877148e+03
-2.739749616899768512e+02
-2.239712347490873512e+01
-5.508143350690731950e+02
2.236799131480177607e+02
-7.417499705680709212e+02
3.804547120449087174e+02
2.823811785602006239e+02
1.409683400296566163e+02
-1.725783014821486177e+02
8.383511580340496039e+02
1.182653198673565612e+03
6.630698983663221213e+01
2.432267335769515171e+02
-7.360022755610623335e+01
5.095389888981336526e+02
-2.324556083870019449e+02
2.976348589492883434e+01
-1.485580836988678186e+02
2.323753009233147111e+02
-2.846492137794863808e+01
1.211778240668441384e+02
5.440308161176881896e+01
2.646483124045885233e+02
-4.088831257609156182e+02
3.201692179646299792e+02
3.491676228292850510e+02
-3.194339758425560376e+02
-2.445762624715746725e+01
2.563411309359996721e+02
-4.967430726628900857e+02
2.758281925302438253e+02
-5.836530258344838558e+02
-5.284087005022128380e+01
-1.901563691492129919e+02
-7.756635692942238647e-01
-6.662462054692680624e+01
-6.863163025599039457e+00
-2.190279121373932867e+02
6.401139444435012820e+02
2.841158989868780509e+02
2.692930571590494537e+02
-1.123038772021417770e+02
-1.774101405875319415e+02
5.367583448902294094e+02
-2.897413223491653298e+02
-6.029939866966963109e+02
5.888058826165438830e+01
-1.799244457908287131e+02
3.754122935084399160e+02
-3.737895902198073372e+01
-2.469199115769128525e+02
-2.324262666645688853e+02
-1.765238949708518987e+02
-3.063137699247506873e+01
-4.243131205951802265e+00
7.717413295228382708e+01
5.477285475245636235e+02
1.582712589982631179e+01
-1.595538076504090839e+02
3.472329216295302103e+02
7.066506353569620558e+01
9.522700619058991833e+01
1.093421509905976023e+02
-3.344851190129000429e+01
-5.262556456687401862e+01
2.351653994908421339e+02
2.709293128967887583e+02
-9.213643305496097469e+01
6.673348387965570794e+01
2.059323914409997656e+02
-1.935490798988736856e+02
-3.540911349266492607e+02
-2.017043411762501819e+02
3.163438021729133993e+02
-2.396528425496806562e+02
7.614646583439656524e+01
3.763819643180828933e+01
-6.235688316373680351e+01
6.506880709792611128e+01
-2.671452391119304366e+02
6.529218030228281577e+02
-3.625523219331363407e+02
2.894536696335536590e+02
1.822201350553567636e+02
2.121928224685583757e+02
-3.606186601613759422e+02
-3.522489899477127437e+02
2.110315756023470612e+02
3.829422023052175916e+01
-1.429896885440863343e+02
-9.000580761549632314e+01
6.708249078968853496e+01
-1.664268756208002173e+02
2.184652778371819295e+02
1.808585911863875850e+01
1.721065566827820419e+02
-4.272354027966891010e+01
2.487484535750441239e+02
-9.846086684831006153e+01
2.382294932271517212e+02
-7.357760507528817584e+01
1.059637940856586766e+02
-1.932812427736049017e+02
-7.784492210802142154e+01
1.995794844696942860e+01
-1.581509304860452403e+01
-4.820335449338423217e+01
6.805639124926304362e+01
-6.960422557450654324e+01
1.231024020843648827e+02
-1.197368112269673759e+02
-2.819101028823716248e+01
1.836775204877634167e+02
2.251540340653570524e+02
-3.472802319891434877e+02
-6.111250601924601966e+01
-1.070788834624430024e+02
2.086029453143195553e+02
-4.842630405205800770e+01
1.282264865579920432e+01
2.465439654440849537e+01
-1.386784755281364312e+02
3.194346758284049201e+02
-1.771249467395217323e+02
4.578670707349681379e+01
1.989365959467268681e+02
9.625195354460451824e+01
3.097629215941834246e+01
4.620823685391740376e+00
5.878755411699359712e+01
-2.206313277310908632e+02
-1.736969479275827766e+01
6.152346542732817625e+01
-1.474320387801399193e+02
1.825609916114226507e+02
1.250543138540903527e+02
1.334914154012396104e+01
7.802522164579738728e+01
-8.878439907427849676e+01
1.451053845017143260e+02
6.275432794909674072e+01
-2.213438419498883434e+02
-5.269115968030935448e+01
6.518889398431097959e+01
5.642776130319723649e+01
-2.015935251383020841e+02
-4.336387734626266877e+01
-1.248386417654270275e+02
6.315091433307859603e+00
-5.692978085812986677e+01
7.219914446431451438e+01
-1.862910270467761791e+02
6.283154081473984576e+00
-7.953248836779307851e+01
-1.473163701657885838e+02
9.212684328639161890e+01
9.369765759434437769e+01
-1.353194868073340729e+02
2.245483646142106977e+02
-1.345070008139491335e+02
7.576399095699152042e+01
1.016909447707229788e+02
-2.082689023351809396e+02
-1.565794088957867416e+02
4.492292231616967513e+01
-1.321086080456294667e+02
-1.053967472573714304e+02
1.051307907028283317e+01
-4.769515335172440018e+01
-1.243688132832617868e+02
-3.936577412184787050e+01
2.684365697659300167e+02
-1.689225159631025690e+02
-1.526578680895110267e+02
-8.724382239108624049e+01
2.163779006155009554e+01
-1.301287330331108762e+02
-4.012060195749016600e+01
-5.189480866125315117e+01
-1.658323443288849219e+01
-2.672962493515867664e+02
1.228026129459799307e+02
-9.645553001351411027e+00
6.939959697250725412e+01
-8.233591631371594133e+01
-3.659929729230557882e+01
-5.266881668405581962e+01
1.562130323249874380e+02
2.353716804161681964e+01
-6.130527164280279351e+01
-2.158926543609577493e+02
1.212806452522623459e+02
9.592081060147785365e+01
-4.122671010551054138e+01
4.378801488655030028e+01
1.694918321057631942e+02
7.971196465129089859e+00
-8.466434498174841394e+01
-4.558339277147074142e+01
-2.285067465758731373e+02
-6.330552149604486090e+01
-2.010883347708793565e+02
-5.292218743126895220e+01
-3.806107016198440363e+01
-9.114079090211819789e+01
3.011912125042689325e+01
-9.552560199748722880e+01
-7.999857709651354298e+01
-2.757643951387729686e+01
-6.991659704224045413e+01
-1.860005279683967956e+02
1.567766478154118559e+01
-3.338253407081361956e+01
7.173357578321085448e+00
8.575497732169614551e+01
-9.369477181771763696e+01
-2.659230409368853643e+01
-1.261376028866605310e+02
1.125620501987410051e+02
4.397475291119638285e+01
8.137759119237361460e+01
3.171327182686973600e+01
-6.424271261137099032e+01
3.594010781788230524e+00
8.756052990386781687e+01
2.242799735294372709e+01
1.850877301615350063e+02
1.014307156109756747e+00
-5.169616022800906308e+01
-1.049849956754809597e+02
5.033843546322508189e+01
1.530734527486715280e+01
1.614919922004166608e+01
-9.111859486053033308e+00
-8.195869244068494197e+01
5.200199455286176686e+01
7.510797220934902896e+01
-1.194911902310916219e+02
5.822301384521471057e+00
-2.308195495006636833e+01
-8.750533405878566384e+01
1.400647499042184165e+02
-8.357983742443067854e+01
1.055221236380571703e+01
-6.476258849113484928e+01
8.314379621139251242e+01
-8.445431934805645824e+01
2.537352477830104647e+01
-1.051784291471194877e+02
-5.164843795026534679e+01
5.647262345901090441e+00
-6.884308276651550784e+01
-6.565619132573434058e+01
6.005249407392504679e+01
