-5.066661837462040239e+03
-8.468037200752088438e+02
-1.858368982795151169e+03
3.012401628748044686e+02
-2.897313915630811607e+03
-1.168140025413974172e+03
8.772659056472114116e+02
2.921987965275473925e+03
-6.886253140191167859e+02
-2.566874250372347319e+02
9.002382023274714129e+02
-2.017376409313391150e+02
1.420291206580465314e+03
-1.491987860659532316e+03
1.940993838703004144e+02
-7.800939222188080748e+02
-4.195187017332536925e+02
-2.151511587978334603e+02
-1.468569446732220285e+03
-3.366628473782557762e+02
4.858571707510280930e+02
4.617220470415703062e+02
-5.025549046522312437e+02
2.380466573842344076e+02
-5.324605492559704771e+02
1.378367177436797647e+03
1.483754812929770651e+03
-2.623207975654996744e+02
1.866034156912446917e+01
-7.641641489734545303e+02
5.212498518614391969e+02
-3.890988531299040574e+02
7.942918220693524063e+02
-1.253788054351904293e+03
-8.413610017553902480e+02
1.894137943211696609e+02
-2.129451335106615772e+01
-5.065820079475277566e+02
3.982473768956450044e+02
7.145023319002881408e+02
5.682524086027036674e+02
4.809602047292970610e+02
8.119020222074678941e+02
-6.423415997726601745e+01
4.271349396856301155e+02
-5.770159028295485086e+02
-2.197599171552271287e+02
-4.128533300895335287e+02
1.116237107756747235e+02
1.209140846476828301e+03
7.165659080591623251e+02
8.106717707757645712e+02
-6.506019737001555541e+02
-3.751243809542664280e+02
2.484874512810299905e+02
-3.689313982216823433e+02
8.371989924091122930e+02
-2.183688520259531742e+02
-2.167222364691596681e+02
-1.608493575811463359e+02
-1.680930909805533418e+02
-2.628001214118381199e+02
-2.870409796561397684e+02
3.578253307177353690e+02
5.582215176589604653e+02
-4.952294088320830951e+02
-3.665951229500395243e+02
-3.214065913865886728e+02
-3.387644626623566069e+02
4.260581222714145042e+02
6.642239958148385313e+02
-1.502619221543772881e+02
1.347561934864181126e+02
2.511081734784651474e+02
1.966971482412161834e+02
-1.413849475116706742e+02
-8.452560135994096058e-01
-3.001481026095682410e+02
8.004703560464992051e+01
4.329031347770827551e+02
2.944973882227378681e+02
1.186098693287266883e+02
2.267619694695665089e+02
1.033402202879870373e+02
-1.076277675125666349e+02
2.949713426209406180e+02
2.158997622500063187e+02
-1.630361600184610325e+02
-2.488287063953382017e+02
-7.198725861586962083e+01
-2.025859161464223632e+02
-5.159169860257242135e+02
7.075370525207253536e+01
-4.263615645809703096e+02
2.050245976631252347e+02
-1.729711001190967181e+02
-4.994762841273989693e+02
-5.172946240461792655e+01
3.055729099768599895e+02
1.951851788437833477e+02
2.928873419248721532e+01
-1.304599841495816861e+02
-1.334592181455015236e+02
-3.214736602445639733e+02
-6.666132601198418328e+00
1.031535436505299828e+02
2.088898978179291817e+02
4.691758574125587167e+00
-2.339444489163778655e+02
-1.159427805712238069e+02
2.779945241325198708e+02
1.382732952553860528e+01
2.051368114989959395e+02
-1.601576258488890403e+02
-3.494287808837636078e+01
-3.933473806326961153e+01
4.040849204043567511e+01
1.460655295824626023e+02
1.689595390177968568e+02
-8.583861188154892830e+01
-5.000241110644717679e+01
-1.811352341188492403e+02
-1.477052632001835377e+02
-2.164515665306959988e+02
3.370468338161521160e+01
5.331077824019498479e+01
-2.133238990155573589e+01
-6.262337738299657275e+01
-5.692859319127581585e+01
-6.113631522960583098e+00
1.723894514062036478e+02
-2.297082680545413211e+02
1.037219457331649295e+02
-7.388705247009669108e+01
1.493946042783105099e+02
6.348437853362617744e+01
3.598467488686105042e+01
1.757501254674418476e+02
-6.274770949721444779e+00
5.198101048602320873e+01
-1.399682438274713547e+02
2.530895018101210496e+02
1.362720641248840536e+01
1.495441865260997094e+00
-2.199763074695535181e+02
-1.041910891602377944e+02
-1.380836015865806985e+02
-1.507162444983392504e+02
-1.478489345639755470e+01
1.894471427812993340e+02
9.976237069069911456e+01
1.229432342544731540e+02
-1.586543252338615275e+02
-1.699827634777454577e+01
-1.753759716571984484e+02
6.510892897923417877e+01
-2.437546339992340094e+01
-1.201128061812598524e+01
5.334337051726991774e+01
1.848103125401206057e+02
1.580618270365358740e+02
9.673051309923275554e+00
-5.072215266380749377e+00
1.481652582177397051e+02
-9.866629621863309296e+01
2.146898869330138666e+02
-1.449635200979550405e+02
5.209993764095966640e+01
1.762302615798849814e+01
-5.075846741432001430e+00
-9.130363136631018506e+01
1.422910517733652682e+02
7.768997350380389832e+01
7.108856250808547372e+01
9.696401103948016953e+01
-2.532138920842736596e+01
9.354569913298765016e+01
-1.146862302407914029e+02
1.561604312341690672e+02
-2.947831461365442607e+01
3.769120832226508355e+01
5.416563503148946523e+01
9.751146872146382805e+01
-1.675740074153463297e+02
3.135412433249236486e+01
-1.580506846534166510e+00
-1.059303812622003704e+02
4.974464389283598820e+01
5.571040938928645403e+01
-6.470099795453263880e+01
5.673654860058819338e+01
1.021135446985809381e+01
-1.700159145215309877e+02
3.318043413981610001e+01
1.185262839310132250e+02
1.054098364650210016e+02
9.099084780241500425e+01
1.727001082715997882e+02
-8.176735625570235300e+01
-4.846727809446263535e+01
1.314636290058392945e+02
1.264273139687147989e+02
1.075000943725953562e+01
1.322572773978110128e+01
1.963694677444679959e+00
-8.428877234245392458e+01
-9.571237805742272897e+00
-4.065752141996314073e+00
1.145236131988399286e+01
-1.401044958231224413e+01
1.373595214169301926e+02
-1.570524218314583891e+02
3.119170073214917238e+00
-1.843273832594992001e+01
5.871166748621845954e+01
-9.822302135455809946e+01
-7.531198027427820074e-01
-7.983470689960024913e+01
7.943691519567465775e+01
-1.094032911378292567e+02
4.205417706810234790e+01
8.312614688308759980e+01
-1.037592170825822535e+02
-1.389829239001009320e+01
1.151642624616528536e+02
-6.349467513715371325e+01
1.617951928597574351e+02
7.881579762287091739e+01
5.056008780144814807e+01
-1.959217390283904336e+01
1.601051465768046356e+01
7.755587780142101906e+01
-8.538714079282901537e+01
5.984602348045711295e+01
-6.103297116853430282e+01
-1.963995930059185469e+01
1.015776958517925124e+02
-9.774659087460382523e+01
9.457755592481451856e+01
-6.460598431658112872e+01
-7.330749581870574616e+01
1.241022984374500453e+02
1.636389974043226232e+02
2.283850622946960698e+02
9.368594731716792978e+01
8.336522417472286861e+01
3.153477899350946956e+01
-6.877229136322912950e+01
2.306641859526272498e+01
4.459976179281468944e+01
1.436181393207801271e+01
-2.346549960521065969e+01
-5.353203962322930387e+00
4.550366281602883589e+01
-4.446969832150416124e+01
-1.997173214126070206e+02
5.155998202046131240e+01
-7.652745355173778741e+00
1.556157811341300032e+02
-3.383129964741295481e+01
1.166727608837978813e+01
7.630914936884960298e+01
-3.724071310590444384e+00
3.813967566807620280e+00
-1.930846101415653138e+01
3.702935473943464117e+00
-1.475218512269165672e+02
-9.950996569233687694e+01
-5.708804214093701290e+01
-2.492110870032160008e+01
1.455425354348919313e+02
5.378219094936208933e+01
-7.909923564496610027e+01
2.386847801828794502e+01
-7.478067669045658761e+01
-2.900518821590785379e+01
-6.479326645157057385e+01
-3.480644541931633995e+01
8.383935635473280001e+01
-9.624710555155721181e+01
5.952870174038958595e+01
8.480695013913575053e+01
-1.470348778925792317e+02
-7.755649448985582239e+01
-3.839663468077493036e+01
5.737604284964846535e+00
-4.809515129060518035e+01
-4.866361240236835073e+01
3.811849872231121594e+01
-8.442896457083830342e+01
7.999347547324144614e+01
-9.404267506497163254e+00
3.300089070614208087e+00
1.141489487100707656e+01
-3.225858379854968661e+01
-4.233473221825426691e+01
1.211890748002983464e+00
-6.529360442804470921e+00
-8.200424525153289679e+00
3.248955335451335080e-01
