-5.935218874403350128e+03
-2.348094920237146198e+03
-1.694428061146268192e+03
-8.010631095042604102e+02
-3.251423909747166363e+03
-2.815217925835253027e+03
-6.466287209721476756e+02
5.959593485039640655e+02
2.610203280654416176e+02
4.839297830352891197e+02
-2.330946047536834840e+02
5.405015092240874992e+02
-2.008702699903183202e+02
-3.236860101258344571e+02
-9.915188129477393204e+02
-2.833048197269222328e+02
6.198032640349032363e+02
3.153403258883579241e+01
2.148390279529247948e+02
9.379511563412393116e+02
1.782114143885824433e+03
-1.025825144200717887e+03
-4.994629243522789466e+02
-2.169193224436135381e+02
-8.121469812794173322e+02
6.377259359993261114e+02
1.341042206724426251e+03
-4.241274777722236990e+02
4.472674026967787881e+02
2.184723930025031393e+02
-9.822067941521682144e+01
-3.965600302269356803e+02
-2.757340625736560469e+02
-3.634866745442389515e+02
-1.185810714162034856e+03
-1.331060450681329257e+03
-3.116606167368263414e+02
3.142618501963591484e+02
9.637570056167855626e+01
8.315562919542610416e+02
-8.027843484542243004e+02
-4.097356410906321571e+02
1.648798051141701393e+01
6.764367603469414689e+02
-5.347724227486230575e+02
3.460095392711483555e+02
-6.979441237239518614e+02
1.353797966760378131e+02
-1.493720255359219777e+02
-4.779731862101478441e+02
1.637857048095133052e+02
5.441100576869689576e+02
-5.344817453624410746e+02
-2.791371103181904232e+02
-3.822413839943872631e+02
1.035229281766069107e+02
2.811997101016000897e+02
-1.977968620300297573e+02
4.900415518459978159e+01
4.989086535389804453e+02
-1.960867792789515534e+02
-3.149197845669448839e+02
-1.937608807510083864e+02
-3.814485618957395445e+02
-2.731479858288355445e+02
-8.921700490951515405e+01
2.806092218807110612e+02
-4.752320408128629765e+02
-1.481488923994691618e+02
4.185754433672219079e+02
-1.368718807849477912e+02
4.136750844884834351e+02
-5.627520549882131036e+02
-8.830551408909025213e+01
3.801291013329844191e+02
-2.188758244999067699e+02
-2.000250794260448117e+02
-1.475711680537497728e+02
4.876813571277127579e+01
-8.944063940966979942e+01
-2.125859111487067423e+02
-2.735044002403678860e+02
6.529880876257023203e+01
-7.689451238952587175e+01
1.021306161725057677e+02
3.616649618956532208e+02
8.546553260536116525e+00
2.865502209978823771e+02
5.948661034188495478e+02
-5.704663847060905013e+00
-8.618639219673981700e+01
2.856093127291440048e+00
-3.026184083721225306e+02
-6.561411479094445554e+01
1.172199283606881295e+02
-3.018107692252760330e+02
-4.468617731550116901e+02
-3.351047962776702889e+02
-9.751348824761133471e+01
-3.000018192791838487e+02
2.674457780443553290e+01
1.890350754741749313e+02
1.993220596193275469e+02
2.057074598937099381e+02
3.149506009015721020e+02
8.388202447873813128e+01
1.201815903683604034e+02
-4.058924719492293320e+01
-5.088013432308353003e+02
-1.855005661314509950e+02
-3.732443528248055031e+01
3.565715378320272180e+02
1.065051621679550777e+02
-1.391771779300998162e+02
2.901911565979926166e+01
2.420152410382954145e+02
4.024247026043701680e+02
9.973047615966374124e+00
1.897096953012521396e+02
-2.284335329274460946e+02
3.874155872903841100e+02
1.529786929344215878e+02
4.580484323711548456e+01
-1.521518836429420958e+02
1.501248174927380887e+02
3.835928157461214294e+00
2.704863413372686409e+02
2.151412935617627795e+02
5.072305713628615820e+01
5.925607418173852921e+02
5.488790503095793838e+02
-3.108273527420528239e+02
-3.944129084784250381e+02
1.656771230994909274e+02
-1.021969213504236649e+02
2.104858845479080856e+02
-1.800555299920304151e+02
2.139287050233801892e+02
-1.612588903587504205e+02
2.872465755293615075e+02
2.745002518962846239e+02
3.047344569594225732e+02
-1.797369622675625749e+02
1.512940190996551166e+02
-3.180408560529592137e+02
8.088509523428710679e+01
7.959981910244373182e+01
-3.097174318729846050e+02
-1.300984975182856829e+02
1.149807384433990194e+02
-3.449309685239700798e+02
-1.813324212383980125e+02
-8.584593824659147288e+01
-2.669993098948954753e+02
9.923055371861509855e+01
1.846437435070920117e+02
-5.075547064687203402e+01
1.274420076180706047e+02
1.136415122978391707e+02
7.249547319219187784e+02
-6.764667054255145473e+00
-3.759604683579812257e+00
-1.034304389855281698e+02
3.253835619895173892e+01
-3.790814181816354989e+01
-1.660115866947891732e+02
-8.760928347087656221e+01
-1.325697159830087912e+02
2.199541761487530493e+02
-3.153602879891374187e+02
1.923784284155352111e+02
1.695016734904067448e+02
-1.897910821898200027e+02
-4.079071814955764808e+01
-1.444233291113820030e+02
-1.953176057600953186e+02
-1.675391349103675793e+02
-3.830448743203380104e+02
8.607479090254537368e+01
-1.705736613023983068e+02
2.627103824726702541e+01
-1.740280747071608118e+02
-5.568437999504540414e+01
-2.710203193407493814e+02
1.345925128434392093e+02
-1.074453455571816995e+01
1.860325583690486155e+02
2.952026992902605116e+02
1.362167429681705357e+02
-2.123976526050178677e+02
1.447833458033497323e+02
-5.055453346439572329e+02
9.136563081026123712e+01
3.527067625571466802e+00
4.946954812140268132e+01
9.360461356770411356e+00
2.368420669335869491e+02
1.531621687189862655e+02
2.077238661776691231e+02
-1.378752566386713738e+02
4.697570199421769388e+01
-2.503607407270918728e+01
-2.417039344349020666e+02
1.798818577457277001e+02
-4.580425513727247733e+01
-6.783267926320155539e+01
7.335779172338571641e+01
-7.879821587266208383e+01
-1.469056640474742323e+02
-2.575523512913738955e+02
2.155741197086962302e+02
-2.085060785680716151e+02
-1.565888912277877978e+02
2.320303586171620136e+00
-2.688534759653675010e+01
-4.670598130806074266e+01
-4.670912948158670019e+01
-7.814163570688630500e+01
3.306422867022318002e+01
1.129630761297998305e+02
6.909874754478570935e+01
6.967356994370111067e+01
-2.355146755849540341e+01
-1.264771865869381458e+02
2.591791721216329947e+01
-5.196587453326873884e+01
-4.505149442752723843e+01
1.163230388867386011e+02
8.634007775949510233e+01
2.738149197418343306e+01
-3.706211940427139666e+02
-1.533806008215204315e+02
-2.305803124485381659e+02
4.210318768731910133e+00
1.171237977532200603e+02
-2.751772991378779309e+01
4.736602859850164293e+01
4.664552090172867338e+01
8.487768744289203937e+01
-7.736402002878131157e+01
1.153807210924476578e+02
3.454757867770813391e+02
-1.668431632440918122e+02
4.000606806943183074e+02
-2.012289553739365999e+01
-1.182471692002719408e+02
-1.210727306898413502e+01
4.726887730137250543e+01
1.027218209931864976e+02
-9.366453039150900395e+01
-2.175585088469671859e+02
-9.421610153929425735e+01
-9.020580168004977395e+01
5.302759829430013383e+01
-6.112901120002985778e+01
-2.705462195140199810e+02
-6.372829855615004391e+01
-3.518035107467306943e+01
1.164454876824238880e+02
1.146263321943395823e+02
-4.671900722617493784e+01
2.792992683924509478e+01
-3.719676361747368531e+01
-8.332053064231487838e+01
1.669516932929099085e+02
-6.499015114543801985e+01
6.373536164845724272e+01
3.538294823746985429e+01
2.405342035087373986e+01
-1.600834739593712470e+02
1.546101265716595208e+02
1.754992560103185895e+01
-1.279714071632857220e+01
2.782001025777557857e+01
-9.435165661154972128e+00
-9.808417208777724738e+01
-7.366659434719001354e+01
-1.322247181905882201e+02
8.673729925259625873e+01
-2.755936558918831381e+00
1.178271139514391592e+02
3.229656232508280027e+02
2.238205860283382620e+01
6.867927469568867593e+01
-1.986410405000117008e+00
-7.002471179699847426e+01
-1.476849431642291677e+02
-2.254192038680209009e+01
3.711454727047696078e+00
1.404857981478379259e+02
8.588538970693140584e+01
6.362707220173314937e+01
2.211111608402544615e+00
9.403997919236810787e+01
-4.432840517064548891e+01
-7.627628828155185658e+01
2.724067848641718115e+01
-5.163612057153594748e+01
1.275970699310871197e+02
2.825022918182406428e+01
