-3.913674569264873753e+03
-5.603964608804043564e+03
8.114806213217372033e+02
2.903165032833600989e+01
-4.563263854956014143e+02
-2.527096561460476494e+02
2.311581310769237461e+03
1.287709551385589975e+03
1.027800762557689723e+03
-2.386892888252219564e+03
-8.740198709428325401e+02
1.380208210818611633e+03
-9.829478033615046684e+01
1.762970068124207955e+03
6.398776989746902473e+02
3.558919724035386167e+01
-2.506920266102562493e+02
5.026704786319926939e+02
3.665326433630976908e+02
-8.422437599131380921e+02
5.248926448631391395e+01
-3.705419676307791406e+02
-2.146793346516370093e+03
9.795310658584086241e+02
1.408296148753398427e+02
-9.396782864435841702e+02
1.252620500508260051e+02
-9.944823074995622392e+02
-3.017807287375877081e+02
1.031722972300602414e+01
-7.762022378745314199e+02
-8.174465741344487242e+02
1.334042236362371796e+03
-4.673474971618676364e+02
-1.446215022944455200e+02
2.140372701179788635e+02
6.996390353119242036e+02
4.538435433331523541e+02
6.331191752017973613e+02
3.253059297654039028e+02
6.549659786593669253e+01
8.173605766889173765e+02
1.041407694516956781e+03
6.459839019092343051e+02
-3.838253697396935991e+02
3.921920091047735468e+02
5.187301479930144978e+02
-3.116391798308344008e+01
-1.311580225806793578e+02
-4.596523834774829425e+02
2.478129544880085007e+02
6.041815641844153788e+02
3.003213683174522686e+01
2.557529982621549181e+01
1.166383766216052180e+02
3.684798446715535647e+02
-7.486962831526959690e+02
-4.874520713918934121e+02
7.968550372359850087e+01
4.357815688561288425e+02
-4.380504886757876761e+02
-2.723800471775596748e+02
-3.260374276215216582e+02
-7.954126237771067736e+02
-1.746006765970525123e+02
-1.481951466478770101e+02
8.461970021634998602e+02
9.451576555957143455e+02
3.073796176095236206e+02
-4.432126514362203693e+02
-9.983692783217040301e+01
2.042812989002717643e+02
-3.880934919509973042e+02
1.968374463905088305e+02
2.556195868470666710e+02
6.531739243098807037e+02
-3.971431324191768226e+02
-2.780302661680460830e+01
1.226896017088945285e+02
2.236136314304514201e+02
-3.476938758533503915e+02
9.429785676596073074e+01
-1.114508022454123903e+01
3.733312712439648351e+01
3.014907983607183155e+02
3.397683083535116566e+02
1.518921065502676981e+02
1.103933227162470887e+00
4.110217988175216988e+02
2.742623069483495897e+02
5.300218444465834011e+01
-2.470746506614981683e+02
2.703857083281558289e+02
-3.209002381245761626e+01
2.744034442311207727e+02
-2.563499948168846458e+02
-5.329249337583920578e+02
-3.779679122909349758e+02
2.607096060897852681e+02
4.226804263539165163e+01
5.690033873160398770e+01
1.879258104886175431e+02
2.089113310067274085e+02
2.989226507342842751e+02
-1.889783538676920216e+02
-3.278052734511135213e+01
2.051918925183868225e+02
-3.144470710911851938e+02
-1.655678664118655945e+02
-3.704493342510460252e+00
1.555581027824608213e+02
1.557194693261895111e+02
1.302226975047708777e+02
-4.334713729825325146e+01
-4.031332039827588005e+02
-3.571940383002994679e+01
3.108104774515111899e+02
1.756366197320760136e+01
-1.835940724122015411e+02
2.251219145538082955e+02
1.895932279290314284e+02
1.091838183471716803e+02
-1.375966544334384025e+02
1.011568059302612284e+02
2.170507766967451175e+02
4.934204878006236328e+01
-9.166810905321166558e+01
3.206290057630486672e+02
2.005037042120747230e+02
1.717040802227951417e+02
2.245355379439062347e+02
-9.805845554304448797e+01
1.263268078878639500e+02
1.945155427447161287e+02
1.532803980850147596e+01
9.309448042384077837e+01
-1.099408025052514830e+02
-1.433488762280911111e+01
-2.058051238639322094e+02
2.215618969772307025e+02
2.338192172166183411e+02
-3.286782987906311746e+02
-1.007688339109606233e+02
5.533934445442439198e+01
9.153024268188617896e+01
2.380240829090212884e+01
-2.850011679246718472e+02
1.178162654139236167e+02
3.620400987797645342e+01
-1.563578249980843395e+02
2.136732734109086351e+01
-1.233613786351718460e+02
-5.704546045369716722e+01
-2.807210922789461733e+02
-1.158984689008174627e+02
1.258320683164548228e+02
-1.800550725937792436e+02
-1.458568345492377318e+02
1.110846973622555254e+02
3.517356505796357737e+02
1.861290963811836363e+01
-9.706922725617596726e+00
-1.250374827868193250e+02
-1.905342426965006908e+01
1.000762420237645358e+02
7.182552037896888919e+01
-6.721634584507872212e+00
8.134256682123073290e+01
2.168819197555357619e+02
-1.564267240016882283e+02
8.459177924258075620e+01
1.102192795349688055e+02
-2.677919665849914281e+02
-1.762170463883107914e+02
3.112195925298318500e+01
-2.556323871656161728e+01
-1.129332667693147272e+02
-1.452328529611704333e+00
1.400470802380053783e+02
6.894353775782592209e+01
5.512202976149076505e+01
-7.449036234312274907e+00
1.826582521528084158e+02
2.248952846217905801e+02
-1.878755966994878435e+01
4.757743929869584321e+01
-2.715627936900972372e+02
1.025406773521822146e+01
-5.005658552322679355e+01
3.357561316067708646e+01
-4.427354013346158190e+00
-5.244414309253305362e+01
-4.802971831093357480e+01
-1.277261550052250669e+02
1.126151789424872334e+02
-3.317035015423955713e+01
-1.846609603913962516e+01
7.660414622397459539e+01
-7.258751445605288666e+01
5.998134037377742089e+01
2.451049802809505351e+01
9.927621358280516972e+01
1.031777452389925429e+02
1.205887162852861678e+02
1.308416248056963482e+01
1.119372889137711553e+02
-2.753149313414075650e+01
2.865107866509486012e+00
-1.088504966258926210e+01
4.119053574909086279e+01
1.874203221275298574e+02
-1.572381423397590083e+02
5.589597032445661284e+01
-9.101224972807210989e+00
1.187615595578840733e+01
-7.058111445726150635e+01
-5.873530738227411518e+01
9.926522640586493651e+01
1.535245309369289259e+02
-4.116905545144387446e+01
1.143333288197501219e+02
9.344566084970272968e+00
1.302534933528847318e+02
-3.439291585517632655e+01
3.742475366975816087e+01
-1.584132265713214451e+02
-3.546523093389556180e+01
-6.141753985284444184e+01
1.270569570360732286e+02
1.509968484336269157e+01
-5.906016594920382801e+01
5.865587832375291555e+01
7.864801965757752811e+00
-5.352348831991965028e+01
3.448054487622843567e+01
-2.367513416726970377e+01
1.213214583086330300e+01
-2.705290105064614892e+01
2.127990234347555898e+01
-1.413581566009832784e+02
-6.882702207223297819e+01
-5.474040271307023531e+00
-3.017271131517995642e+01
3.714197852163994185e+01
-1.016386536802378231e+02
1.036380562826088152e+02
2.530766162543488207e+01
-1.707516467840509904e+02
1.851916025374294748e+02
-5.765989097421807230e+01
2.880186458663308802e+00
7.564519816936997598e-01
-4.938531191532739939e+01
-9.565893239382550917e+01
8.712006783350041417e+01
4.292371049239445568e+01
-7.086551478033523921e+00
-2.360895520478252152e+01
-7.661365386102536945e+01
1.576112984303026678e+02
-4.547318600828702984e+01
5.046749083523422996e+01
-1.011566387302917605e+02
4.183846728985618491e+00
2.135293032375752986e+01
1.968456904998316190e+02
6.558159305475962242e+01
5.999210122804284140e+01
-3.022853860982713670e+01
-1.306674298055091477e+01
1.610503826080245915e+02
-3.427766960058016821e+01
6.984462812496850859e+01
-2.294881146245017334e+01
-1.120692544785990066e+02
-1.164371870865884340e+01
-7.269736980543775928e+00
3.017651076863489124e+01
7.995292843142028971e+01
1.871275418180844241e+01
-2.301531172379288037e+01
-3.306168963757134804e+01
1.476181755530201833e+01
1.287528898746531070e+02
-1.368227741248259122e+02
6.460313935101278560e+01
-7.613499721182280666e+01
1.739292976753542632e+02
-3.582219551057502827e+01
1.649003903447609076e+01
8.213745784859300159e+01
4.350123498060587224e+01
3.439033469343981864e+01
1.088098990724822244e+02
-4.640651713129808797e+01
1.514653342115626060e+02
-9.290536109305021384e+00
7.151103554312386734e+01
-7.926451789033004047e+01
-2.116409425042994386e+01
