4.863601551232194652e+03
1.480200445637882183e+02
-9.200651681229415999e+02
-1.143778227632343345e+02
2.296048702416822462e-02
-1.434616739978091573e+02
7.590525317699451762e+02
1.595519964724931924e+03
-7.858703789299217988e+02
1.357902610325805199e+03
-1.405999705475202518e+03
1.030660151051180492e+03
1.313618736129651779e+03
-6.103659271498295347e+00
9.902822536848482571e+01
-1.461973291702396182e+03
-4.428302849459262234e+02
1.592161288963958668e+03
-5.110208811406513405e+02
-8.061751734001800287e+02
-1.550018137566250971e+03
-2.138985285340722839e+03
-8.223299693334946596e+02
2.003413476147121131e+01
-4.399975162313112378e+02
1.707093557209876735e+02
1.032255576254729249e+03
-3.059927533994203372e+02
7.135204884365854241e+02
1.558878357251070099e+02
-1.304620066777820568e+02
2.399928025030468746e+02
1.853433967956345896e+02
-1.069573884157988005e+03
-7.524698325197069835e+02
2.508332435221671233e+02
-8.526309551978938543e+02
-7.147743087370062085e+02
-1.887371602401001951e+02
-4.096427584125062538e+01
-6.801439726003291071e+02
1.084306746626909614e+02
4.391749070762806468e+02
-1.487354370644064545e+02
9.684657205438445544e+02
-9.907271634020205511e+02
4.980409622076998062e+02
-2.620615167814419806e+02
5.279337821011532697e+02
2.844576120149793041e+02
-2.301209526577353870e+02
-2.090253493903705930e+02
4.101082013919120755e+02
2.024262449628344598e+02
-1.357029242593968092e+02
3.541849008798392333e+02
9.497052326982127113e+01
2.247620689109886314e+02
-1.303424748642540294e+02
6.760660549763507561e+02
-4.401649748090185312e+02
-1.366707541911890900e+01
-1.274453417091404894e+01
4.363874247432675020e+02
-3.024890249892501970e+02
-4.114295705697453798e+01
-3.226254531794389209e+02
1.601870108667431509e+02
1.456038734641321071e+02
-3.686070509876855112e+02
-1.810414659181612365e+02
-4.076523147164365923e+01
1.502235711639820011e+02
2.909628902423469867e+02
-2.547943672150501868e+02
2.384070970723669234e+02
1.305952415707312575e+01
1.563400746726312605e+02
-2.057944587777885772e+02
-1.523266818401120872e+02
1.462014976639405859e+02
-2.275322014327717284e+02
4.842923997725597118e+00
-1.811096619429224575e+02
-2.530385812302983481e+02
3.064171808462750590e+01
5.327677176679757309e+01
1.641898707042353180e+02
-1.326417527067456206e+02
1.553324775867900769e+02
1.177132963087816648e+02
4.644374691493542429e+01
-4.757783727682989934e+02
1.262636050203925748e+02
-1.797716346911053620e+02
1.458250577838397248e+02
3.460330839089665034e+01
4.718177074329295451e+00
8.922447994729552079e+01
-1.262305444526355416e+02
-2.771487345287748099e+02
-1.079146022113578596e+02
6.468970385612561813e+01
7.841341394375571205e+00
1.173001971564198520e+01
8.746286530454470665e+01
-2.747450372413722448e+02
-1.407912620231114715e+02
1.716645750338228709e+02
4.953836156488058862e+01
3.013299561540516720e+02
4.217815255951175573e+02
3.498257695391677657e+02
-2.856033183137472875e+01
8.322856096067776832e+01
1.474892711609769833e+02
-1.160549518026340650e+02
-2.770601304382979038e+02
1.168504805592184539e+02
-7.967127380654497415e+01
-1.789601296300023989e+02
-3.955881746872316196e+00
-3.050508738599871705e+01
-4.850247228066596250e+01
-2.637714579233556833e+02
1.400055094760097347e+02
2.939972473655596445e+02
-1.871726067300575949e+02
7.114145631346238474e+01
-2.803321136871986141e+02
1.714298760224120315e+02
-1.574273593350942804e+02
-6.606429073143021924e+01
-6.262538420963198860e+01
-8.948423805823104260e+01
7.256933491709753525e+01
-1.031965150737076442e+02
3.768931304679819050e+01
-5.879739420697380581e+01
-7.966181032979706345e+01
-1.005601287899270204e+02
2.002825177665785930e+02
-2.030673629743176321e+02
5.423950302883049801e+01
1.319189909469202178e+02
8.821272336731723840e+01
-9.762956368626680614e+01
8.118125749891386533e+01
-4.095241974413739428e+01
1.416315782807339758e+02
2.063719143299724124e+01
9.026636085635917794e+00
7.613194854313668714e+01
-1.550424530243772381e+02
1.987350477074991488e+02
6.408968636405620600e+01
-1.933209329846899038e+01
-6.118000994823840699e+01
6.017328223704179635e+01
-2.322956187428464880e-01
-9.014564709649519614e+01
1.273216749094956555e+02
1.087549588281799799e+02
-7.705738348132354076e+01
1.203216516803852016e+02
9.315541246949615584e+01
-8.748072267217918352e+01
-6.253349893205999876e+01
3.867327932231349052e+01
-3.470298339688984868e+01
5.751883516280159370e+01
2.950928359004687351e+01
-1.634535074239488495e+02
-1.191049032434408019e+02
3.902352947395119998e+01
-1.405199935531938138e+02
9.069797409370775654e+01
-1.736710394813819036e+01
4.056640282370374706e+01
1.370197717503906532e+01
8.307607462531241538e+01
3.497154655348745678e+01
1.187620721970594495e+01
5.007499719984164877e+00
-3.011992294176495122e+01
4.792521306669403458e+01
6.479419966782543838e+01
2.152690883250068765e+01
2.965408099846155920e+01
-2.864027625038173763e+00
-1.329521617908663167e+01
5.770954214006973615e+01
5.634992520078115774e+01
-8.966271914712500291e+01
-7.699882018648970927e+01
9.657900285810019625e+01
-1.273525468001218854e+02
-8.984116006975551727e+01
1.946126159409475420e+01
7.753617165246006948e+01
9.972658230993060258e+00
2.816762378846545900e+01
-6.753121573842648218e+01
-6.043409510548929831e+01
8.230983784992385210e+01
3.293335029027882399e+01
2.548343820115433189e+01
8.089844721568667296e+01
2.371834732289558545e+01
-2.050648821894083440e+01
5.048280069296362171e+01
-5.141775793024323526e+00
-3.185330772942111821e+01
7.195138818867206076e+00
-9.774984395975104690e+01
6.580215415895993658e+01
3.328898963208457928e+01
1.008269229371376099e+02
8.086646028301220213e+01
-6.319837703712273935e+01
1.378741436364988715e+02
-1.296152648840247723e+00
5.885832280685252726e+01
4.658357688422728415e+01
1.027530605435230342e+02
-4.669387566796910249e+01
8.642244018404724670e+01
1.507331881121530159e+02
7.755053473976266787e+01
1.579160305090627787e+02
2.304876566865013032e+01
-5.393506933850530594e+00
-4.473922163939510455e+01
-9.834943213798540140e-03
6.335341403073248046e+01
-4.929790052038238457e+01
-3.410269844511004322e+01
-7.424795491305557604e+00
-8.836428610012033857e+01
4.546476525568950677e+01
-4.778173734275802609e+00
8.730856783311767844e-01
-3.944593698923497982e+01
2.463838437678382220e+01
2.035574850841687322e+01
-2.919566486685090112e+01
7.056830042487533206e+01
4.043248033125833985e+01
5.232959393913057511e+01
3.130815712453938460e+01
1.416758419623642906e+00
3.165614954956679838e+01
5.231057743929762438e+01
1.505208154108489405e+00
-7.974425286529466250e-01
-3.522581692558855448e-01
9.129063183416830896e+01
1.104249678094448370e+02
8.216193221619457177e+01
-3.122090829236254805e+01
-3.797366201684600640e+01
-8.272073787912793819e+01
2.359887732478734890e+01
2.518933691684144272e+00
5.038577314632520654e+01
3.451195952261863908e+01
-1.280436094096644162e+01
-5.297675810875823998e+01
1.078961531412587549e+00
-7.934027252264456820e+01
5.578499843330481411e+01
-3.928811617778858079e+01
5.496144716541993347e+01
9.646507694214818684e-01
3.414759254348976469e+01
-4.068723794132141336e+01
6.926040637053381488e+01
-8.374518119625017221e+01
-2.622759001916853805e+01
1.828793179472159380e+01
-7.414878354875266098e+01
-1.500809642342533934e+01
7.872033036917589754e+01
2.375604638763137899e+01
-1.284073591967139016e+01
8.062503543148082485e+00
-4.348711273099809205e+01
-9.888436805080493741e+01
1.067388835530945768e+00
-1.624365531936514628e+01
4.120680554600248513e+01
6.449235239867097391e+01
1.059699144687439798e+01
6.539867991407842851e+01
-3.773555823920015939e+01
-7.441319698077127498e+01
1.760270446431351843e+01
-3.199366870205103552e+01
-3.424953947431466617e+01
3.013670903397224876e+01
