4.421450234389352772e+03
-1.567411581149241556e+03
2.139720802999553939e+02
-1.133550410293770938e+03
-3.489301720954172652e+03
-2.519889795690314713e+03
-4.468894432478532508e+02
-6.975142672645927178e+02
-1.273036148294386749e+03
-1.170052158423524133e+03
2.412536482503617208e+02
1.403677181223302341e+03
-1.769611081390909703e+03
5.327098996521139043e+02
-6.704101682930466950e+02
1.037868928342321396e+03
8.939198899057341805e+02
-6.208853349436492408e+02
2.309735280771156454e+02
4.137066419355504081e+02
-1.711453483439386446e+03
-1.573136641284193274e+03
7.890132875323096187e+02
-1.328845974194308610e+03
-7.694579351448553552e+02
-1.249999920945697340e+03
1.966908625063209456e+03
-6.815276403413518835e+01
7.167084763731792236e+02
3.867470991277366466e+02
-1.282094872070064184e+01
-1.694849836209847808e+03
8.640294365914451191e+02
1.250826545201818334e+02
5.131110844068476808e+02
1.192679657031478655e+03
-3.773712580850650511e+02
5.169653780464536794e+02
-2.265713406292416607e+02
-5.342413029425738387e+02
-3.820549068517863702e+02
-6.971216360680226671e+02
-8.267839986349231651e+01
2.934332535521722320e+02
1.570763476601499775e+01
-6.671838937396005349e+02
5.025947373296357910e+02
2.473699983010660617e+02
-3.584770912137375944e+02
5.214276013018626799e+01
1.901238320420535217e+02
-2.626349056138070637e+02
-3.574442883716834558e+02
3.826362784375124306e+02
6.276385273343873905e+02
-9.995814672724762886e+02
3.233630070618347219e+01
-3.766688504869657095e+02
2.564993811717615699e+02
1.271416685835963705e+02
4.714704223169256920e+02
-6.965927547808295230e+02
7.020775102756280717e+01
8.360507667410593058e+02
6.653376139999550105e+02
-1.351522345945990722e+01
9.160421033322047606e+02
-8.255522259353824666e+02
1.198103814184458926e+01
-4.536680903794309074e+02
2.207819898186050693e+02
5.930295094892078396e+02
-7.286160708070923420e+01
-9.749182853877211983e+02
-2.203897106447865042e+02
7.897698391520074779e+01
-7.981839812241183836e+02
5.547250965403729879e+02
8.077354518331466124e+02
7.155301482345127795e+01
5.477587145374701549e+02
5.306759015344538000e+01
6.728266726956767343e+02
1.242905564270496939e+02
-6.281458321981386916e+02
5.968482325911418940e+01
-2.784880380774380910e+02
6.204074639869795647e+02
-2.059756635894470094e+02
-1.966678247317705086e+01
-1.713932115587962244e+02
8.746149653430461512e+02
2.025021774729224830e+02
-2.120576962955661884e+02
1.638449422376700682e+02
1.482438287745164018e+02
-2.979310166593108988e+02
-4.072611894317303154e+02
-5.679977018731877791e+01
5.621536045923384108e+02
6.855875492696810625e+02
-2.354533583859650605e+02
-6.932100492297922756e+02
-1.627993465429635762e+02
1.662013898440319508e+02
-5.613300736298838274e+02
1.756176817515900552e+02
1.599815005323482637e+02
-1.649243220810184596e+02
2.825855346901620919e+02
1.454676006513530240e+02
-3.942102819334285613e+01
-1.300736298179207097e+03
1.675842479765577480e+02
-8.474791354521531161e+01
2.214598090399084072e+02
4.725258764870574169e+02
-2.151165863061545735e+01
-6.680880784603900793e+02
1.663695308856689508e+02
2.204436850159386836e+02
3.967023167796184566e+02
-5.327291406338560620e+01
2.047723919192567337e+02
2.851563895916476667e+02
6.558416200995820589e+01
-4.282479859884342090e+02
4.766042877309374148e+02
6.525217316423128295e+02
1.993989183187965182e+02
-1.361056403745053558e+02
5.786778266978228658e+02
-5.136839661816134139e+02
5.909841506924381065e+02
-1.283171567274625602e+02
1.694404316345999462e+02
3.162178325680375792e+02
2.531547487783197425e+01
-2.199143115943746096e+01
5.016636325219539003e+02
4.149056436438306719e+02
-1.332049534938984721e+02
-1.604811153696221027e+01
7.382131810838474166e+02
2.709443136178986720e+02
1.612952199305045298e+01
-1.114488198229337286e+02
-4.199913360942225893e+01
2.465652052080646399e+02
4.201157835750019558e+02
-6.590317445558753207e+01
-3.067874348844870269e+02
3.527036867565581133e+02
4.587544877156662437e+02
-1.835459581279366716e+02
-9.862660472609709927e+01
9.771082399343123370e+01
3.210982886078055571e+02
-1.245390906555251718e+02
5.416008497512198261e+01
3.900777364173058004e+01
-1.289530736232554489e+02
-1.191759527360275968e+02
-2.257030503179094296e+02
-7.916299592939460581e+02
1.172721683495575746e+02
-1.016115435859691729e+02
4.075771365566557591e+01
2.098754927237076231e+02
7.838486056683616710e+01
2.132385287923828798e+02
-4.652752147241134821e+02
-1.082822891458519479e+02
3.923602881786732155e+01
1.414067850640777237e+02
1.947194042249973336e+02
1.641421129406519697e+01
-6.613345858397158281e+02
-1.127247134866564267e+02
3.223832158332141375e+02
-2.696259804771499944e+02
-4.189508539823549995e+02
9.739478084049699191e+01
-7.714266768868641577e+01
8.077559865891769775e+00
-3.135216368125680333e+02
4.325438678809640010e+02
5.145648467681549931e+01
-1.845909209358395628e+02
5.313856656825138316e+02
-1.086413967484354970e+02
-1.611029386275167781e+02
-1.712422444642150765e+02
-3.945125303439921822e+02
3.086291130049279445e+02
-2.343285092592286105e+02
-1.099640018059891418e+02
3.008110514943169278e+02
3.993206826040118926e+02
4.295471795767770828e+01
-9.290764578430760423e+01
4.278416405353783034e+02
5.484625437707071569e+02
2.740394517307284445e+02
-8.386875313265839793e+01
-1.258478048893695416e+02
-4.930110387090577007e+01
9.543737522973975373e+00
-3.047247880514760254e+02
1.485155160689432137e+02
-2.827287117110942063e+02
-3.089154370481559226e+02
-1.723472471844443987e+02
-4.022506471853156427e+02
-7.369194589625348613e+01
1.320178972498711722e+01
3.191299228693825967e+02
-4.044503204177946998e+01
5.705734042264246852e+01
3.323659967498969081e+02
-2.985643599047760972e+02
-2.284586810666022245e+02
-1.191070763244226960e+01
-3.006677144794107903e+02
2.999288382340733961e+02
-2.060196142808743502e+02
-3.206712906720738943e+02
-9.036276495032289802e+01
-1.193912321743187555e+01
-1.463517374546865426e+02
-8.178355334831265111e+01
-1.486608343396941052e+02
-3.851935640402277841e+02
-2.971802757194193418e+02
9.026437733639852468e+01
7.387829441237141737e+01
-8.768883749848438924e+01
2.083165495423224343e+02
1.735824604058322222e+02
1.825536500925937560e+02
1.304378059263418379e+02
-7.418844714391202899e+01
-6.356563055746721602e+02
-7.819134876862712247e+01
1.176048142892060753e+02
-1.398947309462966189e+02
1.588494908202635543e+02
3.426438757543447764e+02
-1.048350220008243525e+02
1.011236162414359967e+02
1.820854938917143215e+02
2.540125247654515590e+02
2.749867255229410716e+02
3.169458984426898382e+02
1.138695084170405991e+00
8.305943767117666710e+01
1.372848397803171281e+02
-1.982437110550517545e+01
-3.024452851376150875e+02
1.295474530724673912e+02
-7.814746425870171720e+01
5.179522073563507547e+02
-2.236859612880534200e+02
2.352507867218543538e+02
-3.178264721163366744e+02
1.594126172233420107e+02
3.502056774592455781e+02
4.039604677752743100e+02
6.225823994660297700e+01
7.542752717166928278e+01
-3.484181010111671384e+01
2.885852933988429072e+02
-1.136998916260670853e+02
3.099555299461641766e+01
4.408537754292652266e+01
-3.321499626420711593e+01
-1.235721356991964939e+02
4.509576686004306367e+01
-1.333741720048676029e+02
1.779133704313717033e+02
-2.212491217407542194e+02
3.763909745628175756e+02
3.835809407236113344e+01
9.375816569960691993e+01
4.214556297967049403e+01
-1.771684399387465874e+02
2.883531482064393572e+02
-1.048371567503780000e+02
2.269259105349747188e+02
-4.222830496197050110e+01
1.037065946932635114e+02
1.487326657632378897e+02
1.658835073530399313e+02
6.533717576964551021e+00
4.810191967019189008e+01
7.558932175022404465e+01
5.856585675604778629e+01
2.329994695803647460e+02
-7.434802407523974921e+01
6.190342913795067403e+01
