-5.841027148989549460e+03
-2.014219948837663878e+03
3.401649389202990733e+03
1.278243612286587677e+03
1.954677405148888965e+03
9.109202813416198978e+02
2.934197891116454002e+02
-1.684719445018394481e+03
4.916916067544374300e+02
2.089108590348442362e+02
4.704741900143010014e+01
-1.749268643473540124e+02
-1.374504157079109973e+03
3.188066213009821240e+03
1.145678914739330594e+03
-1.447663760179783822e+03
-1.231727928559267440e+02
1.978526679922032145e+03
2.450238243346031140e+03
-2.503763843233901753e+03
-6.550053873990474358e+02
3.428511108382807748e+01
-5.958319149017323753e+02
9.232799301731860169e+02
-2.848857179717576287e+02
1.584145697530058214e+02
4.268717965598855244e+02
-8.753629678621208541e+02
-2.038419743401048834e+02
-2.720188657769776910e+02
-7.129562662890384672e+01
2.379586146314154327e+00
7.234703285897718388e+02
9.732650377130264587e+02
-7.951858904863478301e+02
-7.419096329542874173e+02
6.175260966903231292e+02
-6.804693495056725396e+02
4.419661235500432213e+02
9.070684387350062252e+02
-4.529931787071770941e+02
6.448492988909462156e+02
3.843372458256296795e+02
-4.849533389856392773e+02
1.062157835943125690e+02
1.039894944194477411e+01
8.170567930340813234e+01
5.923542717941214732e+02
1.181273927133308689e+03
2.258737145608467927e+02
-2.878675194345731256e+02
-1.211418941952040768e+03
-5.161752554043878405e+01
-6.757348927719651499e+01
-8.905910846091124711e+00
1.772907905435453131e+02
5.821690629966091137e+02
-1.051684526671481379e+01
-3.690642340447450351e+02
5.201660139587067988e+02
-2.535984267345015439e+02
9.011999189251952203e+02
5.655073045931009119e+02
8.619056331587719342e+02
-8.901850033680798333e+02
-5.978322357796489683e+01
-4.503459587862039371e+02
-2.870495996072198182e+02
-4.082936654934981675e+02
3.949124816652608843e+02
-1.020687030494294447e+02
-5.029042533981629504e+02
-3.246802187009222251e+01
-9.124192309958385749e+01
3.257142093055351211e+02
-1.700607784782821170e+02
3.836385568189073325e+01
1.733114845827204533e+02
8.673804425491323400e+02
-1.232879014325277240e+03
-5.221423828126117996e+02
6.464238714553145826e+01
6.505640898555445517e+01
-9.760610470835800356e+01
4.026363839404357350e+02
6.240790886260585779e+01
-4.326442959895911144e+02
-1.678078421295599654e+01
1.733959211149677060e+02
2.460007774921631380e+02
-6.010007447296893588e+02
2.257532235646239087e+02
1.825528798249684428e+02
-4.013488434117199972e+02
3.616766219241113163e+02
4.084542227087255810e+02
2.434887491009767047e+01
-1.432018773046367812e+02
-1.976444372656628445e+02
2.502092156740673090e+02
3.332047270776308778e+02
-7.432933231688558351e+01
1.671460475006674358e+02
1.671390314540003601e+02
-3.051143074201748959e+02
2.537296668936508865e+02
3.154943951113022536e+02
2.315696951194977942e+02
-1.308659852138193003e+02
-1.134960547726135758e+02
-4.012354079063713925e+02
-1.686952441305546984e+02
5.157271346767308842e+02
-3.250533359054628590e+02
3.034240505648045314e+02
1.821184326809094145e+01
-1.517061101875031568e+02
3.295411152572331730e+02
-2.689487190476806404e+02
9.961480484958470072e+01
4.809354731373149860e+01
-2.587405714765828861e+02
4.296454165823666926e+01
-1.409622137169489520e+02
8.865433158329756225e+01
-3.668180550506079953e+02
-3.444175135656357156e+02
-2.038889081358086344e+02
-3.280124675952726534e+02
2.549748211507402971e+02
3.047936089441342347e+02
-3.700174428426936970e+02
-9.855906397161014354e+01
1.461768376342069757e+02
-1.665705469619380779e+02
-4.564242670049275574e+01
1.288247383344558727e+02
3.778855956508043619e+02
-1.797879191130788286e+02
-1.123155243119743290e+02
4.290975576364098174e+02
1.574331826807485015e+02
-1.377664278989877999e+01
-3.652504512388505020e+01
-7.714884482552939460e+01
1.158183618014175131e+01
1.883034196025419647e+02
6.398237272171775913e+01
-2.895002697623621088e+02
3.280657612676079680e+02
-7.344897002282105802e+01
-3.756363997456912784e+02
-2.910999987775086879e+02
-8.639458942748636616e+01
2.316705932787623468e+01
4.028186621856052625e+02
-1.708195029044018156e+02
2.113217468258029612e+02
1.947169693669323465e+02
-6.669173414765593577e+01
6.980510660026251912e+01
-2.669759885119718774e+02
1.530219364250881142e+02
-1.425472026994311037e+01
-1.908463575968865955e+00
-3.189873526242922708e+02
-8.942922041196099769e+01
1.280417458787424323e+02
2.399953534381849636e+02
5.170908582008247834e+01
5.522893660435741481e+01
8.253393380399602108e+01
-3.010875120146347967e+02
1.005325946250638793e+02
-4.009508989221374122e+02
-2.313899841064989573e+02
-1.363499524401696306e+02
-2.690412660822865405e+02
3.091438950687717693e+02
-2.833597954064793356e+01
1.243095342620213160e+02
-1.369446935354099537e+02
1.155072526616134638e+02
-4.346556382806912033e+00
9.289534344643038821e+01
1.412845977821158669e+02
5.535557102625400461e+01
4.946590482067998096e+01
5.044943420498143638e+01
-2.006722415769514782e+02
-7.891611813139204124e+00
-4.039491266863050782e+02
3.111063958771288540e+01
-1.960183638510121398e+02
1.252978147674488412e+02
-2.486753278870136512e+02
2.055555907158693287e+02
-1.289310286638162211e+02
7.031121003675316672e+01
-1.849728760429830459e+02
8.805595827033494416e+00
-7.931005356418762631e+01
2.543330321808268568e+00
-4.278821142416719425e+01
-7.197444003213389507e+00
-7.499577091329383904e+01
9.275088905068639633e+01
-2.060360319940864713e+02
8.480320278223850039e+01
-3.235386117083647832e+02
8.808968751283767062e+01
-4.505973870941825510e+01
-3.033552321737430901e+01
5.798598346129771208e+00
2.137686360416344939e+02
-3.815061798959726502e+01
5.069765573177415519e+01
-8.376809793912578073e+01
-3.310097740130483146e+01
7.435290888333500448e+01
1.711075940886684634e+02
-4.665461870044064341e+01
8.786805889121013990e+01
-7.586884967878130226e+01
7.226321141081963617e+01
1.499131623050211459e+01
-1.504066269197201677e+02
4.921826325270556524e+00
1.072567269285602833e+02
-1.945948593254072989e+01
-5.864245654455368850e+01
-5.056760010572592279e+01
-5.303660530743378132e+01
1.486992935128988336e+02
-3.091236112552915305e+00
7.068373374498230532e+01
-2.106293030491076479e+01
-1.599850824239872438e+01
7.924294947180921156e+01
1.807888517022673014e+01
1.195635270392982079e+02
1.504947726012407827e+02
-5.390938694758583338e+00
1.875148437358982108e+02
4.404102878121210551e+01
-6.289368106759750532e+01
-5.546321934620100791e+01
-2.132009752750478171e+01
1.370897440612709204e+02
-1.627945024582790552e+02
-9.219088995339956227e+01
-7.803695977048332288e+00
-6.856182350469025266e+01
-4.943825835293648652e+01
-2.080853925404443032e+02
-1.233662724636740933e+02
-1.904056292110758264e+01
1.614138363409961485e+01
2.369186917649492727e+02
7.174924605060185456e+01
-7.816378969809264277e+01
8.066705272655093495e+01
1.000638050932691847e+01
-1.053958963320657602e+02
-3.392828635115694169e+01
3.792102822829364328e+01
5.989869157216387130e+00
1.860914632516555116e+02
1.883331407435219162e+01
-1.281261414078272196e+02
-6.390756250062177735e+00
8.824680492622252359e+01
-7.111421131403706397e+01
1.085266266238020592e+02
-3.627522252543013792e+01
-1.807382692488486953e+02
-4.908423934213168138e+01
-5.197247943314841478e+01
1.214026957835260667e+01
7.130473597879543490e+01
1.141203292552474551e+02
9.731233719562850126e+01
-1.358718773531380997e+01
-4.352354027048468765e+01
-8.669562171633127434e+01
2.859981892944588111e+01
-3.247751628913297850e+01
-4.764326509287769795e+01
-1.179332291651014373e+02
1.603887716433708022e+02
-2.660598931538933787e+00
1.660778171200651059e+02
3.735273921368643357e+01
3.117695829569562704e+01
1.249457074361730520e+02
2.349447001450846528e+01
6.366056663848699060e+01
3.928479544428608250e+01
-5.977268793857913209e+01
-2.695566616742050670e+01
