-6.818411704980549985e+03
1.827899535525625652e+03
3.451751909980687742e+03
-2.531849542028005999e+03
2.388265313600730678e+03
-3.842721732063677820e+01
-4.922148948111550908e+02
4.643604153180370275e+01
-2.229333634190930752e+03
1.468690585284254894e+03
-5.932080047682710244e+01
-1.181395189787807340e+03
1.411629709800280807e+03
1.448313861428133123e+03
2.322460815684712088e+03
3.575725151265798445e+02
7.956551444516269385e+02
1.169524919257630700e+03
1.662413168446795225e+03
-1.128731969617737604e+03
5.449514586573729780e+00
-1.008227730137574554e+03
-1.459085639924889790e+02
-2.972366244973821949e+02
-4.430605073006084922e+02
4.875330910916595712e+02
-5.634389288137512040e+02
-1.567747016325596178e+03
6.615237334020293929e+02
-4.374169121973352503e+02
1.678789125981529878e+03
-2.345173859367871501e+02
-9.828072997382279254e+02
-6.206248106118334817e+02
4.458419470220186440e+02
-3.154070082816223248e+02
-5.799697249133463401e+02
-1.756706462989686770e+02
-5.027060122564853373e+02
-3.828245857598026305e+02
1.754923352954018355e+03
5.798973271714245357e+02
-1.314190055162795943e+03
-4.999995874801042532e+02
-7.997794266494976227e+02
-2.060846199014991669e+02
7.641051289010026437e+01
-4.251182127096199679e+02
-6.320620505930185118e+02
3.489134482260536885e+01
2.044515651457708429e+02
-3.931396086707009090e+02
2.754317807198018500e+02
-7.478557843851566531e+02
-8.564599933287224758e+02
6.586113986970199221e+02
2.309821902552685913e+02
-5.131187236671267726e+01
-2.340433242608090723e+02
2.561829391043220880e+02
6.868383545240266130e+02
4.703441170280424899e+02
6.552439305458550223e+01
4.530356138671222084e+02
-5.102982485444438794e+02
-1.095371110718048016e+02
2.356787818912769694e+02
1.139350639239263216e+02
3.225637876328950711e+02
-1.400668848947433673e+02
-1.785963156503637776e+02
1.192569032250800234e+02
7.838741081386385758e+02
-3.055546694198504269e+02
-1.308200452138481751e+02
1.128869849265105074e+02
-3.860482569567082010e+02
4.251905187143311196e+02
-3.516958358795557729e+02
1.206359671968734517e+02
2.505497833142964907e+02
4.025853938246365260e+01
-1.605841981271545649e+02
-5.254010951455109080e+02
5.857976851956360775e+01
3.534881440428342785e+02
-2.489511273849212500e+02
-5.158013054485347766e+02
-5.189498093965931957e+02
2.972417449655659425e+02
3.183374979668780043e+02
3.927860629573539768e+02
5.493751599845704732e+02
2.482159494914305355e+02
1.463215167534278294e+02
6.488138835785557035e+01
-4.816594508467415636e+01
-3.908453771121750151e+02
-4.590722336587774066e+02
-6.411588442925263109e+01
4.221915044705675513e+01
-3.744252594180913434e+02
-3.952136585367121029e+02
6.299664533668317290e+01
-9.813046856431969900e+01
-1.882545256228117481e+01
2.378393971631365673e+02
2.276977060074926129e+01
-3.248532850196187951e+02
1.604613336692678729e+02
1.632699329903982175e+02
1.046161415321396788e+02
-2.441317251330534077e+01
9.030873731211408995e+01
9.118035229038525813e+01
-5.584391881854955386e+01
1.658954495710996753e+02
8.450745187913059908e+01
4.340991640173901089e+01
1.156586377852632950e+02
-1.402433987611514112e+02
-5.746395155857428705e+01
2.835905263831139109e+02
3.442257300512861207e+02
-2.229320199926735597e+02
3.156662125208686387e+00
-2.553738456782126889e+02
-9.113435327387279017e+00
2.053757022302019379e+02
1.492143634358193367e+02
-1.008377983310894344e+01
-5.207140852416569032e+01
2.273159594916040476e+02
-1.353864757112648078e+02
-1.374478175073506350e+02
1.219998566849337465e+02
2.768582388366454552e+02
-1.470979565694277937e+02
4.751153521974646310e+01
1.750117178025840872e+02
-1.223469142637710974e+02
1.179714598254657432e+02
-2.314743420411849115e+02
3.001928166748723470e+01
1.453519336676055786e+02
8.942305187249148801e+00
-2.277158649154591785e+02
1.949143138716829924e+02
-2.297374407730402197e+02
1.458918224770045242e+02
-1.214684615733496065e+00
-1.453839981571976523e+02
1.860265529766526527e+01
1.955138275371794521e+02
-1.983292547863715640e+02
-1.272942070068240099e+02
5.633064806846224570e+01
-1.139560777499928150e+02
-5.414738721820665290e+01
1.285226953504945584e+02
-2.432057702313850811e+01
-1.985593463488550725e+01
-1.022480722411325758e+02
-7.618105010065733040e+01
1.310063337560225705e+02
-9.823335969568202586e+01
3.601907499981570737e+01
1.281089650967177533e+02
-1.850211380218347017e+02
6.194553509565351135e+01
1.137585473788611665e+02
1.607232638263236311e+02
1.604292657130645061e+00
-1.151445329076735504e+02
1.342752296396397185e+02
1.266735358150734925e+02
1.193762541763409075e+02
-1.263291151043807403e+01
-2.303769748969365878e+02
1.529032711332864949e+02
-7.271259780017103935e+01
3.745143700384945618e+01
1.582795466507811852e+02
2.483411162909521153e+01
2.229366692415319307e+01
1.946337650365177296e+01
1.268071353585509264e+01
-1.376369463000375504e+02
9.838258055309771066e+01
6.040006725542188804e+01
4.273197047877487620e+01
2.285014709267804562e+02
-1.258983122754150372e+02
-4.684358441220293656e+01
-2.995895963672556839e+00
-4.957337045062643455e+01
-6.167796284111753380e+01
3.852793736258788471e+01
6.720606913282084349e+01
2.288686126168436985e+01
-7.215401519139250297e+01
6.580151571629197349e+01
-1.093397991512314604e+02
-7.358868852352183865e+01
6.716419704259432422e+01
2.238147270344873618e+01
4.379858481228473721e+01
-3.633763024808264674e+01
-2.527384370174742045e+01
7.294635692550113504e+01
-9.304736623330789769e+01
-6.564670803728039061e+01
-6.539055227584077201e+00
-3.384027212668199525e+01
-5.261682688014559517e+01
1.253350541876965991e+02
-6.676014215181895395e+01
1.044164555321743215e+01
-8.115263484494627733e+01
-1.577821896077157930e+02
-1.329596849283756228e+02
5.158151994280045116e+00
4.181716621034836123e+01
1.037657351738284746e+02
7.787709912546064572e+01
1.982945270429413265e+00
-4.289396274118062280e+01
-5.659780058592488672e+01
9.403401547487561629e+01
9.406092793980278088e+01
1.164738344910672474e+01
-5.717532786909458054e+01
6.702833171875464302e+01
-3.805239433847265929e+01
-2.350777150152750394e+01
-1.278703599050032409e+02
-3.312800674044716231e+01
5.266290661979243026e+01
-2.154914087015892576e+01
1.443986020344262933e+01
-8.533384063065867053e+01
-9.741135838115540935e+01
-6.303013720940325015e+01
-1.541676467035444809e+01
8.554991064513481902e+00
2.669558405893439712e+01
-4.123602107495128877e+01
-6.117467472740091949e+01
-9.654973276285224415e+01
6.196956365542089884e+01
7.458948657340991772e+00
-8.505664087912384597e-01
-1.187635906409497579e+02
1.640549514094911387e+02
-3.746003885456334359e+01
3.942921983951222842e+01
-8.922640687775309232e+01
-1.259865193150682572e+01
-7.493146727818032105e+01
7.304734299316756108e+01
-7.075399499218010924e+00
9.689389679145810419e+01
-1.507938491308920348e+01
2.591711737058055576e+01
5.171140621301935880e+01
-1.199095543831712085e+01
-2.337854656418421584e+01
-2.577903077801257936e+01
4.428419209172244631e-01
-3.707408992440911710e+00
-3.658394331870430705e+01
-8.694233974431096357e+00
6.808675963234020401e+01
2.836301133691404885e+01
2.819104317456468323e+01
-4.675667383378599595e+01
3.512284815080525924e+00
-1.783923894532595256e+01
-3.569166432935313082e+01
-5.720625389124654703e+01
-4.896229547947898197e+01
-4.466748946820995059e+01
-2.497044999926249886e+01
1.688987657246862284e+01
1.694522052070949769e+01
-4.430505969409420430e+01
7.431335970280254344e+01
1.300846719623251779e+01
1.248578081965445286e+01
-4.713125427378798094e+01
1.277340067759405429e+01
8.559170456413617956e+00
-6.973397766234641892e+01
-1.433030201467594544e+01
3.066736731689475448e+01
-5.039246534278797185e+01
-5.036370682733686266e+01
-7.642080919416905260e+01
-4.713980465073134241e+01
-1.087020426042551513e+01
