-1.311420359428547272e+03
-3.482828643563511378e+03
5.071894041050045416e+03
6.040057999265238777e+02
-2.961477319121302685e+02
5.701408813666620517e+03
2.942902728215353818e+03
-1.041919953556154042e+03
-6.693128967675786498e+02
-2.052596560734404648e+03
1.185375089186010882e+03
1.791251123049542571e+02
-2.331695481297282640e+03
-2.810785383835324751e+02
-5.185625851669655049e+02
-8.299828077776692226e+01
1.001170297180449779e+03
-1.141887430817955192e+03
-1.720366893679823306e+03
3.376228087614568722e+03
2.472515612352101016e+03
1.392600963795558528e+03
1.374681785003023151e+03
3.833347315241262550e+02
3.939553433698814615e+02
-1.099498489021069645e+03
-1.263151935858446819e+02
2.774455301569909807e+03
-1.763164371294513728e+02
-2.051002842689250087e+02
8.306795187730164116e+02
1.174053969577766793e+03
-1.459709871090781462e+03
1.588028579629566082e+02
1.885175505534878539e+03
-3.128539234097850112e+02
-1.093574764508382941e+03
-3.634296999064057445e+02
8.946138081319418234e+02
7.419320105360617390e+01
-5.391368184149430363e+02
-1.545132200766664482e+03
-5.381590585871728081e+02
9.459348988511959533e+02
-1.436777373583400674e+02
-1.652647487101851084e+03
4.871341478479087073e+02
-7.259403712387258167e+01
5.763599136568017229e+02
-1.154009251512600940e+03
8.072916074108828752e+02
1.989021787534109933e+02
6.317241268694358496e+02
-1.451165739630649796e+02
-7.805376285175085513e+02
8.181817812600974094e+02
2.353132597533270314e+02
1.405482937951125564e+02
4.411007064145170489e+02
1.145463696205850468e+01
3.779234262344127870e+01
6.022848987601144017e+02
9.877707558261138843e+01
-5.987609505863698587e+02
-1.137373415024595289e+02
-6.016604023908142835e+02
-6.862310099886202579e+02
-2.216881013237067748e+02
-1.993264118441917105e+02
-1.693740184581955361e+02
4.662025443512671927e+02
2.765546257354056934e+02
-3.741967246770194606e+02
2.523099596832427665e+02
-5.603529879059040013e+02
1.574631413491046033e+02
-4.066282170821705790e+02
-4.485279330315363495e+02
-3.724288488753615525e+02
4.966154528015120491e+02
-4.802038359028722425e+01
5.200748209918871368e+01
4.239335190342496844e+02
-2.520745240430777301e+02
3.415298429122343578e+02
-5.178092976413934139e+02
-4.479222567740216618e+02
-1.640707369201516883e+02
1.134395747700318537e+02
-8.689751206034820541e+01
7.017864862882450439e+01
-3.992062799652276084e+01
4.078037335423302352e+02
3.556068098623936748e+02
1.000087254756671314e+03
7.561303163087966368e+02
-1.863009352287748754e+02
2.147337434204516526e+01
-1.269696885038578529e+02
2.708852463236650010e+02
1.567335143998522540e+02
-1.626590955656882898e+02
-3.654601422368056660e+02
-2.220793194551654892e+02
-4.238834688394763930e+02
-2.357656665325034453e+02
-1.967398430306116097e+02
-2.718685282462437840e+02
-3.504124427686590479e+02
3.299594222732342814e+02
7.149322953411038384e+01
-2.279256512298890414e+02
6.418943339828786065e+02
2.718710259337174406e+01
8.164754484392118457e+02
1.332025933657634766e+02
-4.035303220413709369e+02
-2.847770670510877835e+02
-3.664065536447636759e+02
-5.607838821011862365e+02
6.513049655142099255e+02
1.360941329633471355e+02
-2.463755280669755976e+01
-5.651928238798791426e+01
3.770740429523986563e+02
3.682507521017337240e+02
-7.268603194892625652e+01
4.353203761533623037e+02
-3.371758871951560650e+02
-5.341372890214346398e+02
3.451685351556088222e+01
-5.668953366456969434e+02
-2.232848639030233926e+02
1.577535066170181608e+02
-3.944693860294598267e+02
3.630810672643843162e+01
-3.047063614613285267e+02
1.849647155942602872e+00
1.761965873101512727e+02
3.625681035399916396e+01
2.699422658103664574e+01
-6.188332260344473923e+01
2.737593513835496992e+02
-1.766626228966682390e+02
3.727438004783371284e+00
1.839666708884832644e+02
-3.698362094976152434e+02
1.088650363188640746e+01
-2.892203579958343767e+02
1.155552485619453051e+02
-1.386364019592507475e+02
-7.188405878918466385e+01
2.402755385544172384e+02
2.997419988691193566e+02
-3.171021725690043240e+02
7.579390728421823553e+01
1.493169251869967695e+02
3.795361736693701005e+01
3.143656143121235118e+02
-3.177432511194597851e+02
-3.870728300467466170e+02
-4.230830478221010793e+01
5.826010842217951335e+01
-9.263893871226265730e+00
1.325952856459167606e+02
-1.412650960762011891e+02
-5.716628693264591732e+01
2.302743174068781400e+02
1.341354955730269580e+02
-9.426657961384854900e+00
-1.487910940632667121e+02
2.086003647537075381e+02
-9.997681369962919007e+01
7.964788268931100390e+01
8.811120146730327463e+01
-4.969833640604105796e+01
-7.092048111860282233e+01
2.385065645401616905e+02
7.669007288092896601e+01
-8.074007490250605201e+01
-1.703575662633390664e+02
1.789726817002828625e+02
-2.506296252910216253e+02
9.980971762890312959e+01
2.185449246089241342e+02
-1.678508362590226000e+02
-1.993983082311387989e+02
3.943394858346637477e+01
7.514322341849329234e+00
9.456853407665947842e+00
2.879129372432733192e+01
-9.537219471966608353e+01
1.062115235118943701e+01
-2.169231337604522594e+02
-1.233835493598940047e+02
1.263312477384796040e+02
-2.225188756883657959e+01
-1.062297227982258718e+01
1.871227840991356288e+02
-1.869766659538284443e+02
-5.425686872976072550e+01
8.229006954074174018e+01
-1.013231976479269605e+02
8.508662372581656541e+01
-4.284347635468358106e+01
-8.436205793942876952e+00
-1.631688761886307759e+02
1.369492834146226734e+01
-1.895765259689964921e+02
1.971389987464032174e+02
-1.582961050144792736e+01
-1.336446410703984782e+02
6.301306199833178567e+01
-1.309696049489941458e+02
-1.250114449014005515e+02
-2.947344039318678099e+01
7.494617789323226020e+01
8.207040954612138250e+01
1.766495927287621726e+02
-1.581227630833905664e+02
5.902610664328418011e+01
1.177084627019073224e+02
4.867334874340397732e+01
-1.434266252005995490e+01
-1.257133114705358139e+02
1.450511089748807159e+01
1.327647658160663013e+02
-1.823521071466204191e+01
6.336077112412267098e+01
-1.653977226543799475e+02
-1.557651510221543134e+01
-7.602341255214284388e+01
-1.153584130967746013e+01
2.281440565246790797e+01
-1.142018221086868266e+02
-5.111366093180478032e+01
-4.508801807989208044e+01
-1.220306636300020813e+02
6.035561465178794549e+01
9.202688396591547360e+00
1.528611884778883478e+01
6.911666992556396849e+01
7.241673906698922281e+01
7.838026432009554867e+01
1.139733271168684610e+02
-2.080930617770473248e+02
5.958379610189723508e+01
2.961591374338028615e+01
-1.707394551244625234e+02
-2.041754935474893102e+02
-5.663721712033498079e+01
-3.802868399187578063e+01
1.435645867485436895e+02
9.629845456843524687e+01
5.095486543001946922e-01
-6.405443232700381628e+00
6.848897553459670107e+00
-2.035076039609932153e+01
3.135294631254257425e+01
2.305887961132447472e+01
1.330783449009819286e+01
9.361682835281075654e+01
4.217854946209688194e+01
6.479500933280391450e+01
4.323526507947842390e+01
6.821233367987049157e+00
-8.328389759150557836e+01
8.837090324137790276e+01
-4.036129158506443559e+01
4.523042421273276403e+01
-5.239012773886268626e+00
-3.524731115091883993e+01
7.607403710267332997e+01
3.966787481371501656e+01
-8.528500805938102758e+01
-6.537167268515263174e+01
5.271822841263022497e+01
1.627539667387949294e+02
5.383785123037199583e+01
-4.131519179077541537e+01
9.084095779357235756e+01
1.378218514303687527e+02
4.202479070759218871e+01
4.260767312935376339e+01
-1.202479159177047592e+02
3.503379460004652640e-02
-2.172888240847053787e+00
2.324785686368705484e+01
-9.346422788946201266e+00
1.425364323144707726e+02
1.284715323353013900e+02
6.881162555670103131e+01
1.706353685522513786e+02
-1.095532457897545555e+02
6.309474914763764986e+00
-2.336755966842580534e+01
-4.233200840013571309e+01
1.217284896352176560e+02
6.043009931088813147e+01
4.466321133778495778e+01
