-4.227772133076348837e+03
4.559464923674726379e+03
4.289922543709977617e+03
-1.986138202283187411e+03
2.168652154836732734e+03
8.412403130345815043e+02
-1.385192385358952379e+03
-8.854046234198118555e+02
-2.365095478743158765e+03
-8.151891644885496362e+02
-9.069081477650989882e+02
-1.610756683720173442e+03
4.782138180474518663e+02
1.677449600844386396e+03
4.569324780775780255e+02
-3.300806095195615342e+01
-6.269024878169304884e+02
5.402221322089189925e+02
5.322667923382848585e+02
-6.645330495603934651e+02
4.677757541588772483e+01
2.140041130032735452e+02
-1.510893252978011958e+02
-4.206119088933430703e+02
-6.044540007497706711e+02
1.035547928781344808e+03
-7.445841861463767373e+02
-2.540292645375710379e+02
2.133385293334684150e+02
-2.392376067957350472e+02
1.232187687947191989e+03
-4.184097911608235449e+02
2.595154343962638563e+02
2.810156576858702806e+02
3.018414965749155954e+02
8.950443727778042557e+02
-1.400979104196817104e+02
-7.270185729405380926e+02
-3.146834487924164705e+02
-4.113694743626068657e+02
2.369049163139472114e+02
1.096783475386101145e+03
-1.014181125053434585e+03
-5.278128117000725297e+02
-3.941824883539041480e+02
-1.439620721052135934e+02
4.050350876389028940e+02
1.855068983127531226e+02
-6.331650368506241193e+02
-3.010143438182516320e+02
2.080962932519217077e+02
-4.034231446615744971e+02
9.570901295794004682e+01
1.066713934271097202e+02
-5.999461685425605992e+02
3.799656412250482163e+02
3.234795017606570013e+02
1.232938797162311317e+02
2.327237333671116062e+02
1.623271308995572610e+02
-3.783095253479924622e+02
2.977119716896256136e+02
2.395741882745121387e+01
-2.193273778485972159e+01
-4.055472507683448953e+02
3.504011342036037036e+02
4.902110880885086885e+01
-4.396100389472074426e+02
-3.823550323619800224e+02
-2.992284944854435480e+02
-6.250781938745861908e+02
2.996035154983801618e+01
5.238910072315545108e+01
-5.905268510932054369e+02
6.486951803026212715e-02
6.667377940400315310e+02
-3.780609731410381187e+02
-1.739843359876261957e+02
-1.520903811307856017e+02
-2.143911467569953970e+02
1.541148763390993679e+02
3.741907042931049254e+00
2.583802742241044470e+01
-9.003697394514759367e+01
1.013963542702947151e+01
1.021461101358522257e+02
3.112000342830125419e+02
-1.586729190908389739e+02
-2.650855276621568919e+02
-1.497803030377269273e+01
4.043499346336960798e+02
1.825882702805027122e+02
6.502053754469017122e+02
-3.358044904133880095e+02
-1.835251269093100177e+02
2.782921422858423171e+02
1.630549699330354940e+02
-3.346687054562829076e+02
-1.661337888565195264e+00
-3.823054948762995764e+01
-7.669956570723648781e+01
-3.033400776980286651e+02
-2.288356390593627339e+02
1.421591379455068420e+02
1.311403211114392207e+02
-1.198836679056438612e+02
-1.251991932068440434e+02
-1.016942640991782554e+02
-5.514487299586512847e+01
8.764163776609580125e+00
-2.316271582329703733e+02
-1.638494731533311040e+02
-1.659003905761480269e+02
-9.256146821401986813e+01
2.674076213242715312e+02
1.404885723072801795e+02
7.249791178932350988e+01
-2.814603731958320054e+02
-3.581197934245668790e+01
1.604679364128676866e+01
-1.842103009878499051e+02
1.074577919080644328e+01
1.433117434175659355e+02
-4.688988302151471288e+01
9.399561347577733272e+01
7.548270426814731593e+01
-1.739931071915353584e+02
-1.394193232501245916e+02
1.124149735545736633e+02
-9.487302104092254496e-01
-2.163222022369187414e+02
2.610543923711669549e+02
-9.423630339278669510e+01
2.079512137687179063e+02
1.343129233394069644e+01
7.132712746467450415e+01
1.362583017456919947e+02
-1.428554602631225805e+02
3.237440007025298172e+01
1.883383438091876272e+01
-1.702781628047562492e+02
1.825324848259725385e+01
1.738373920854655239e+02
1.526238939193873136e+02
-8.514751438987092058e+01
-1.488449815337192774e+02
-1.930586577014609873e+02
1.286173023036955101e+02
-1.386154444785195778e+02
-4.439575270128484874e+01
8.370278943290117013e+01
1.664195886671751055e+02
5.273424159603043648e+01
1.229043997317025685e+02
-2.892979137744617546e+01
1.385327732437516488e+02
-1.811403333796473802e+01
5.956143915794993404e+01
-9.923223823525449916e+01
-1.392980331531043419e+02
5.802562433422627919e+01
4.913300630526010337e+01
7.945138985062136783e+01
-9.491864474472322399e+01
6.645352767324914922e-02
2.140995964421945530e+02
3.678690311366347743e+01
-5.796850940854787382e+01
-1.876253078294091097e+02
1.071755924876973296e+02
5.392803672104815149e+01
-2.534224272206566013e+02
5.609364554496632138e+01
1.161998682280676718e+02
2.180675206210997530e+01
2.057352008368479233e+02
1.042472353240370495e+02
-6.570828531152278629e+01
3.142062601189672932e+01
-5.490052215931807211e+01
-8.793481022579737783e+01
-5.142683560507131091e+01
5.375134701988892871e+00
1.023173722051214725e+02
2.468882270706026105e+01
-1.538797384656969314e+02
-8.880464487846198551e+01
-1.105475724990816389e+02
-4.243461102177011668e+01
1.089845055525180015e+02
7.149060400753286615e+01
1.763025320969788012e+01
-1.357642490465326830e+02
-8.627289691062428290e+01
-4.657032410786674603e+01
-9.829277274217409399e+01
-2.860207557821520368e+02
1.385710922888731211e+01
6.495117591722025452e+01
-5.172326341905819191e+01
3.319492432850360331e+01
-2.122504099448405057e+01
2.760527846883690017e+01
-5.280275838296719115e+01
8.512692188993891307e+01
-6.724187977167211727e+01
4.575244406382931395e+00
-3.010887433996431284e+01
2.145805255903287545e+01
-1.084332320808622541e+01
-9.796179566602195621e+01
-1.806711906495382891e+01
-6.620434819670919069e+01
-5.891298879084931883e+01
-8.290730614035832957e+01
-1.748838923193028450e+01
-6.284607854059313325e+01
3.033176836273591448e+01
-1.135665533605013877e+02
1.117901556180596003e+02
-2.288190911701527170e+02
-1.349038975007992569e+01
-5.534497587932435891e+01
-3.286561847333198472e+01
-1.473927831090897200e+02
-6.380346676964044406e+01
-6.181676288475537007e+01
-3.957894454284050312e+01
1.369008578563491163e+01
6.377374637596742701e+01
3.921036852273410744e+01
2.953235494381485893e+01
-4.237753214563342752e+00
-1.302102396431961608e+02
8.616751166154909924e+01
1.491834603166644335e+01
-1.301440400997564666e+02
4.533389082572224282e+01
7.099885923716449554e+01
-2.871283344425392769e+01
-5.869397793436407085e+01
2.353654172493900631e+00
-2.729788189029602918e+01
-1.294530287956959569e+02
-5.776564991958301931e+01
-2.134505527279282777e+00
-6.994398782126432934e+01
-1.790096556445669478e+02
-1.282165334061742783e+02
-3.975433840476334524e+01
1.400078103216725651e+02
6.978819521498687450e+00
-3.757279967928285913e+01
1.109832059315377677e+02
1.640988350866292080e+02
9.569488729354178247e+01
-3.075694078669759435e+01
-1.049690632817534208e+01
4.830883851814952834e+01
-4.067129110705048589e+01
7.877447265993330916e+01
-3.990135111280970648e+01
2.564476102621839360e+01
-2.131660922442532780e+01
1.230711806260071342e+02
1.354465959284219245e+01
3.912228594245020474e+01
3.649465222143582821e+01
-5.477164869318936979e+01
-6.562057821220626863e+01
6.965990432796355947e+01
-4.060798848067856426e+01
2.071207870185808275e+01
-1.355043821513878868e+02
3.417855154692258424e+01
-9.434026017247857610e+00
-9.711419145187843327e+00
-2.800225427763226804e+01
5.775371939778355568e+01
1.415726924431678313e+01
-4.663860495069209122e+01
-6.640797388054464534e+01
-1.500383206650667312e+01
4.572628589513098518e+01
-3.597546014830274697e+00
2.953568727131514748e+01
1.030541599553215804e+01
1.494819302902256197e+02
-1.240063302880262199e+02
-1.712406762919658654e+00
-3.531962777495390782e+01
3.674692352594565836e+00
-8.221890408254898830e+01
-1.593091205057811877e+01
-1.625054832993322407e+01
5.242220790835943944e+01
-1.009143069237670609e+00
-2.294840364451025394e+01
-6.961768811389821110e+01
1.810577810052479109e+01
