-4.953163775734580668e+03
-1.891369113410288719e+03
-1.312963257608413983e+02
2.851556353453867814e+03
-2.056946795547103761e+02
-1.981370494327184133e+03
-8.082522937619148706e+02
-7.304000630168496855e+02
3.400735771610932261e+03
-3.296410885617531790e+02
1.744652813665343501e+03
-4.387533707202987898e+01
-3.354745386955475169e+03
3.611107415784153090e+03
-2.206499545878461674e+02
3.836096451589334038e+02
2.621972094545912455e+02
-5.507283880973003676e+01
-3.067271735382411862e+03
1.774071482668312569e+02
1.191096192546842303e+03
-1.070849089613905107e+03
9.857045851163877614e+02
-4.446825655055395714e+02
1.430819724461056808e+01
4.640095369600128379e+02
9.965885649952995209e+02
-1.693789117570098597e+02
-4.285542195233769007e+02
1.319916804514036812e+00
-9.752343157068236223e+02
2.024309070541302390e+03
-2.477351309245592574e+02
-7.021660753612113126e+01
-1.307153383193623085e+03
-6.957665122016297801e+02
-1.043235448664086107e+03
-1.112655236282984106e+03
-3.750814335394647401e+02
3.251483124057859442e+01
-3.741678478904755139e+02
-5.945456580727664004e+02
-6.797875905577898266e+02
-7.215405352716230709e+02
6.570026690410851700e+01
3.678818787969620985e+02
6.380789877057776494e+01
6.113646113604704624e+02
-5.177191498700609884e+01
5.756067467762948127e+02
5.655027767158986052e+01
-1.311162301741059082e+03
-5.322216637305263021e+02
9.379749805044494906e+02
-1.821836531116697415e+02
-7.340320375672464479e+02
8.471461115581346348e+02
1.436548002348442594e+02
-8.827164092116331062e+01
1.092031998459869584e+02
9.607649489670217235e+01
2.378171316486035778e+02
3.388683707156875613e+01
-5.766803207090198384e+02
-1.587533812038881109e+01
3.637930521987695442e+02
6.145643408637263292e+02
-1.127248873919346579e+02
1.406766947751317502e+02
7.420329524317703545e+02
1.022428696387560763e+02
-2.822384662776986488e+02
2.331454893660471441e+02
-1.802642505438694798e+02
7.210515349162611756e+02
6.326288276447586441e+02
-3.971377999493064408e+02
4.301996467718248027e+02
2.701473028094624240e+01
3.543664316022126854e+02
-7.320082641034186963e+02
-1.531292077517993278e+02
-3.553453206535187547e+01
-2.394192006224090790e+02
3.316842621007480716e+02
-1.035583947824871558e+02
-7.087219369418081669e+02
-4.981225139269112674e+02
-2.143851064772028678e+02
5.542356583748013463e+02
-6.347816926032328411e+01
5.219179256686428516e+02
-2.790723210750882117e+02
1.163746350770566806e+02
-4.601990854760316552e+02
2.380332028475606876e+02
9.518884956355756799e+01
-3.332254827565620872e+02
3.279811311264189726e+02
3.432653082421761326e+01
8.386203071009306598e+01
-5.142729650273669222e+02
-1.678186306706507196e+02
3.009267066554673988e+02
1.703716150766553312e+02
6.247139584734481588e+01
7.567957701550083982e+01
-3.408099801341545003e+02
5.877290364528424789e+02
4.324862207463522736e+02
-2.324295576445022391e+02
-2.225633202900989147e+02
-4.650039052877929748e+02
-1.789886005546660783e+02
8.960069954545892301e+01
-2.017579352209632049e+01
-5.761438408896020746e+01
4.008539348557974904e+02
5.628570238415863969e+02
3.255855530588509055e+02
2.367115903519076312e+02
1.120185754288045246e+02
3.720437313085064943e+02
-1.376388852129231850e+02
-2.299874398887691598e+02
-2.920635441830332866e+02
-3.116053663144793404e+02
1.616504993932209899e+01
-1.049728865528566679e+01
2.047905885278602227e+02
-3.424685191014241354e+02
-4.134448811493298308e+02
1.917710615047750977e+01
-3.169136083535487458e+01
9.629430282199611213e+01
6.452627678722753046e+01
9.202617019903714279e+00
-2.274696484911177095e+02
-1.042656750605282099e+02
4.211562933920991458e-01
2.277238502950581562e+02
-2.549823129767405305e+02
2.483628585752818765e+02
-7.594880001149495286e+01
1.332259123432864101e+02
4.608182913712965956e+01
-8.128811511324785499e+01
1.214997062105806123e+02
-8.403262264517709923e+01
-2.092059008803463769e+02
1.593503005803788142e+02
1.448600986241916928e+02
1.168862368474166686e+02
2.297624418762329697e+02
1.556692831944900774e+02
-1.648439324627219378e+02
-2.105568728941176460e+02
-1.098673770261353866e+02
-3.978089395034341891e+01
-6.291960338268717834e+01
-3.025572075509433034e+02
1.352084661041154767e+01
-1.887718947399873173e+02
6.789372021410687807e+01
3.296921215073521694e+02
2.042430801423895304e+01
-2.692058345347438930e+01
6.168405793718726926e+01
-1.977211776258712632e+02
2.318945303565282927e+02
-9.035285608088047127e+01
7.107313925258993947e+01
9.114423257375919718e+01
4.179290131901476002e+01
-2.225263419430148133e+02
-4.925083774845013096e+01
-1.659926185799050700e+02
-1.059695521446025523e+00
-8.072251171060204911e+01
-1.628078259597347426e+02
8.784964822949419272e+01
2.312646796181991249e+02
1.319565590391869137e+02
-3.427104787447955658e+01
-3.728212386276303647e+01
3.738937761480537603e+01
-2.254083394113158647e+02
2.223402171947878969e+02
-1.266655674687320641e+02
-2.620148363071414792e+02
-1.112576845725606773e+02
1.019526909121203460e+02
-2.610743879348058840e+02
-4.416742198744849901e+01
1.726756099660780706e+02
1.867408679932764670e+01
-4.337128831449015109e+01
-4.110260013312439042e+01
-5.935498475100830973e+01
1.415595858737075332e+02
-2.333578838168128389e+00
1.169018124322750225e+02
-3.254652758855955597e+01
-9.217188110047847260e+01
-8.431235122728166687e+01
-4.929253347738870161e+01
2.003160186703902568e+01
-3.834665417933359688e+00
3.192891901766511964e+01
1.268990168927238216e+01
-1.287283172928207762e+02
1.281461437948829882e+02
2.343511751391580411e+00
-1.252731074577898198e+02
-1.159349798217161664e+00
-1.874938783880438109e+02
7.816857799818247088e+01
-2.085422800113554942e+01
3.065109427344405901e+01
6.885851988253162403e+01
-1.065986947335209152e+02
-2.512413443054981244e+01
4.133563408113252535e+01
1.008387663312129412e+01
1.012962132634893777e+02
-5.480901440753127218e+01
-1.957666144332751657e+01
-1.377990807151609154e+01
-4.607686960026625655e+01
5.115010043645293791e+01
4.392706306758540080e+01
-1.790410850093092563e+02
-6.871766401779906630e+01
2.393678088942874922e+02
1.610573523337492645e+02
1.501203147143285435e+02
7.540473462953954709e+01
1.931856969551717640e+01
-5.968150891944090120e+01
6.814688709895135332e+01
-1.607289054922187432e+01
-1.535789596979115288e+02
7.762458906706778805e+01
-1.964417065948556385e+01
-4.660885343046796692e+01
6.620652558490185413e+01
-1.200727015270954467e+01
-4.875328945053387741e+01
-7.538356135131078872e+01
1.198472432530002578e+02
-1.072678662601948361e+02
9.970618190039107276e+01
-7.168260824374280027e+00
-4.268597506204702796e+01
4.127913504707070302e+01
1.023097232079703645e+02
-6.899496654624078795e-01
-7.124278037223546356e+00
7.395219863715374231e+01
6.310736522482748256e+01
-6.625003054580119510e+01
-4.567219714458901514e+00
-1.571255230166663708e+01
4.604302128877530009e+01
-7.397690217531379631e+01
-8.044010902323391576e+01
5.269246887856440509e+01
-1.324592388100865890e+02
-3.630090666115049913e+01
-3.566162547746227318e+01
8.607969988642018677e+00
-1.109473824669588993e+02
1.025133821280983959e+00
1.086829252803142083e+02
9.605923342812853605e+01
-2.227804533342422744e+01
-9.436276645469720847e+01
1.368763270991959757e+01
8.506899854578323072e+01
1.934818513608679780e+01
3.970072534464161151e+01
9.827631751690303474e+01
1.616879430802357120e+01
2.897909373088041463e+01
-8.644905053588288979e+01
-5.480812005341435622e+01
-7.182523558550347742e-01
-9.897499255954832620e+01
-2.000301621966483978e+01
-4.851761699955159379e+00
-6.130601376862410135e+00
1.431451222297814851e+01
5.722780362095955553e+01
-1.525854248771292703e+02
3.897132535958407118e+01
1.413638911762098083e+01
1.659174646342895088e+01
4.673065587118060904e+01
-1.196451906976515005e+02
2.647001621047155950e+01
