1.669472976641685591e+02
-6.090541989715860836e+03
4.083442748966167528e+03
8.430547091952721530e+02
2.310410962724864476e+03
2.740150809205842961e+03
1.132295310951845067e+03
-1.031503803482337617e+03
-1.060280375281794250e+03
-2.844772295213864254e+03
1.139997647780433454e+03
-1.437408539649010777e+02
-1.406844938950391224e+03
-1.530130192478227173e+03
-1.032780853055326816e+03
1.127890029083803711e+03
1.363224954869892827e+03
-4.311685011548007083e+02
1.024440089787756278e+03
2.372071613001922287e+03
2.566472649563640061e+03
3.805431233694826574e+02
-5.730893473857352092e+02
-8.954778962481051394e+02
1.097450844102684641e+03
1.035700208345233477e+03
-4.089737516855343529e+02
2.319261105635591491e+01
-5.185457668000602780e+02
-1.152518964886913437e+02
-1.253240966789694085e+03
-6.686966492185932793e+02
-2.332094062163618219e+03
-2.409438596185523522e+02
-2.042673752398552097e+03
-2.088146610725661048e+03
1.106995098350198077e+03
8.414771321786250837e+02
-2.039589190678543218e+03
3.467012979321264652e+02
-1.409520463365801390e+02
2.321779447014702384e+02
-8.033029704794986969e+01
2.234557275494139049e+03
-7.778511266949067249e+02
1.838042307727607977e+03
-5.276884840639916092e+02
1.987950956188283556e+02
-2.041671801359000540e+02
-9.701555062938849687e+02
-1.792685110619705483e+03
1.503640953178899736e+03
1.523113738811157418e+03
1.807064037602497990e+02
7.849204677204996869e+02
1.153267946051724039e+03
9.135365312766380157e+02
7.472781280967119528e+02
-1.185485904995998681e+03
-1.736168509093993180e+02
-1.016048793058896308e+03
2.294432425218824960e+02
6.510263904764791505e+02
-8.487276438756949801e+02
6.850892709459832304e+02
1.193285541580619565e+03
7.491295425559142132e+02
1.131601519088533905e+03
-5.065399956526370602e+02
3.186671721780994631e+02
1.760145004696793876e+03
7.300940065686519347e+02
9.138481002028250089e+01
7.414215556904875939e+02
-1.308464068156354472e+02
3.983335411334746823e+02
7.132060265207254588e+02
-8.051674182627651817e+02
5.169101448047973690e+02
2.299114200220448367e+02
8.123725915594307025e+02
-4.523857968914109051e+02
1.795833395528034089e+02
2.068652616913147710e+02
8.919537395737083898e+02
-9.894827761930421275e+02
-2.647846843727640476e+02
2.244779401790051168e+02
-8.378474533701491964e+02
5.007982390772619397e+02
-4.441510001959576925e+01
6.080897135855020679e+02
4.887550878217612649e+02
1.462932415596732767e+02
5.744451648109517095e+01
3.499906578399861132e+02
-8.356456097014744273e+02
1.930564595349718786e+02
-3.075652285765198144e+02
-6.223917725701079462e+02
-7.034407621808439899e+02
-5.769178656798777638e+02
-1.348022892119578273e+02
5.740947534699719199e+02
-3.229072262880031872e+02
-1.438279413268970757e+02
2.844377620582533268e+02
1.768568721607142606e+02
-4.700470758464014693e+02
9.860066803913583726e+02
-1.207430279330565781e+03
-2.239041541442602181e+02
6.558877485859727585e+02
-1.980317119645835930e+02
-5.854428469302495159e+02
2.464402976155235194e+02
-2.446772290292893217e+02
-1.004523166259257323e+03
-6.676123897166069128e+02
6.647255802752201816e+02
6.602653270641936842e+02
1.580548500329578587e+02
-2.954996814549439819e+02
-1.539067577486761529e+01
9.120413996874963232e+02
-1.590500165766567306e+02
4.928813161855260319e+02
-1.476351982255431722e+03
9.527889677147318253e+02
2.657166440269350360e+01
-1.130829289992647944e+02
-2.884630524577753476e+02
-7.852217701032607238e+02
2.649489849875001255e+02
-3.229822287180008971e+02
4.216705442820202165e+02
-8.406017767930943592e+02
-9.722630538912462725e+02
3.198039217889664769e+02
-7.669835823730969082e+01
1.149746096169761586e+03
7.060251826913643072e+02
8.167081435225108521e+01
4.516950599825572681e+02
-4.824224687332513213e+02
-5.760747820073785306e+02
-2.122881170011756922e+02
-1.156178630775723946e+02
3.668551081009483141e+02
-1.566093759874652314e+01
-1.524727544329875855e+02
4.793463838636047853e+02
-6.868746603891522682e+02
-2.577000456677476450e+02
-1.963787717731472640e+02
-1.232470357370074332e+01
1.185149941952355221e+03
-1.417430268678414507e+02
1.543010244392971515e+02
-2.984688901590905061e+02
1.886746150493890184e+02
1.517522300839332274e+02
9.277508262512117199e+01
-1.064051896725504548e+03
-3.428082467068485357e+02
1.013301437091749904e+02
-4.898776799117970313e+02
-4.521952399257090747e+02
3.512381434801150704e+02
4.296735358615986229e+02
3.153966102233848687e+02
8.832555920803289382e+02
2.662105061482827750e+02
1.542587971102589108e+02
-1.099378531255540459e+01
-8.030063360971365682e+01
-5.743877260539196641e+02
-2.178019554343062794e+02
-7.419735162839273812e+01
2.622827742942656641e+02
-2.238677397838159067e+01
-1.442387376055729931e+02
7.598163779481965321e+02
2.917562963302260073e+02
3.434970323748084979e+02
5.230612743709419021e+01
2.756100200764034724e+01
-1.738245661112901814e+02
-4.059111469822053664e+01
-4.063811326535685708e+01
-2.917609599181085400e+02
-2.318579837861250326e+02
-1.795512116884034413e+02
-1.110097688544773149e+02
-2.789221481645673748e+02
-3.552294391105001523e+02
-9.845549091216324200e+01
-9.212728123489603149e+01
-2.653415952320778501e+02
6.061728857655693901e+02
-1.878605559832786298e+02
-1.803889651964269376e+02
3.301032909446582835e+02
-2.731485013744892285e+02
-4.391761697087274996e+01
1.861418337480929495e+02
-2.346372359522860904e+02
-4.063304843771713593e+01
-3.155793556735395669e+02
1.056720231874329841e+02
-5.704015611039790912e+01
4.724110542563506243e+01
-1.217139009476849907e+02
-3.118940957195026158e+02
-6.184909663646973144e+01
-2.550410063471261708e+02
-9.662117582104657743e+01
2.251855534731445232e+02
-1.877461096697931566e+02
-1.861952697242598163e+02
-2.622453833558552105e+02
1.954507192999194842e+02
-4.129935717515420492e+02
-2.390233277418601858e+02
-2.063769212019708732e+02
-5.757864995766803418e+01
-6.617193056498969383e+00
3.326000558550221058e+02
-1.197229425054389083e+02
1.952436717528547945e+02
-1.844115194197135281e+02
-2.077098757774891524e+01
-1.946591728437846314e+02
3.745443807351628038e+02
-9.789935577457794125e+01
-1.823626007733943766e+02
-3.100816398313323816e+02
5.427431076273834378e+02
-1.122520624828050870e+02
-2.287831252844337939e+02
-6.758501759469177728e+01
2.321630280568882654e+02
-6.742981991645758910e+01
6.849015373921055527e+01
-6.708479890498585974e+01
-2.658663791927564262e+02
-2.255958517781478463e+02
-6.823993430281457506e+01
-1.237816590046030854e+02
-6.024610537129534293e+01
-1.069974340752391697e+02
4.336546629011365184e+01
-1.970670313451694611e+01
-2.032729549784316987e+02
3.084923653415059448e+02
1.425436577931321551e+02
-3.565348479614340818e+02
-2.484625538691716713e+02
-1.508780582839646556e+01
3.447956723820740921e-01
2.862689536717955008e+01
2.219137694273193517e+02
-5.734176492624555266e+01
-5.949232834386444324e+01
3.035397049120748534e+02
8.783709075832236124e+01
4.679813622979110619e+02
-1.351642004370752090e+02
-2.267296784378549646e+01
-1.018670233812228929e+02
4.610242925159112559e+01
-1.747415258194699561e+02
9.831833980565593833e+01
3.919663138269322076e+02
-2.657604679978322793e+02
-1.305566167860611593e+01
1.666097335234591696e+02
6.215187211666725631e+01
1.280008757331208074e+02
-3.667034853430990182e+01
-2.343129124638839755e+01
1.522314879934787655e+02
1.764833158765681844e+02
1.849989557332919219e+02
1.273152165805176850e+02
1.902205990468598884e+02
1.428815723982090802e+01
2.364984550273969148e+02
2.075310210773138806e+02
-4.835351955007898539e+01
-6.160844297541603254e+01
4.019424798730345572e+01
-4.580542124501366175e+01
-8.911570195883666656e+01
-2.083438566737100075e+02
-4.945498312843204047e+01
1.624706902155202570e+01
-1.960331701056178701e+02
-5.686763857323580851e+01
2.476547641368632355e+02
