-2.005439764155877810e+03
-3.569714235843185179e+03
6.267412470264577678e+03
3.205955180976998236e+02
-9.623730163268916158e+02
4.683671878738369742e+03
3.466807621107559044e+03
1.397041433212774280e+02
-3.846828525717878051e+02
-1.760315890820226059e+03
-2.916432223205983973e+02
-2.421402185629931125e+02
-2.468307655369111671e+03
-3.885123413571301398e+02
6.954109515485112070e+02
1.894655151132313620e+02
-5.334379848138684110e+02
-1.374409865548385369e+03
-1.743746362044571697e+03
1.353504791954555230e+03
3.482126557668211262e+03
-1.002966617915015263e+03
1.014886875930011911e+03
-1.093587839077801618e+03
2.339688403577074041e+03
1.868698502324992432e+03
-1.372121308737625213e+03
1.589428592064447457e+03
-4.664249710521759766e+02
2.513169370151860676e+03
1.092897011134563854e+03
1.039642127068559319e+02
-1.759979801531801968e+03
1.821554719459142007e+03
1.256060852581196968e+03
1.120245842762980146e+03
-3.260401513282091059e+02
-1.125908078604961702e+03
1.844606701000221847e+02
-1.247976214606475651e+03
6.853383205438825954e+00
-6.854580004747454041e+02
3.343902312364536442e+02
-1.034251360540798032e+03
1.190170668413982867e+03
-4.094538007720124284e+01
1.099677404218795118e+03
-1.631525301340663873e+03
6.743175170833471839e+02
2.694942564129744937e+02
-6.491640573199860000e+02
-4.798350072998092060e+02
-7.192693448390317599e+02
1.791907314256358177e+02
-7.876683534558731026e+02
3.003369281867476843e+02
3.858928409303920830e+02
4.550589914200984367e+02
-2.468198506546032078e+01
1.571436849540669414e+02
-9.195561598121298630e+02
-1.255702783030481413e+02
-9.563921268386851580e+02
9.535873798311729388e+02
-1.173058803364972619e+03
7.740109685320412325e+01
1.909464638032762878e+02
-1.587913631366501193e+02
5.481946977569330102e+02
-1.391574670093660586e+02
-3.970109640513402951e+02
-7.674887328768488715e+02
-3.560546655987374152e+02
1.374758070218489934e+02
-4.723171642411459459e+01
-9.926733628641935638e+02
-5.930485687357164579e+02
-6.141604304475210938e+02
5.894292469912963952e+02
-2.643232565750100207e+02
-7.909890745968118608e+01
1.451111222131541467e+02
-3.012811482232023081e+02
-4.923438464143145410e+01
-6.403446083519640979e+02
2.178313174600190791e+02
-2.071696174092525666e+02
-8.639220099562943744e+01
6.661030810634264299e+01
-8.520906327284105828e+02
1.555028174567896997e+02
-5.466387876506242947e+02
4.853082360488291442e+02
4.777068138561349997e+01
2.324710797716850834e+02
-1.092078118192177101e+02
6.527522756530169090e+02
-2.816428070770563181e+02
7.100503153515784334e+02
3.741596036761001187e+02
5.768739491766140191e+02
1.350000211702790409e+02
-4.598947970348870626e+02
3.508860948025565563e+02
2.964422769760476513e+02
-2.093022931968030207e+02
-8.754168868907359524e+01
6.305563767360242267e+00
2.184789504195217091e+02
3.991649234844303464e+02
7.649443024418266077e+02
-5.104079268391949995e+02
-4.392861224540947092e+02
2.336344574393112907e+02
-9.859854835315012167e+00
-2.228293314303840589e+01
1.402092313197256317e+02
2.014494759527767656e+02
7.663729048686647616e+01
-5.584891303076057056e+02
-2.021161788207967334e+02
-7.618457309638311870e+01
9.792119114017881429e+02
-2.727440330618073290e+02
-1.428448118596237748e+02
1.709842342907420516e+02
-6.842497162118431788e+02
1.587196880368856178e+01
-5.361006177006993312e+02
-5.077353746229869103e+02
3.015616104414991838e+01
-3.794233670994066898e+01
3.233334865327908574e+02
1.156482164394611374e+02
1.518248138496582271e+02
-1.623034570359505437e+02
2.287208211352184435e+02
2.404298564331446642e+02
4.446022926415778187e+01
2.964878455755049345e+02
2.483413138824321322e+02
3.600736667862282729e+02
8.219282527858968024e+01
3.214454054625879849e+02
3.480508516484339339e+02
2.470460648869893987e+02
-3.201318713209862921e+01
-1.623393753523838825e+02
-9.785318809198018641e+01
-5.006556993988383653e+01
6.591200899654423040e+01
2.257686002436152535e+02
-3.335849153372102478e+02
-2.080915764208078542e+02
-2.457659272567889559e+02
5.507413708326281494e+02
1.756360916310597986e+02
2.555650854399279126e+02
-1.093184709555590928e+02
4.732713215996931666e+01
-9.352312089762965286e+01
9.304652212432813485e+01
3.837010344742014922e+01
8.025295591918099092e+01
-1.611244907998533904e+02
-3.223854768970562645e+02
1.317449660366126523e+02
-7.835268664224271618e+01
1.497928273249170843e+02
1.181987782561213578e+02
2.380725990427235317e+01
1.386625664112241907e+02
1.730685423493640371e+02
1.879936416404296438e+02
-3.119452067105028163e+02
-3.820336351427430799e+01
-1.334248103009552766e+00
-6.642406385257910983e+01
1.008649458648804540e+02
-1.770200591800190466e+02
3.442558237427324457e+02
1.189925570011111660e+02
2.262396799528706595e+02
-1.458363251546849959e+01
-3.501891603043452506e+02
-2.342881127662129188e+02
3.455798993032323665e+02
-2.759294117569943978e+02
-1.485941147871558883e+02
5.346954888849621312e+01
-1.637661676216752653e+02
-4.196522164386125553e+01
2.800128064635147140e+01
7.318361197270266416e+01
-8.110265240856373126e+00
3.465356970951516047e+01
-3.877679523639566241e+02
8.738526722377068268e+01
1.879948404579533019e+02
5.361244264453375763e+02
-2.703347175459344953e+02
-7.598333404619472731e+01
-1.160163107355000705e+02
-1.909072162899638769e+01
-2.501866984388180413e+02
1.492453214860294395e+02
-2.511819316904117443e+02
6.079173950274741145e+01
-1.412882684524698220e+02
-3.813064700493708870e+01
-6.267960006287376018e+01
-9.395216279913432800e+01
3.666653751544620832e+01
-1.054236752630545482e+02
1.539243690685405568e+02
1.287511820925285235e+02
8.064920532688240939e+01
-4.043294356508752685e+01
-1.456164863856548379e+02
8.632451197833249523e+01
-2.885554934757660135e+02
-1.117394842025326511e+02
-1.493502029701591027e+02
-1.900119163908637745e+02
-5.074220523275781147e+01
-5.910119313159793819e+01
-5.026484229345627597e+01
1.421988682767876071e+02
-7.490496517688183076e+01
1.558338434279181968e+02
8.386257477884377920e+01
8.620128430209436488e+01
5.678020567101117422e+01
-5.423489804568079364e+01
1.901496353756472502e+01
-1.272935718862297847e+02
3.160897734379027924e+01
2.784467172486623099e+02
3.090484154396331107e+01
-2.354377330505047325e+02
8.357996897186984597e+01
-1.932110944726117907e+01
4.405335137352796693e+00
-2.581835052277855880e+02
1.283123441173987578e+00
8.300445757789520940e+01
1.462930212864237660e+02
-2.525770504743496758e+02
7.266795960015602418e+01
8.237453491796401295e+01
-1.740398828967050449e+01
-3.834600156575337593e+01
1.915587552562744804e+02
-6.499239153281389747e+01
1.343364059273375517e+02
-3.353382859105533242e+01
-1.108536330445876956e+02
-1.093410938535360515e+02
-4.242820530445646199e+01
-8.292585741247401643e+01
-5.786700498104027091e+00
-6.872994077903742038e+01
-3.625297900980719135e+01
-9.692457975327396014e+01
1.390025577171170710e+02
-7.453949522629326907e+01
6.203100518990267886e+01
1.423461440329255367e+02
-1.003676402098014453e+00
1.649868462439842176e+02
-5.594489936537609509e+01
2.577959762822429823e+01
9.941042257146301608e+01
4.340584684424563022e+01
-4.818219977414351263e+01
-1.307588647668964086e+02
-6.996894390835493027e+01
8.841478126641149515e+01
-4.689892980912608422e+00
2.132165769594325511e+01
-1.291178120129747242e+02
1.677389706771291458e+02
4.672672802166741235e+01
1.506262706820051847e+02
2.164538455000086259e+01
-5.089074860552592128e+01
5.098054691754708756e+01
1.060898827402017730e+02
1.000178265523946521e+02
-1.158538663044672177e+02
3.417051605791976243e+01
5.610790858500136125e+01
-3.871169879541459125e+01
1.339779696322772118e+01
4.155963444571544585e+01
-4.956765046204843372e+01
-1.894679793437491355e+01
-1.714232543585177382e+02
-1.361606060687395825e+02
-2.519609520650902823e+01
