-2.511992135115701331e+03
-4.493194016670961901e+03
5.304585111285123276e+03
8.284748390149241004e+02
-1.513220114591806009e+02
4.346830809358041734e+03
2.970848388478824290e+03
-7.662241226334008388e+02
-5.123232756657333766e+02
-2.486881962772392853e+03
2.650582139785744857e+02
-8.557878021425018744e+01
-2.562227051296686113e+03
-4.894318841091235299e+02
-7.741035688692497274e+01
7.393545404679214244e+02
9.134478591877414999e+01
-8.910548336596684749e+02
-9.595394301783537685e+02
4.792345393741312591e+02
2.096188320790226044e+03
-6.071779273787550437e+02
1.394919494583262576e+03
-1.364691311906699411e+03
1.607132228018894239e+03
2.130453198790161878e+03
-7.116346689653906878e+02
1.198746540563695362e+03
-1.544901509585984286e+03
2.724651614748363954e+03
9.119566465937533621e+02
8.895425994475714333e+02
-2.290316252741845801e+03
1.422401098287657533e+03
-1.193018623910810675e+03
2.218959391277334419e+02
1.338421019373656407e+02
1.497728506400926847e+02
-1.321588741828915090e+03
-1.298817313124590328e+03
5.356630966425573206e+02
1.461873944109560242e+01
-3.273988879201666009e+02
3.821079935802190164e+01
-4.276350352433197486e+02
2.062888106971689012e+03
1.095212613904045156e+03
7.275822105560413320e+02
8.988351813247196560e+02
2.508561285725540699e+02
-3.338977913118523588e+02
-1.851924492198280916e+02
7.789880092432190395e+02
1.195581965738501594e+03
3.023682365694598388e+02
1.617759512984186472e+02
-1.063219231010637174e+02
1.717286117527524311e+03
-1.175985994465011345e+03
6.517151922356970317e+02
-1.271784507749389832e+03
1.126212578780081799e+02
-9.571413770721997025e+02
3.296300563606367859e+02
-8.784409853010155302e+02
-3.026533158792855147e+02
-2.235512469674306146e+02
1.845812098957670457e+02
-4.446668257792182999e+02
-1.069618500545875349e+03
3.886985891237159052e+01
1.358136521425069986e+03
-4.802059443844338489e+02
8.383613691631665006e+02
1.095597794964728706e+02
-2.249046895162691442e+02
-4.897171820283788435e+01
-3.120568646222041025e+02
-5.377686739070409203e+02
7.068879198896764819e+02
1.264340792958104629e+02
-2.323853998337136062e+01
3.762569830862954632e+02
-6.564269578430288732e+01
-2.135076577800756183e+02
-2.005266164569774503e+02
-8.901565215874175010e+02
8.134926135340440396e+02
-5.433074085245214064e+02
7.746400428897074164e+01
1.208514489874299755e+02
5.188158731081392716e+02
5.838636033939865229e+02
-2.288311665732736628e+02
1.407420525431192857e+02
-3.163883872928740857e+02
-3.166595350233221211e+02
1.054916519432179484e+03
-1.377392481264685671e+02
-3.821095440798225127e+02
-2.599234806146376400e+02
3.679155582987284401e+00
-7.815920975546606542e+02
1.788771716528267675e+01
-4.261753618167255127e+02
1.221591963962573431e+02
5.767252963799012377e+02
2.365425631517841509e+02
-8.649812624086936239e+02
7.055934756751717032e+02
-9.010123727735592638e+02
6.554154521871011241e+01
-2.240501279103047594e+01
5.456307027564452028e+02
1.401720606035596575e+02
2.639532381724286552e+02
1.792136746155458411e+02
5.361188476610919018e+00
3.604567171436368085e+02
9.646741090763761122e+02
1.011377922139795601e+03
4.726778820276144444e+01
-5.359140224759745479e+02
3.243477481146069294e+02
4.404077654607274326e+02
-5.198661185447371054e+02
2.748005856613308424e+02
-8.553901367105073632e+02
2.554386487513236261e+02
-3.363866531568314713e+02
3.255809821112957820e+02
7.440068015707389293e+01
3.331761807634158146e+01
-1.960067610523291037e+01
-3.056232141578324217e+02
-1.111922664088378809e+02
-8.376534144017313110e+02
-1.136157274594589126e+03
-6.982998826692467276e+01
-5.178559673395265008e+02
6.017878966321319467e+02
5.341768813825859752e+02
2.628245443980787286e+02
1.223082792454853802e+02
2.488464785000116990e+02
-4.307448309620052669e+02
-9.867978190850352860e+01
-5.023140745983050692e+02
4.537153843448041357e+01
1.536626030493882133e+01
2.362301498896965484e+02
4.135042161512793086e+02
-8.932999084364184910e+02
-2.485583365942221405e+02
-7.071936307095504048e+01
1.515055762627230251e+02
6.218142705986334704e+02
-1.032187596845285498e+02
2.669220742719227815e+02
-1.410145955043226706e+02
3.358277516782648036e+02
3.130121770314051446e+02
-1.526711282907051093e+01
-6.515953354382485259e+02
-1.493554277758093747e+02
1.897262214031458711e+02
2.687121979843030886e+02
-1.470834615572614723e+02
3.922994106611567844e+01
-2.109671696561773047e+02
6.171750733017123025e+01
1.191596042112545284e+01
1.749138399720944870e+00
2.962365003318407162e+02
1.050644364213038244e+02
-2.418128156293220172e+02
-3.127198035225832129e+01
-3.255466851785553217e+01
1.240413534319602773e+00
3.433706057356760653e+02
-2.509684820381613122e+02
-1.139266942344095810e+02
1.823752470358732580e+02
-1.148379330554350588e+02
2.417883109851496926e+01
1.106495033494528712e+02
2.965994269284114466e+02
1.767456210416737292e+02
-1.636733818314319535e+02
-6.641031890324229892e+01
1.043897269665463199e+02
2.552006443276748655e+02
-4.824354737570522644e+01
3.429995161292005434e+01
-1.171789340706446865e+02
-3.119099840827119579e+02
-9.865776888839278058e+00
-1.310981788430518975e+02
-1.293842389847849006e+02
-8.879084877508313411e+01
4.976732797757502169e+01
-7.231391739007050035e+01
6.832813126754058430e+01
-1.489743350667815491e+02
3.795622268760429563e+01
9.819493627124390400e+01
2.854961324608900597e+01
7.593496542734914101e+01
1.124159914345766254e+02
-1.150735964008653269e+02
2.439078115121997143e+02
8.928503237862344122e+01
1.306459197182284129e+02
-5.632914608354292696e+00
2.121645219193876812e+02
-1.346000808112628988e+02
-2.440162727876470115e+02
1.302807057183412951e+02
5.465971371134499179e+01
7.180987083141133098e+01
2.997325809859843915e+01
-2.948603982359636575e+02
-6.096976480846799973e+01
5.768880346475305565e+00
1.972986255795170223e+02
-1.572706928027560878e+02
-3.405463292995079883e+02
-1.609405143761172496e+02
6.173576510729350986e+01
2.410859576661929893e+01
1.162954715536665731e+02
-1.839191461928122635e+02
-2.060992063341174685e+02
-3.680010490674053614e+01
-3.852868629131855727e+01
-7.504001426287055665e+01
3.762866715833064859e+02
-1.581588714829976539e+02
4.692499273075746657e+01
-1.072568500100202371e+01
4.191880688808910094e+01
7.953819184045013913e+01
1.198170417226830864e+02
-2.598148196250793518e+01
-3.835540788358928239e+02
-8.899460877859739583e+01
-4.425628138000522682e+00
1.818751575533584344e+02
-5.173465855930121648e+01
-1.713301181777304123e+02
1.907693724257972576e+02
-1.442087414245423247e+02
-1.297932220004612134e+02
3.167805634554258987e+01
4.233994566712502916e+01
-1.269933214346863224e+02
1.016184590410676520e+02
1.158042061181436999e+01
-2.254672308101613680e+02
1.017456899233932290e+02
1.573078324258855503e+02
-1.275762006300981426e+02
1.340491406864044279e+02
-9.535738407215042400e+01
2.991098573780219283e+01
6.139167943526260984e+01
9.679552023079608603e+00
-3.753775320832517792e+01
-9.893900588684703123e+00
-6.288831301489420156e+01
-1.221216699727876858e+02
-1.404808656304171066e+01
6.259713740202496268e+01
-2.247552129567737609e+02
-3.651574748858571695e+01
-3.380092260673502125e+01
2.729948935001409183e+01
-8.842085417515174584e+01
-1.219264403400385106e+02
3.140816488896459902e+01
-1.257825389259764393e+01
3.315758200555617918e+02
5.950292968321986820e+01
-2.042220582338874522e+02
6.571989036796369987e+01
-2.021681597685782776e+02
-1.262751418784119650e+01
-5.153329886958398731e+01
-6.884852139949228444e+01
-8.056198876474309145e+01
1.602235319211586955e+02
1.622443162236165222e+02
6.690625666990460729e+01
-1.100339152784196699e+02
-1.410217727366740803e+02
-2.164778338871529968e+02
1.202736590090581359e+02
1.255345600496816729e+02
-1.400252820421588069e+02
1.103388996266948681e+02
