-5.512210298314709689e+03
2.474152941658390318e+03
4.986016886038062694e+03
4.388293076738344780e+02
1.869937723569342552e+03
-9.062099191324188041e+02
6.644859986280953308e+02
-6.279525924103712669e+02
-1.431572987853216546e+03
6.992430615879533207e+02
-1.641158396318703296e+02
-1.291363648128854038e+03
1.544644813406417143e+03
1.361867952765017662e+03
1.820139823936162657e+03
-3.776867809399658427e+02
2.505421395464757666e+02
1.346430199428493779e+03
1.267501724417792502e+03
-2.133285402223211804e+03
3.220532646823300524e+02
7.067331786804904823e+02
7.688982989280201537e+02
3.433616896297970129e+02
-2.980658798665573386e+02
6.524838861247292243e+02
-4.717319784124862281e+02
-5.460737143418020878e+02
1.793177659895844499e+03
6.081210526600839330e+02
1.542087046791706371e+03
4.085783270776553309e+02
-2.950610401443015363e+01
-2.091241223887647038e+02
-2.115210724310979913e+02
3.577564001331268173e+01
-1.851824048044041149e+01
-2.670471511681557217e+02
-9.840145534815833344e+02
9.889701777342919513e+02
1.028470685789186291e+03
4.809162459862279206e+02
-9.067596903595410822e+02
9.456777878045279522e+02
-6.516728901492176647e+02
-5.966587602401634172e+01
6.085323134030526262e+02
-6.647425872786080845e+02
-1.434775766229946385e+03
2.480238039689504035e+02
3.735572633691734268e+01
-1.757374263269865082e+02
-4.603498546308086361e+02
-3.450708960438800688e+01
-1.090391172790412384e+03
7.884755585152641970e+02
1.019858736744977932e+03
-2.168293206965446274e+01
5.331075517372188699e+01
4.389252704262828502e+02
1.105401416647207071e+02
9.953608944383341850e+02
-9.708079922480715140e+02
-3.067906180817315089e+02
-5.225922655144249802e+02
-1.288780332472454404e+02
8.968926825675795556e+01
1.640679296097912925e+02
6.596761406154417955e+02
-3.231288449727323950e+02
9.505872642947059603e+01
4.342002590658382815e+02
2.969200946207400307e+02
-4.383060573788097827e+02
1.924360441350646624e+02
3.969189376358822301e+02
-1.797149798202254658e+02
2.015155909958351117e+02
-3.300135270532466052e+02
4.553995707856151398e+02
2.728078598445723628e+02
-7.977573666664742404e+02
2.877418581132490871e+01
-2.308844485816928511e+02
1.644449076411069086e+02
-4.507104479448538541e+02
2.907742175351180336e+01
-1.051516785580103459e+02
3.792156716441373305e+02
3.925336891024195296e+01
6.506714972663149865e+02
6.074469370098693588e+01
2.528631826747456728e+02
4.781820109431810550e+01
3.832221265757228679e+01
1.651329482639162336e+02
1.888090042021147781e+02
-2.448542062592266859e+02
-4.196691965863578275e+02
-2.520197938920683001e+01
2.492343996732160178e+02
-2.488037908873467643e+02
-2.561822902528458030e+02
4.141142131420726287e+02
1.042256416780107600e+02
4.196236317087501533e+01
1.007134557533187120e+02
9.261411306900721740e+01
-4.222262096406245746e+01
-8.387479233403257695e+01
-2.351256266112606568e+02
4.080175662191778088e+02
5.300466831872114426e+02
1.468450818235170061e+02
-1.996763717682830759e+02
9.109152281350043268e+01
-1.266990401037691072e+02
-4.962681518135949688e+01
1.642319185382712021e+02
-4.357921452649815137e+02
-2.401609869524537810e+00
-1.319614183244149501e+02
1.318922012129372661e+02
-3.266428885641344237e+01
-3.328356608061333191e+02
-1.012100814707386718e+02
2.278148272631041493e+01
-3.195648478407171922e+00
1.401104484748161951e+02
3.854506038878058689e+02
7.584335327024658113e+01
2.246612514690765465e+02
-1.951507805676584724e+02
3.459981002046561684e+02
-4.897002699744956722e-01
9.597734231990285636e+00
2.430707749130542368e+02
5.143302315859731522e+00
5.465701517242095520e+01
-1.246405516041278503e+02
-2.089357118244225830e+01
4.765474303840457537e+02
-2.122496236433060517e+02
4.251210429888130307e+02
-8.142089019763365343e+01
-2.055479546278397152e+01
7.426016636399893400e+01
-1.332727818240227293e+02
1.160464086650796247e+02
3.010743092897862425e+02
-3.226258138460527789e+02
1.489699176381596430e+02
1.178794668518932980e+02
5.156085856507055354e+01
-2.237367761694200681e+02
-1.516171099760289280e+02
5.795345226191535204e+01
-1.980960829990567262e+01
1.908479355649397036e+01
-2.520290176432312279e+01
-1.281605675894041674e-01
-4.218446349030705989e+01
-2.247103080001038506e+02
-1.785374390890160257e+01
6.824803598600885834e+01
-1.123264100452185232e+02
2.659585355100384518e+01
8.829456524422856489e+01
-3.588754143304268496e+01
1.032727084701989106e+01
7.303664928413896007e+01
1.035966265506264534e+02
1.565870191041227599e+02
-4.292137704196356651e+01
2.621597633774637188e+02
-6.012489147024932379e+01
4.211094255776691142e+01
-4.346565719755435566e+02
-1.138913690416625712e+02
8.089393332016889815e+01
-3.563065152026899796e+02
2.080579270605611271e+02
-2.010147156786096048e+02
-5.129475116025586345e+01
-4.428674668911939705e+01
4.668463575743880511e+01
1.466961611075748273e+01
1.192321881111794255e+02
9.790731292031102839e+01
-2.839750020687964849e+01
2.412246926853346736e+02
-8.090401589133983862e+01
5.767963420781779860e+01
-1.030393228313411242e+02
4.557931804515494179e+01
-6.683860302393182451e+01
1.941385080954896978e+02
-1.176429907155645651e+02
2.586215002727367391e+02
-1.427509176588972082e+02
8.060722475777917850e+01
1.684242016538070459e+02
-1.083823330578079833e+02
4.800587400944007044e+01
1.895153131818483985e+02
8.750792367873749811e+01
-4.457321556626451553e+01
-1.203819002184284130e+02
9.248006241317337128e+01
-2.494696604243136662e+01
-2.843773326479329455e+01
-1.902001652303093806e+02
-7.292866139702670125e+01
-1.360530840467243934e+02
1.033457756760721793e+02
-4.244337351970393968e+01
1.013449885515868374e+02
-3.171260483351732162e+01
5.216086144421174708e+01
-5.371495633214506427e+01
3.924193365541988499e+01
1.114109544273936052e+02
2.169681452328947273e+02
1.904509934196484977e+01
-1.373925490456769012e+02
-1.048490164946634877e+02
-1.110275885840509318e+02
-8.989069102345139584e+01
2.280896530534261331e+02
1.492832605149979770e+02
-1.255098717266993305e+02
1.677480982990882410e+02
-6.173402222837329845e+01
1.263993589720512212e+01
-1.260843453328431565e+02
-2.553694056597275619e+02
6.293865372318383322e+01
8.587623486984126941e+01
-1.581392327501451511e+01
4.966264587178988421e+01
7.435482266920732286e+01
6.913315447710768069e+01
3.447375588596105445e+01
1.581268090567911884e+02
-3.911775291783509090e+01
3.626629980449569857e+00
-1.036782830171518697e+02
-2.682776862424727327e+01
-5.452198793251234576e+01
-6.822919747396446155e+01
-1.790306202539280775e+02
-2.178329945831848988e+02
-7.770124980471712206e+01
1.564241182742464957e+02
-5.167465975514227949e+01
-1.947157828199316043e+02
-3.876829583625265485e+01
-4.719686238152851843e+01
1.398534421576923137e+02
9.310439980137495297e+01
-1.703045441293411955e+02
-7.462453654760887289e+00
-1.187975251208328586e+02
3.723645895776143533e+01
6.873645901975265815e+01
2.458515875769886705e+01
-1.795961425126263222e+01
1.529269630462450458e+01
-9.799269635830847847e+01
-1.889322392458691979e+01
1.757714360381231415e+02
1.070907253581249847e+02
-3.866851512061783325e+01
-5.330629440153831666e+01
2.883967773812686630e+01
5.816667723663832135e+01
-1.430019134130983218e+02
-1.089453082292241533e+02
9.152265120434866219e+01
-5.795556885306960737e+01
4.214067708181815419e+01
9.301870107605968485e+01
1.596940672894359352e+02
-1.683358967198428502e+01
4.415543825857388072e+01
-7.386240428104724742e+01
2.546177683967527372e+01
5.205677928016873013e-01
5.242881850898093887e+01
-5.367088970579350615e+01
8.508259764935439762e+01
3.229168873676587737e+01
-1.201311146295291650e+02
4.161174920662926979e+01
3.972270645964701696e+00
-1.202773972105379272e+02
-5.931875816162169457e+01
-2.695873444715743616e+01
1.349290854624917380e+01
-4.444495423198009121e+01
