-2.349673784193078063e+03
4.464465053474616070e+03
3.514682318640533595e+03
-2.998399113691338584e+02
1.520334770605426911e+03
2.194969158948646054e+03
-4.670152685063545732e+02
-2.302071529512420057e+03
-1.152245410248805229e+03
-1.603903723770778925e+03
-1.145809548667132049e+03
9.208079344039975922e+02
-1.653904169377943390e+03
6.207699837095359499e+02
-2.291466794942762590e+03
-1.577843996677732775e+03
-4.487304088657782586e+01
-7.642731839990977960e+02
-1.807703031069764776e+01
7.904829689078013644e+02
-1.005511254045425858e+03
-1.633953921436701876e+03
-1.777161340410683295e+02
-1.601887260753446753e+03
7.051239695174866995e+01
5.196511677224373216e+02
-5.183775837649407094e+02
2.150544971333541980e+03
-1.607915037925332399e+03
-1.354986232909270427e+02
-6.988863876689350718e+01
-3.782688222232463886e+02
1.447900749358080645e+02
-1.849389720554185885e+02
-4.210212910709767584e+02
-5.608087189922709968e+02
4.816348101803357906e+01
-1.757330310316928603e+02
1.031160317480679851e+03
-1.093514759245817231e+03
-1.972148031634188783e+03
6.870233360483740626e+01
2.360313325922354863e+02
-2.827896002984093116e+02
-1.019945191142568035e+02
-7.727701637159713073e+02
9.194149987923854042e+02
1.300444156252184939e+03
1.497510082271266356e+03
-6.509176896181442089e+02
-1.444127834951515581e+02
-3.305809979957231235e+02
7.733032052811552148e+02
5.640896901381974970e+00
8.504833286749640138e+02
-4.752985580298072819e+02
-8.046509043430276620e+00
-1.191274866462524784e+02
3.622402200939815202e+02
1.281202718740034925e+02
4.862951190471857217e+02
-4.282431058810639115e+02
4.105598973529299087e+02
-2.246509164450510241e+02
8.335166806217742987e+02
5.826462386714883905e+02
4.561647169718613100e+02
1.692238997874094366e+02
6.515790822683105716e+02
5.495511003127018057e+02
-8.343814986837421088e+01
-8.435446594386206698e+00
4.242253799478412475e+02
2.379114201471176955e+02
-4.525335024553680228e+02
-4.743152158644142560e+02
-5.026532430454507221e+02
1.853023530337987950e+02
2.904871032878529604e+02
-8.738218754385217153e+02
4.363539674716217860e+02
1.983700624421493046e+02
1.078096342900139319e+02
-8.307958318419575789e+02
-5.535958069163905293e+02
1.923237010175342050e+02
1.818306571270692871e+02
-4.886410814558567495e+02
-2.679132908923126593e+02
-2.852347252823303165e+02
-2.021249820359521721e+02
9.344115291364097686e+01
-1.720747359189155077e+02
-2.462485846371693583e+02
6.866991285947447921e+01
-4.852937686544152598e+02
-1.576285789648678133e+02
2.370135352108471594e+01
-1.498487381865670329e+02
1.066071654161528244e+02
8.032085178753828814e+02
-1.340835258130946102e+02
3.582050428195301492e+02
9.358233162309366548e+01
5.902131421206090636e+02
-3.350952378620215200e+02
-1.819277644013429267e+02
-1.919345768260862428e+02
-1.887725317408874162e+02
1.377229852389874338e+02
-6.168838187156951562e+02
-7.050390929860051301e+02
-5.684558734911735201e+02
-3.509668866077618077e+02
1.136815659459342420e+01
1.541793213931845514e+02
-1.724662633171659820e+02
-4.419679364906310184e+02
-1.739863634614736725e+02
7.154683319225943023e+02
2.056354679824310097e+02
5.929553989462149275e+02
1.758637954699119348e+02
2.220122095266122528e+02
1.864988162413442581e+02
1.038850785553623126e+02
-7.701525783345698528e+02
1.776459188869399384e+02
4.566273866160079820e+02
3.904713921024633692e+02
-7.095573564374709008e+01
1.159708848184771568e+03
-2.283265310807297510e+02
-2.523302491190481760e+02
6.724981859270671976e+02
4.262980033314782986e+02
4.581863771817160114e+01
-2.190575558721632206e+02
4.906775453844344076e-02
5.702160161035079255e+01
-6.100140668809211064e+01
-1.087011243956741708e+02
8.347243563530173560e+02
2.912672267797826748e+02
2.687507740811865347e+02
-6.504697284144680225e+01
-3.746028448372897515e+02
-4.276859423249561587e+01
6.864973672768420556e+02
2.798582815888283903e+02
3.919847571241339210e+02
-2.337597723229625331e+02
2.082363194331674094e+02
1.857901845046382050e+02
-4.668276052533950065e+02
7.305920832825386846e+00
1.882736763070929555e+02
5.580110942946560044e+02
-5.199645099854624419e+01
-7.012725389064245292e+02
4.313366131683550293e+02
5.689739464724148377e+01
2.803834565503772183e+02
-3.414516158410336857e+02
-8.647311777195255900e+00
-3.532405557643841121e+02
-2.295148035712317380e+02
3.857874889035680894e+02
2.929964322078076862e+02
3.652857404073679390e+02
3.172204101501668561e+01
-6.673981943367576832e+02
-4.197878366731973188e+02
1.435820750684601776e+01
-2.089205911214348532e+02
2.767178951330315044e+02
5.416600332514749425e+02
2.431297922944514198e+02
-4.751383443647112159e+01
-2.065320066931312510e+02
3.554002608621011632e+02
-2.812272353702601890e+02
4.425439578716719211e+02
3.952187884487208862e+02
2.675408092092511083e+02
-3.141995882832162579e+02
1.273128335470085517e+02
5.684380363802772251e+01
-4.055538304826922626e+02
3.463410991308481925e+02
2.245221355526045670e+02
-2.980377890231467859e+02
-2.074372739044685261e+02
-5.181264247335786877e+02
1.020951936248280703e+02
-1.105746793752373662e+02
-7.143637197615848891e+02
1.057413834645113582e+02
1.690721698370056743e+02
1.162812006597403922e+02
-2.733990481361809088e+02
-1.521082215106608544e+02
8.405666071130568753e+02
-7.320517188218330773e+01
1.544100344464298757e+02
-2.253760136333261954e+01
-2.836720878427906882e+02
1.059876160257038862e+02
-1.896636416698147798e+02
3.160860108771361752e+02
-2.885831142020853122e+02
1.426635690750885885e+02
-2.686799159585696088e+02
6.878758341574538804e+01
-2.585736163938696563e+02
2.126227103979868502e+02
7.913480823805582709e+00
1.589794895489942235e+02
-4.744462448311143703e+02
2.228991678469155318e+02
-6.752089387587429883e+02
1.871419545315170865e+02
-4.569784221650091354e+02
-3.026993288030292319e+02
-1.379548619743121662e+02
-8.313940560323334239e+02
-6.418343411760973822e+02
-1.254833878765634125e+02
-9.927039040227145961e+01
-1.585665286647126209e+02
-1.186120306341734505e+02
-6.230841671111465274e+01
-1.794601698716097360e+02
-2.055996312499721910e+02
-1.479643060131147791e+01
-6.690686219232507881e+01
-3.297073965482331346e+02
4.029946955202080261e+01
-2.073834626212652132e+00
-5.892851517118916860e+01
7.936651332258854552e+01
4.499280910521367360e+00
-4.145300014108958067e+02
-5.244905712676088569e+02
7.144979394302791320e+01
2.142731735384481055e+02
-2.493733933670645797e+02
-2.378196136049934353e+02
-2.956427017563174218e+02
2.427824765181578215e+01
4.305090388998300455e+02
4.503094789727850866e+02
6.643295467330651718e+02
-1.305197544170055153e+02
1.873526657845314105e+02
-3.098755597858959732e+01
-6.479049461449051250e+01
-1.556734753590455966e+01
-2.407255148465350203e+02
3.805503005928940183e+02
1.616903991613831408e+02
9.548731480835445495e+01
-2.541768717448424866e+02
2.836016950756607002e+02
-5.963561829479704102e+01
1.292012018311154122e+02
3.812909955085708589e+02
3.974672267832740999e+02
-9.187273023239265513e+01
-2.844593697524469178e+01
-1.808566342603253219e+01
6.003229244567130252e+01
4.707045302203425052e+01
-2.986872254271544875e+02
-1.866702075171689046e+01
-8.876136899950735426e+01
1.080951073970443446e+02
2.576135591109290885e+02
-2.159014582284296466e+02
-1.429482041268144954e+01
-5.100260112571258446e+02
5.182839905915328700e+02
8.857348173555753590e+01
1.582165949235224787e+02
-5.760580525245056549e+01
-3.843202067880439188e+01
1.533514304150049838e+02
-5.374749286516602353e+01
-1.899087040341492525e+02
6.414581648297063055e+01
-2.170826275710916775e+02
2.506180495407000990e+02
1.678969063619956330e+02
5.921204887739185097e+01
2.472123515309984043e+02
1.349956236371523062e+02
-1.868188873335444953e+02
1.220272714711867792e+02
-3.067840485416041929e+02
1.976342581474605993e+02
