-3.709805321732956600e+03
1.931922423706236032e+03
5.609225848473617589e+03
7.654214060753728290e+02
4.017791697820094214e+03
-1.343200519681099649e+03
1.675441353942564774e+03
5.919150329304477509e+01
-1.033608884391642505e+03
4.817163368330267481e+00
-2.859239904167191071e+02
-1.441820109695464453e+03
1.492922935799695779e+03
6.688815376219374684e+02
1.206803164131649595e+02
-2.578571842107907287e+03
9.335319192961817407e+02
5.528260693125645275e+02
1.739632985017779902e+03
-1.430276935723019051e+03
1.595194464485734670e+03
1.527614973800998541e+03
-1.955248590158976640e+03
7.201943932201423877e+02
-4.286316701196714121e+02
7.096185772939147682e+02
-5.225767423601718065e+02
3.465870421781138333e+01
4.965008133602646581e+02
-8.825079648384127040e+01
3.198080163123919419e+02
-4.684971232475427314e+02
-7.008056675464346199e+02
-1.950515222581514308e+03
-1.127513865487373550e+03
-8.861513542266297918e+02
-3.409823272829106600e+02
-1.111356734014066348e+02
-1.215346810383121465e+03
1.423606774418498389e+03
-3.903134989453974413e+02
-6.203113909627364819e+02
2.297331184240754283e+02
1.945843012711017764e+03
8.436270971571406108e+01
3.634086493141759888e+02
3.140061261616847901e+02
-2.851514346798565498e+02
-3.867546222373204046e+02
-4.766753292498033261e+02
5.537868251476055548e+01
3.290900452841193555e+02
-1.748061794998660048e+02
-1.398818260159808062e+02
-8.393419314907926037e+02
3.497666051609995179e+02
7.799186699665277729e+02
5.516909944196848983e+02
1.214464333605146038e+02
6.125903013217391617e+02
-1.267365720605300083e+02
-5.885279203208782519e+02
-3.761964484074436541e+02
-3.101349821067658468e+02
-8.113995219887631265e+02
-3.867298819739199303e+02
6.902019235454307022e+01
-8.352843096590677305e+02
-4.494667160448512391e+02
2.072648149089909850e+02
-1.970285121801227035e+02
2.400274716755842235e+02
-3.804804935504619152e+02
-3.967236667779370407e+01
5.740912231105054389e+02
-3.720034635014040987e+02
7.052038333324043151e+01
-4.931557332156637585e+02
-1.410740561284561378e-01
-7.843928506053638330e+02
-5.822316713247086106e+00
-7.873957980917595023e+02
-3.791672817725365121e+02
-5.087390516276768153e+02
3.008683513449327620e+02
3.132960258484986298e+02
-5.730491301739583605e+02
1.270281579710737248e+02
3.106978200177888425e+02
-8.357242106509627888e+01
5.231341082082527549e+01
-4.040457195086586921e+02
-6.271246937600631099e+02
-3.119357581682006071e+02
7.039530171214520351e+02
3.824847346011302420e+02
-5.285418433095561568e+02
-3.837336252253154498e+02
-2.249240335436091129e+02
-3.518089363658364164e+02
-1.233085539244555235e+02
1.597536109520061984e+02
2.845851973870210827e+02
2.095567659730072663e+01
2.876134993529618669e+02
2.869989880346363620e+01
3.044361440870260793e+01
8.551575686932451958e+00
2.261641379950421822e+02
4.339406107546702742e+02
-3.606181786532221736e+02
1.007095736351868283e+02
2.228459304928365441e+02
-2.104266902756147886e+02
-2.126894244817772517e+02
6.317664843338620528e+01
-6.621231968818667610e+02
-1.559042803560055290e+02
-3.765087431113077514e+02
7.097910136889169053e+01
4.669729550922554040e+02
-1.075518739746622003e+02
-1.496144517138628487e+02
4.453177872372621238e+01
1.844600492618637020e+02
-1.147177977534710891e+02
1.219810607506745370e+01
-7.893854489767677762e+01
4.016999201847208383e+02
6.242935518876074639e+02
5.613965781726707291e+02
-5.943337847754065706e+02
-5.284785672294399319e+02
3.608018147776782030e+02
2.307866868397658209e+02
-1.682892890667143320e+02
-1.397331900349444425e+02
2.555582388056905359e+02
3.304897470167729807e+02
-8.189551758092393641e+01
2.093914938157636527e+02
2.310246553268142691e+02
-5.307808754402701652e+02
5.339535403626440484e+02
-3.661490019576287409e+02
4.093954530501845852e+02
3.853970398486152931e+02
-1.503262197524458657e+02
-1.940267682625681545e+01
4.453109427471905235e+01
-4.931739679369047735e+02
-2.931795479361843491e+02
-1.551348053648079883e+02
-2.570861873372774085e+02
-1.049134579773192257e+02
2.406210334214733848e+02
-1.278833198652717869e+02
1.517844236252738028e+02
8.358196860236103021e+01
5.797767625089335297e+02
-7.039078055523479804e+01
-3.802449201505382916e+02
-2.580197623087360057e+02
3.724456444825832477e+02
-2.551136267467340417e+02
-1.472818137075457514e+02
-4.893433850695716387e+02
-2.000394447077649716e+02
3.499052263681040245e+02
-4.016749647606442863e+02
2.252608365781962334e+02
4.683610367087902091e+02
1.529220424921745689e+02
-3.523134252607788994e+02
-1.503580604907479881e+02
1.284290094540255893e+02
-3.410180670843390658e+02
-3.885362386379707687e+02
-1.985173348106330593e+02
-9.303197534390058365e+01
2.033108614660695537e+02
3.619372904588205841e+01
2.097528458423860798e+02
-2.096535370514036458e+02
5.525439552802200005e+00
4.532156520444530656e+02
6.737809751910769762e+01
-8.204015169901720128e+01
-3.794126143377766311e+02
-1.251946347305513711e+02
1.578311898383570622e+02
-5.608653234108580818e+02
9.783490569154751881e+01
-4.725534685086635278e+01
3.126981356401407730e+00
-2.685121535188260964e+02
1.725308356051088765e+02
-1.970963528605053625e+02
1.128807306323114545e+02
7.095556491940934052e+01
-9.683133584958996209e+01
6.083255807340093924e+01
1.144489026795059203e+02
9.590285654144743432e+01
1.768642973031643919e+02
6.156524544364896201e+01
-1.006398818008953810e+02
9.375115576627923986e+01
-1.462842284043814516e+02
-6.992849215019555231e+01
7.560400290387609346e+01
-2.622602637580494616e+02
-1.522398443657085920e+02
-1.464585391547252584e+02
2.235435519553388772e+01
-2.240071323776205077e+02
-1.271953051967375785e+02
3.379157512457511814e+01
-2.911366415648698194e+02
-7.804347745256893631e+01
1.859599007705829194e+02
1.182076802179238229e+02
-9.967237647860390837e+01
-1.665604728428426711e+02
-6.605700791620323642e+00
-1.387252888970612617e+02
-1.239902071183729682e+01
1.215364722173680256e+01
4.325941653852770941e+01
5.336949947896213331e+01
-2.848546671086326683e+02
-1.080603054091646698e+02
-3.408257959825789385e+02
2.444427027097824805e+02
-8.429082360726778234e+01
-2.449931070238935717e+02
-3.567092614662274030e+01
1.886199683681272745e+02
1.819397654918463729e+02
-2.241139963174956335e+02
1.781206725076513919e+02
2.692907888699567138e+02
-1.658367351784739867e+02
4.251025828421471715e+02
-2.541981363167674886e+02
-2.043471260010603316e+02
4.749850135403362827e+01
1.524172066291521617e+02
4.673565888411361868e+01
-2.678347727864806984e+02
-2.866681304054766315e+02
-1.210900188243036126e+02
-3.561667695133822775e+01
-9.206970174421634567e+01
3.728329038959109454e+01
-1.399215712138602896e+02
-2.050977765269629174e+02
-9.956203337091029937e+01
1.155972119354888150e+02
-1.967167127705964447e+01
6.370707982859330798e+01
1.018258832765789066e+02
-2.255434274916081563e+02
-1.754468651635876313e+02
2.253039211707860261e+02
6.746310469184508918e+01
3.643432281682117946e+02
-4.395769122353566871e+01
-3.295452019421102108e+01
-1.922925066926314344e+02
1.938898204051705818e+02
-3.477368245057693485e+01
1.389773006919330953e+02
2.592672285811030406e+02
-1.649954455200856955e+02
-6.408686363153182697e+01
-4.982837736870356693e+00
6.888379447112755827e+01
1.211939650482847384e+02
-3.470736214167241940e+01
-1.105324764969166118e+01
1.404206192858285078e+02
1.556280908685815518e+02
1.800374604976115478e+01
-1.078479799742222589e+01
1.498404443895370264e+02
-7.373725550403680984e+01
3.644469094437463355e+02
1.838440082840684109e-01
1.338154341650984236e+02
1.052132485781432081e+02
1.783159214913086430e+02
-8.996521303306336392e+01
-2.595316006929523667e+01
-2.503475761876901231e+02
1.023240519814296619e+02
-1.723946577503261040e+02
9.401835181037655786e+01
9.460490904037573978e-01
2.055879214364057646e+02
