-5.904653595090209819e+03
-1.782252120654869941e+03
-2.376416528954100158e+03
1.359944611952808827e+03
-1.487905902121018471e+03
-2.883277240816601989e+03
-2.200298446682243593e+03
-2.303398764528151332e+03
2.225385614000917371e+02
2.896996489796614469e+02
-2.069835237345963378e+03
-2.396549011397625236e+03
-1.628267289153894126e+03
-8.801997234798370755e+02
1.225853657812717984e+03
-1.841460856095012332e+03
-1.158083458270941946e+03
-6.303729964237697914e+02
-1.443999800680802537e+03
5.929252111125457958e+01
-1.475645043282988809e+03
-1.336011280753122492e+03
-3.200525862839857041e+02
-9.518158492458211413e+02
-8.985173724584140587e+01
-9.440722878036953034e+02
-1.708323348774206352e+03
8.241761371370325833e+02
-3.259164677098648326e+02
-7.850395192793732804e+02
8.491968247584696883e+01
-1.278910290342571159e+02
-2.010285011459496445e+03
6.852915550162352929e+02
2.985862525448241627e+02
-7.762875709932347945e+02
1.446378944149841800e+03
-1.073891531374611304e+03
-4.506889852486587529e+02
-6.643200914440526503e+02
-1.855823862326446090e+02
-4.977668624615930781e+01
-8.797604214258669799e+02
1.824147322717449811e+02
-3.496086839078332105e+02
-5.922695142090501577e+02
-1.199165002722225495e+02
9.515882466395538586e+01
-2.978225113094456944e+01
-1.451686343632489752e+03
-4.103333707622537929e+01
4.623225752692708284e+02
4.260434508754756422e+01
-2.467931641468757675e+02
5.026147357314849273e+02
-7.950623382483940986e+02
-3.643568587020124028e+02
3.538294659978193977e+02
3.239474359369906438e+02
-5.572535463251504098e+02
1.469603038342084744e+02
-9.126028868006553694e+02
1.060048261379877772e+02
6.827468956884541740e+02
2.854895081085938386e+02
-1.227275306289322430e+02
3.695968987908450458e+02
2.431982184585430957e+02
4.425307437620985525e+02
-3.634430325387529592e+02
-7.129560425739135781e+02
1.560688065337382682e+02
5.422558178496789196e+02
4.285163534812467390e+01
-2.301559607393929241e+02
-1.362241358976634729e+02
4.013143212019201087e+02
7.687292460452145804e+01
2.550393837138477693e+02
-1.026899067188098229e+02
9.046549459044921093e+01
-1.724724547688538792e+02
-2.191799108253784922e+01
-4.897507678322312472e+02
-1.395122200923323135e+02
-8.464001724359167156e+02
3.384742277462483457e+02
1.409271661712602395e+02
-3.322320434475799971e+02
-4.810153211045194439e+02
2.192166767848513587e+01
1.605133063491438747e+02
2.894315408435801018e+01
2.614006406167389969e+02
-3.359706983387390977e+01
1.894356766999973019e+01
4.428222817894784953e+02
-8.421121823240945048e+00
-1.311709207238089050e+02
-3.083408607037200113e+02
3.516085040578709595e+02
1.378297720184249719e+01
-2.484258382959446578e+02
1.778090625369212319e+02
7.709856473212035155e+01
-7.582299668196044706e+01
-3.024385532050304732e+02
8.236782804759089061e+01
2.046104764756105965e+02
1.373890721396863910e+02
-1.301518596394284941e+02
-8.793759894775128316e+01
2.919589942447796105e+01
-5.079260320645472149e+01
2.164753267691770588e+02
1.254638404125183229e+02
2.354213134141812134e+02
-4.134022429792102002e+02
-4.860056443798529102e+01
1.954047615519411352e+02
-3.404185609089115587e+02
3.863498215722821669e+02
-1.822098852429180909e+02
-1.425479976731430654e+01
1.301365126822224170e+02
-2.622209633868044509e+00
-3.453682568723060058e+02
-1.957157123407452843e+02
-1.643218082131960500e+02
-9.846354059560124483e+01
1.721834598294453258e+02
-2.908899125637859129e+02
4.865953953050756695e+02
8.777844369769250932e+01
-1.621905534952230425e+02
2.906174905099621508e+00
1.886444614391431571e+02
-1.365526334300419364e+02
-1.248673652323229391e+02
-5.795547360690257221e+01
1.546645746662233876e+02
-3.635823571728894876e+02
-2.158744479667857661e+02
-2.011393502159120885e+02
4.162548820394019344e+02
1.094738063629771716e+02
-2.884486694366310289e+01
-2.034023653084327350e+02
2.359870064753643533e+02
-3.050709924224160545e+02
1.763591847664756074e+02
1.262299857354007599e+02
2.513143970467246220e+02
9.611967648876566273e+01
-3.374903522991155569e+02
-3.324221119702050373e+02
1.663556893147630831e+02
-1.618841473059287495e+01
8.927761255658370487e+01
-2.876498746806544204e+02
3.795717297124695477e+01
1.301522691741342612e+02
-1.224676807108246948e+02
-1.637225115251285388e+02
-3.788170408804870704e+01
1.239269667988910761e+01
-1.721676079917435942e+01
2.836512365289693776e+02
4.077408328625065081e+01
2.099438565817264646e+02
1.502267470650403709e+02
-2.295033794665141613e+02
7.758085244496749056e+01
-2.048351687588572645e+02
-1.740897211161415115e+01
6.659038860242888802e+01
3.395097960423869949e+02
7.751922912318774195e+01
-4.576223955817124533e+01
-1.342076850315108629e+02
2.083301951579039155e+02
-2.190272337362506789e+02
4.448100227319883970e+01
9.970969783813644938e+01
1.166916731193475840e+02
-2.229218148335375105e+01
-1.115778106747665817e+02
7.220185524843105895e+01
1.048427639552937194e+02
9.622898863056960295e+01
1.934213129339247672e+01
-2.029659368344565706e+01
-9.387131306283382060e+01
1.105048522262425337e+02
8.822764422982103838e+01
-1.433796435973264138e+01
7.430386117935926293e+00
-1.894080338185129264e+01
-2.256923805041627418e+02
6.060197132459659741e+01
-5.895249644895130103e+01
4.699401294251256189e+01
4.227959679399722859e+01
-9.793268716678909414e+01
9.366634467795272201e+01
1.934286597204273335e+02
-1.841722190811104554e+01
9.407023646107435866e+01
-7.252753963676174465e+01
-8.817025339730578537e+01
-5.137757578029277283e+01
8.949868687049938387e+01
6.811974928897271298e+00
-1.585698113604282200e-01
-1.250649839933118699e+02
2.015615396338870369e+01
1.544197406046700962e+02
2.625191494541207931e+02
-9.879458359534416445e+01
-1.079061102882331227e+02
-4.845919662582291210e+01
6.018896133191427822e+01
-2.048760318652927594e+02
1.698461170645922635e+01
-6.697375555130692248e+01
-2.023829071836527760e+02
-5.180448915268469179e+00
-8.508373509242694865e+00
-4.060736439116017493e+01
-5.947259267039819974e+01
-4.876789711480118683e+01
9.152374303390287480e+01
-9.039594488846610432e+00
-1.526733079965969466e+02
2.005095219060639167e+01
-7.118281859193092487e+01
-9.820082050821089581e+01
4.368093730139200659e+01
-4.655538176675334228e+01
1.122701185161243416e+02
9.831325873129493687e+00
-1.541402297234579635e+02
-6.408684118874835178e+01
-5.651981114307033494e+01
8.014227139842940062e+01
1.488436446512213820e+02
-1.626103190963238632e+00
-7.284790773152872134e+01
3.125411613174444980e+01
-5.650163408570136880e+01
2.187211878800260578e+01
-1.988784781884708508e+01
3.938443206051781686e+01
3.716122536320446557e+01
1.167491753316641336e+02
5.578238335521997726e+01
-5.314860417558297456e+01
5.090736313008410008e+01
-1.927451403719863947e+02
-1.345991543283992655e+02
8.507530093374111857e+01
-3.629143655747398611e+01
7.668665837466649648e+00
9.094672287466389093e+01
5.884356081792302007e+01
1.129855258546405672e+01
2.064482139598952131e+02
-2.830192036021259838e+01
-3.734361479584739385e+01
1.181082882155866969e+02
5.688518257108628262e+01
-9.860161056824598802e+01
1.044395970499835897e+02
2.081465691216918756e+01
1.443833234022057468e+02
-3.966143538426756265e+01
1.477504228254299790e+02
8.727952322578921951e+01
-1.857972073520512879e+01
3.421451707123725328e+01
-1.539308769029688717e+00
8.579726825105821320e+01
-5.411861169650569536e+01
-6.339093900239135593e+01
8.109463561231123663e+00
-4.532844329605446632e+01
8.636775630363956680e+01
9.124897795524611865e+01
-3.628760300565568997e+01
1.401681145031870734e+01
-1.982448804915294360e+01
1.993921559838223629e+02
-4.558231039280072139e+01
-6.839664948855646287e+01
5.305628466643891272e+01
7.850491731386475180e+01
9.355549293908778097e+00
8.548426600872726766e+00
-5.551305459753562843e+01
2.251813627910853555e+01
