3.924261915296384359e+03
1.139898827337217199e+03
-3.062292431299294549e+03
8.949759185371826788e+02
-6.585294797714175274e+02
-2.204406293513980472e+03
-1.085418885062794061e+03
-1.314691468608891910e+03
1.037743642568950690e+03
1.215634044504266058e+03
3.363705399638766380e+02
-1.379855548080724702e+03
-5.237667320597740854e+02
1.075525808386300241e+03
1.084900719194678913e+03
-2.921521411980846551e+03
-1.662454547182263241e+03
-2.280946542593367781e+02
-1.094173799194297089e+03
3.021674204213999246e+02
-9.364832679645035114e+02
-9.240326060712113758e+02
-2.284984717015547346e+02
-6.928182319911155673e+02
-7.320113980224357420e+01
3.757896536624765531e+02
5.237973386863887981e+02
-6.107388257376885576e+02
5.494023717624181700e+02
-7.025920761463107738e+02
1.606625101849231498e+02
2.465974729555555598e+02
-1.065106446279010697e+03
3.045924812509647381e+02
-7.383665375630143899e+02
1.685307804109017695e+02
-2.264475371021805756e+02
-1.114046930321305354e+03
-1.689174711587502600e+02
1.314199477901656223e+02
2.040140178671697129e+02
-4.743264350046703726e+02
1.321049081870292241e+02
9.569687768759911251e+01
-1.043830874096696135e+02
3.367924661286560450e+01
9.754771315524340025e+02
-1.180442270260644619e+02
6.048156496463652729e+02
1.030097411269082919e+01
-1.584774433964699654e+02
2.243932958178460808e+02
5.525371180082644287e+02
-1.922358684533917028e+02
-3.352812069512360722e+02
1.925925759213193942e+02
3.496372952516072701e+02
1.336485727070837868e+02
7.800203256622027936e+01
7.266288764511352838e+01
-4.402469658136657245e+02
7.712658712302261392e+02
4.563044812197485385e+02
-5.682783818340598714e+01
-1.682876345317089601e+02
-5.164141119579945780e+02
-3.106025960874551402e+02
-8.085105678544479701e+01
1.466127397601168241e+02
-5.913112612367889653e+01
-5.529205861950297276e+02
-9.978255285234926930e+01
-7.750066038264073143e+01
-1.663022340469562153e+02
-3.756885632527729513e+02
-1.445518689357286348e+02
-2.757487507205445354e+02
-1.196997068551883530e+02
1.284929018253945969e+02
-2.898315431030852096e+01
-1.898552514669780180e+02
1.179295883480106433e+01
-2.223560815058141600e+02
2.995933374183862341e+01
2.171658987488000037e+02
-6.158950584195200406e+01
2.169898873298371313e+02
-2.130457053142700943e+02
-1.757886005055102885e+02
4.159008059077550001e+02
1.120783788838744641e+02
4.463894781898999042e+01
-4.069958319349410658e+02
2.065638061524578006e+02
-1.517169095920061466e+02
-1.539638466279376132e+02
7.075798165225523917e+01
1.494112320326817098e+02
7.331110327061233534e+01
-6.069291956831103363e+01
-1.634081254233638276e+02
1.207630384821332541e+02
-2.821182547108112360e+01
-4.658240058845930776e+01
8.918759495479193333e+01
-7.725526689869593788e+00
4.459725284239863363e+00
-1.543926524185029621e+02
3.011775842143563153e+01
2.893011946478496554e+01
9.762467067390078057e+01
1.490030317156912076e+02
-1.777924243380742269e+02
1.824084190432163552e+02
1.001524172366792698e+02
1.550866885946569482e+02
-6.213459649918996774e+01
-3.823857317415208712e+01
7.020206541404745337e+01
-1.385130503075145327e+02
4.883599108373812925e+01
1.599354832204979857e+02
2.240195037110906071e+02
6.189528246277550494e+00
-8.507771122951697862e+01
-1.098991711125076876e+02
2.984078679103459422e+02
-1.388248308302925977e+02
-6.370170099004258013e+00
2.427800564230470215e+01
1.506369323065896992e+02
7.640477754041108938e+01
-1.522305709546808146e+02
4.925441169047754641e+01
-4.317557638882054505e+01
-1.191960453486491645e+02
2.931198257891159287e+01
-4.127417486766233323e-01
1.455903145193092314e+02
-2.235160764542307561e+02
-6.822490842088019747e+01
1.022378180482377630e+01
-3.206868971381152278e+01
-9.231898171169079603e+01
1.695064211592250558e+01
-2.072433801550982935e+02
1.510797202603650646e+01
-1.677422197348377040e+02
-1.426995341478560704e+02
1.800941138867890601e+01
-1.676260405326895579e+02
-5.048039260919334481e+01
1.164551613279679003e+02
-1.524215562427807136e+01
1.013534086636646521e+02
9.364720074615695466e+01
-1.094965618211327296e+02
-6.684997949236347381e+01
-2.523601028723794002e+02
7.266936129908425812e+01
-1.003733121424997279e+02
-6.247908715026001403e+01
7.648929898751826606e+00
-4.756338640073145285e+01
4.447715069207629313e+01
-4.216776615272290485e+01
-6.241790239081958447e+01
3.257059538714229596e+00
6.518798477623549559e+01
5.186742807906280461e+01
-1.054567263608582550e+02
5.866334960380265251e+00
9.851376468605924686e+01
1.232550826978715293e+02
-3.184419778723571781e+01
2.111522668538966130e+01
-3.676935410268591831e+00
4.887335136401446078e+01
7.597563066951056499e+01
8.814408425950637138e+01
-4.774966241009537526e+01
7.468931807104401344e+01
-2.740016556709802487e+01
3.595464415047589313e+01
5.093544310885370408e+01
1.059515569624891071e+02
1.743790648520187005e+02
-6.633585132741196766e+00
2.673802453086215536e+01
1.883484772309225619e+01
1.424322458463092573e+02
-1.235926964892587137e+02
9.477091636402995789e+01
-1.795302056323768269e+01
4.371281911395436026e+01
2.750073912335821547e+02
-7.264656901134571854e+01
6.758828004631311615e+01
1.744419284687721339e+00
-1.581165795134122298e+01
4.349948366496290220e+01
6.623908254090059700e+01
1.185833082069518127e+02
4.197340675552729827e+00
-5.661147225390944726e+00
9.247650854861649350e+01
3.190245965674093753e+01
-4.735067817586761407e+01
7.321920623884346924e+01
5.211881160940566105e+01
6.423744269521142769e+01
-7.776071706240779591e+00
-2.042047682116902081e+02
-1.902553053724258803e+02
1.221294558302208486e+02
-3.966645081295907538e+00
2.182159459765766307e+00
-4.314741324069785833e+01
8.654579779063626077e+00
-4.713581991473307475e+00
6.670101087645676330e+01
-3.077131353448596940e+01
1.982609820851780569e+01
1.532593119604197511e+02
6.680876508197722785e+01
-9.024322994712109391e+01
1.247191899351756028e+01
4.352203820889586439e+01
9.944235102491470357e+00
-1.217254995939331650e+02
5.183385291464639266e+01
9.255336792434540882e+01
-8.608717721838259340e-01
-4.123511581371565882e+01
8.995044279856496416e+01
-6.982642467675877640e+01
-2.523980607499760964e+01
-6.052191589980763453e+00
6.923025078397729715e+01
6.798336892110083518e+00
-5.277537099713065949e+00
4.427669657466372399e+01
-7.026784733725575904e+01
1.610476798494448758e+02
-2.014491316704908286e+01
-4.536029221108945819e+01
6.133303634011031846e+01
-2.190736505675882739e+01
5.417680006159879724e+01
-3.163228601403012163e+01
-9.520821845150640783e+00
4.297626402083834307e+01
3.752497069681358965e+01
8.726762413301636911e+01
-3.872213070581030792e+01
7.023793721450795147e+01
-5.845366332417308713e-02
2.061931440186960529e+01
9.188793518313399744e+00
3.862996323256322739e+01
7.055876803629905680e+01
-5.170559850280379344e+00
-2.641670573996553983e+01
1.170848717759458424e+02
1.590343564403536334e+02
-4.033649430302174466e+01
7.805232734409983664e+01
8.381994579434199011e+01
-2.455201708461849464e+01
1.165566725714657714e+01
-2.965514398349404246e+01
9.001545377829454253e+01
4.764089836873224471e+01
5.387247928595334301e+00
3.248194393183663919e+01
-1.793060984582749384e+01
7.915808519166469637e+01
4.879110027067222433e+01
-5.047319334521425560e+01
4.649448726400932230e+01
-9.027397716482302314e+01
2.231253306061284647e+01
6.936843175760076008e+01
-6.246902633379622927e+01
-9.790000794159775310e+00
6.708250597079499755e+01
3.065662688284370319e+01
-3.524196666429467228e+01
6.370131225244350759e+01
-1.084601426765454057e+01
-4.883971449450142721e+00
2.070649648391187014e+01
3.488360549293488155e+00
-3.175769937368160711e+01
1.178193908253879663e+01
-2.533778523593008458e+01
2.858280300102873994e+01
3.330609112427950214e-01
-5.893320908136841751e+01
-2.548959761968853099e-01
