5.634613968148593813e+03
2.154756609981432121e+03
7.901351920425499884e+02
1.801761942617624300e+03
-1.560706118561365656e+03
3.522771403100474799e+03
-2.146605887062370584e+03
-3.240496426426828748e+03
-7.835388564219780960e+01
4.108275183352142449e+03
7.411488925146398969e+02
-3.696786300369757328e+01
1.566986693607931102e+03
4.000093176461230541e+03
1.910380401760907944e+03
-5.251953421121279462e+02
-1.028489523707496573e+03
2.852796165368284164e+03
4.300647263981221045e+02
-8.884742168738619057e+02
-5.750875519510649383e+02
1.404435243022059240e+03
-3.226603119127317768e+03
8.521743474216975756e+01
-9.314411586003706134e+02
6.708395013292524709e+02
-3.486226846334075162e+02
1.063990542232210373e+03
3.607754910392083616e+02
3.758888423116826516e+02
-1.602375540550625601e+02
1.567143854790906289e+03
-1.791074692730234119e+03
-2.036339385963161064e+01
8.506984098448512555e+01
6.205764690444145799e+02
-1.885973094314610080e+03
1.122048457356816016e+03
-3.369170916949931325e+02
7.335551012133511222e+02
-1.680035322151554510e+03
-3.924825145219217006e+02
-3.938166517863535319e+02
-1.393601503154425700e+03
-3.416681782978041042e+02
-5.290748367516823691e+02
6.572385616102675385e+02
-1.327924052855747306e+01
-1.839220000410291050e+03
-4.676653206673997261e+02
-1.355799439897831007e+03
1.441293905884783271e+03
9.329219739300627907e+02
-4.855558917289949363e+02
6.518116004421203797e+02
1.861100241083775870e+02
-1.206989138581388454e+00
2.261636491395214534e+02
-1.526064054339593383e+02
-5.300675375565770509e+01
-3.030129748429885694e+02
-8.131688570000644631e+02
1.938890306216292458e+01
5.795354068935864689e+02
-1.277702315436413727e+02
-4.562477380254280774e+02
-8.000758438204398999e+02
-5.428293199218146583e+02
-3.231507594569619641e+02
-5.844278290571566892e+00
2.375210196851796240e+02
2.261629009129910060e+02
-3.627869132059814206e+01
2.839834691863205194e+02
8.939780964683309321e+02
-2.176728708431531345e+02
6.610338964172310625e+02
8.326495045582073544e+02
-3.680688717394465925e+01
4.451078296021554479e+02
2.785266695344049594e+02
-1.791225818165309533e+02
-2.076619612187063524e+02
-5.728394559957097272e+02
4.661903298267003493e+02
2.669660293830026490e+02
1.130438703298523393e+02
2.940381593844164172e+02
6.383648514941287431e+02
4.729203915267702740e+01
-1.081396276027124941e+02
-3.622064251401858428e+02
2.347854318397982070e+02
-4.619969500554747128e+02
8.975336179074723475e+01
4.300316578341480067e+02
-3.678881135596434433e+02
1.036863903464396515e+02
-1.161222122273232742e+02
5.065283600903016747e+01
-7.015021294921811545e+01
1.363519569181500799e+02
3.339146996293756047e+02
-2.918251543354115540e+01
-6.556768799366648182e+01
5.492256926646025477e+02
3.320944523972110574e+01
1.807451734062277922e+02
-2.057726845540726117e+02
2.071550022875654662e+01
1.158352479321263786e+02
2.101739027461202625e+02
-3.988681038686444680e+01
-3.162133507136538810e+02
-1.185078421634355550e+02
5.434302032268623179e+02
-3.761864562355135604e+02
1.333932386450262868e+02
7.241655874334549026e+02
-1.394447577807341929e+02
-3.322674816465597587e+02
-4.068414865118657531e+02
-1.041197260168409287e+02
5.368666855773372992e-01
1.991795728442636459e+01
-4.133286217421954802e+02
-1.344055059452497289e+02
1.403634166385557513e+01
-3.706345975626800850e+02
1.331828325116840688e+02
-2.150335299555346751e+02
7.167798841111795127e+01
1.030219387207512369e+02
-1.225631202797529795e+02
-1.130642974835559897e+02
2.660449462134251917e+02
-8.434626055945604151e+01
9.948131037076026928e+01
-2.098301828160395530e+02
1.528441766584545860e+02
-1.293842747453702771e+02
1.718969111347049363e+02
-1.130940936589816914e+02
-1.941849939360325834e+02
-5.416280594128105008e+01
2.252081293999671630e+02
-1.436015592066475222e+02
9.044848134157291497e+01
2.266723664384676624e+02
-9.398182378141130755e+01
-2.720224859040517984e+01
2.684467814958347276e+02
1.796999284102705872e+02
-4.222820006919058073e+02
1.794050271081844414e+02
1.194209727577504765e+02
-3.846762827325665768e+01
-3.225989751859792136e+02
1.252586761294200386e+02
1.640868684947432428e+02
-1.662709715615602022e+02
-3.523278117969064027e+01
-2.043365710637292239e+02
1.099151070458337927e+02
-3.966065614744464796e+01
-2.574969739595211990e+02
4.447503991037685722e+01
-4.539682028253722024e+01
3.540562065055475927e+01
-6.178619498716407321e+01
1.829033666130495419e+02
1.339767904929862254e+02
2.680049208900309168e+02
-2.333900754828319180e+02
-5.968754948247129022e+01
-3.653852069845418669e+02
-3.115463581778418529e+02
1.603236494907273766e+02
-1.508308301945249355e+02
-2.313563001126754770e+01
1.024455775471672609e+02
9.548546575777407952e+01
-1.271174509203213034e+02
-3.174489070183469508e+01
-1.808413091188336921e+02
1.164215591450370084e+02
3.463731553286566367e+01
-1.600575906643069288e+02
-9.989212896678317577e+01
-1.318769361930554567e+02
2.045251182353338137e+01
-1.760284704751038376e+01
6.141062201605749493e+01
9.891564178989218803e+00
-2.126718901344422079e+02
-9.995819869149936920e+00
9.357216079986788770e+01
1.261470653972700120e+02
-9.782734892971365070e+01
4.423597649150554645e+01
-2.926610468123187658e+01
-6.553874849987155926e+01
-3.138629336565348815e+00
-9.701082265765425205e+00
-6.176274774680925361e+01
1.206801099090586860e+02
-9.147135155268661322e+01
-2.322036080148760462e+01
-1.493924924159703096e+02
3.608337474455017713e+01
2.191271007578770877e+02
1.042232898503208283e+01
-8.175088798698261883e+01
1.556396043606311537e+02
-9.024243032003509768e+01
-6.389958911339841308e+01
-5.824681358527067232e+01
3.956317414672159316e+01
-2.338477364059913270e+02
-9.407995904853058278e+01
5.472955466258860469e+01
-3.262734888795810662e+02
1.599071809029395581e+02
3.573237356836280298e+01
-3.498601876113357889e+01
3.878384868813399322e+01
-3.275752605893692504e+01
-1.811413538177362170e+00
1.889693205696724831e+01
3.160187591366279491e+01
1.063102378010769087e+02
3.825540355381147606e+01
-3.599213713126563619e+01
6.286677828399928813e+01
-7.059888939516240214e+01
5.317726912255268701e+01
1.944890738704115734e+02
8.785212110683719544e+00
-3.282989900651166693e+01
-7.721824290866059926e+01
-4.406026823575643903e+01
3.654266500788812522e+01
9.867518361864924259e+01
2.562128342406355728e+02
1.643980437366425633e+02
1.066263933587673733e+02
2.199772405914735600e+02
-8.281896630756315858e+01
2.999867500988682423e+01
1.488554812878901430e+02
1.502619577375226534e+01
-9.920959901601976583e+01
-1.018649398338435788e+02
-1.201124586515397823e+02
6.008103889939273756e+01
-6.313078930936898558e+01
1.497992676983768234e+01
5.240684058376763232e+01
1.160267729547905162e+02
2.527957832222903889e+01
4.418036077143550067e+00
-3.566342646490669921e+01
-2.090313259521935763e+01
-1.781013061849319001e+02
7.013231761834661881e+01
-5.904053309951662953e+01
-1.168241646773251148e+02
-2.076498356854297072e+02
-1.124842626693553029e+02
-4.355921051050555803e+01
1.355805338286479511e+01
7.043187212758546423e+01
4.349668743560238227e+01
7.447809129618244128e+01
-6.614276056980008889e+01
-6.389208752656049484e+00
-8.464291205304952825e+01
-6.259717282381991765e+01
1.403202277124523505e+02
-3.461956384978386581e+01
1.285625098887004754e+02
7.163958917462856846e+01
1.127774824279306642e+02
-8.250518775931928417e+01
5.873579386543039504e+01
1.198086525296621545e+02
-7.653127154103943042e+01
-7.325494810818302938e+01
-8.093366198802776523e+01
-5.530963647405949501e+01
-2.557352917202038611e+01
2.994962336383328605e+01
1.903211465847987327e+01
-9.691524233277429801e+01
-8.331055939989252579e+01
1.974396900250684794e+01
-8.334128542151090357e+01
5.626282666339254490e+01
9.019621846799875442e+00
2.101326328774770147e+01
