-4.387964101544122059e+03
-3.166945005560151003e+02
-2.096754787562173078e+03
1.519711679582199167e+03
-1.781707610243588761e+03
-2.375931638938501692e+03
-2.555346807757048737e+03
-3.148198726632399939e+03
-1.271846440187758390e+03
-4.244037350135062638e+02
-7.647700488131706607e+02
-1.045201173695298621e+03
-1.068039355003893888e+03
-5.608527905300678640e+02
2.253394014390768916e+03
-2.040910460062321135e+03
-1.433352700046526024e+03
-3.625424534221585873e+02
-2.028058281484649569e+03
5.397365443976411825e+02
-1.882093260620215688e+03
-1.029773680810694032e+03
-1.962411864933728225e+02
-1.111597780934343746e+03
-1.963883782202060218e+02
-6.370803532749591795e+02
-1.146185748406584025e+03
7.074859894683197581e+02
-1.074751005147939395e+03
-4.854206070934364448e+02
6.737830727038917189e+01
2.588653342437481797e+02
-1.817542692189112586e+03
7.074875802375108833e+02
6.102422717653871587e+02
1.996958541654517205e+02
1.568161641123714162e+03
-1.396521135423720807e+03
-4.972485875673755231e+02
-1.421484655370867586e+03
-1.123565989092099699e+03
-1.523835613204338415e+02
-1.236224844152267451e+03
-2.798495472112658149e+02
-4.457587868005073233e+02
-1.021939357237818172e+03
-1.263023337912747657e+01
5.344711679245021969e+02
-1.370617854910611015e+02
-1.180272642674689905e+03
-4.312337999859154252e+02
-1.343553301115406100e+02
3.328786151733592078e+02
-1.093855517924707499e+02
7.600818041301520225e+02
-1.040525693243743177e+02
-5.367434529725929906e+02
-5.198619968970565424e+02
1.033863826711246247e+03
-5.996453624973827345e+02
9.920085863606107068e+01
-6.121883078110041652e+02
-3.354106731998134592e+02
7.699210367885381174e+02
2.877626033928153788e+02
1.529259524268623522e+02
-5.239521649630884070e+01
1.370956347978429619e+02
6.522204614788613526e+02
6.041215773022447166e+01
-1.166527392881284868e+02
1.085269083620129180e+02
7.844743062759034729e+02
-9.347651239759674979e+01
-6.152183878405920723e+02
1.959567397025579965e+02
5.005597632349393677e+01
1.304113153491544494e+02
8.442576744277296541e+01
-2.265857810436290265e+02
3.307458076011060655e+01
-1.559340781530294606e+01
2.572880664175716561e+02
-2.909264991664847457e+02
7.125196115160480304e+01
-1.418697622804717753e+02
6.010855342242724646e+02
4.632823298364470475e+02
7.376942574351119220e+01
-1.062498332434266644e+02
-4.151146936252704336e+02
-3.630699945532092521e+00
-6.362318285169639154e+01
-2.134107518260751704e+02
-3.262461203696898338e+02
2.110729910246762984e+02
-1.975053454079550761e+02
-3.121116047989245601e+01
-1.085443101456409494e+02
1.696693527709190903e+02
3.044215301778094727e+02
1.721631466289613570e+02
-3.093021161712398381e+01
3.723807512098598522e+02
-1.306565557509657367e+02
7.294144631514411969e+01
-2.858258973949926940e+02
2.577465196970699139e+02
-2.008631245791642925e+02
1.476960886357559843e+02
-3.353022703306203880e+02
-3.203629863456295652e+02
-1.343068550807321628e+02
-1.001441896009015053e+01
6.540640097879288817e+01
1.730235387075007338e+02
-8.189359921093924299e+01
-2.839902256516787702e+02
-2.578610136412590919e+02
4.065839286145352389e+02
-1.993881394741411839e+02
1.227922477728695299e+02
1.615229487657483176e+01
4.773025244850060744e+01
-3.840601567172578612e+00
1.036932446389276947e+02
-7.217824462896797399e+01
-2.110514885729592649e+01
3.203287930365336820e+02
8.289650596069655819e+01
-4.927742946506101589e+02
1.016187197691199344e+02
1.705510809097081903e+02
-6.688036549668301234e+01
6.497655629522762410e+01
1.406067256313145037e+02
2.153496043775423061e+02
-2.594724071552671774e+01
-3.735848530573481696e+01
4.460937576598871601e+01
7.175121827738587399e+01
-1.162908528170758728e+02
-8.614034347714580520e+01
5.331854430679030088e+01
9.181734960107179688e+01
7.018354253626040418e+01
-2.361038420418741168e+02
-2.587974347413129976e+02
2.645183415224880719e+02
-1.908980028513485934e+02
1.710070420282211217e+02
7.557690468280451057e+01
7.779926642648594282e+01
2.011088134987095657e+02
-2.266591534480606356e+02
-1.335248843637404832e+02
-3.035911886151856152e+02
1.637976990204709864e+02
5.267862755686079979e+00
-4.075564634799446821e+02
7.889296573961894410e+01
3.924029361295960427e+01
-3.526137964905654343e+01
-1.634680862119715528e+02
-1.424394090071999983e+02
1.215886868117299429e+02
1.617778706288321189e+02
3.546815901686108532e+02
1.115035806057088763e+02
2.032302758852234206e+02
8.407071275962820778e+01
3.359635945189845074e+01
4.645341732512989807e+01
-2.803451620635830182e+02
7.695651591471380470e+01
2.949128332528248393e+02
1.409831772753371979e+02
3.775293511730496903e+02
2.566845524410798873e+01
-1.113462668366638724e+02
1.869772514548466233e+02
-1.525329238243547536e+01
3.555479329418120074e+02
-3.508416850878032278e+01
1.475354967954183110e+02
-1.208969554791102183e+02
1.080868634620218103e+02
-3.645365566412424840e+01
-1.433442490021962215e+02
1.337957076096479341e+02
1.295629892485331709e+02
-5.621789148825233440e+01
-4.131018466125666322e+01
-2.181710814266108116e+02
-6.955171171261453367e+01
-8.844399795053321611e+01
-2.535155967945895839e+02
1.314568865400628965e+02
-1.634484330369883764e+02
1.993727954869063126e+02
-1.734120575454994935e+02
5.324342633112237877e+01
1.532629108091333308e+02
-2.950561615853495709e+02
7.073882974085022113e+01
7.354175267716809117e+01
-9.349000688416711569e+01
2.091143537696574981e+02
-1.730921246390251724e+02
2.715774177659826805e+01
1.089446892144789736e+01
-3.940678469392133287e+00
-2.836056958286331309e+01
-1.173681510111529747e+02
-1.962071327719867497e+02
4.012338478739879122e+01
7.677092274719723264e+01
2.705728248604102149e+01
-2.148675669248027589e+02
3.939797328871114956e+01
-2.559361615619997110e+02
1.742626434468819596e+01
-3.016414042855008688e+02
1.779742279278312935e+02
-6.264044457513107034e+01
-3.376025668259628674e+02
-4.465018877129650576e+01
6.014162640624954292e+01
-1.764258982840928525e+01
-3.848275698317931415e+01
8.535151763784317325e+01
3.771120736618988611e-01
-9.520814147217049594e+01
-1.443931403800737314e+02
8.880316105672957860e+01
-6.825015138408964788e+01
-3.740160871758543237e+01
1.419569423716755452e+01
-2.999949811093567220e+01
4.115534711947514523e+01
-2.244930042853194152e+01
5.437797813537603275e+00
-1.122278843528200412e+02
-1.491563009193494338e+02
-3.054641948980988531e+01
2.147662885006009859e+01
2.037427438271015134e+01
-2.267899252279896984e+02
-2.901582323999494974e+02
9.338128047344206095e+01
1.481254902480123121e+02
-6.132976255257966613e+01
3.462521033100572687e+00
6.982023882962066352e+01
7.609512626042710792e+01
-8.580447051730487829e+00
-1.142382993169657013e+01
9.768189268307467898e+01
-2.970195027135893042e+02
-1.078661730441337596e+02
5.623498522415837364e+00
7.604042637277142092e+01
-8.690012970501801703e+01
3.204577847063093543e+01
5.192939749678132699e+01
1.459260657597218902e+01
1.791395856497670138e+02
1.012349785552751626e+02
9.244613914627938911e+00
5.389445214396512540e+01
-3.690823140732162244e+01
-3.239321635876002414e+00
6.259675687158598834e+01
-1.385520668145072989e+02
1.672760581822738857e+01
-1.488353956070055801e+02
3.629430148770400422e+01
1.673563637504272492e+02
-9.942488759681582167e+01
-1.268834758692394260e+01
-1.402508502946485009e+02
1.628737236395137131e+02
-3.368340633090532776e+01
-6.942350206418959147e+01
6.498054700175666198e+01
-8.695139057198791477e+01
6.766270623150140295e+01
1.027008048240254539e+02
-1.257021497627987259e+02
-5.045058935945041867e+01
-1.218533462389001016e+02
6.215182995093545060e+01
-2.767451411174591414e+01
5.967380823720640848e+01
-5.500126018654594873e+01
5.943965534685472107e+01
-1.729392112993536301e+01
1.082516430569221342e+02
-9.999912598180058865e+01
2.663133077019863038e+01
