1.613780036949606256e+03
4.962468989533956119e+03
-2.436015009341154382e+03
-5.135245313225643258e+03
-2.915869437625897831e+02
-9.337464140778110959e+02
-6.712514416678704947e+02
8.579987420515755048e+02
6.069158304972479527e+02
-1.655437594814487966e+03
9.405960074291364208e+02
5.640666721546823510e+02
-7.281833731618420416e+02
6.229421828040938180e+02
-9.575443340559741046e+01
3.763435516305748365e+02
4.011572227002769750e+02
2.541842877968516063e+02
5.818510618647375168e+02
7.953628441316284352e+02
-1.216800486036155007e+03
-8.600990646256253740e+02
4.374099969416705562e+02
-8.325662043112249648e+02
-8.231505067930787618e+02
2.483252171156834720e+02
3.895234728813464642e+01
2.553519727018320964e+02
-2.702576335165208548e+02
3.016539751297849534e+02
7.020882641959499324e+02
-8.372615140490877366e+02
8.352100683084711363e+02
1.123210000130464010e+02
4.815256270455957406e+02
4.999148151141564540e+02
-6.939753585011911809e+02
-4.641286360785655916e+02
2.223475015303048963e+02
-4.161530671534953285e+02
-7.729991413817205448e+00
-1.272078608477799122e+02
4.266348815823961331e+02
-5.028488702945371074e+02
6.056219773781751883e+02
-7.144475153902199054e+02
1.226951879126967526e+02
4.109548643123482634e+02
1.449672422081752643e+02
2.663652416741978755e+02
-4.870034404433523605e+02
2.763783439556405028e+02
1.439639967029820014e+02
5.494228945149583296e+02
5.596332501371192620e+02
-2.247756250262177957e+01
1.085813090237224685e+02
-4.178701950347482352e+01
5.381495503132632621e+02
-2.773786593976293489e+02
-3.553350427032770398e+01
-1.008150479048172542e+03
1.270956963209960975e+02
2.023339266267006735e+02
1.591887189347186222e+02
-2.082155539794146080e+02
2.365308718604619855e+02
-3.690854094518138595e+02
-1.475314398182805462e+02
-1.069330699484336549e+02
2.635211877474367839e+02
1.427784382959947322e+02
-1.185368985071378347e+02
1.253209570788996530e+02
1.460732020187925639e-01
2.145611277925253546e+02
9.648654989428393947e+01
1.197149386061861804e+02
3.178895639126523065e+02
-7.281677757624848937e+02
4.907562507973945003e+02
5.286136517844059313e+01
2.521774446349412244e+02
5.266851531276744680e+01
-1.155056621679377287e+02
9.699386005855203052e+01
1.463764414106751666e+01
3.618430285388452035e+02
-2.333261308988594749e+02
-2.660056025048156130e+02
-9.764574683744027084e+01
1.886465090151147592e+02
-5.204897717549884817e+01
-1.942889657590610000e+02
1.925888840994634563e+02
1.839745097420770321e+02
-1.438137333232974697e+02
1.780772894956921846e+02
2.981297807717085107e+02
-8.491577539045481160e+01
4.271159163752854937e+01
1.095954080933322388e+02
-1.416938943267524564e+02
-8.969847193743069624e+01
1.201340646365012788e+02
-2.597596898760023123e+02
6.292393180476778980e+01
-3.101950600830095368e+02
-7.278220851805527047e+01
1.443390001776046745e+02
-1.624976347612989116e+02
-2.552998391565381837e+02
-2.119318425263533072e+02
-2.071761122921352012e+02
3.656992294810487465e+01
3.164626105362047781e+01
1.480497013507080624e+02
7.297457719650290642e+01
-3.611783810750798693e+02
2.510395320865798112e+02
-1.982056850031165141e+01
1.346386235546195564e+02
1.500480791901227064e+02
5.285959505907065648e+01
2.911790135243413147e+02
1.294384454759405969e+02
-5.363183561604778333e+02
1.532536189291226947e+02
2.038422608349665381e+02
-1.066324068216892158e+02
2.322249104879842818e+01
9.065877390656015677e+01
-1.899753666244794772e+02
2.934162169235128204e+02
6.171474857739482900e+01
6.886708245863681555e+01
1.772115870373651489e+02
-3.021829758629569369e+02
1.046858623636684911e+02
2.178293506715031924e+02
2.044233846359544202e+02
-2.226220233555916366e+02
-2.432047588486176082e+01
1.102039634957620535e+02
2.395220931217650673e+02
-4.723932803020768745e+01
-1.993119965193368728e+02
6.816601049423186565e-01
1.698723065685866231e+02
6.990171367318331885e-01
2.529638637648882593e+01
-1.179970920561959673e+02
2.150944463995245215e+01
1.623601318078324880e+02
-2.352754273994409857e+02
-2.356576633937886811e+01
9.355603493935251436e+01
1.315884217330611250e+02
-1.361760007616277903e+02
-5.610768503354408665e+01
6.483656000450626067e+00
1.716223122749880474e+02
-1.265764247800108322e+01
-1.477682905342976767e+02
3.864826234747124278e+00
1.514602426450622374e+02
1.728894300615499162e+02
-2.879118382189199821e+01
-1.256149560698691374e+02
1.427866030278457572e+02
7.277698117116686660e+01
-1.281036189240098793e+02
-1.229707865456373668e+02
3.505021430314238273e+01
1.805947220082757667e+02
2.000830025561739092e+02
2.844489236758318498e+02
-5.805134447355211336e+00
-4.493733264348687584e+01
-6.693858614899800941e+00
-7.234320708089590823e+01
-9.919829296900486781e+01
1.052319154155595271e+02
6.460261902999168626e+01
7.592244814614163317e+01
-9.827254078478158306e+01
4.266759867042277676e+01
-6.150545548018645547e+01
-1.169926542253532205e+02
9.615642128793807331e+01
-5.020575254435179602e+01
4.218177902662898049e+01
-1.524182806349424766e+02
-1.309886334422556899e+02
1.154514984950560148e+02
-8.347470321303620722e+01
-1.603825668569611480e+02
-9.549709272954527250e+01
3.609180409386324584e+01
1.637954530370512529e+00
3.059830328873427874e+01
5.667140629650563000e+01
7.244637945290848791e+01
7.255580550313474930e+01
6.786980989182406176e+01
-2.136929831430762476e+02
-1.340304181131404562e+02
1.415749452642239348e+01
-9.439525673324193633e+01
9.915497001722844317e+00
-1.456678700898155796e+02
-7.608350334455171549e+01
-7.885791616599883014e+01
-9.190684814107763145e+01
-5.697634680138714991e+00
3.183093564744687853e+01
1.065404769468765807e+02
-6.198873525615520919e+01
-1.427279346421687194e+02
2.148475611094751230e+02
-2.823807358368299560e+02
3.760766010539402515e+01
-2.594116693921898218e+02
-1.168212574810501003e+01
6.645920654877291156e+01
-1.343874692418281711e+02
-1.366466470112368370e+02
-1.265114039815500568e+01
6.682147890009996161e+01
-4.207213636041596061e+01
-7.208953426832594857e+01
-1.044132165141915891e+02
-5.972530905285889702e+01
-5.580426967553339068e+01
-5.959226980479809299e+01
-9.226741579497893042e+01
1.507682350114814618e+01
8.653325392625411894e+01
1.120392363387749270e+02
1.222183477002837435e+02
8.336818117373984194e+01
-9.349620235485173225e+01
-1.807781421261602759e+02
-9.754301086743708993e+01
1.192280761269540790e+02
-2.221466875783365325e+01
-5.581204771598131487e+01
4.926071293129255935e+01
8.674198991385095425e+00
-4.661516291735969730e+01
1.016161244549695830e+01
1.134186252680849663e+02
1.194352565642625166e+02
1.524604814930526970e+02
-1.194148121531969480e+02
2.381013219322781183e+01
-1.062786005639404063e+00
-6.219166879955949412e+01
-9.144042479741086993e+01
2.569517325617454162e+01
-6.891784796984421746e+01
9.571362595136112361e+01
-5.299702182104827131e+01
6.670720877564862406e+01
-4.690534458035310550e+00
1.038672048168648132e+02
1.184708544487462376e+02
5.079835368266582662e+01
6.489215843895044600e+01
5.857068626018216406e+01
-3.053946305277499107e+01
9.955473466691795181e+01
-9.426099208659279327e+01
-1.368576116310468933e+02
-5.902024690929378892e+01
3.035359084537998697e+01
1.377599277808800764e+02
1.320877015162887602e+01
6.211846251835537736e+00
-8.462743191659951947e+01
-9.150588977118040646e+01
3.616622666104458261e+01
2.092474641433299709e+01
-2.927691188663192179e+01
5.855427613105271689e+01
-5.533199069193835129e+01
9.693318654700621551e+01
-1.166059238213487426e+01
-6.168662875925738831e+01
5.385714777075409465e+00
-4.291165589414659820e+01
7.728636214287176642e+01
2.406471296194699150e+01
2.067901221125375599e+01
9.385277828162713831e+01
7.141492983690976359e+01
-1.020170494514343744e+02
6.502619824954749106e+00
-3.180734295090041641e+01
9.142587369468017755e+01
