1.415833603427165826e+03
-6.723043658296188369e+03
4.510628731717597475e+02
1.314947069724163157e+03
-5.870446260103612985e+02
-4.799170684069109711e+02
-3.322809957732769817e+03
-1.010586442483999463e+03
-2.653454015867449471e+03
-2.050117880747370691e+03
8.272165208477050555e+02
2.515609849643869325e+02
7.779472426132124951e+01
-6.543336339104613444e+02
-1.030905083111277463e+03
3.272323547804588543e+03
2.160509403144468706e+03
9.832266595933782583e+02
1.220681322954183543e+03
1.237161498118381587e+03
-1.593141488362625751e+02
-6.897847932757855460e+02
-4.336214863380843099e+01
-1.177659022708338910e+02
-6.421397144424278167e+02
-8.609884550168684427e+02
-7.439328087585381581e+02
-3.138433444489410249e+02
1.740656848528978571e+03
-5.201726653733728654e+02
-3.954426429886742653e+02
2.651299491779791992e+02
6.551720482032661721e+02
-7.297634218064924880e+02
-3.684068514357223876e+02
6.752090184227588452e+02
1.755002363393081453e+02
-5.352322453106773992e+02
-3.350171099625555939e+02
1.326267695104473205e+03
1.358370137017862760e+02
-6.297733565448399986e+02
-7.891019031213274957e+02
7.295350467476570202e+02
-6.913884624255896370e+02
-4.838991019175875863e+02
-9.712768699424536578e+01
-8.323517952028857962e+02
1.485517316403006021e+02
4.198679102582967175e+02
3.660275057654220632e+02
-3.727238148963400590e+02
2.073390481724936762e+02
-2.721939270790106846e+01
-4.493333623839536131e+02
6.646782919082266972e+02
2.387489627938828960e+02
6.419402650701752009e+02
-1.093285154489237357e+03
1.630859770463038956e+02
3.851702327343843422e+02
1.486998094639022554e+02
-2.406541627793155271e+02
1.049183814803662244e+03
3.669606293308797262e+02
3.386924439878848858e+01
-1.563691209622662086e+02
-2.199862696270578226e+02
-4.063333795859510644e+01
8.377450046636315051e+01
-1.043823584431584521e+02
9.240220574043043200e+01
4.227347686941031668e+01
-8.408571997776502371e+01
3.733182781504984291e+02
-4.924465308619742814e+02
2.660091704011292677e+02
-5.781999336916777565e+02
6.705342545314952076e+02
-2.858160346654191244e+02
1.720283764700666893e+02
6.686882039975543535e+01
1.127295770727148323e+02
5.395623600357220084e+02
6.012046332414581684e+02
-5.720665973953639423e+02
5.800509358604448806e+01
3.396123660534767055e+02
2.658001225479372351e+02
1.695058395870703123e+02
-7.814750862207793602e+01
2.645471832649713519e+02
2.012595327239272365e+02
-4.736682127117483532e+01
-1.154504767719224247e+02
9.205641092889596848e+02
-5.263830617482776688e+02
3.607445515605388664e+02
3.214540369872734686e+02
-7.760239817040495325e+01
-1.179633825068482196e+02
2.388416872944292493e+02
3.929092408171667898e+02
-2.360508388209493660e+02
-1.831715633750732479e+02
-4.596735865554981046e+02
-2.807687499822162067e+02
-1.078424683896383129e+02
-2.721142436967739400e+02
-2.059848228525380307e+02
-9.355839826690871774e+00
2.096996421585818382e+02
1.748137009563207585e+02
-6.325018552252399928e+01
-7.597756533666475320e+01
2.623695001320288043e+02
-2.232246940803507300e+02
-1.437907970603411059e+02
6.721592173723472570e+02
1.270282779045012518e+02
1.712991095168682136e+02
3.293615812789331585e+02
-3.902811817487363300e+01
-2.442401563728063820e+02
1.465792076464628622e+02
2.150624319032279175e+02
5.200040116449777088e+02
9.033086264942902233e+01
4.108172156233446515e+01
4.077053932826468099e+02
1.624325927049905829e+02
5.584817679439222360e+01
-5.887777324706453186e+01
-4.409163598913748388e+02
-2.353234719486572430e+02
-3.317744079739252783e+01
-9.055979924462120323e+01
1.721754837715156157e+02
3.050220376349187745e+02
4.470372722242940426e+02
1.029175826498719886e+02
3.632002693272750662e+02
4.529739408066221529e+01
9.961312920174587759e+01
-1.981669826632480635e+02
3.286767424270809670e+02
-3.203457470886847318e+02
-1.115951992289542147e+02
1.990160332135374404e+02
-9.734622425712878169e+01
-7.022760498253121852e+01
2.823015925678190641e+01
4.044464944050718600e+02
-3.287186840112213559e+01
-5.140560201742847113e+01
9.514562183691854358e+00
2.138181298229446270e+02
1.775230296750377761e+02
8.655203966077087330e+01
1.419864019255216760e+02
2.149312930637855175e+02
7.228273925045455428e+01
-3.981473072687813897e+01
-8.825702874228218775e+01
5.809079681786511173e+01
7.374994090309766648e+01
1.219358811123917405e+02
-4.317506129570109010e+02
-5.221001119854267358e+01
-1.540573114374132615e+02
8.113272370382530596e+01
6.863365243352025402e+01
2.884931561471657915e+02
-1.193060242108439866e+02
1.352933274799914720e+01
2.047106244766122884e+01
-1.335585088480825675e+02
1.460748706675082076e+02
2.375087039573493986e+00
-6.661629055150122269e+01
-8.867557683434694127e+01
1.390203274416338104e+02
5.049497096456820877e+00
-1.844260703312488658e+02
-7.821037163597024744e+01
1.461882230588331026e+02
6.426642918577110208e+01
9.198842002622815528e+01
-9.513106058029387668e+01
6.149161758588041238e+01
-1.156191378407549486e+01
3.306693181345584520e+01
6.494604545630066061e-01
1.291420745848415947e+02
9.210351147846895969e+01
1.000823119579831655e+02
1.142877331127429841e+01
-2.401993546012629395e+02
1.879790701259959746e+02
8.262481025534191303e+01
-2.721141723116528510e+02
-1.501329829806132068e+02
4.501102360861829510e+01
1.408871769081057153e+02
1.960368266327696460e+02
1.151536520219533060e+02
-8.618485170804694917e+01
-2.717487446675282925e+01
6.167847129090430514e+01
7.615536849801148378e+01
-4.400308564121605315e+01
2.705703010286308086e+02
-2.710673753262362595e+01
-2.649342647330784217e+01
3.525996379479708764e+01
-9.837691747094031314e+01
-1.591592406225496426e+01
3.032993812162295058e+02
-1.871488300670947922e+02
-7.766757814048833097e+01
-6.723227412952741133e+01
-1.065815453201111467e+02
-9.032234694793427821e+01
-1.652917577740838908e+02
-9.337152289517446491e+01
-5.348775709383205168e+01
-2.982703385836709842e+01
-9.470012143217967093e+01
-2.323670906114857360e+02
-1.842266849255059213e+01
2.544280828215512358e+01
8.393678023956567813e+01
-1.304510487295652013e+02
-1.477240085317404237e+02
-1.819408408408185949e+02
6.402313081638793335e+01
-2.530618988174082631e+02
-3.327600397704323854e+01
-4.878324173794655394e+01
-2.319096685929503394e+02
9.198205281781472564e+00
1.229993861816658551e+02
3.307923218682135769e+01
-9.566962740909191609e+01
-9.983920445738351646e+01
9.132601474644012285e+01
1.218021752905011539e+02
-1.782805371512043848e+02
-7.291797817215092437e+01
-4.339890210659859804e+01
-9.777663161286213267e+01
-1.259824947852951738e+02
-3.570536937401603694e+01
-4.390681383301527241e+00
2.018976024812884162e+01
1.659514855106300786e+02
-7.630897070765092849e+01
9.033406488975882498e-01
7.222222558277647586e+00
4.279734105156752122e+01
5.714859070159266707e+01
1.370481579931064609e+01
-1.114837174554117496e+02
-1.677781208596117324e+02
2.115259414126653894e+02
1.274613286827384400e+02
2.614465182597917305e+02
-1.033797671316881264e+02
-8.369879865124356400e+01
-3.839108109291905890e+01
7.194471684225808872e+01
1.336985697712359844e+01
1.805915394138071406e+01
-3.520918045049496214e+01
-1.710454492009349110e+02
4.826069786304004339e+01
1.068046753588986491e+02
1.405790327720608559e+02
4.408323047582562104e+00
7.275502535719500941e+01
-2.381113813349626085e+01
7.578759438189469222e+01
1.233723785511000237e+01
-2.999308063040520977e+01
1.515702333575326755e+01
-7.240459515846862359e+01
3.090522042598758645e+01
2.720470321293690219e+01
-1.280054006874754862e+02
-4.593298319231352167e+01
-6.030275990069486891e-01
-3.168020300321445148e+01
6.684542900408973765e+01
-7.632405602702094427e+01
6.219018258830447365e+01
-7.171047804003002568e+01
-3.338492701429191101e+01
-5.106073994099760682e+01
3.189340465780058409e+01
-2.160511413885272347e+01
