-5.902579559986680579e+03
-2.762643335518531785e+03
-1.049724956031805959e+03
1.156517372779569541e+03
3.773273104876340085e+02
-1.454550219635826352e+03
-1.231363036330131990e+02
-1.940994303933021286e+02
2.276410701575849998e+03
-3.265130324309452021e+02
2.831503383523423736e+02
6.909432954519405712e+01
-1.850785536299105615e+03
3.313994446850939767e+03
9.398026655876658708e+01
-1.094010434327103894e+03
-7.489054039514268197e+02
-4.612246658590425454e+02
1.349396274213108882e+03
-5.706469812333765503e+02
3.313234882298916091e+02
1.175773009141141898e+02
-7.119000900389929143e+01
-6.464843582597881095e+02
1.221807480884064319e+02
-1.615037449854191607e+02
1.636622690931914406e+02
-1.481346615538202968e+03
7.438782944167193989e+01
-9.293422780078832375e+02
-7.261258059606693678e+02
-6.374968394379258143e+02
4.882232826233397418e+02
-2.986525771297274900e+02
-2.897661694079830568e+02
-5.965868984092734451e+01
8.498764989585212959e+01
1.385210959015388710e+02
-8.996134722489854596e+01
1.265399037999120253e+02
-5.347465214656092485e+02
1.018007837613039669e+03
2.391358143104986311e+02
-4.261200240683114657e+02
5.474471539168488334e+02
-4.826988192667574253e+02
-2.724681947724438373e+02
6.426058477486525362e+02
2.517454876496529437e+02
-4.992673137271706878e+02
2.069936535029735012e+02
7.223707915416277103e+01
-4.392945833755438798e+02
-5.004020807285496062e+02
3.795211351166452829e+01
4.005513652460183494e+02
-1.325075540042668365e+02
7.626362522525103032e+02
-2.559570495162426766e+02
-8.545322225154482965e+01
-4.063301220334045070e+02
1.356750915677385549e+01
-1.319545288353172623e+02
-1.415686497509951778e+02
-3.010685061989946689e+02
-2.685074275817312923e+02
3.032215647084707655e+01
-1.268318689867567741e+02
-3.856014036183995586e+02
2.180699741550755562e+02
3.421481787094525657e+02
-1.744935293366321787e+02
-1.805190688645703858e+02
6.985747005032494883e+01
2.668490727588723530e+02
-3.512677950650342495e+01
-2.253402388178818399e+02
-1.492963187910284830e+02
4.709851589059675234e+02
-8.023011979483705147e+01
9.676340786529886273e+00
1.589281812961711751e+02
-4.754590767743435009e+01
4.597461350355872867e+01
-2.488227813729105833e+02
-1.475426864186904936e+02
-2.123045404579383160e+02
-3.663381939191481962e+01
6.696541620582164569e+02
5.902728410920172308e+01
-2.593015163086432153e+02
1.019220357236555117e+02
6.410599328570975786e+01
-4.214638476929688977e+02
1.918570258600053080e+02
-1.575785720040415754e+02
1.390629512419163234e+02
-8.028935673743312407e+00
6.113332675175458775e+01
1.793848947820157136e+01
4.617845197664661896e+02
-3.619660642615672828e+02
-1.417976623340936193e+01
-1.306029126385067514e+02
-1.042567155811905479e+02
1.223226802940856572e+02
1.008099110776969241e+02
1.238442447441092185e+02
-5.256012045256626379e+02
-1.253309253511768588e+02
-3.899934585282653643e+01
-8.476885626450550149e+01
3.960551966671151831e+02
3.931442103411638556e+01
-1.343217924552945135e+02
-2.104244099629515574e+02
-2.239070817865859624e+02
2.445012869371490183e+02
-2.281150088425177671e+02
5.851550405239704844e+01
1.546134544085316165e+01
-1.819429779935106239e+02
2.792097650038292613e+02
7.051827857394813215e+00
1.016809657148132828e+02
-2.540781538074278245e+01
-1.254395294776293923e+02
-4.876020564786851708e+01
-1.669138832363801725e+02
-2.032471673055580297e+01
3.281012578327812435e+02
-6.247434385564807258e+01
1.192964832371246153e+01
1.090334142243247300e+02
-1.969211944891163171e+02
-2.432583589563615760e+02
1.189269337532483872e+00
8.467941667398915229e+01
-6.118287320723274192e+00
-1.010907762984454763e+02
1.282793458558268362e+01
2.129686163742504732e+02
1.563729452883346767e+02
8.021138249928088726e+01
-4.078018168289556655e+01
-1.236056599845385051e+02
-6.881136370637327104e+01
6.053915361576040510e+01
-1.838752408828077591e+02
1.482553353518415236e+02
-9.538071945257257767e+01
-2.072007265615857534e+02
-9.471997819880031955e+01
1.369010599673874253e+02
1.540910818116992971e+02
1.239068635148370134e+02
1.531966002679108669e+02
2.804081488797419865e+02
-1.211953466655926377e+02
8.638031728557143651e+01
1.206805897638034821e+02
-3.602494082216394133e+01
-6.802262050115646730e+01
-9.682532830616487729e+00
-1.568235355517731193e+02
-2.230686454928283808e+02
-1.079386763398705824e+02
7.041609689028531704e+01
-6.648451236444672929e+01
2.068502933950077605e+01
-1.435133551778851668e+01
-5.802938771381507621e+01
3.906585096084961606e+01
-9.614962115067110915e+01
-1.458526398918695008e+02
1.985448019104620343e+01
1.579467724518636729e+01
1.328976197359936506e+01
-7.070947032799109877e+01
1.581367586091312774e+02
4.139474203821003329e+01
2.586746829044131957e+01
3.627710062665826030e+01
-8.051018211328464957e+00
-4.679043065968223658e+01
1.090528188111641015e+02
-5.689466062041444872e+01
6.374754174740400181e+00
4.995924529527003699e+01
-1.331179941915499967e+02
1.378515041833229660e+01
-1.577958359881515946e+02
-4.754082907049311757e+01
-4.138585029203846233e+01
6.948184805430887678e+00
-1.732483022608677175e+02
1.995638317333905221e+01
-1.524866071829190162e+02
5.745730184998360812e+01
-6.309073657736099960e+01
4.191276364496386009e+01
-6.452873281320033527e+01
-7.566653334777245732e+01
-7.614710309278642342e+01
-6.821637781139970969e+01
-3.569762648751586198e+01
3.818964501598586025e+00
1.300074437616314924e+02
3.663412299665551330e+01
-1.076466880370967161e+01
-1.148843269894647392e+02
-6.387709256560840032e+01
3.704875306665182677e+01
-8.698776460202881822e+01
1.022829857806164569e+02
-2.574181754229628183e+01
1.315437443763835867e+00
5.017695653368534181e+01
7.835198398188373403e+01
9.514179203939478668e+01
6.599635663942785868e+01
2.516831140111134246e+01
8.768816115867642225e+01
-4.968905414261659814e+01
1.153937978893944560e+01
-1.882399803027559670e+01
-2.885260549109592887e+01
-5.130928098803296677e+01
-1.308642813408873735e+02
-7.165414877252147541e+00
1.202828917843170444e+02
4.628108918369569835e+01
6.285921657516436056e+01
1.948130600224329712e+01
6.932957889329098577e+01
2.458074243101904699e+01
-3.456762442971094629e+01
-6.527909684307648774e+01
-1.269544776101386319e+01
3.550458063718696877e+01
-3.735004242719401191e+01
-9.790272362417459817e+01
2.273145409741401579e+01
-5.607221107889066047e+01
-7.147832804433932097e+00
-3.551011058310491819e+01
1.310517757327251331e+01
1.456707800258282148e+01
-1.203054090126948061e+01
-7.920101499981460336e+01
-9.654102479247919533e+00
-4.866103770338780521e+01
-1.625113159359757020e+01
6.145431307596036419e+01
5.157952205473187490e+01
-2.298336357738945068e+01
-2.763423457993632226e+01
9.173438447475135149e+00
3.805165390151462379e+00
-4.296495352797863632e+01
-4.196161412934782220e+01
-2.441553496038011062e+01
3.567311998654906802e+01
-1.902765096998595595e+01
-5.917547203526646626e+01
-4.966842100951833316e+01
2.083320694336429213e+01
-2.390545303688503864e+01
5.293289943260577246e+01
-8.045149529495174079e+01
-1.658201457512885924e+01
3.846362145325084470e+01
-1.565794448646638592e+01
-1.511194563814625624e+01
-6.538358372154031883e+01
4.598944272736061123e+01
-1.386029639000715719e+01
4.122280173553799187e+01
-2.590692820122747264e+01
2.733397156818127627e+01
-2.547377508443105754e+01
-1.964670482275677088e+01
-5.541022007744243894e+01
-2.228780582045381919e+01
-9.749324160674655104e+01
-3.505047425572015385e+01
-4.621131263428010527e+01
9.660782863170432888e-01
9.756492829308184511e+00
-5.755838662562420183e+01
6.751293702552257514e+01
-3.387281041940753967e-02
-2.312806308962432666e+01
2.190450767187923731e+01
8.496423349797956348e+01
-4.616719463105663124e+01
-3.082555601201917383e+01
7.322534941489088567e+01
-1.086484891194572810e+00
1.167775624154976200e+01
