-5.442746413344086704e+02
-7.010794503820520731e+03
1.111779575580331539e+03
3.815149751407366239e+03
-1.797976362221983663e+03
2.409341365502273220e+03
-2.463563749654766525e+03
8.779303571840410996e+02
-3.588261066939570810e+03
4.621681078792621520e+02
8.975069397303608412e+02
-2.297589222784746710e+02
-1.443245859558043549e+03
-1.587938701593901214e+03
-1.737680930245067657e+03
2.926557069652695873e+02
1.846119957713148096e+03
1.089318526052179550e+03
2.247492403576564811e+03
5.936473994814426760e+02
3.403138142247498763e+02
-1.354441326445561799e+03
-1.790647815916877050e+02
-6.335026964792269837e+02
-1.396462703180544395e+03
1.580156153072678308e+03
-2.011738120250771829e+02
-1.260105758110562846e+02
-4.479800640108566085e+02
1.059039536537841428e+02
-3.987272017717349399e+02
1.368960993709931131e+02
-7.517964313901452442e+02
-4.499287875332905742e+02
-1.199673706662063523e+03
-1.933544440108847766e+03
7.521165655141816160e+02
5.728479750872900240e+02
-2.963739969886469794e+02
8.594024808982095465e+02
3.107125879269483448e+02
1.594938460409445042e+02
-1.463532339011467798e+02
1.460536929771873929e+03
6.457903913836082666e+02
4.243677833009508618e+02
-9.853571123145628690e+02
9.443406604116147491e+02
-7.827775583315676613e+02
-1.247725506955843457e+03
-3.080135411324054644e+02
9.807982638679386582e+02
9.524283222679835035e+02
4.637749325632558595e+01
-3.461927905483935319e+02
1.084537964859337990e+03
1.364501326930293089e+03
4.047984545392075120e+02
-3.543456371695171470e+02
4.158943749091699829e+02
-1.885108153977924701e+02
-6.142110394867822833e+02
7.025696494400913252e+02
-1.201723123985156235e+03
-3.199909248122507961e+02
5.371426813799815818e+02
6.167119046433009544e+02
7.927939690693533521e+02
7.753828077523796765e+02
3.668707637677993603e+02
5.287321924991039168e+02
-5.607625557948712185e+02
-1.015000958236743287e+02
4.865495135853510646e+02
1.168596698059221595e+01
1.159214920948427761e+02
6.772077255263592406e+02
-6.784918636503957714e+02
1.319279284810039314e+02
-7.948776382354172938e+02
-2.562195617520961832e+02
-2.657246824925039164e+02
-3.262824405441651265e+02
1.923733205167076221e+02
1.203111283084986781e+03
-1.269140897623964008e+02
-2.783402196611013935e+01
-6.024914805607296842e+01
6.633427960233589715e+01
-5.094367711627781148e+01
-2.964845834645508944e+02
-1.101497788370091484e+03
-2.885653613552868819e+02
-5.423600899560782409e+02
2.853936142751241505e+02
9.174785644780979510e+01
2.350375419578865888e+01
-1.258884619391994732e+02
-9.307793965383631019e+01
-6.488360669434244699e+01
3.180328562523059190e+02
3.471762070751206011e+02
2.324349339408834965e+02
2.224743857622241592e+02
1.796141459505219728e+01
3.355653509796693470e+02
-1.275773895744116118e+02
1.807748325380427445e+02
3.393329038972049148e+02
-2.755939781958811068e+02
-4.070424655773168183e+02
5.952715883844510927e+02
1.030820824280659735e+03
-5.551448960090021956e+02
5.122763185795286063e+02
6.894910956288246098e+02
-5.937124304081301034e+02
-3.935766675164485946e+02
4.101296652913854359e+02
-2.694090413370737025e+01
-1.280786265669526642e+02
-1.231541462942760603e+02
1.344032924834721143e+01
-5.443783827248722673e+01
-1.487491443736229826e+02
7.181861653362159359e+01
-3.612749021864619863e+02
-1.755874488801335929e+02
5.088900392311467158e+02
5.531418018673136885e+02
3.475661238877928838e+01
-7.257276953036290479e+01
-4.349460205523548666e+02
2.779406312147054336e+02
1.504844162520263922e+02
-4.131852974524016986e+02
1.714974537594951585e+02
7.943094529147157346e+01
3.594718916620174127e+02
3.701621352220475956e+02
-3.998255322804532739e+02
-5.375667456900514907e+01
5.857317268213179773e+01
2.986091566718413333e+02
-2.168598993971126276e+02
1.080352162961858369e+02
1.124595191121487758e+01
9.153687078953413447e+01
1.533128575970085308e+02
6.965830923620976023e+01
-5.854631828853479192e+02
1.546161468293213943e+02
-2.387215514911549263e+00
6.454808945169179424e+01
-3.327048682038196716e+02
-3.470219804700195709e+02
1.423890959593213381e+02
2.548112251706888003e+02
3.021028422819396724e+02
3.336177117022004950e+02
3.452112083441267600e+02
3.584205797550906709e+02
-4.355988295805397570e+02
3.089222951809789492e+02
-1.037747723893041467e+02
1.849577799992688654e+02
-7.219068347491236182e+01
-7.539022379831523679e-01
1.723029290875221875e+02
-3.531067956071713070e+02
1.337574951081762435e+02
4.666702264544701251e+01
-2.170238268235666226e+02
-5.157438625963159211e+02
-4.189601865085028010e+01
1.590640597663748323e+01
-7.156201586949775617e+01
-7.621491783850451895e+01
1.715292588245116576e+02
3.948058474482879632e+01
1.841523120966270426e+02
8.715426930811570116e+01
5.584398114871966072e+02
1.242017514840196526e+02
1.118864372349242728e+02
1.571896518832638492e+02
-1.239474449784691927e+02
-1.637764960849605984e+02
-1.975490700334170526e+02
-9.455051563493123012e+01
-2.102807298485305978e+02
-1.039317411524162793e+02
2.007151840902184006e+02
-9.849614242295434963e+01
-2.932158154042937781e+02
-1.640395644479744988e+02
1.744912265807682417e+01
-1.495109950457080856e+02
-8.146249854684815261e+01
1.915663746537204588e+02
2.714227529151023433e+01
2.324767148462228192e+02
4.018653513011364566e+02
-3.933631586661890651e+02
-7.927874176623818414e+01
1.722741785884454089e+02
6.590122430531079090e+01
3.398499150951985115e+01
-4.216790559161913876e+01
-2.830173020295857711e+01
1.556641130873421162e+02
5.862882487872063564e+01
-2.146723948591133819e+02
-3.806043908423735189e+01
1.003879835032771126e+02
-1.973546366274754860e+02
-5.860541388483682823e+01
1.529416223270768285e+02
-1.973499885629621815e+02
-1.826000210882895374e+02
1.196167195777157843e+02
8.460755005343078494e+01
-4.595895263656213956e+02
-2.580935169591704437e+01
1.880041726924870602e+02
-5.391342920963867869e+01
-5.657014877458281887e+01
1.450344801551850367e+02
-6.505061388370101838e+01
1.225733365007385629e+02
1.597904815484059604e+01
-3.535443157856420271e+02
-4.641250623684620678e+02
3.991530812141596130e+02
-2.821372907231151999e+02
-2.251027016682468229e+02
-2.266875342220608047e+02
3.939162360161067795e+02
-4.278450079836034092e+01
-1.010734717288181486e+02
2.053457769476651720e+02
5.314141413282402482e+02
1.015200183113914960e+02
-1.190681879365342688e+01
-1.912176876250838689e+02
-2.783721340912988396e+01
7.135759316535668972e+01
-1.811367689818543170e+02
1.058853461073746729e+02
-2.527726813167153068e+02
-1.551420525054313089e+02
4.840273542055677325e+01
-5.674026602725938773e+01
-2.395599457484174764e+02
5.236741997479074229e+01
1.388966364353051972e+02
-1.328049459406161361e+02
-2.621824258299479311e+02
-1.170060704869866974e+01
1.480978265691738329e+02
5.934095597947616341e+01
3.151677758484842116e+02
-2.157326989193499003e+02
8.057973574022870622e+00
4.455719682751288246e+02
6.679886656582024784e+01
4.940100780182313542e+02
-5.241707924625937487e+00
1.574667107241162967e+02
-3.029405555085584751e+02
2.138854514768032402e+02
-2.731295480840368555e+02
2.385873071294585372e+02
2.132970564662471418e+02
-3.326944212568205330e+02
-1.511563336029161952e+01
6.067725221717013540e+01
2.472056286281367079e+02
5.816436487067075944e+01
-8.231351302462113040e+01
4.267247706767594906e+01
2.707415927093971391e+02
3.966634414396830977e+01
2.615606622835710482e+02
2.908938777856710178e+00
1.414409894552559592e+02
-3.869636676310722834e+01
1.195136662816648823e+02
-4.651197357368565832e+01
1.770639227876602035e+02
7.532582149686510320e+01
1.972895698184066191e+02
1.706197682135995422e+02
1.182961320434489352e+02
-2.433112265478354459e+02
8.020933369037072680e+01
-1.254196273332134837e+02
8.596346674696012657e-01
-8.834896197384464855e+00
2.444793676301802066e+02
