3.322990041858966833e+03
-1.564008424152038288e+03
1.747447563249572568e+03
-8.657417050501442191e+02
-1.203972550861694117e+03
5.219860087556091912e+02
7.871337170230559650e+02
-2.527679747982823756e+03
6.658228707698411881e+02
-1.208091642766320319e+03
1.545235720668866406e+03
8.327413948428544472e+02
-2.877300451285949748e+03
1.860491590380046773e+03
5.498077534619388871e+02
5.522457317890390414e+02
-3.670588631594097251e+01
-6.761364586586601035e+02
1.580425355071262459e+02
-5.819640825706345595e+02
-1.640686076454001295e+03
-1.853831589170753659e+03
1.701901155458474705e+03
-6.835863831714438277e+01
-1.276114001064054690e+02
-9.512957195878619814e+02
1.975122270901989395e+03
-1.128376274400405464e+03
-1.909506404759759789e+03
-8.501107330741282340e+02
-8.916785082314859210e+02
-1.753064501942883169e+02
1.680316812824811677e+03
1.424075772140420440e+03
-8.381335218642922200e+02
6.046485832136345380e+02
3.910990334886374740e+02
4.552753143232425828e+02
2.384723798525898530e+02
-6.302306268172370665e+02
1.209546046246249489e+02
-7.138728950093580217e-01
-3.057645847410928468e+02
-1.180368528968782812e+03
1.377204973930990718e+03
-4.108851080180485837e+02
-1.840102467813497356e+01
2.271729910141418145e+02
-1.282693900476964473e+02
2.486210040274990547e+02
7.943163627262416639e+02
1.019152785033141186e+03
8.772200931149043868e+01
-2.395240276052296124e+01
3.932652641814788126e+02
-2.479047496693046924e+02
-2.644589015671255652e+02
-8.637627025598167165e+02
1.425182404221905585e+02
-3.510021136642448027e+02
3.281197045843275077e+02
1.411009972783061812e+02
-1.131841013471041464e+02
9.985539103489568902e+01
9.334432894832580132e+02
8.458340677197473951e+02
1.367798510809620325e+02
-2.981630481805547674e+02
1.240266731089762544e+02
3.799587171846640103e+02
-1.972986343045740796e+02
3.556948394159239797e+02
2.702097548525007937e+02
-4.885169401870878687e+02
1.685301235212345716e+02
4.829144621737646048e+02
-8.769227531536186007e+02
-3.470911082386292037e+02
2.212738653879212691e+01
-4.487249451707201615e+02
4.707697749719064859e+02
6.384603525153280543e+02
8.906122981647995118e+01
-4.569753671724425885e+02
-1.464011468965393533e+03
2.690833860130344988e+02
-2.119051819711914106e+02
3.617881182215826357e+02
2.786237719937812471e+02
-4.337364527375640932e+02
4.934813589108318865e+02
5.171245396277580539e+02
3.041768994165854565e+02
-2.452639942815167160e+02
1.482544368161291573e+02
4.234105983062408427e+02
-2.107310756329892456e+02
-3.209336387853234669e+02
-2.664777631542596055e+02
-7.674532737164894058e+01
5.857812003696668626e+02
-3.654354522665535114e+02
2.624485546757788157e+01
-9.408455166811458525e+01
2.744342471079861525e+02
-7.319308272423511426e+02
-6.092890127413225088e+01
-5.594600404179610109e+01
4.141289076636174116e+01
1.456722133076797547e+02
-1.493296353213730470e+02
-6.203652247417404624e+02
-1.102033940219784881e+03
-2.397680459709430636e+02
3.803405219411399685e+01
-3.655891804517602282e+02
-2.018600048796653468e+01
-3.000388797417535898e+02
-3.780022916995602031e+02
-3.887664808077971657e+01
1.548770716727093202e+02
3.845121380419800516e+02
-2.983744253102489665e+02
7.823287707640768929e+01
2.749023911274666716e+02
-5.454043404861224786e+01
-3.825315816515004030e+02
5.381794906175717870e+02
4.400353340951363634e+02
2.606744919672436254e+02
-4.132783624056062166e+01
5.145137442064213928e+02
-2.218832277197264489e+02
5.953325401674571822e+02
-7.737335314802918163e+01
5.651208969566958729e+00
1.235388863770343448e+01
-2.396646176964433153e+02
-4.124855910590195407e+01
4.516379135932334634e+02
-5.496060520172915886e+01
-1.467137858522375211e+02
2.758984587515107023e+02
5.510174180452959263e+02
9.884709613758393232e+01
3.900899256843827061e+02
-2.225367730488474081e+02
-2.464943077712491402e+02
3.458839334611550385e+02
2.909325824213399301e+02
8.937916931167704604e+01
-1.019501680937397481e+02
-2.500170974300970883e+01
1.180909230155806142e+02
-9.627932031899774756e+01
-1.567829190704355540e+02
1.200078847017352643e+02
2.045487459349598964e+02
-2.722776533624884223e+02
-3.558468491973596315e+01
9.650293653176218811e+01
2.735452046435361240e+01
1.308493912846617775e+02
-2.889595422337937407e+02
-4.749440351644546467e+02
-6.767366864032683793e+01
-3.340780940484958705e+02
2.841384475556705524e+02
1.958014385896261444e+02
9.109724946315783711e+01
-5.753459590856731154e+01
-3.596110462508603405e+02
-1.092306901277741673e+02
-5.324041798310765294e+00
-2.121517751508241290e+00
1.950887488266407388e+02
-7.520304589430728015e+01
-4.183237227731665371e+02
-1.259908615260454354e+02
1.684395882254471246e+02
-1.417829919700811026e+01
-3.255269016886945792e+02
5.548641207471288794e+01
1.406433292135469060e+02
2.685382475526459984e+02
-2.551622869556978799e+02
3.581229201327835909e+01
-7.458812525480165334e+01
-1.891753231347499877e+02
2.559189104626231028e+02
2.295944572838396311e+02
-2.620441734063226136e+02
-1.409340865513014407e+01
-3.198273487624296649e+02
4.061277805059679622e+02
-3.403559189899720394e+01
-6.351286540502980138e+00
2.741884843168161865e+02
2.993767688318996534e+02
6.780873455453159693e+01
1.374868975573153591e+02
2.355316449928912732e+02
4.898625000440957820e+02
1.843034390339410038e+02
-1.948788035479261538e+01
-1.464489844909766134e+02
2.779223806461309820e+01
5.969935659032169895e+01
8.633436137685320944e+01
1.733960710981993998e+02
-5.474329746877278779e+01
-1.149833540420285090e+02
-2.877150339051122607e+00
-2.352821255395464277e+02
-2.292439710062769365e+00
3.932526853669236289e+01
1.239934497572344725e+02
-9.997636782897552976e+00
7.679218440925845357e+01
2.607477457277176427e+02
-2.237804811706935766e+02
4.702640031034906798e+01
-2.701771180611977456e+02
-2.856088633162084989e+02
1.253764492844732530e+02
-2.115780234705941325e+02
-1.353424527468062877e+02
3.769426518839343032e+01
1.894995105342403008e+02
-1.178464267436015973e+02
-4.085139559049778057e+01
5.887662744232378564e+00
-2.005471693234249244e+02
-7.089837288519170500e+01
3.840050629375404867e+01
-7.753989626731743101e+01
1.993470406845661813e+01
1.600854280477421696e+02
6.649500676470761107e+01
1.387533261901915296e+02
-1.653278388058142312e+01
-5.279105921095653997e+01
-5.040970587201386479e+02
-2.565278201363469179e+02
7.580404563351693525e+01
-5.239350589596014629e+01
-7.441552479205003578e+01
1.850614433366205560e+02
-1.302672248184916839e+02
3.480060933784970700e+01
1.312499909809598648e+02
2.565072505660460820e+02
2.352765388986418316e+02
4.744498708263016340e+01
2.449585211036615817e+01
-1.235954654657742822e+02
1.581214723017405106e+02
5.145861276040705867e+00
-1.718046648159720178e+02
2.447920324194431885e+02
-4.607517077770057767e+01
3.652515037944404526e+02
-1.786915433252711409e+02
8.090979492316846233e+01
-2.041745511995104891e+02
1.537439868397843270e+02
1.787006672971765795e+02
3.511016499387549175e+02
1.122985721377630455e+02
5.734748556927139873e+01
-6.418543926218897866e+01
2.288074083018017006e+02
-2.896713605465011199e+01
-1.214272353968007394e+02
5.731468271993797714e+01
-4.435827682943968142e+01
-2.194482542873203457e+01
9.819273347100281057e+01
-8.195258999780561737e+01
-2.509303479801228143e+00
-1.582088390192440102e+02
3.367166566148231936e+02
-2.618097517395499096e+01
-1.057937421140549183e+01
4.290896670111321498e+01
-7.968398514666634469e+01
2.578001949537323299e+02
-1.495370695195753967e+02
1.028854845258195212e+02
5.858494813624263742e+01
-5.432773051012603993e+00
5.192319512240110413e+01
1.976615315888396935e+02
-1.653690171981449453e+01
6.990487062650893790e+01
1.988302923010033396e+01
8.983446572627347848e+01
1.299441616926990548e+02
-1.407842610210458645e+02
2.170969871559124158e+02
