1.539216711622358844e+03
-6.046511194654763131e+03
1.494800920693895250e+03
6.821503386574950127e+02
2.562251545845375858e+03
-3.297326343218674538e+03
8.787843057030928549e+02
-6.462398938426103996e+02
-2.860750927271651562e+02
-3.778452393529286724e+02
1.125908439870813481e+03
-1.716199404697837736e+03
-3.743271710021635386e+02
2.692522459348187112e+03
7.108250328480305598e+02
-1.244271658997822215e+03
3.524834427214362336e+02
-6.636379915978607187e+02
8.430886690850736613e+02
8.363098983433918647e+02
6.549660557589099881e+02
1.031106724344828763e+03
2.046060482140807608e+03
4.596615582893206806e+02
3.015199799844917266e+02
4.444241750547346328e+02
1.151856918039982247e+03
-7.913096905292937890e+02
-1.791562713069198480e+03
-1.543223868369732372e+03
-1.460612338959017279e+03
2.279321962245334362e+03
1.257863877672873741e+03
1.419047636736838456e+02
-7.858667220564324225e+02
-7.786721692782958826e+01
7.110742515848202174e+02
2.916975991958825034e+02
-1.646680429221873965e+02
4.698226186380032487e+01
3.154714641997198328e+02
-9.927895509969476961e+02
-1.043602298649600698e+03
-7.715837342599519388e+01
1.239766051374435392e+03
9.319632277423899041e+02
-4.190752100901169115e+02
1.484072388608971664e+02
1.641941077207863131e+01
-5.900185782408801316e+01
2.883180023423465173e+02
7.311887980769091655e+02
-6.423569124680594200e+01
3.831881038024871344e+01
-3.672609376887749590e+02
4.175438098207764597e+02
6.500869891792679027e+02
5.890713560705150940e+02
-4.462276406432509646e+01
-5.845941873815631595e+01
3.467478817256835555e+02
-1.760121992065624227e+03
5.616114738891504885e+02
-7.890037248979921287e+02
2.218982245089156322e+02
1.409643272594397558e+03
7.496109379778263246e+02
1.825869471979769401e+02
4.612961129160911469e+02
8.042342174634984531e+02
2.924690561680303063e+02
1.416443777102424804e+02
5.157170232152168410e+02
3.933141818686137867e+02
4.308850286094615285e+02
-3.692262615247971667e+02
5.371835827542687269e+01
-6.268033610219658840e+02
4.346483173295171696e+02
-5.493324375431182460e+01
-2.512012009576398839e+02
1.103619568808476743e+03
-3.302006883013737024e+02
9.079007298055092861e+02
-3.583366637359728912e+01
2.439100838495576085e+01
-8.675450131968714231e+02
1.686657011669334167e+02
-1.764224679172422441e+02
-5.940906487666343310e+02
1.797050614284002563e+02
-9.785357461031767912e+01
-2.731286298157714043e+01
-5.585365123880520741e+02
3.724102388776841508e+02
1.808533021614423717e+02
1.204207610089510183e+02
4.831844327474477154e+02
5.755457070512723021e+02
4.491242470172215917e+01
-3.456321504576460768e+01
-4.321657581312697403e+02
-2.401549599873457552e+01
-3.664161425980565809e+02
8.406605942713095203e+01
-4.233053976911685936e+02
-2.326405873248149305e+02
-2.821879782864427284e+02
-2.838958911838444692e+02
2.334465858084768968e+02
-8.079378865435253374e+02
-6.038674357769327798e+02
1.244606498886082164e+02
-1.991665121901324653e+02
1.273795851086346609e+01
-1.120086668800457232e+02
-5.790132331958925533e+02
-4.808911137897655408e+02
-4.494622698165739507e+02
1.592410894059118789e+02
1.588925177362648924e+02
2.198206338645165943e+02
-7.952455472578077433e+01
1.857725133981267618e+02
6.801159435587417192e+02
8.452561224924708938e+01
-3.918812909178042787e+02
-2.230977796143646117e+02
1.556007093344045700e+02
4.392107811454436614e+02
-4.855373323922712530e+02
-1.698290001848513953e+02
-5.135768619116622631e+02
3.823975868586260276e+02
7.514314098471979833e+02
-1.907264987707491741e+02
1.520029471692168954e+02
-1.985300964774381214e+02
3.349754120838643416e+02
3.624483484134726723e+02
-1.050561430337865403e+02
-2.998192646254777927e+01
6.688170951143342791e+02
-8.205926930101962569e+01
-4.350391561675251637e+02
2.340928610015606921e+02
2.336951813390092241e+02
3.363761507649857094e+02
1.814620687018283007e+01
-1.230446919116048292e+02
1.251843773791183025e+02
-4.298897822830069515e+01
-2.301740819839951087e+02
1.648029828235763716e+02
-5.340360116136911302e+02
-3.552984254363048535e+02
1.361247300558228233e+02
1.563681945212855169e+02
7.747206010532615039e+01
-3.239183110449922083e+02
-3.809789650148342588e+01
-1.883296145757195745e+02
1.324316909739446047e+01
3.479797708556922657e+02
-4.560134485521484180e+02
-8.416778955802774931e+01
-2.218868404393397498e+02
-2.514219466752491314e+02
6.699582149458375113e+01
-1.370514989152710541e+02
2.449077292218797108e+00
3.273687096094718640e+02
3.699934832108245928e+02
-2.205326800240977150e+02
-1.423260135110487852e+02
2.762883808536228685e+02
-2.383008626651607642e+01
-2.666041002845291814e+02
-2.008451177083912569e+02
-2.102648862782036190e+02
3.577808070071320685e+02
-1.903214984793196152e+02
7.500293741511889323e+01
-1.001001670912230423e+02
1.171494968394931107e+02
-1.571416242243165868e+02
5.511257167092775688e+01
-2.721758424191251606e+02
1.704166128435021221e+01
-7.607183523846951800e+01
-1.722982164005801451e+02
-2.581736468898434964e+02
1.117299661832582984e+02
-1.668565381877728555e+02
-1.006525921687825953e+00
-6.714564672069830920e+01
-3.432343783828527251e+01
-2.213453218743055686e+02
8.848662129788702657e+01
2.154020124446563216e+02
-6.480367520619945765e+01
-6.519648748193314525e+00
7.295073550129160367e+02
-1.917577620841080943e+02
-2.658017823019514836e+00
-2.603125911436291631e+02
-3.110245929990064724e+02
1.016176892989561225e+02
6.042514283302552514e+01
-1.159810838259815853e+02
1.788898556588532074e+02
1.190994429336091116e+02
-5.683045378515673463e+01
1.646711463816122318e+02
-2.493425861149173102e+02
-1.921399779359291529e+02
-2.110134839897120855e+02
1.312777414148005732e+02
-4.614783149841787235e+02
-1.870547289841277347e+02
-7.967898966234466229e+01
1.454875781203420502e+02
-3.570966587108347881e+02
-3.656506166876314801e+00
-1.211372916335114525e+02
1.681495145417426329e+02
-2.564839071831449360e+02
3.273715148843129441e+01
9.877266042236360022e+01
1.592397360489772780e+02
-5.949853319929509610e+00
-7.301875138500008688e+01
-8.412005074312669706e+01
1.799238889453134789e+02
-9.334047783097556561e+00
-2.364806308057776221e+02
-1.643030431373591114e+02
3.697535693672756452e+02
-2.174032926716061809e+02
-3.450775931156169918e+02
-1.535976357015708516e+02
3.761044416380422604e+02
-1.060152253539022809e+02
-1.605674316682787151e+02
-4.929847725254221302e+01
-3.180998452571758506e+01
-5.065089901170718889e+01
-1.304622616867142426e+02
4.624572023024671807e+01
-4.919947058215811353e+01
9.786941951536550732e+01
3.183572260018438556e+02
-2.864301994381960625e+01
-4.753788160582311093e+02
3.067912386397206603e+01
9.201835283012069056e+01
-1.975337897905580746e+02
-1.238592917667314310e+02
-5.877788740682946544e-01
-4.444393464540493000e+01
2.620142875861980656e+02
7.601279259949687628e+01
-1.058501992327677925e+02
-2.141236642889205655e+02
3.580516966771318721e+02
3.233150710527734191e+02
1.952305615626861197e+02
-8.737919785069418310e+01
-2.228915152046330093e+02
-1.652291379734127190e+02
-2.229633508564103295e+02
1.035900417403227607e+02
2.269453996976014594e+02
2.535038410821767059e+02
1.090718061437542730e+02
1.373753626485423673e+01
2.622536118867391863e+01
-1.151863597182921097e+02
1.731272067220055533e+02
-1.147750995627601753e+02
-2.075052720599478562e+02
1.351665163527715663e+02
7.534709023213878254e+00
1.831149936845623643e+02
1.631758812725578878e+02
3.380226344798730338e+02
-2.200740979296877242e+02
1.500261424949886191e+02
4.787747947401410187e+00
2.040686100337292714e+02
2.445280294453189924e+02
-2.521204037194399206e+01
-1.301063666351025816e+01
3.227553066716249930e+01
-1.857120481238709147e+02
-2.662718108592783892e+02
-2.789245978737089260e+01
-1.899184766157713966e+02
-2.940687534963532812e+02
2.995272330738221171e+02
