1.463759866533362811e+03
1.584692647216784053e+03
-2.071630305951567607e+03
6.105972422553707446e+01
-1.758722471248460806e+03
-1.545426285400328368e+02
-8.998889603844828571e+02
-1.205745785418174819e+03
1.742736889681059210e+03
2.090798591378701587e+02
4.122381766028636321e+02
9.621535392915162674e+02
-2.714823422806519829e+03
1.396529042939940382e+03
1.852892823651231993e+02
-1.087293301499238851e+03
-1.168329908859794841e+03
-7.622691415123567538e+01
3.784049180839634801e+02
-6.174329089330708484e+02
-9.426189408113318677e+02
-1.102344268070829685e+03
4.821331645757700244e+02
-6.883294436594675290e+02
-8.357568554819235942e+02
-6.224136316007765117e+02
1.065575282797502723e+03
-1.328501513326024678e+03
-2.235715793663809450e+02
-6.990152075724660108e+02
-7.353493323301887585e+01
-5.288657599501681261e+02
1.859233287230605924e+02
7.092467231203703477e+02
-6.248103918545685929e+02
4.037601565972643698e+02
-6.691196866027020178e+02
-1.350418313765319454e+02
-1.842266271121882539e+02
-8.949587610824834201e+02
-6.094019698117638200e+02
-1.232323139299350778e+01
1.509697246586621588e+02
-1.902481112684209847e+02
7.518079584578709955e+02
-9.815652770187688247e+02
6.685712486058768036e+02
5.874891575039805502e+02
7.250605256820864319e+00
4.192721993717500482e+02
2.483521177364250718e+02
-1.182533869841883956e+01
-4.099415557623053701e+02
-1.256327303681172403e+01
-4.142631314239974216e+01
1.214622220940336206e+02
6.408981221355969637e+01
1.210444444331456282e+02
2.323709726460905074e+02
1.649845159622814776e+02
-4.236520251982041145e+02
-2.261082954299502887e+02
5.763138001092772811e+01
3.261795381622557670e+02
1.425899333847403341e+02
-4.844759589750447759e+01
-1.329489786508482752e+01
-5.806207256863256134e+02
-2.666289155791577627e+02
1.291993700628762554e+02
-1.014790903513311804e+02
1.309284198596983799e+02
2.576637933442357280e+02
-5.111392775105221631e+02
-4.582916454464422031e+02
-5.593062750548681095e+01
-7.561504531460328735e+02
2.932274111106230521e+02
4.977261316174337367e+02
-1.143503398578297237e+02
2.531003661763174648e+02
1.000973305418438386e+01
-7.049011052440239666e+01
-6.438658428545883226e+02
-8.808146722103921320e+02
2.037078479605499695e+02
1.169487691297975118e+02
1.937641041182264985e+02
-3.919012796517176866e+02
-3.701568544257533517e+02
2.077988888258711029e+02
5.550392358561792889e+02
1.581091075837973676e+02
-2.660417104985325523e+02
1.645895539218522785e+01
-4.061884279499035983e+02
-2.810068007174243689e+02
-2.987770073213922046e+02
-1.104061866343486429e+02
1.873314220812755480e+02
4.265938438710880405e+02
-1.356273497825695529e+02
-1.792724443875770248e+02
3.010385132132032027e+02
2.188852336509397389e+02
-4.531835827903651648e+02
3.081788643966936547e+01
2.012300831195732940e+02
-1.785350632732327654e+02
1.528734573432300010e+02
-9.901879785911009435e+01
-6.001512348385250561e+02
-8.647314325748743613e+02
-3.136337428879760978e+02
3.246046485368947287e+02
-4.654576047175616793e+01
1.581220261318042901e+02
-3.666111392009319729e+02
-4.614330126259182521e+02
1.036671356258880365e+02
2.670585049120448389e+02
3.884458104417824416e+02
2.495913320590376738e+00
6.632748948695763147e+01
3.086545233418527800e+02
4.470211341379754622e+00
-6.856909018826971760e+02
4.420231713465219059e+02
5.417316907935479549e+02
1.587568981930157861e+02
-1.968212151939724492e+02
5.119596592329521059e+02
-8.072013380351976366e+02
5.323084880471044471e+02
-7.006559893035297648e+01
-5.106884396079672683e+01
2.335410192596356751e+02
-3.502550601308053047e+02
8.575430510069294598e+01
4.016608307355218699e+02
9.150883211203223766e+01
-3.328992691224282652e+01
2.079869091142242326e+02
4.534709694504253434e+02
-5.303449679865678235e+01
-2.569856874372617028e+01
-1.798605266925915771e+02
3.114642455167189894e+01
1.416024221911784480e+02
5.444959825256285768e+01
-3.022289715192982271e+02
-3.623126819936882157e+02
-2.406471827545957751e+02
2.505887514094173980e+02
-2.131723935105090106e+02
-7.158910501656063730e+01
1.810059073295742493e+01
6.229860499555427396e+02
-1.514821656548654119e+02
-7.802946582335812309e+01
-4.967235159416113532e+01
-1.287242014778610439e+02
-2.381483524887455872e+01
-3.429096914429800904e+02
-3.538036737041688298e+02
-2.018404948864391102e+01
-1.058604723359892432e+02
7.580797168577576883e+01
-1.956716881712800316e+01
1.255574861955436035e+02
3.588820509955482407e+01
-1.739412917455312595e+02
-2.738726601093869704e+02
-2.748093203109416294e+01
9.725729476935742923e+01
1.479434237080205321e+02
1.429970261489812913e+02
-4.224888857779813520e+02
-1.127165423741754466e+02
2.059931816788225944e+02
7.102563576672068280e+01
-3.075480261728414462e+02
1.502573594962323114e+02
-8.654510256055431228e+01
2.069825611829662364e+02
-7.911941557536077596e+01
-3.100345594843228625e+01
-1.147843043518385286e+01
1.032582213413079444e+02
2.616837773631734194e+02
9.984467784908129318e+01
-3.097074321498020595e+02
-1.260063018193563664e+02
-1.636875818352103238e+02
-3.328897102744049619e+01
-2.299623652044847972e+02
-2.534829033388874961e+02
4.455691019355970894e+01
1.945079386314263559e+02
9.787979092056346531e+01
7.484946558696039176e+01
2.446488828471693751e+02
3.664670306294269722e+02
1.023389899397048310e+02
-2.161177032461884835e+02
1.821728317673730402e+01
-2.355866169641457191e+02
1.053465156274775438e+02
-2.582839239398343238e+02
1.594244812659580077e+02
-3.367853131049972149e+02
-2.789459512129877794e+02
-5.783285688042693096e+01
-1.645364486124721566e+02
-1.209017846697353491e+02
8.922775692218768029e+01
1.735878805971476879e+02
-1.239230188047025223e+02
-1.453727369303118735e+02
2.923297127225572467e+02
-4.419611516061220300e+02
6.148152216513876311e+01
-3.185159131335893790e+02
-1.892494299197133216e+02
2.426083395690405951e+02
-3.513595360297629213e+02
-2.218318599700054961e+02
6.276419523795362920e+01
1.705199404554473972e+02
-1.481116927087746262e+02
-1.587303522514004896e+02
-2.132425733119988251e+02
-3.492075505014366854e+02
-1.212499299421238135e+02
1.562327395385143802e+02
-1.136478142145332555e+02
7.137278449879870834e+01
1.499188972601607475e+02
7.705847652645074675e+01
-6.101831201799416071e+00
5.876499436784413177e+01
-8.359819556981123867e+01
-5.102143511639172857e+02
-4.083004823096547398e+01
9.059982173401853345e+01
-5.729682585534197159e+01
7.283267160250707661e+01
2.530916305831644024e+02
-9.857797507225862432e+01
1.198046623151032435e+02
1.583056458395640504e+02
2.752758089188915278e+02
2.801120598556826735e+02
1.632155623324737235e+02
-7.175804143276158698e+01
4.074443602404375753e+01
9.340531390161761749e+01
1.007565425592846964e+02
-1.346443871750755932e+02
1.877223650384922280e+02
5.413704019543499157e+01
3.200906205472143711e+02
-2.194205653867371666e+02
2.023721582720812933e+02
-1.440606856261956636e+02
1.317824626667341192e+02
3.913561740587592226e+02
2.658514288863577804e+02
1.460283331118241676e+02
-3.222364616118303715e+00
1.637160076581397306e+01
2.400808994120313002e+02
9.440093684733955115e+01
-4.263884969512931278e+00
-1.515185110001785596e+01
2.525103246580301786e+01
1.020778684419091746e+02
-1.876901653518754642e+01
-1.467969388292855513e+02
-1.175804062773883203e+02
-2.479590570715444073e+02
2.289154316608534998e+02
-5.193626676894303529e+01
1.245571287147333521e+02
-8.500705655003335082e+00
-5.668346590936656071e+01
1.371178292432974217e+02
1.617517639316591271e+01
2.186761566917976154e+02
-2.069070607911676518e+01
8.217118767404561197e+01
1.032361525638137039e+02
1.776681471102615149e+02
1.899748321688068131e+01
-6.356553172900631665e+01
-1.001751796865437960e+01
5.522528657515416484e+01
2.177800157019791243e+02
-2.101835326581326058e+02
1.052878035839320603e+02
