3.583479520764619224e+02
-2.625177532880594754e+03
3.382439212464598313e+03
-1.482961062372660308e+02
-1.013980110884979126e+03
2.539190928352984884e+03
5.555969760092197021e+02
-2.394813180212408497e+03
-8.941809748370479838e+02
-2.273769189921195448e+03
-1.326397847191035680e+03
3.912113841736389190e+02
-1.686539655559148059e+03
8.189888180951238610e+02
4.376063153241913710e+02
1.714802404423934149e+03
-3.245291472497809360e-01
-6.425744589755819334e+02
-2.967031624455064502e+02
-3.870564495127990767e+02
-1.679425332648828999e+03
-1.783134898870954657e+03
8.389629635499227334e+02
-1.207471181742133695e+02
6.890518150597077351e+01
-3.198234195171804686e+02
6.321935451989741068e+02
-1.622693305065224422e+03
-2.552785429549574019e+03
-1.105104163739187925e+03
1.188464874544766872e+03
4.995066154672363155e+02
1.680097731993347224e+03
1.868355224999153279e+03
-4.065671458478352207e+01
3.260947972350771806e+02
5.205330816769219382e+02
-3.159649208588367486e+01
6.632841562701058820e+02
-1.256854597389726905e+03
4.503474906102708815e+02
4.295863933034467550e+02
4.101022065496903224e+02
-1.159632790975786293e+03
8.450238116029812545e+02
-6.318758302591381835e+02
7.197557153534394274e+02
3.799169824574599375e+02
5.553480173205709889e+02
-6.589127153523199922e+02
1.059993696989221519e+02
7.322666453709728103e+02
2.693055695068532032e+02
2.663723251353776078e+01
1.154099497615909740e+03
2.818217254314177467e+02
-2.165671186346023092e+02
-9.743348011271286850e+02
2.950085446819161916e+02
-2.748793670018100670e+02
5.319459379927840104e+01
1.316805238105789897e+02
5.029737916290218891e+02
4.748356541349759254e+02
1.208814254810405146e+03
6.174167385624438253e+01
-1.769439162994228809e+02
-2.776868011564178573e+02
6.017700503250894144e+02
1.882086075781592740e+02
3.218235157426974524e+02
4.879762729061350228e+02
-1.248237234410081982e+02
-2.916225165024158628e+02
1.774322684790865878e+01
3.328741327482078987e+02
-1.233757524453611268e+03
-4.226895271291692779e+02
6.107133198908438771e+02
-8.344047603919957510e+02
1.123794684109386935e+03
1.400623458125936338e+02
3.785141435769550640e+02
-1.035422460502413514e+03
-1.317383251435198417e+03
1.629277500913825065e+02
3.142571158931410196e+02
1.861305587993442430e+02
4.444543652645630800e+02
1.519344789542676040e+02
-5.319937451100521457e+02
-2.103160975330706037e+02
9.791287564393323350e+01
-5.466091874074403449e+02
3.972958299507168363e+02
2.551845746459181896e+02
-1.076432057720936371e+02
-1.520259801054331206e+02
-1.663326541563461376e+02
1.311254148619926241e+02
4.755530687378524135e+02
-3.600559250193763887e+02
1.427611422866999078e+02
-7.468914616465268637e+02
4.882550648898938448e+02
-9.035277722958771847e+02
-1.024611743525814944e+01
-6.537265902698886748e+02
-7.482758353316410194e+01
2.674237238827631700e+02
-2.555480156270617442e+01
-8.722278581949552745e+02
-1.230826614907866542e+03
-5.814421345009575361e+02
2.218390589765184302e+02
-5.188202205725531257e+02
5.639615361750464899e+02
-2.762629251290322259e+02
-2.907528516574183186e+01
1.684508855716017877e+02
-1.163771033200340099e+02
6.812635327126481855e+01
-4.904119563377236091e+02
8.409637645355381892e+02
1.983781904466586923e+02
-1.736673965886336930e+02
4.771568327155974032e+01
5.861825211783606164e+02
2.240640714682597547e+02
1.643656323897189679e+02
3.231301391744856346e+02
1.014460497502890462e+03
-3.350935359586922857e+01
4.331985998122836889e+01
1.121880550214095962e+02
-3.982364485197005166e+01
4.729010879853192364e+02
-3.674842282932509647e+02
-9.242082225403652274e+01
-6.698513513272276043e+01
3.024762382058912635e+02
-1.156019032675516911e+02
6.481988973288432589e+02
3.474761049396877866e+01
-2.269060103496972403e+01
-2.286439003469583895e+02
-2.148868104920773305e+02
-1.447687686794749595e+02
5.086694606607820219e+02
5.145471947895310905e+02
8.808777273336446001e+01
-4.744229244487110719e+01
4.113518941676520626e+02
-4.076821368066247260e+02
-3.466775682304129873e+02
2.524478674223645669e+02
-9.079153387942326958e+00
6.175490866165262105e+02
-6.709166085796262280e+01
-7.488487098585296735e+02
3.639455925669427643e+02
-2.482590584684273267e+02
1.808410830895596177e+01
-7.445050045772603653e+02
-1.674685862018816351e+02
-5.423262637734184182e+02
-6.441049646872247649e+02
2.669074795740850163e+02
3.149108090705355494e+02
2.334763102727004593e+02
-1.521620237054032714e+02
-6.692627281926270371e+02
-2.411476481095946269e+02
6.769501082581264484e+01
-4.076945600959185185e+02
-2.738388522887933973e+01
3.260467978309806085e+02
-2.915185912039942195e+02
-3.854784020467012056e+02
1.584941379148654619e+02
2.817179180020795002e+02
-4.087678930481969246e+02
5.325974029066929916e+02
-1.068427171494458960e+01
3.132158225898569412e+02
-2.546888691176654902e+02
5.701617010242468808e+01
-6.181454396868497980e+01
-2.938805052187825027e+02
2.158766283268315647e+02
4.969291168021681528e+02
-8.685458238209205319e+02
-1.854788701939004341e+02
-5.134050004508299025e+02
1.749502091197345806e+02
-1.697192008884968573e+02
-3.913625116739551117e+02
2.031551403178823136e+02
4.291013084314637354e+02
1.583307450920709698e+02
1.293903323945433783e+02
1.674278167292186765e+02
1.211187862551316130e+03
-1.552138118870091432e+02
1.792221884551333488e+01
-2.232274753844569659e+01
-3.161327503762917104e+02
7.276713891056304817e+01
2.110467151058765296e+02
3.223035447763414822e+02
-4.371364815818580496e+02
-2.367418780544635979e+02
-2.823121744042929322e+02
1.070177333589954003e+02
9.500044603110744390e+01
-2.612282845393049513e+01
1.542792711451186847e+02
-7.518786792589422419e+01
-1.977052798592690976e+02
5.614902839134666124e+01
-3.706025239734871093e+02
4.384084016355099038e+02
-3.961164383529196016e+02
-4.859571152624558295e+02
-6.351134854799709473e+01
-9.777796631834434038e+02
-5.144884402336303992e+02
-3.086752557196158264e+01
8.038474854497074773e+01
-2.212575810916804642e+02
-8.165189868179548682e+01
-1.501376517311378755e+01
-4.211499247612217687e+02
9.864818250274197453e+01
7.548560504340417765e+01
1.111904879656395764e+02
1.187601633767176281e+02
2.341804069930632295e+02
-4.243115756382492521e+01
2.080787596116364657e+00
-1.167909047875203044e+02
4.772008809723643452e+01
-7.434027153202964655e+02
-5.007596240636859761e+02
7.583864085628653129e+01
3.145797253880687663e+02
-9.879575098303425307e+01
-9.797638059106132857e+01
-2.591847463205774602e+02
-1.122410020150498511e+01
4.276427213966352952e+02
5.181491841968946801e+02
7.473747793565582924e+02
-1.427822331338258834e+02
5.413314811434857887e+01
-2.932600608075160835e+02
1.531322377774596646e+02
-2.328513946307062454e+01
3.716917255126271635e-02
3.883104222390290374e+02
-8.727232791738381934e+01
4.596961085993493725e+02
-3.811467494817240436e+02
2.645512703699125154e+02
-2.727237415874228077e+02
3.793699266758497970e+02
3.050580481880003845e+02
5.586178862043522031e+02
1.278616136921900477e+02
-2.393810847420427308e+02
6.770807501122416738e+01
4.979284409256245567e+02
8.046383848731274213e+01
-2.231089782206647669e+02
1.630471041034619595e-01
3.104686223683001458e+02
1.081112893406460884e+01
3.073186122657278361e+02
-3.010200516624730653e+02
2.142400927768348140e+01
-3.757807821603164484e+02
8.421794294929222815e+02
8.210224602447293307e+01
2.462078992501176629e+02
-1.120061524568005211e+02
4.217647537370154254e+01
2.539680567393151307e+02
-5.867895264845562053e+01
-5.831936579611388538e+01
3.788748887615395802e+02
6.979930858231311674e+01
2.155450968270596945e+02
2.337459428408132567e+02
2.891848618024601691e+00
8.665396093326948801e+01
2.899829727690243431e+01
-8.133493565166321559e+01
2.306858951726003681e+02
-1.932053058949944102e+02
1.746386336497089076e+02
