-4.822256935763826732e+03
-2.960978770207554135e+03
-3.361333916088075853e+02
1.395197536715161959e+03
1.800856779376627173e+03
-1.786296660504614238e+03
-2.329368238095193178e+01
-4.507609742568193951e+02
2.639396260723246542e+03
-1.334371214354140704e+02
1.483323789819696913e+03
-1.531215187711499993e+03
-9.879198559537915116e+02
-9.820553541363655086e+02
1.940602354857699311e+03
-1.254223902768885182e+03
3.320472578018403738e+02
3.248248835655461448e+02
4.236799440134067822e+02
-1.079050976839991108e+03
-5.722915622563065199e+02
-4.302332630001911866e+02
-8.671621371717475313e+02
-3.410864088965112160e+02
-8.637295716528591356e+02
1.872619382959076404e+02
2.194035832509503507e+03
8.853834055743001272e+02
-4.427845461276529448e+01
8.745840893594066756e+02
-1.069882869278650560e+03
8.719700040832924515e+02
5.941536078598401218e+02
-2.113180362819748481e+01
3.783693843298896127e+02
-4.998698984485012033e+02
5.084444050559683319e+02
-5.152487295183867673e+02
4.769021777341214943e+02
9.779040616113553597e+02
1.930626148018212120e+02
5.579833963751433430e+02
1.158417580165396885e+03
1.115988323230759534e+02
-5.059467638536499408e+02
1.047915624863313496e+03
5.644082990922214549e+02
2.014742177976480946e+02
-2.255551544486694979e+02
-1.804235107803899609e+02
3.258591757835746421e+02
-2.493483736960875206e+02
-5.705872379575665718e+02
3.392897020005545983e+02
6.729208225797975729e+01
-2.679463349953393276e+02
8.210523315173254559e+02
-4.939641289668060722e+02
-1.077605074144800454e+02
9.761340340265023485e+01
6.398809416966860226e+02
1.001443450623957290e+02
-2.237926002727789125e+02
-3.736858291432248507e+02
1.341262030972849004e+02
-3.689236959049056281e+02
5.256491952936867307e+01
7.971408660300985503e+02
-8.554893126728234876e+00
-3.526625356268355063e+02
1.375675910801180919e+02
-1.178597958619635477e+02
-7.292761333696953443e+02
4.953089772988252548e+02
7.074213461205582121e+01
-2.727103363490563765e+02
3.668219871805834487e+02
-4.182528674917604405e+01
-3.001403915239679918e+02
-2.946332216981872989e+02
-6.958291591499798301e+01
-2.904776820543431199e+02
-3.503609581208346668e+01
3.441120001841161979e+02
3.618251421956544505e+02
3.419017703657320908e+02
1.403672030030418796e+02
-1.846618838803493077e+02
2.045378016970083195e+02
2.727198023128293869e+01
-2.244107820352553162e+01
-3.203075133455844821e+02
6.713089240001411326e+02
7.635634860161125914e+01
8.198429822366784947e+01
1.197416352700759035e+02
-3.095587425487184419e+01
1.102808007438565738e+02
1.620858585909977592e+02
-2.093315758750207181e+02
-1.942980711647236092e+02
3.510725852881282094e+02
-6.090007390229913398e+01
-2.167823726484554125e+00
-1.524494873917253415e+02
2.522132277678601611e+02
-7.151357975656794963e+01
-4.999935500089649167e+02
2.855275675857844817e+02
-2.178196665298619905e+02
-1.413613354896133956e+02
5.261597807916331959e+01
7.238626355033745767e+02
6.743694454480248623e+01
1.038909243145379975e+02
-9.524865586977156795e+01
2.658698193115146680e+01
-5.778979025513051226e+01
-1.915284457531990370e+01
2.722650367154256514e+02
2.200989297387648094e+02
-1.485851012460190290e+01
1.747560504733515927e+02
2.834326177544887315e+01
1.009990102006979527e+02
-9.010936764360262430e+01
7.515057788561269092e+01
6.492654007391793414e+01
2.554763105999048989e+01
1.242816314816680290e+02
1.619001932648617696e+02
1.754726980889940080e+02
-2.221745447168119654e+02
-1.516924058983055374e+02
6.266946606730837033e+01
1.629683621355942691e+01
-2.216830523012256435e+02
2.904992622973106222e+02
2.831738824756865469e+01
1.226183228038734541e+02
6.356437038992402222e+01
-1.073683945541834674e+02
-5.751142038359246200e+00
2.548013879080431536e+02
-2.470800160895217346e+01
5.200227996058964663e+01
-1.622511093147330428e+02
-2.548851328982278517e+02
2.379257045607405701e+02
-4.757595462560404798e+01
-4.678647339369015867e+01
2.731680726190835884e+01
-6.117039833998858533e+00
-5.558177808209030246e+01
-1.267056659194383741e+02
-5.193869059686348066e+01
-5.983572584895117785e+01
1.686483938302256433e+02
-1.541179312860634525e+02
2.400955877006483519e+01
1.067900154185735317e+02
-1.257333668349088640e+02
5.196383677156025982e+01
-2.257281085134272587e+02
-2.665716476639575490e+02
1.950202022830951520e+01
-8.510815606749507367e+01
2.011214163479247645e+02
1.317376140839377285e+02
-2.866532002257032445e+02
-6.618746602782493937e+01
9.912231154651500731e+01
-5.186867669485444310e+01
-3.151883525590491786e+02
6.106467954839502887e+00
2.285605386261286469e+02
4.086541295521636386e+01
-5.096434662849799935e+01
7.471305104489074722e+01
-4.063135102695280415e-02
1.559868142369540678e+01
3.148199386514356846e+01
1.815242142874675153e+02
1.407174037688481008e+02
2.257616372153288609e+01
1.381950961591382736e+02
-1.826644710997244943e+02
4.799103271067014731e+01
-1.397628701297884959e+02
2.231874243468383838e+02
-9.973221894730180281e+01
-1.288843370533776067e+02
1.747871229745890176e+01
1.232056612383480143e+02
-8.393449202419920141e+01
-1.911489930260940184e+02
3.991614350646741372e+01
1.423539354746427321e+01
4.341467408273553019e+01
6.205974232258899548e+01
-1.404545242777330998e+02
-2.446397520264943068e+02
-2.624903341903520726e+01
7.794270286865379660e+01
-7.213347184626256592e+01
-2.213166643390425037e+01
-2.797206645286343587e+02
-1.408379455599596213e+02
-1.837154822941478756e+02
-1.432142602029695695e+02
1.422421364642782748e+02
-7.431558485518067414e+01
2.269678293393144202e+02
8.769183902280244070e+01
8.429598125562682398e+00
-1.259089997176652709e+01
-1.033994956240248513e+02
1.174288360779910221e+02
-2.388847635389795414e+02
-6.848030723870417091e+01
-4.201059056874760955e+01
1.032517475623588297e+02
-5.630631329601397539e+01
1.526184898459949757e+01
5.887901274672361751e+01
1.159550434328001778e+01
1.778444068786334640e+02
8.717027703642562741e+00
2.682200677061833716e+01
7.726405246309674624e+01
-1.502865847504891121e+02
-8.063093251925577931e+01
-2.686722027262355823e+02
-5.759959542562370416e+01
-5.504650857971378741e+01
-1.117298746172221513e+01
-6.842837083189017733e+01
1.573152866603540758e+02
-3.290756062376682678e+01
-7.851107910299839432e+01
9.298600987468354617e+01
-1.627395893806699689e+01
-2.798599167949254252e+01
5.895014069637734622e+01
-7.267753018317453950e+01
2.154530772489027157e+01
-5.863429731756428787e-01
1.868381651840284263e+01
1.025806729147989245e+02
-1.738404429856833247e+02
-7.018371350742813597e+00
-1.561575686310056632e+01
-7.392815513773919633e+01
-3.849578945948736219e+01
-9.325618713162046447e+01
6.679611990468931992e+01
-2.887734751632724439e+01
-4.224680646887135538e+01
-1.155465602194512265e+01
-1.471000494979445534e+02
2.208862145639276946e+02
9.580741832566326366e+01
-2.871382187028082100e+01
3.288527253058856559e+01
1.603639151688227571e+02
1.468633423192725616e+02
1.147803755727644983e+02
9.219546668403320666e+01
-8.966387299575815462e+01
-1.393420067513956724e+02
-5.839959301655887280e+00
-6.038124265527113721e+01
2.898249579013734234e+01
9.594662680126944565e+01
1.742970899842498511e+01
-5.978987856758782726e+01
6.105871445607451165e+01
2.565747393014126487e+01
1.906992876837070838e+01
-7.126019135405908855e+01
-5.109211794642021687e+01
-3.320350562641452541e+01
-3.348400012053805597e+01
3.272834856608716336e+01
8.677455399026084137e+01
1.163419755686793309e+02
-9.836818471794607888e+01
1.414829787789690272e+02
2.527966291528180776e+01
3.751986655055220865e+01
9.165650024012062858e+00
9.197144313863036302e+01
-1.938968495505339007e+01
2.384515161769846259e+01
-7.813596363055555116e+01
3.236153725010013460e+01
7.746282421234845117e+01
-2.699471275610271004e+00
-8.769168671815629068e+01
-1.190556219974284780e+01
