-8.416780864838710841e+02
-3.391473825759841020e+03
3.570554273235738037e+03
-2.108780379204293354e+02
-1.367061264021144325e+03
8.779739493642972548e+02
5.955772420763800028e+02
-1.497458308328365774e+03
-1.414398248773749401e+03
-1.842127025648812605e+03
-1.268777384467246293e+03
1.996626247887265606e+02
-1.492210349865851185e+03
1.405855144680233934e+03
5.217432203874120660e+02
2.391570061523478216e+03
-3.717844380842021224e+01
-1.115367971815577903e+03
9.733314712707026217e+01
4.023962092487950315e+01
-2.171876286414853439e+03
-2.037808126876049755e+03
7.433369320123970283e+02
7.535850685627210623e+02
1.523826918909370306e+03
-1.338330829898271531e+03
-1.069802923843459439e+03
-1.690090389397045783e+03
-2.278691173412369153e+03
-8.940583327856685401e+02
2.255109381430804660e+03
7.735052072828099767e+01
1.578947673997463426e+03
6.597522211330971231e+01
-1.272006408496935421e+02
8.745749472971946261e+02
-3.359415825264799764e+02
-4.637309587769891550e+02
1.314857035403857026e+03
-1.466036928096373231e+03
-1.152811262502727232e+03
3.204309109326810017e+02
1.704415587196403294e+03
2.252575495317940835e+01
-3.050065794615007349e+02
-1.255337156091915858e+03
1.112685512951686633e+03
2.933689813917416700e+02
8.052006102810134962e+02
1.630067435316780688e+02
5.445186246076639236e+01
5.932927571809739220e+02
-2.689565733852253970e+02
4.096168769146653972e+02
1.230103249082281309e+03
4.422297166654964258e+02
-3.573261488214989754e+02
-2.542767030218090269e+02
2.879040690883075513e+02
-9.322583841150105854e+02
-3.473012151870607767e+01
-2.687364941328339114e+02
-6.184964756128840691e+02
4.904099399645743915e+02
6.391156110837403048e+02
4.726773835139854896e+02
-5.967852246953746089e+02
3.440951182239286368e+02
-1.924956328709629929e+02
-6.797724980198180447e+02
1.810530121016789167e+02
1.140254097542017604e+02
-3.651751599237031201e+02
4.521389926063014286e+02
-2.619988766524969606e+02
4.246087989021359590e+02
-1.491189108426788607e+03
8.615915514386338714e+01
2.779071968452603869e+02
-5.520009667542522038e+02
1.302640722590524319e+03
4.970140634465934113e+02
-9.601109767844675389e+02
-2.979778383138203139e+02
-9.008499723930740402e+02
3.114788520038848674e+01
9.903627004894957508e+01
3.235064990312465625e+02
-6.187380154861172059e+02
-9.323463272170854452e+02
-6.027910874235052461e+02
4.821449513300479452e+02
-2.860085365201965857e+01
-6.454888501023650633e+02
-1.575139660443561525e+02
-3.719322927568139789e+02
-7.446696966504885040e+02
-3.124359083240391897e+02
-4.291581062134001172e+02
1.016333462209938698e+00
7.106720207277049894e+02
-1.169269160203236027e+02
4.865057760106191154e+02
-6.765135785559581336e+02
7.608092723274978653e+02
2.472628955906562567e+02
-9.447420850480916954e+01
-1.957318453074122999e+02
3.378635244431758906e+02
-1.743161925518125770e+02
-4.617076709743598144e+02
-5.284846452187574641e+02
-1.961301619380385546e+02
-5.077998525692649991e+02
2.121751736996273223e+02
-7.897112980519707435e+02
4.612664091621931561e+02
-4.679178103508477307e+02
9.379717786782215683e-02
-7.309898436933482913e+01
-2.843504920220670584e+01
4.260249697987555919e+02
-3.634052577428833786e+01
5.078999016441874801e+02
3.361629067438362028e+01
2.406110848710931123e+02
6.890400647876285234e+01
8.020728513188002751e+01
2.025401776919577230e+02
-2.595678732236598307e+02
-3.880602378124995511e+01
8.584580126287740995e+02
-1.031340982041914600e+02
1.917869185221117050e+02
1.343158857259098795e+02
2.308421791872733309e+02
4.371394081500812376e+02
-3.016578192016229423e+02
1.526972442375594596e+02
2.923718630381616208e+02
4.535823679357863512e+02
-1.405869207123154752e+02
5.411614832545707259e+02
2.410058039778797649e+02
-3.899410089719484773e+01
1.408927004958993336e+02
-2.229700756412780152e+02
1.721218805277154615e+02
8.016616517537960362e+02
3.120849607725056103e+02
-8.964385242385640140e+01
-3.953691887720953559e+02
3.994582403422255652e+02
3.065417045070844893e+02
1.058899963898628442e+02
-3.689565323024382906e+02
-7.872683316413500165e+01
4.393170767967467327e+02
1.522034973461248342e+02
-4.038993936467301751e+02
-1.179478785588492684e+01
-3.390420687980309822e+02
7.272032617848539360e+01
-4.630225880510863590e+02
3.786361052632681776e+02
-2.247717948565454265e+02
-5.415158622914216267e+02
-1.056441708447907644e+02
-2.641202930975705954e+02
4.408373885299368453e+02
-1.635579608104635554e+02
-1.339423166104171798e+02
-2.331382811287559775e+02
-8.918338668944700487e+01
-9.627745631751638200e+01
2.651060422541402772e+02
6.120241391644098172e+01
-2.777662323732846517e+02
2.284741695532247974e+01
-3.139789031997374735e+01
3.238501210278502640e+01
-1.084189804676757802e+02
3.567448514425635722e+02
-1.432584258125698113e+02
-4.810060548112175383e+01
-6.263629161295509675e+02
-8.755269086266702061e+01
-1.473336954805827475e+02
-2.099268513787557708e+02
-2.578118275076944315e+02
1.212616947967352274e+02
-1.585667171746660529e+02
4.753619713483298881e+01
-1.649390008870948350e+02
-9.623817586526740797e+01
-1.628546264216212762e+02
-3.464509670394295426e+02
2.021399528690982663e+02
5.046129412453624496e+01
-7.261021446619017183e+01
7.200031170746230202e+01
1.590002167374154318e+01
4.021684230080891211e+02
-1.725291802859166239e+02
1.859907506285339025e+02
-1.662032884959929788e+02
-1.510958967502992891e+02
1.447966938212946673e+02
6.499351201345750439e+01
-4.190191831367415176e+01
-4.108993514709032411e+02
2.633351930609466507e+01
-1.471886605767090117e+01
1.984293439703846502e+02
-9.213691725204036231e+01
8.043587021932167147e+01
-6.710338155010866501e+01
-5.480062421720084842e+01
-1.835292210162776882e+02
1.196319255531533656e+02
-4.479988204891060946e+02
2.474010578751290552e+02
-3.402128458048037487e+02
-2.741751303474702013e+02
6.227146261810501215e+01
-6.442261529022557625e+02
-3.838087589957062846e+02
-2.907212837238462271e+02
-1.541889204332932479e+02
7.306191827689707452e+01
-1.906934686017880054e+01
4.029427185919478127e+00
-3.549351896520133209e+02
-7.294504191519507685e+01
-6.156927813092936219e+01
-1.636687607924415317e+02
-1.319752825499788571e+02
2.119034435939764194e+02
1.021149594580656128e+01
-9.843906205423760980e+01
5.826761392483543034e+01
-7.895023959180939244e+01
-3.691866371009011800e+02
-2.286909004214682568e+02
-2.013089291919235677e+02
1.379356561661483909e+02
-2.673397465677520586e+02
2.514586370973414375e+01
-3.379648160799878269e+02
3.953662612876893245e+00
4.638566302566000559e+02
4.179406579550146716e+02
4.296218097501599686e+02
6.399617720376888030e+01
1.570867357578331394e+02
-1.043687905660128621e+02
-6.817763624614921980e+01
-1.116369320947066086e+02
-4.548645911554062593e+01
1.689723688931385652e+02
-3.777792558019953617e+01
1.088843551810100223e+02
-1.869909699966459016e+02
1.942304961646935446e+00
1.637051734925409718e+01
6.711836447180452581e+01
1.922260930579773515e+02
1.232538541346943504e+02
2.745002450199845256e+01
-1.129434815958257445e+02
-1.288230233305814352e+02
1.305676882823521794e+02
6.625214604895965920e+01
-2.634533714927003416e+02
3.640004805921873299e+01
1.083249761904496182e+02
-1.354165284777658087e+02
3.162037950439968199e+02
-3.373199927251391159e+02
-1.591189581197966731e+02
-1.805140518189725753e+02
5.969248218510905417e+02
-1.111094052719911502e+02
1.384382902478314747e+02
-6.027718196764462988e+01
-1.029241837540721463e+02
1.511938518200838928e+02
-1.103603798665612601e+02
-8.007786314904183200e+01
2.800712612983407013e+01
-1.030414233428435011e+02
1.542860077223189705e+02
1.567012217657839983e+02
-2.676065069863700074e+00
1.188776276682991728e+01
3.801962927379766377e+00
-1.033187660935449514e+02
-2.163652050214172462e+01
-1.463825450181464589e+02
2.411993673515159742e+02
