-1.035719895365877164e+03
-2.482456545067777370e+03
-2.917089435868778310e+03
2.248373241997066785e+01
-8.829667311331279507e+02
-3.860526279039986093e+03
-1.587244624516052454e+03
-1.160265766190025943e+03
-1.190643236986834836e+03
-2.296604997241861099e+02
-2.358117084251286997e+03
-4.457443673131433570e+03
1.190294361897624867e+03
-7.566437374730792271e+02
-6.316420136675271806e+02
-2.684067250627937483e+03
9.536365974502973586e+02
2.153776995148395486e+02
1.191458801249364257e+02
-8.688099766088236038e+02
8.524955384832150003e+02
7.684697280088483922e+02
-1.523981553888804456e+03
2.588523351409156476e+03
9.263078580787757801e+02
9.934999448035675584e+01
1.770605688618538807e+02
5.381920984881011236e+02
1.326217821347529195e+02
7.856136349121057947e+02
-6.543564459144083685e+02
6.657600149137010703e+02
-1.467063484399014442e+03
4.102612102734796053e+02
-8.602641943157374271e+02
-3.187723109581157246e+02
-1.667878831139558713e+02
5.308425391586993101e+02
-1.875925096381885453e+02
1.164913643498789952e+03
7.898637193666265830e+02
-1.361459475797966206e+03
-3.074855605926724138e+02
1.670206566451666276e+03
-4.964434542840338338e+01
1.540392276880320878e+03
5.628164065755887577e+02
-4.037950664368579510e+02
-4.490976140279854008e+02
-1.211460424499324091e+02
5.037786046969264362e+02
1.937573244385887961e+02
-3.702437440978106906e+02
1.395838479772104108e+02
-9.979798936802709477e+02
2.201092348136739929e+01
9.908653577678942383e+02
-7.105596288637813984e+01
-7.435876735859264386e+01
-2.303964698275409262e+02
7.879872812044882266e+02
-9.571616009115707584e+02
2.397737213756558390e+02
-5.259848591922283276e+02
1.767225837376221307e+02
4.280192112953848493e+01
1.959297585115656943e+02
3.104701034360992367e+02
-7.254750935948925417e+02
-4.394493218687929357e+02
-7.496973432649900815e+01
2.133111119662495696e+02
-5.989316486609188814e+02
5.714010277183319886e+02
2.189921764688270116e+02
-5.588418131043507628e+02
4.751607249887182434e+02
-9.787989528520288331e+02
3.427525333691194191e+02
-7.323162729265320650e+02
-4.138654863674318563e+02
-6.351503636140203071e+02
-1.315636457161895976e+02
-1.804630038353728878e+02
1.061520446482276867e+02
-5.888817021617633145e+02
-9.674264937312995016e+02
-5.877115920730310705e+01
5.353537960222527090e+02
-4.030766997044430013e+02
1.222139304356477822e+02
-3.260709864295299099e+02
-1.096422321707221954e+03
-4.069336069530134523e+02
3.891668444716540876e+02
-6.826821696019150920e+01
-3.324510206647270820e+02
-3.008604273417022910e+02
1.552478936227850568e+02
-5.476742508638560594e+02
-4.469687658627015736e+01
-4.454538294446331861e+02
6.846926027050623134e+02
-1.378715225308865229e+02
3.303390568115506767e+02
-2.084106005907520682e+02
-6.988044688851375952e+01
-2.831707254540434064e+02
-2.444023413094094508e+02
1.596193620262444135e+01
-4.144067211416539749e+02
4.879873510003402544e+02
-2.296345437624648866e+01
-4.279674008551503306e+01
-2.051066127298311130e+02
2.689326093024373776e+01
-4.661900297566960489e+02
-1.267014744432419917e+02
4.837546337452835132e+02
2.788535347236449411e+02
-2.657219837955730668e+02
5.484222516497311517e+01
-6.075345112657964108e+01
1.737170430514335919e+02
-1.533971730410967496e+02
7.850328825586439052e+01
-6.626875300004128633e+01
-1.923619200409558516e+02
2.067203873596778578e+02
2.250787397471082159e+02
5.821037193536077439e+02
-3.154881676910720785e+02
-7.840424726704095519e+02
4.956615729942373036e+02
4.794229175109673946e+01
-3.617004188859493183e+02
1.714999538036857132e+02
-1.893046854087153292e+02
2.492829573775147622e+01
1.550879909580895628e+02
2.313460225584451280e+02
4.227795499430582140e+02
-3.309554115053750252e+02
4.515352339803546329e+02
-4.983534183331229883e+02
1.763473919705729145e+02
2.272759503510095271e+02
-9.641396542202610931e+01
-1.437025188317644222e+02
6.947209588495672961e+02
-1.949163550221904018e+02
-6.452938302016411853e+01
-7.108918380075931509e+01
-2.611845158092093016e+02
-1.351015073260207089e+01
-6.496859790114795885e+01
8.324125890891943413e+01
4.421659987595681685e+01
-3.247791933890206906e+02
6.044921436620682016e+02
-1.610856343499036711e+02
-3.255332157431210476e+02
-2.109081781978120489e+02
2.114376549590413390e+02
-1.129067273659609327e+02
-3.187646227349721357e+02
-2.142499166223850011e+02
-3.154782717885208854e+02
3.656656288490408429e+02
-2.083705360875208612e+02
1.982184774198828237e+01
2.834767382616385589e+02
2.985028755874002400e+02
-7.713520437679267161e+01
-2.114856994755479604e+02
-6.209992191027332353e+01
-2.341975351412683040e+02
-3.744044972866594208e+02
-1.403953839446095913e+02
2.350291172927039156e+02
2.515436652624455292e+02
-1.711192281610035764e+02
-8.491925950710101745e+01
-1.559857099239799254e+02
-6.047511482829319363e+01
2.045142390008960547e+02
1.067939192139008853e+01
9.569141478515331301e+01
-1.238521257785984346e+02
-1.697746077388585775e+02
3.989845266253766454e+01
-7.523102326190145277e+02
2.084757509157632001e+02
6.626648607151459203e+01
2.091016072388262614e+02
-4.665170346954597136e+01
4.226397853788193402e+02
-2.166863369846488467e+02
5.580752183705154721e+02
1.665969157024356377e+02
3.035109876712068626e+02
1.055616842709306269e+02
3.361135457845948054e+02
1.661221094921335748e+02
3.826742047251578924e+02
-1.153272469854318985e+02
9.127913138991237929e+01
1.810201476078427163e+02
1.542934122513033230e+02
3.470554307987828935e+01
-1.372680421178602046e+02
-3.247316822874395825e+02
6.565024443340374205e+01
-1.029976923820734669e+02
2.014556987221236852e+02
-3.170784577863322511e+02
-1.464257995677463100e+02
7.407681645883657495e+01
-1.915250954434517325e+02
-3.563870930144610583e+01
1.628961785218031935e+02
-3.743523045893014434e+00
1.843579253566507958e+01
-3.030489337803676904e+02
-2.202159421754693085e+02
-2.923919798603950539e+02
-2.634641453099854314e+00
-3.456109420028822399e+01
1.133519753638202872e+02
2.619835866207716890e+02
-2.302284642110631125e+02
5.035677528680045256e+00
-3.943029380412281171e+02
2.356636981258880326e+02
-4.683725811446962695e+01
-1.434896354002252679e+02
-8.487272268708687761e+01
2.603033265334821635e+02
1.385960933121145899e+02
-1.481141706533600200e+02
1.125706796312623510e+02
1.645050674681871783e+02
-2.857341995108286028e+02
3.983909613876990079e+02
-1.288703656721396555e+02
-8.413872911946661759e+01
-8.161315156116120306e+01
1.288519029573516264e+02
2.673395771847879132e+01
-1.281725016515979974e+02
-2.195176599101361958e+01
4.720606831610557919e+01
-1.950637952133948971e+00
-5.877389219295512390e+01
3.185297572029515223e+01
-3.038790641870173772e+02
-1.649275770684300824e+02
-4.060014588853433537e+01
1.038528572165960639e+01
4.354935065559246254e+01
6.338242602215466803e+01
3.603387140318427555e+02
-2.813265658827190805e+02
-1.482782671829230878e+02
1.649746814645355641e+02
9.815901359421769712e+01
2.250755363461020693e+02
-5.297199991352700010e+01
-6.968253730604904206e+01
-2.108752983056297978e+02
1.645798374611833594e+02
5.787419814347514091e+01
2.823242035175135243e+02
2.138494680688419862e+02
-8.269295813332486489e+01
-3.233109017499033655e+01
-2.775853606216414278e+02
1.683253939258376306e+02
1.029591062918270978e+02
1.541773203611785732e+02
1.012953700815333349e+02
3.017333141960028229e+02
1.983164534113611239e+02
1.246891274108725867e+01
-3.658243995966352458e+01
1.971297704443170176e+02
-1.088373160672107360e+02
1.103120879061330157e+02
1.040136186386350090e+02
8.137056139727016557e+01
2.901865047267453974e+02
1.931678385710912949e+02
8.539337246609046872e+01
-5.238308191185415552e+01
-2.461802186018546479e+02
1.018154275332858205e+01
-1.380573245954133768e+02
-3.896340442504380519e+01
1.159449067738905228e+02
2.885022416619359547e+02
