-2.097428416678976646e+03
2.331262486295400777e+03
-2.321560163395639847e+03
2.830442957579411427e+02
-3.901167615752610345e+03
-1.114318671182232947e+03
-2.592806695370714351e+03
-3.522806244089877055e+03
-2.154440012884606404e+03
-3.062039747984500764e+02
-1.133961770962689343e+03
-1.655193507588704279e+03
-7.838325255608502857e+02
-4.268644059026416357e+02
7.380412872054472473e+02
-1.797680545427534526e+03
-9.810896201783398283e+02
-8.043618286155860915e+02
-2.373512240941190612e+03
9.294067953602460648e+02
-7.695577345651174710e+02
-2.046827654285170183e+03
-6.865549529015181633e+02
-2.979476942064504215e+02
2.588822068619037964e+01
-9.675218035571041355e+02
3.919619574417981767e+02
4.397148931102154990e+01
-1.093679075522848052e+03
-4.274152306660207614e+02
1.031619643131293742e+03
-7.567902414748067486e+02
-5.922627444353568080e+02
9.831341473667298487e+02
5.451718802810321449e+02
9.705970720465674049e+02
1.224852568219906289e+03
-7.007325081697342739e+02
1.051949713040342971e+02
-1.219282287932932149e+03
2.333109380391167633e+02
5.028495235863188668e+02
-6.353094854640506810e+02
-4.314868212868657906e+02
-2.358082264322139281e+02
-1.137820200758639828e+02
1.594462009346920240e+03
1.153809993151344770e+03
-1.865204384724113709e+02
-4.825361639852905569e+02
1.809347135208971622e+02
6.037993182339930627e+02
-1.696172310529300091e+02
-5.713019741579068977e+02
8.116185411701434305e+02
8.249795998565920385e+00
3.349531368709178878e+02
-3.014323464378414315e+02
2.638615538759160728e+01
-4.734270701215358201e+01
3.332143694217593861e+02
-5.662791998642940143e+02
1.072849812076979788e+03
1.676785752035169139e+02
7.126906024194007614e+02
2.685415356495241923e+01
7.221290299959383674e+02
1.002209809635095610e+02
7.747874852671274937e+01
-9.526825488036368483e+01
-7.545048892356012402e+02
1.339600030318709685e+02
-6.462555003513028851e+01
-7.444022671428822946e+01
-7.574384569599774295e+02
-1.148326519430523263e+02
-4.061352006503850589e+02
2.501604745080449845e+02
4.598957543897824394e+02
-6.105507363297730308e+02
2.635465114388870802e+02
-2.385826399475940320e+02
-4.129262538968669816e+01
-5.495166937796498132e+02
-5.488952778618242974e+02
-5.554406969011909041e+02
2.439354940106699488e+01
-4.985069780720345420e+02
-1.530255252294886077e+02
-2.888112403634104908e+02
1.893965689703930479e+02
5.640709236311117820e+02
2.259048972783139106e+02
-2.039263433731833004e+02
8.403684851470653427e+01
-4.061879231648011768e+01
2.625531833284148888e+02
-6.159601842576203126e+02
-9.433708694053311206e+01
-2.790670756204175973e+02
4.206719098525258573e+02
-2.417027335317094128e+02
1.348936524825662957e+02
-2.887932721040231172e+02
4.157927757767497496e+02
-5.654144577302956804e+02
-1.690342293641207903e+02
-1.183470018830483781e+02
8.060492192538399081e+01
-3.674656997374890466e+02
-4.930377366346675672e+02
-3.929839073868197943e+02
-6.446204686551244833e+01
1.472657190845477260e+02
7.931166194288472582e+01
2.902656253692725272e+02
1.301003165347727020e+02
-5.168130698870045308e+02
-1.201632424718272674e+01
7.560098583818015641e+02
1.632891262032600252e+02
6.919491054969054176e+02
2.970435229287415382e+02
1.236622857695556092e+02
3.820170767492713253e+02
1.705819380783098893e+02
-7.497423842444275124e+02
3.647401665998199292e+02
6.955975744108064873e+02
2.304361466477333806e+02
6.224715695568846741e+00
1.202661989463617829e+03
-1.393994668556387069e+02
-1.475488004421175390e+02
7.438101089040230818e+01
3.548411481310409386e+02
-1.018317879538993509e+02
-1.132286457997910567e+01
1.973307357624684926e+02
1.397383130189623444e+02
2.660090178325611419e+02
-6.663368236121833661e+02
3.199264158422776632e+02
1.592913618970718801e+02
4.936180523714851915e+02
-5.005552358507809174e+01
-2.839673036502925356e+02
1.507000735037620984e+02
4.496265827156884143e+02
3.390934661166081128e+02
2.864693945843025631e+02
-1.512820085160420547e+02
9.196839382527714690e+01
1.815036718171490975e+02
-1.169698029969709836e+02
-6.428276544828469241e+01
1.176697439194081198e+02
3.892970652429354459e+02
-1.602697630972745060e+02
-6.158726658582203299e+02
3.105706892655508113e+02
9.877427094866200719e+01
2.366290054306368802e+02
-8.256638801524650262e+01
-9.813579499217897251e+01
-9.717299366673645977e+01
6.421008329257091418e+01
5.145385040664728393e+01
3.017744601874851469e+02
3.482737769307320832e+02
5.006750140175759611e+01
-4.452147832390128315e+02
-4.363516908761984041e+02
-7.901537246710437223e+00
1.514691999738654715e+02
5.365189766081095968e+02
1.568461364798051818e+02
2.948980732409548864e+02
1.098523701992152581e+02
-6.429923815738951021e+01
-4.788210514701966680e+00
-2.760279422279410824e+02
1.158783690166429210e+02
2.451650490357491776e+02
1.529458165381427932e+02
-2.926058591763193135e+02
2.532751690841479615e+02
-2.950439212315443456e+02
-4.063681345608767970e+02
2.526468741954289499e+02
1.356071098515346591e+02
7.216861042899559209e+01
-3.922828663572918799e+02
-3.476852563161384637e+02
6.749960702183255989e+01
-2.206984008809212696e+02
-4.707958595202672427e+02
1.585058183585388178e+02
-6.072998034334525386e+01
7.715679924866870465e+01
-2.039329188478687627e+02
-2.899851946354540928e+02
7.850988047266223475e+02
1.944369049783632164e+01
3.865001215734991291e+01
-1.607491538780366511e+02
-2.218952877140450255e+02
-8.278041327244643810e+00
-1.950897742983381136e+02
2.353367907113669446e+02
-3.785730878331306144e+02
4.204362608781873405e+02
-2.281016573193959118e+02
-7.835098629800319259e+01
-1.792015586737134356e+02
2.578793783347656472e+02
1.144927128219515140e+02
1.587886401396520171e+02
-5.376161651871739195e+02
1.109588942210174878e+02
-6.212355858769279848e+02
1.575069249498495481e+02
-4.633420805348981162e+02
-1.483596829319651533e+02
-2.080274052153547970e+01
-5.744441886557015096e+02
-6.836998521903711890e+02
-3.363626905910338394e+01
-1.835110160724103139e+02
-5.378187141138355543e+01
-1.486821724809203431e+02
-2.070834528706046740e+02
-1.815981261774110180e+02
-2.704079792522738330e+02
-9.989206424684222441e+01
2.090930373023132063e+02
-3.719277102801430033e+02
1.104292863878375286e+01
-9.951267055623635827e+01
2.591074231872468090e+02
2.770226634762556017e+01
5.842480226885269801e+00
-3.661395983901915088e+02
-6.172819940559721772e+02
5.563925068509987426e+01
7.320716574326964121e+01
-2.211381187408383653e+02
-2.485965759456573494e+02
-3.579004937184154755e+02
6.301948387246561367e+01
4.870907271120128712e+02
2.896066588457942999e+02
4.752076275743028759e+02
-1.307637978519190654e+02
2.547994084800329802e+02
2.047644626153074796e+02
1.618831879072411439e+01
-3.571856461649925052e+01
-4.058434473905808204e+02
4.635683652177551295e+01
4.626685135209009303e+01
6.127729438703607912e+01
-1.563380534216443323e+02
2.136755939515749674e+02
-1.397319255545710632e+02
2.649410530598523792e+02
3.141947660549434573e+01
4.862023990118446477e+02
-8.123388471972128855e+01
9.720556392694479086e+01
-1.057937275546202187e+02
6.617184264641593927e+01
5.960511498676164877e+01
-4.014135447834244701e+02
1.499304542867488124e+02
-2.256600553441671320e+00
9.689950484967135935e+01
2.125671177025508314e+02
-3.172463772172253584e+02
-6.845815718848506037e+01
-4.353938324636247330e+02
2.858166628558183220e+02
-1.091240599169108521e+02
1.682778569827236197e+02
7.159933325624785461e+00
1.172861593770276727e+02
1.296244113360511676e+02
1.117287143852658104e+01
-2.338075577205253808e+02
1.654648374477706625e+02
-1.766900266464020604e+02
6.166018448986520184e+01
-8.422473772427683514e+01
-4.810267129809479059e+01
1.583359180014621757e+02
3.051676945888924308e+01
-1.451706573399644924e+02
1.271667072222835912e+02
-2.702747253716298133e+02
1.242640016922829318e+02
