-1.800402021944697481e+03
-7.041069793304405721e+03
3.561844460165314558e+03
-1.665131895565309890e+02
7.986551320065761956e+02
-1.469239703297098458e+03
-6.722433164140489907e+02
-1.759886723675010444e+03
-5.428796971944207144e+02
-2.120509639081818023e+03
2.524207927063749253e+02
-2.567015649894360649e+02
5.163115463037437394e+02
1.703637394908968190e+03
5.588824578279816251e+02
2.072092238574811745e+03
1.200612047182341257e+03
-3.538294303998140435e+02
-3.346072827448788303e+02
6.192562653608507617e+02
1.576132631824860482e+03
-2.529676371666653552e+02
-5.466995900580544685e+02
5.309321277792680576e+02
-6.887774950012327508e+02
1.333731055679658994e+03
1.545305932453116611e+03
3.291608189792308963e+02
-1.058975364150944188e+03
-9.462121364732868187e+02
1.998506264776201746e+01
1.960294427269502194e+03
-1.230830105097009437e+03
4.648676850147302844e+02
1.076847180347989905e+02
-1.079140362751292969e+03
2.695492322543884711e+02
-6.847505001467338843e+02
-1.155688360941490828e+03
5.052597520099304802e+02
2.216606887561202711e+03
-7.049055736559748766e+02
5.256992250337526684e+02
1.099486669360352835e+03
2.008397553232802011e+02
1.110038450978764558e+03
-5.184433598131089411e+02
-4.681732614677806055e+02
-7.840571311501118998e+02
-2.555883589084452581e+02
-5.838618858445821616e+02
-1.283957161850559487e+03
-5.538085352951799223e+02
4.198508555307659762e+00
5.840001448934254995e+02
-5.668336109562407046e+02
-6.148769770293672536e+02
-4.704325335807795341e+02
2.821300182986110485e+02
9.547957257327166189e+02
4.945278886018670619e+02
-8.948819401285592221e+02
1.123265637923166651e+03
-4.813341878386196413e+02
5.179965466171396429e+02
5.989103433129115928e+01
2.548182487142801449e+02
-6.059508939549588149e+02
2.705981098311855817e+02
-6.534563332008779923e+01
1.286902665762824654e+03
5.390119737415514010e+02
-1.638631674394265190e+02
-6.079874015745464249e+02
-1.668248347462732966e+02
-6.117351455782304583e+02
7.713566664775178197e+02
-6.979343073384656293e+01
-2.957049693546208573e+02
-1.188767054494972172e+03
2.901579995860646477e+02
-1.035157332680853187e+03
8.144494013982215392e+02
1.958373214373463895e+02
6.675258330354541840e+02
3.249014145884646041e+02
-1.140383370920692869e+03
2.797760368311869428e+01
1.194035283660657001e+02
1.196161876215196344e+03
1.096286408528858146e+03
-8.938951926078784709e+02
-8.269805658468983438e+02
6.400172817815650887e+02
4.540546646533859416e+02
1.081268831666017505e+01
-3.516851401446095906e+02
-1.854975669860896517e+02
7.266807875416762954e+02
-4.198860379535616403e+02
2.108840903752360418e+01
-1.055234473103711856e+01
4.378823499639143506e+02
7.080416872402793160e+02
-7.531205598659432781e+02
-5.557691691450470444e+02
1.450074914544758826e+02
-8.611200409473069328e+01
2.217883330210012502e+02
2.118208239516245897e+02
-3.887149817064611739e+02
-4.073956291804815351e+02
5.189120512857151652e+02
-2.865408503873504742e+02
8.116506164195395741e+02
1.770125068771685903e+02
-7.551708577164542930e+02
-4.401445206442075886e+01
-9.008668209986069542e+01
1.225323608838314442e+02
-3.177054838211491301e+02
1.504300268805160954e+02
1.822559221078318785e+02
-2.717642629890729040e+02
1.067521079724694118e+03
3.352742464486013887e+02
-5.362606007647379158e+01
-8.528099866304695809e+01
5.067600416152760658e+02
4.477851044620613266e+02
3.681983632640069004e+02
-5.672127359304267884e+02
-1.606915880583336786e+02
2.182861073907852187e+02
1.223264409362396776e+02
-6.622044801079148613e+01
-1.842017223341845806e+02
-1.146118459138719743e+02
-5.676833841916118217e+02
3.819556673533392086e+02
-3.882016875964687870e+02
3.657084008850141572e+02
-2.413083399315437205e+01
4.709746425340550218e+02
-6.055066861103211977e+02
5.008548146418805800e+02
-2.531434470434591333e+02
-9.319062341880157874e+01
8.529592328417480473e+01
2.208906073668947840e+02
-3.982617102200554200e+02
2.528750561322315775e+02
-4.635431826268965665e+02
1.377889391758758997e+01
-2.388230284453361492e+02
4.949122127084004887e+02
-2.466724045317471052e+02
2.584056366083967404e+01
4.035887616231435260e+01
-1.042091130551136047e+02
-3.667551527264176059e+01
7.489679659847224968e+01
-3.774040725585555265e+02
2.667830896891584658e+01
-3.724883802511549220e+02
-5.427687091296541411e+01
-4.802349853824288743e+02
-3.605916314551539585e+02
5.541428607484630220e+02
-4.987760079950817271e+02
9.208990900850986705e+00
2.879208216749584608e+02
1.626290795154135083e+01
-5.972793872494601146e+02
-1.651636756299228637e+02
2.530593084110018935e+02
3.285562426693766724e+01
-4.128818629895067147e+02
2.376591080853953599e+02
-4.056884177144283967e+02
3.640412900066939983e+02
-2.496488429923848003e+02
4.285965175970917471e+02
1.958763212950400145e+02
2.473396561502583779e+02
9.530993415489031406e+01
4.039629986379085267e+02
-4.824492469147826590e+00
-1.328630376584058013e+02
-8.073456872262164907e+00
-2.292616862412985199e+02
-3.633924067070573187e+02
1.764214700837312364e+02
-8.253405370122088414e+01
3.445366095393507067e+02
-1.204531521548801720e+02
-1.576658761779157487e+02
-3.673417929521233418e+02
-3.367380811164345999e+01
2.600315351137314579e+01
2.436483488305364276e+01
5.900664163784737326e+01
1.699827084416591845e+02
1.523672159892893774e+01
-7.804469579126389078e+01
-3.033275411075455281e+02
-2.208144108724696650e+02
1.143640017978261341e+02
-3.672380873694120140e+01
-1.215378578376330836e+02
1.220926791193691514e+02
-3.138895093976910857e+02
1.113094970093283109e+02
-4.777041560276855847e+01
-9.816234544361934766e+00
-2.175038465027687380e+02
-3.140083711628151875e+01
3.366080745975528998e+02
-2.759447123156817128e+01
-1.613670087574655838e+02
7.541432447719339294e+00
-2.105841384001153926e+02
-2.869841393940765215e+02
-9.924974236794055571e+01
7.701382577925365069e+01
-3.187164929688196935e+02
6.769008952662630918e+00
1.461272280917083037e+02
3.581138993014022276e+02
9.789565882154303722e+01
-1.330036998654597653e+02
1.378472327420582246e+02
-3.157713440327258354e+02
3.026224677514820769e+02
-7.764930568841663217e+01
-3.571722298911294615e+02
-2.980587798313677581e+02
4.151079681298151058e+02
-4.053146260176613680e+01
-6.359558913470797279e+02
1.510366500118955280e+01
2.857609319426202887e+02
-4.280233526188710869e+01
-1.028785772450234077e+02
-4.733305051131941923e+02
-1.749104247456578776e+02
2.622748770808223640e+02
-1.551316601493456915e+01
3.122583129079878290e+02
-6.441582154765332291e+01
-1.100621512634167516e+02
1.976333247614343946e+01
-1.416148339318527860e+02
-1.883927761104694127e+02
8.355282194191423173e+01
-2.392235794846300578e+01
-3.478363167008885739e+02
-8.685480317983775933e+01
-3.440685303840020026e+01
9.133537399559857306e+01
8.202842766015149323e+01
2.079786993925958427e+02
-1.606436628673018774e+01
-1.133556805430524577e+02
2.604577451417788225e+01
1.495195937875969605e+02
3.715970224230839563e+02
-2.101120389085576079e+00
5.646778121265209194e+01
-5.981546529304083037e+01
-1.633270340371927531e+01
1.300477793227748009e+02
8.074141301666048776e+01
2.295905487091113741e+02
-4.455400897419302453e+01
-6.886633903871269524e+01
-4.298814497620869091e+00
9.249821428109386545e+01
1.823396835137531866e+02
-3.066016261103669649e+02
-5.411713573197214799e+01
-7.716734370404959975e+01
-2.946965608794428135e+02
1.687979932950196087e+02
-1.205509222553678796e+02
1.540073986088716822e+02
8.142766065260032349e+01
3.507491434069760885e+02
5.106957153598635557e+01
2.458963697722975610e+02
-5.943042769068921416e+01
1.567900249589002328e+02
1.711870977954871620e+01
-8.705134622314663773e+01
-3.750151643342296097e+02
9.882716491863709152e+00
-1.296594408186182648e+02
-1.160911180342250901e+02
-5.054599683882525341e+01
3.065106764768259495e+02
