-6.095594507803873512e+02
3.414005521733022761e+03
-9.509300169749606084e+02
9.737589168392920556e+02
-1.476726560666233127e+03
-1.114924051856564574e+03
-2.128352880036598435e+03
-5.051050898443121696e+03
-2.980813905150750543e+03
-3.452571009787022263e+02
2.116674876663205396e+03
1.443219298885535181e+03
1.157909788926357351e+02
5.815767991307254761e+02
1.793322916509973766e+03
1.038797533219815932e+03
-7.235245501185640933e+02
1.400681126315805386e+03
-1.437166942519313807e+03
-9.265728624815261583e+02
-1.731984357258024374e+03
-9.557385450147030497e+02
-3.089527256986930297e+02
-1.147897549970974978e+03
3.038540149897784559e+01
5.089367696091929929e+02
7.874220749478577090e+02
7.149112228431254152e+02
-1.882125407780874639e+03
1.038010031846374432e+03
4.670992316917010498e+02
-3.048111969587217231e+02
-1.881481414163975785e+02
2.219997807621215884e+02
1.472014544415520731e+03
1.026464097821925861e+03
3.521412473160874015e+02
3.394984882412021534e+02
6.218241929117531299e+02
-1.001137138085462880e+03
-9.193138267498524101e+02
1.967727707268385871e+02
-5.360126441619815978e+02
3.101485181213247984e+02
1.221652919647617409e+03
-1.507166914338801689e+03
-5.392365336867861743e+02
9.105281273530265480e+02
1.312792279376853685e+03
-8.857950565459917414e+01
-4.258234440379190460e+02
-5.321176018757317934e+02
-2.395454013126099824e+01
4.258414030321040968e+02
1.397175325436460525e+03
-1.909628948725204793e+02
-4.259654710366336161e+01
-2.002919895068017819e+00
5.231389907230618519e+02
2.683570868702000922e+01
4.676304939748580978e+02
-4.824005831626861607e+01
4.825370020412489680e+02
-4.476804007159839784e+02
8.184395047639524137e+02
5.043279303886959042e+02
1.229441465062117800e+02
-2.186314492646441821e+01
-3.471328275402950680e+02
1.028629827141861881e+02
3.711550506655436266e+02
2.704268892032499707e+02
2.440330272314668036e+02
-3.097737764384941102e+02
-2.274858863211001676e+02
-4.809314637623068478e+01
-7.645348549219263532e+02
-6.960963367114931089e+01
5.347148379093609947e+02
-6.712203854088337494e+02
6.350940627553703735e+02
7.861192831826447218e+02
5.942410276924744039e+02
-7.094706498646659156e+02
-3.915939704181457159e+02
5.364966194532509007e+02
-2.935461280036626022e+02
-1.252699269169962548e+02
-4.800334076048521297e+02
-3.676178459198997643e+02
-3.560951285643543542e+02
1.181136685429420936e+02
-1.343534211737948425e+01
-4.388500085656523311e+02
-3.900810621446803594e+01
-4.614651587346051542e+01
-1.209840255493145094e+02
-3.742714340494210319e+02
-9.738345844006808250e+01
1.161971512941415057e+02
2.908039329730859777e+02
-1.974215945225954840e+02
2.572461362882559683e+02
-4.517740367161762549e+01
1.722436477800732462e+02
-9.004183209076416006e+02
-1.121389595517450033e+01
7.675943862671543627e+01
1.140644044494164291e+02
-2.321182269274904115e+02
-1.701730750439371889e+02
-3.465769524239109387e+02
-7.843419214284301688e+02
-3.063467763497205851e+02
-3.201885986319454958e+01
-2.235942735280174247e+02
8.113612049541535498e+01
-4.271291869318686167e+02
-4.776563741924903184e+02
5.015417810257541760e+02
1.431277129493055895e+02
7.618322398551057404e+02
-2.380037021992869128e+01
7.860108053676417228e+01
3.439915726611284299e+02
1.590914362810395346e+02
-5.652823093495981084e+02
4.621500342682210438e-01
5.469858793074653249e+02
1.051301505678126063e+02
-3.212533266964582026e+02
8.999262014856565202e+02
-4.895530121086442250e+02
-2.569734477369531689e+01
2.720242188003109618e+01
3.950373305943198829e+02
9.781731963648107353e+01
-2.796813120603706011e+02
9.437049594285328169e+01
1.664002226790735151e+01
-1.496092494625198128e+02
-2.565594283540640959e+02
5.494311613645435273e+02
3.675399637166173648e+02
1.068177651502623746e+02
-1.385777436917684513e+00
-2.069520835185784904e+02
-1.786792251539250174e+02
2.572189634303422281e+02
5.377168837028021287e-01
1.377982477158081736e+02
-3.399886375168157429e+02
3.441261752874527815e+02
2.003150774611047780e+02
-8.363975337376676578e+01
1.439888746055969762e+02
1.860014841913514374e+02
2.575000548487508922e+02
2.741199444023479259e+01
-4.870960630957430340e+02
1.660704453686965110e+02
2.857408467794637730e+01
4.077656511120357550e+02
-3.740435692846718325e+02
-7.352077676675305895e+01
1.872944405854779006e+02
4.363696041515122914e+01
3.007765334764018235e+02
-8.203839909872439762e+01
2.577757138470519180e+02
8.771102821247366421e+01
-4.772777650282592390e+02
-3.543945552920978344e+02
-2.350987211877262268e+02
-1.451743300719956551e+02
3.337469767882616338e+02
4.152427731754576143e+02
3.975166970681444667e+01
4.093654485784741226e+00
-5.218099350546585669e+01
-7.589355475871796841e+01
-2.387455609795949556e+02
2.275912822603071675e+02
3.462067443600201386e+02
2.351896166088754683e+02
-2.278396063108920941e+02
3.189381524863795292e+01
-3.303213013821730328e+02
-6.053931623256891044e+02
1.675372749601563669e+02
3.043934696863080092e+01
-7.257772126133266966e+01
-3.443832008394231252e+02
-4.848329691843374007e+02
1.389403604293150636e+02
-1.198703924939071612e+02
-3.863311028678583625e+02
1.462776717902608823e+02
4.509747844759287005e+01
1.590518338744117841e+02
-1.564260329101855973e+02
-2.022219257100395851e+02
6.666848996732735486e+02
1.864331588414131318e+02
7.881705144765133753e+01
-6.909505218072874300e+01
-2.999026545039924372e+02
1.494988415325998972e+02
-2.017868510228733498e+02
1.937368695037618238e+02
-3.405582183221741843e+02
1.103901763218096761e+02
-2.965678798503749931e+02
-1.458325856773265343e+02
-1.110984294355224478e+02
3.119992098846872750e+02
1.750676793078931439e+02
4.241042707917416976e+01
-2.535426797005087849e+02
7.148797618815907917e+00
-7.136464125846507613e+02
1.042929115338187103e+02
-6.500843524173970991e+02
-3.342650989922537406e+02
-1.528111314496229909e+02
-6.003457103984462719e+02
-6.118834379845744706e+02
4.670482170408408962e+00
-1.053548216457970454e+02
-1.669445843645255252e+02
-3.771041663928009058e+01
-2.500540142019969778e+02
-1.505110698949119410e+02
-2.980484375985566885e+02
5.283159433561318785e+00
1.288912741630351277e+01
-2.352307048090274293e+02
1.295984686069846248e+02
-7.234396678699069128e+01
1.128904072586795593e+02
-3.540981804203293137e+01
-6.195349311057388064e+01
-3.839986270089258369e+02
-4.565267552842420855e+02
1.576674841028901142e+02
5.780126169124067737e+00
-2.403575079353585124e+02
-7.883943126375561405e+01
-1.748247619903515613e+02
-9.255955164205471419e+01
4.061667792136067874e+02
4.357452244988286338e+02
3.959638303259225722e+02
-2.012149387636194220e+01
1.046748436143341898e+01
1.914829830114248566e+00
1.866196499027995870e+01
2.766681009662136503e+01
-3.826483249141724627e+02
9.058579921069436125e+01
6.023544793626624028e+01
1.351121207196936602e+01
-6.388766271150182519e+01
2.494786440260479594e+02
-7.369819785989213301e+01
3.182572022945814751e+02
3.052198911868937898e+02
5.200708583161828074e+02
-6.909978330079448483e+01
8.473942810317302587e+01
-2.144099846782379757e+02
2.866343180956531000e+02
7.300792927530756060e+01
-3.397545780640824091e+02
1.168215511756995255e+02
-7.195901076520742379e+01
4.458224708516002011e+01
-4.439648627340773857e+01
-1.480481133712416124e+02
4.870262200006768438e+01
-4.058221964415662910e+02
1.167572066312771852e+02
-8.993820004196159346e+01
1.364627579082329873e+02
-6.093568509283609558e+01
-2.775677136664164024e+01
9.019555391195633831e+01
-1.753694571393966117e-01
2.493124277588017534e+01
9.665482399878705166e+01
-1.623399819016398737e+02
2.088573734933706874e+02
1.314810657404093774e+02
-6.011047621768491922e+01
1.561904417882886946e+02
7.204354379755761784e+01
-2.457445806272297943e+02
1.519129096191923338e+02
-3.533948514845411637e+02
2.871393076071002426e+01
