1.973571993781749597e+03
-4.515513613670858604e+02
-2.230264438320804857e+03
1.538904485970029327e+03
1.572916437799347307e+02
-3.024957432541333219e+03
-3.272314230455916459e+03
-3.538210394166740571e+03
-7.577903359400423824e+02
2.047262422744066725e+03
-9.930993756190312070e+02
-6.714628553760504701e+02
1.312115341694542394e+03
3.207362246680333442e+02
1.492913818593190854e+03
-4.837580913306660477e+02
-2.515462476417830203e+03
1.319056079434755020e+03
-1.501469644748408882e+03
-2.044826781460947274e+01
1.703768811612595528e+03
2.947897894824603554e+03
-1.084175458438469832e+03
6.068979959451307877e+02
-7.400560712828133774e+02
1.861965668360084010e+03
-4.192505851911340642e+02
4.536572846570862083e+01
-8.647247567838080613e+02
5.312979528936409679e+02
3.441393129280627932e+02
1.688585096700884833e+03
-6.012818202761788200e+01
-1.908951619559499477e+03
-7.881631879860005938e+02
1.288041871709788779e+02
-1.594930678337005020e+03
1.778709250402361931e+03
-6.092803966380333804e+02
1.213302910467342599e+03
5.364847548798840080e+02
-1.143915215029306864e+03
-5.039086577006216885e+02
3.803691049801656163e+02
-2.875175724595057432e+02
6.273578238506748903e+02
-9.505040450719463934e+02
-1.429634964177828351e+03
-7.577817976061210103e+00
2.055562133732532288e+02
-5.842161709384809001e+02
8.888614811920635930e+02
6.632080986461503471e+02
1.105664941639902963e+03
-9.270219337975628378e+02
8.806842794611302452e+02
6.051569326173864738e+02
4.916973856146731237e+01
-4.641668616972271479e+02
3.811461770463479866e+02
2.333189702306360402e+02
-7.346491764278584924e+02
-1.099571403835079764e+02
-8.131744797144921222e+02
-6.163889376783495209e+02
3.902936199624440974e+02
5.354962773304308712e+02
-5.944435007042188772e+02
2.120784431428627386e+02
-8.818772184774893219e+00
2.886275867472465606e+01
4.868472697850613713e+02
-3.338767752961756514e+02
-5.717492142017232482e+01
1.410651493314185814e+02
-7.470231553931159851e+02
-2.799493111449787648e+02
-7.683203375111700097e+02
-6.202503655339877042e+01
2.938015449502992738e+02
-5.658363083711045647e+02
2.961815173231345284e+02
2.687609586639270560e+02
5.038153453804156925e+02
2.896864631784669086e+02
8.922311796452909505e+01
-8.848951388959028463e+01
-2.511671154427508554e+02
6.491668512816512475e+02
7.630373030112087918e+02
-4.848167605069829023e+01
-4.403933179266556586e+00
-7.051113044088104971e+02
1.818390548087418210e+02
1.591732639732659038e+02
-2.894519934478711889e+02
-6.044921964403584980e+02
2.395846221192032885e+02
-1.736278294467387298e+02
1.040035958591693515e+02
-2.051618613770745014e+02
1.160148153668256867e+02
2.591425972433625589e+02
-3.276292258881739627e+01
2.908501074886272590e+02
-7.277825945063362667e+01
2.160829542174568871e+02
-2.994122625419366273e+02
1.310361332390808116e+02
-1.934196275489501602e+02
-3.714530621518326825e+01
8.291344778902785038e+02
3.153804266657725748e+02
4.670226506549547594e+02
-2.309345914575328322e+02
1.508857565116519481e+02
2.922459413075509929e+02
1.696638568405044794e+02
6.725809099358581307e+02
-3.459882258202736125e+02
-3.366221993667768970e+02
-2.497791940300590454e+02
-3.472077958957312376e+02
1.438652993506562439e+02
-2.124879599813365587e+02
2.908621486241713114e+02
3.626377067052949883e+02
-4.066419516010144548e+02
6.887351702580772894e+01
-8.610286513625571558e+01
4.009561150745120131e+02
-2.722962745194131458e+02
-8.957587482195413031e+01
1.630277300641078142e+01
2.327277376180995816e+02
9.640855903907979041e+01
3.846696593706669205e+02
3.991563247991854837e+02
3.931509741375929821e+02
-3.722145252429332913e+02
-4.324647809745679439e+01
4.710870303215114063e+02
-3.226776255087593768e+02
2.094509810175752875e+02
-4.995916213207677714e+01
8.696167392490538717e+00
3.195289083378100941e+02
-3.542806650279258065e+02
-2.119341265298673136e+02
3.521493905856500533e+02
-2.740432257717976086e+02
4.788251321457784115e+01
2.485706148289934561e+02
1.659236623284995105e+01
1.347955156262810306e+01
3.258497883161738287e+02
4.224868671353522700e+02
-1.853988964632989962e+02
-3.249996084861501799e+01
1.261668773679282793e+02
1.058365854071569458e+02
-3.651946889901668101e+02
9.725759897573912838e+01
2.642447632835114746e+02
2.301594875935491302e+02
-5.128818592181048786e+01
1.024287303082463012e+02
-3.644014687078246766e+02
3.439004958437705000e+02
-2.153152204282762625e+02
-1.627100886445367962e+02
4.630979403780790982e+00
4.706283237455050994e+01
-1.996577182131920551e+02
-1.548143231582264718e+02
-1.424443309960562090e+02
-2.332848606328438734e+02
-1.156118792542523437e+02
-7.967770642588061492e+01
9.378113971720513575e+01
4.218490122156492816e+01
1.342249470294418359e+02
2.874315049586451210e+01
1.409417918479148284e+02
-2.207407436074953750e+02
1.618429847952714340e+02
-2.964973397653506595e+02
-2.772739358590268921e+02
-3.299838577702352040e+02
1.885835300833104000e+01
1.212076836395158779e+02
-5.296849847805310674e+02
6.547225064965115848e+01
2.767386779584097667e+01
2.041862962381478326e+02
7.623715365580994785e+01
2.955370911829351144e+02
-1.780255813389109676e+02
1.935777263358116898e+02
4.160025385480855107e+02
3.948352806379350568e+02
-3.302178517312780315e+01
9.546578654210736659e+01
-1.439495420936256096e+02
1.936254740621174619e+02
-1.979139542254027333e+02
-2.097448875901387666e+01
2.644336975520587316e+02
5.171531674754239560e+01
2.081058105234586719e+02
1.636845384927408276e+01
-3.092748710381324599e+02
-4.639479774977216664e+01
-3.172715028789043856e+01
6.243212091617956361e+01
-3.608744292138786705e+02
-1.672753716343050812e+01
1.498281381506995125e+01
-1.141143651926238931e+02
-2.247585403268746802e+02
1.941279783894532898e+02
-1.569084313559491477e+02
1.047103291448346596e+02
-2.065340571434810499e+02
5.660098069789876618e+00
-1.353706855978082331e+02
-3.374982446992240170e+01
-9.387244142999330165e+01
1.101937023094335757e+02
1.898275911408462377e+02
1.734145164098141789e+00
-8.632174139809137614e+01
-2.358877967144447894e+02
2.723820689069920604e+02
1.573135448229223528e+02
-1.133962816028334686e+02
-2.699676503895668702e+02
4.212307872787276324e+02
1.743361444842789751e+02
-9.641423713032843068e+01
4.203924845603911109e+01
7.967736905260167646e+01
1.667405210872888119e+02
1.601869119653484006e+02
3.663130279859673522e+01
-1.289030805298891380e+02
-2.884623402630062827e+01
1.385488587633621478e+02
9.603178972666270852e+01
-8.904744339552161136e+01
2.850824602161629073e+01
3.129285639585329477e+02
5.937372739007930278e+01
4.153332423530304851e+01
-5.144055680445814716e+01
-2.683404282332161301e+02
2.202154615882363373e+02
-3.793101569310726728e-01
1.544064623869856234e+02
2.191633538244020087e+02
3.828283057650518231e+02
2.666788331749667122e+02
-1.616700590580937842e+02
-1.170599341515975738e+02
2.590330075528627845e+02
1.953284865622541702e+02
-7.471234679050712657e+01
-7.110761385659556311e+01
-1.272536029798057200e+02
-3.320107673290001458e+02
-2.060139631779620117e+01
1.345720123427134638e+02
5.212758448613293893e+01
1.586742535254205393e+02
1.006532169661878271e+02
2.745517173233074573e+02
-1.190891172235148190e+02
4.074203142967901314e+00
-1.349433069126642977e+02
2.049971612980213536e+02
1.399866234392786737e+02
1.137260249982373210e+02
1.296135579591182534e+02
1.004992306458867262e+02
2.076588659204945202e+02
1.552059702076852830e+02
-4.267010798165867413e+01
-6.726490043803977414e+01
5.992891662011211906e+01
-1.286466910422455783e+02
2.542317074920159428e+02
-1.072553067712920125e+02
1.790448561817975417e+02
1.430669235518406310e+02
-1.760847034576269721e+02
-9.538458273755956895e+01
1.224334626948684424e+01
2.626108359150722293e+01
1.189476917862194512e+02
1.124522208979169022e+02
