-1.959585661927412502e+03
-6.957899549424665793e+02
-1.830397222947471619e+03
2.632507440474591021e+03
-5.292509362012456222e+02
6.381352483676826068e+02
-4.799537771853509184e+03
-9.658674514470245640e+02
1.595758954937477711e+03
8.621075575684371870e+02
-2.130163847311856443e+03
-5.829396068083223099e+02
-5.671355989843237921e+02
-9.287091696239154999e+02
1.379387999880865209e+03
-1.100959603239465423e+03
-1.485851805462057428e+03
-4.599449817184636231e+02
-7.524366769476810077e+02
-1.288059036612887894e+03
-3.868205365519004602e+01
2.435270429625688848e+03
2.633262617574073161e+01
3.377290190177262730e+02
-5.362828763349490373e+02
2.707419739846061475e+02
2.499688286960749508e+02
-1.182947549597606894e+03
-7.491416175170375027e+02
-4.047972531249172334e+02
-4.246450031061932009e+02
1.076494304411148505e+03
-6.866035114560635293e+02
-1.726324810068185116e+03
8.581869220534525766e+02
5.457418482768337071e+02
4.952143162923400723e+02
-4.351248765464393955e+02
-4.086111360040350178e+02
1.159416841288923706e+03
4.375170719161348032e+00
-1.192640639766418076e+02
1.333539921667078488e+03
-1.569029591781344664e+02
-6.583467371104944732e+02
7.091192555181261241e+02
3.522937761750716845e+02
-7.927299917095151613e+02
-1.228246839411033534e+03
2.759979210634026572e+02
-2.951994536114124799e+02
1.111736180943178624e+03
2.611643441524061160e+01
1.704265319673615124e+02
-2.016775417335229861e+02
2.357506018275549309e+02
-3.000055058354427615e+02
8.370953118446273322e+01
-7.445615688703395563e+02
3.595815460901550864e+02
2.975439803865154786e+01
-1.934705238861616010e+02
-1.162002106989708494e+02
7.375439924779092848e+01
-2.022900798872851738e+02
-7.457182580291668046e+02
-2.975677330119742123e+02
-9.450293441671792607e+02
-4.427646981355108835e+01
5.335535866323365326e+02
-2.797168727852467782e+02
3.486714458117280060e+02
-4.126451965363186787e+02
-2.063637720963219522e+02
-1.326578418269288306e+02
-3.724227783123099016e+02
-1.765924259094357183e+02
-4.479608184283299721e+01
2.540933175411397258e+02
3.038290874834067949e+02
5.660529870491244253e+01
-1.492918527781219495e+02
-1.774311880448919680e+02
6.332452989847740810e+01
3.744765467547830440e+02
1.895918428636632882e+02
4.372434232710712081e+02
1.375673318922755186e+02
8.904334194487915966e+01
1.747224148411171427e+02
-3.575983146308054188e+02
2.193269737810131801e+02
4.636076337556615385e+02
5.314131039246960881e+02
-1.093948901708830590e+02
-8.807171685873763067e+01
-2.775508633582481366e+02
1.238222513668613232e+02
-5.350920692511629113e+02
2.741314364081090389e+02
-1.716184884610011636e+02
8.383174159145561362e+02
-1.021591199754920467e+02
-2.168784712369810848e+02
2.192636592893765055e+02
-3.790492304959524859e+02
-2.460834432664398435e+02
4.556325710398954243e+01
-3.003882042297250905e+02
-2.838449284497907854e+01
-3.188516034542234578e+01
1.862906662206903832e+02
-1.232076830852879112e+02
-3.118730098331863942e+01
1.251072137641944266e+02
4.630604863045833213e+02
2.122591987597897116e+02
2.925172882696900274e+02
5.464974460728300301e+02
-2.032105492775929463e+02
8.962519990681671800e+01
-5.060422153595976056e+02
1.626889526318323931e+02
3.457142435768316204e+02
1.040496722524039797e+00
5.039203729243455996e+02
4.493999407513194627e-02
-1.522417257530177608e+02
1.348972205444806605e+02
3.738629070677550317e+02
-2.952656672567995884e+02
-5.945109876399626181e+00
8.808158420402070021e+01
1.648241016797805116e+02
-2.000662936083299996e+02
9.258498971078412865e+01
3.136569765232378586e+02
1.629342639560493922e+02
5.316087013877830714e+01
3.574423084205364631e+01
2.719925191097487414e+02
4.787181778146537567e+02
-2.546359502704476085e+02
-1.803114293166660218e+02
-1.247700430639388003e+02
-2.734171699416810242e+01
-2.312765761313804376e+02
8.749461320252359897e+00
-1.677607225751923750e+02
-1.284529872201943768e+01
6.150963649219001184e+01
3.059010582655277517e+02
4.358512816178953031e+00
-1.576829840047169284e+02
5.720740079633465314e+01
8.297754318915700367e+01
2.834700427534269807e+02
1.642329249037771035e+02
-1.597543713988837624e+02
5.571524908033793508e+02
9.582082287280140775e+00
-3.586000374952628249e+02
-1.323078279751967443e+02
2.665518252138302273e+02
-2.132628851520152224e+01
-1.470046259762365537e+02
-8.619422773912815217e+01
-3.375765496689739109e+01
2.288272143687318021e+02
-2.408120937587211756e+02
-2.180755401773584197e+02
-2.020251069880130146e+01
7.671549959188878631e+01
-1.505032364442647577e+02
4.572829934185957512e+01
-2.301673576737892972e+02
-3.534204313284269006e+02
9.318358336372975259e+01
2.254930120704360377e+02
-4.662489873082373038e+01
1.543512819579350150e+02
3.336741603261228306e+02
3.117838234624692006e+01
-2.707174077294632184e+02
1.915086322373210521e+02
1.289659452618839737e+02
4.499193473374852204e+01
-1.777124855493010216e+02
5.187186146584411262e+01
-4.848019971121767924e+01
1.484362557436384975e+02
-1.004339282493423298e+02
2.412218280707721192e+02
1.686836765043302648e+02
-1.204826134540993081e+02
-4.448584777391873502e+01
1.391521427058603138e+02
6.775092791921660762e+01
-1.157415616642316962e+02
-1.780583321989002954e+01
-8.688215954612191183e+01
2.373206086415208027e+00
-7.345059199300180808e+01
2.991897981169034892e+02
3.614919385828915210e+01
-3.936996022353415015e+01
6.973594825995955659e+01
-6.167457824363172847e+01
-4.101829882630756430e+01
-1.002142510684228682e+02
2.777628443376301703e+01
-2.733299449238635361e+02
-6.880891468704299996e+01
-9.080030859102788554e+01
2.561666179296765122e+01
-5.644899655368017477e+01
5.799235236158342843e+01
3.541975467005960354e+02
7.056336075761191040e+00
3.637837366269437211e+01
3.673633423357227343e+02
-2.007838043198763671e+02
9.446638547012749143e+01
-8.138827192171955005e+01
1.803490389071876336e+02
-7.178263902965059629e+01
2.515951884829230494e+02
-1.083457086400839273e+02
5.596531614328497994e+01
1.734658027245940559e+02
-1.755564022469733345e+02
1.692704921357165802e+02
-2.044491484095665328e+02
-1.559978565012546703e+01
-2.645536242571726504e+01
-3.136863920360061897e+01
-1.478011839751160608e+02
-6.645958518599553599e+01
-1.265622058714513400e+02
-7.520988204516261533e+01
8.795400331264191962e+00
2.350021082719733556e+02
1.069550051786304579e+01
1.907972146097575035e+02
-2.936941473866466090e+00
-1.054932877842311001e+02
5.605311697024930595e+01
1.236397737411494973e+02
1.453369988762105258e+01
-4.187323700655694836e+01
1.293608358163903382e+01
-1.453620158169348997e+02
-5.079391625523380327e+01
-7.048157380809873018e+01
-1.005859978706695159e+02
-5.350702020385518409e+01
-5.576512668996962674e+01
-1.078626590528639539e+01
1.075301514476134344e+02
3.494932412059391424e+01
-4.720163877090146798e+01
-5.229359273382818252e+00
-7.813254535441831905e+00
1.425119991832367816e+02
-2.817765295095898637e+01
3.720034737624494880e+00
8.131703300175814775e+01
1.361061297415620608e+01
2.872450833090722355e+01
-3.954134867439415757e+01
1.759438082844528424e+02
4.246134367411756649e+00
-3.517784110129148445e+01
2.622516634635818633e+01
1.158350506100972233e+01
4.333888620820860638e+01
-1.887582547970225377e+01
-1.577117251962599198e+02
1.862832851862372650e+02
1.882971394200799864e+01
1.286913233076687924e+01
1.761234672868008602e+02
-1.349389021152303236e+01
-1.155166490523474465e+02
6.124385386135427467e+01
1.583584467003692282e+02
-5.450925420218542428e+01
-2.135054211260628776e+01
4.909521113790238189e+01
-2.729324603308828046e+01
2.407490576320683218e+01
4.030923016860791819e+01
1.381447123541649660e+02
5.126477905087057962e+01
-3.232643118436140384e+01
-6.095533000797748713e+01
-1.167468623282590272e+02
-9.089914118965499767e+01
9.760256790941424754e+01
5.248767689431529959e+01
