-1.833907754004293338e+03
1.110428057781507277e+03
1.227383712150081237e+03
-6.856310658129094691e+02
1.196663238163342385e+03
-5.844655344280373356e+03
6.585121758345068201e+02
1.215721285747306183e+03
-5.349350939047654663e+01
-6.791613501970017523e+02
1.101663894965347708e+03
-8.817888717985237008e+02
2.319089613116006149e+03
9.638267053133229183e+02
-4.006329859820654633e+02
-1.956156309968891719e+03
-8.083554588423889982e+02
3.013766020050845640e+01
1.427220140945714206e+02
-7.207915155197500781e+02
2.759085160165927391e+03
1.652024212833456886e+03
-4.525167828546456121e+02
9.319842219922571758e+02
-4.141978905719188333e+02
-7.634471287122428862e+01
9.752810357759896078e+02
1.717478127505765713e+02
7.749978915736966201e+02
8.839015739955009394e+02
-6.735311191387735335e+02
3.727227402503737039e+02
-8.573063876832736696e+02
-1.125043330662234666e+03
-1.700738958464125062e+03
-5.851212897900361440e+02
-4.909396902147871060e+02
-3.803448193353053597e+01
-8.808735637478379203e+02
1.644465179252646749e+03
3.656088433727319398e+02
-1.148184004698332728e+03
8.146694085167705452e+02
1.101950262961307999e+03
-2.457047085421334600e+02
4.508488008797292537e+02
-4.678873155999842766e+02
-4.551072887827099294e+02
-3.233290420482911145e+02
1.056602108080260933e+02
1.712472113455116585e+02
8.157280763970679800e+02
4.129166412291857569e+02
3.177450984499193964e+02
-7.294840002375007089e+02
-4.961978022231116370e+01
1.565642144645003100e+02
4.146595899278452748e+02
2.511262520859397398e+02
2.951651717539556330e+02
-2.431702055860957898e+02
-1.022826129302541062e+03
-5.262305945706977894e+01
-2.866646832752096543e+02
-1.008334684112838602e+02
1.887992766069573634e+02
3.256319044423025844e+02
-8.999057780772983506e+01
5.445088048839346584e+02
-2.586134623181797565e+02
4.775365275029295162e+02
2.958135589586074730e+02
-7.368269321562803498e+02
1.836480631700096922e+02
3.018196293687549314e+02
-9.098971143399298853e+02
4.451882033375988499e+02
-7.826284486778499740e+02
-1.914916411040473179e+02
-2.247813347738266714e+02
-1.853405187273563115e+02
-9.897919479586197440e+02
-3.177750521596149156e+02
-3.769548760518632662e+02
2.366204377348796015e+02
-1.476805052278337484e+02
-5.636668058497318725e+02
-1.047208147885225458e+02
7.462712470631730639e+02
3.770494485316754094e+02
-2.432428587801303195e+02
-5.003345333989650499e+02
-4.554679017905047544e+02
-7.345134639781116448e+02
-7.547883706623204603e+01
-3.761444417146474279e+02
-4.706768809647721810e+02
-8.607005699743622529e+01
1.104004643324376076e+02
-2.983561630570762802e+01
-1.980657036364002295e+02
-5.355036727748553176e+02
7.371395126690372308e+02
-6.074479966165019285e+00
2.083767322516160334e+02
-1.405180269645346129e+02
1.789664748720036016e+02
-2.861877774543430633e+02
-1.440859453926418965e+01
3.542675355336255620e+02
-4.407929610816436821e+02
4.410101862624728142e+02
-1.988039924462948704e+02
1.622289632871588283e-01
-2.821389413058651030e+02
2.515284613791299648e+02
-2.176055769246765408e+02
-1.640755200799633258e+02
2.381421731691495722e+02
-4.055325109269497261e+02
5.098614049018421923e+01
1.868905058554683478e+02
-2.133445105749025004e+02
1.354920681525856025e+02
7.913543544864096724e+00
-3.072979055773459933e+01
9.376922972003728773e+01
1.740668636839631915e+02
3.310521136866063898e+02
4.111248729919808511e+02
5.551865006534457052e+02
-5.407939668697002844e+02
-5.013677340285531159e+02
3.715885581564736526e+02
2.477828170965540551e+02
-3.031987840131395160e+02
2.376273251173762802e+01
-4.143041051080902548e+01
-4.054136146701324606e+01
-1.186387301430506085e+02
8.104849324566602320e+01
4.698635107743963317e+02
-3.702491119497006480e+02
1.852714264299823697e+02
-2.195187288763282254e+02
2.062792157199623944e+02
4.973895215194644948e+02
-1.044529354952028370e+02
-1.762986803942398808e+02
4.427313403256019910e+02
-1.239103364907274170e+02
2.425148150893310373e+01
1.600127038892143503e+02
-7.787752077588483246e+01
1.102275967422736898e+02
7.039154561622635242e+01
1.617608863583305379e+02
1.180006745568625917e+02
-6.091919657044824632e+00
3.425409861309166217e+02
-1.736005775234079920e+02
-3.791281349092246842e+02
-1.818243874834209066e+02
2.904636351453827956e+02
-2.471450033484006212e+02
-3.317848022619951394e+02
-4.504449295520855117e+02
-1.211015870057307069e+02
4.254285340240818982e+02
-1.453417431421850949e+02
1.292400051912124752e+02
1.789009243285493085e+02
3.176944860179700640e+02
-4.028098136051512768e+01
-3.170833383392816245e+02
1.536709646675559213e+02
-3.253777652985963300e+02
-2.296315228428388195e+02
1.215630875874921628e+02
3.111896583762929254e+02
2.148466626857552058e+02
1.471584478280361097e+01
-4.802234628122219817e+01
8.741357149775667779e+01
3.058595634230107052e+01
4.022113669960492075e+02
-6.795400004321463427e+01
7.247663516494151281e+01
-2.171360867932413328e+02
-1.655821658183435261e+02
6.007206516517992867e+01
-7.834406523113481171e+02
2.481978952653213355e+02
8.486370798132516313e+01
9.994655048140329257e+01
-6.449757131258269283e+01
3.113181782550543630e+02
-5.272603772375151010e+01
4.670672184201338268e+02
1.049248237168040276e+02
1.573318178145186437e+02
2.817567084964107380e+02
1.368885685027709940e+02
-8.179075412514426091e+01
2.164154051500506171e+02
-5.598765201628729926e+01
-1.972678595137358855e+02
7.900533872290340298e+01
-1.962155369706818320e+01
-1.586525192668420061e+02
1.076026475474279636e+02
-4.123992000479673266e+02
-1.154869123979363508e+02
-1.198512019796192760e+02
1.642652019435138300e+02
-1.381225500074756951e+02
-2.168402338147474779e+02
3.479651841160747949e+01
-6.504170718604814283e+01
1.874349165841259435e+02
1.265154504926753276e+02
-1.064173801725463342e+01
1.899550993998575876e+01
-2.123662127600803160e+02
-1.545912064213682129e+02
-1.855935614369652171e+02
-6.680601762423791001e+00
-1.684724921163251565e+02
7.847596341580955759e+00
1.626408916935268394e+02
-2.238201353596866738e+02
-1.256656561479179430e+02
-2.324278109631816562e+02
2.092795329186946560e+02
6.097522013919046913e+01
-1.621124644833785737e+02
-1.106909934150051811e+02
1.941397022752303201e+02
-3.677110727168224003e+01
-3.740503088840587225e+02
7.179452477488780460e+01
2.406238689030111857e+02
-1.261036240987359633e+02
3.830438166494054144e+02
-1.864538879764888861e+02
-1.655491045448322893e+02
2.572128387827862639e+01
7.897350013132728463e+01
-6.358677505713713174e+01
-1.154110611638636499e+02
-6.440960340110552806e+01
1.171013945837086823e+02
-7.008086696203629451e+00
7.044946312230239016e+01
-1.552108947541094608e+02
-2.564299961025503194e+02
-7.196039723980990743e+01
-8.170578179934598495e+01
-4.610120401954134195e+01
1.099387991961817619e+02
1.472386896086798060e+02
3.929250850346272159e+02
-2.702407333880576061e+02
-1.737860552872253663e+02
2.391822860007525549e+02
1.093562517753918826e+02
2.490532935309013851e+02
-1.289274818902773632e+02
-6.412753989049943470e+01
-2.269769713629210628e+02
1.144731004470859403e+02
1.085637407560251120e+02
1.382978012463679249e+02
3.108366767903127652e+02
-4.847821714184308917e+01
-1.592566698414773718e+01
-1.579899004473349748e+02
1.010459705736751062e+02
1.456579359240430449e+01
1.143956497956666851e+02
1.163450148459625808e+02
2.892018610255447015e+02
1.663719860437240072e+02
1.172264638671257018e+02
9.760347582672945066e+01
1.088745024167579913e+02
-7.252840389645994890e+01
3.457821667044311198e+01
1.429149087722400147e+01
-1.525527686961891050e+01
3.026595394674100135e+02
1.526005417490301284e+02
8.226615084581453630e+01
1.528617379686144417e+00
-2.733072124410949186e+02
-1.145416845729740487e+02
-1.334095597871904602e+02
1.264689746351811195e+01
2.064863873177630751e+02
1.969450324333921287e+02
