-5.945192020138952103e+03
-2.569170613911958299e+03
-4.670743592448642403e+02
-2.646079052135205075e+03
1.378253344752640942e+03
-3.574130026546292243e+02
-1.289957658191583278e+03
1.567525932852338656e+03
1.848747055890710044e+03
1.584157661895128285e+03
6.200879805204318700e+02
1.673636422629338995e+03
-7.957728546862348367e+02
8.544012494388275627e+02
-5.453339965119727140e+02
-1.064024386244256903e+03
1.338543155134064136e+03
-9.540391917866509175e+02
1.423360843259399871e+03
1.257266686156734750e+03
-5.841442849458466924e+01
-1.155321739508984138e+03
-1.387544622491953987e+03
-4.500588393143550547e+02
-4.951863346578958271e+02
-1.591728506440305182e+02
8.377315844098018260e+02
-9.898026306480880976e+02
-5.794167625754766959e+02
7.154067571265834147e+01
3.720517073778500503e+02
6.367750111534670623e+02
-6.807605571677245280e+02
4.693948820863519700e+02
1.230849860581423627e+02
-7.357335432341214982e+02
1.527210264694738555e+02
1.082900037141295115e+03
9.921058694102329127e+02
1.638684497012775410e+02
1.172318511061044546e+03
3.655967768397561599e+02
-1.473318338942162313e+02
2.800945753980465156e+02
2.718291149799466098e+02
6.543506088272658872e+02
-1.259892911691902242e+02
5.915350306903917499e+02
9.836211437145290404e+01
1.948069168207485973e+02
4.410822383130393405e+02
-3.534798230127645979e+02
-1.106285560362689239e+03
-9.609346725113103957e+02
2.364123343496578045e+01
-1.241898056950668092e+02
5.545738844910929402e+02
1.603895766462258337e+02
-9.262073874995694212e+01
5.243221375248220966e+02
8.470334031478915904e+01
-4.433023313375647376e+02
-8.446572323448924635e+01
-1.811799897078949471e+02
-3.542464249569714525e+02
-7.044209037207765789e+01
-1.232077407485103180e+02
-4.891541585410581661e+02
-8.153922199992605329e+02
1.741416514977968006e+02
1.772655921261758181e+02
2.297424080258620904e+02
-4.820812771499672067e+02
1.219046093449530943e+01
4.531170195292908147e+02
-3.310343436255128609e+02
-6.043942410268041385e+02
-1.054744995511625234e+02
2.006292739221851207e+02
-1.017406195516759055e+02
2.053099622730004228e+02
-2.058547711831617164e+02
3.569807737166262882e+02
1.750100612466554253e+02
5.402888037573977726e+02
2.211777897385146900e+02
4.189833238417414805e+02
4.675567193906329635e+02
7.752543920825413579e+02
1.874915799052101306e+02
-2.772113005869176732e+02
2.396946170106280931e+02
-6.363911876918469943e+02
2.462944535637899435e+02
2.567823674191935766e+02
-3.528513444643775756e+02
-7.434367509175896203e+02
-3.362710936052756665e+02
-2.426227309164371775e+02
-1.330279406845034202e+02
-1.084832426727648880e+02
2.031091269713886760e+01
-1.030492247638800052e+02
-3.309989729101507692e+02
4.152482697841431758e+01
2.899281821737216660e+02
3.911973429419012973e+02
4.460434740028991882e+02
-8.243371522473331652e+02
-2.789858088167949290e+01
1.317667462995632945e+02
-3.906742544799696049e+01
6.409089384514019230e+02
-1.024993815952772991e+02
2.217119352240733221e+01
2.045817280249265195e+02
1.421389539327055047e+02
-1.812026811011556333e+02
1.954368655923632048e+02
-1.239263667623220186e+02
1.223290803845477939e+02
1.820218105507028099e+02
6.026047790341441157e+01
-3.314466106195096700e+02
-7.673678431325008376e+01
-3.915149309793573895e+00
1.075430371040035737e+02
8.073885859896786314e+02
3.254160778231307631e+02
3.880681593650461991e+02
3.413227202782902054e+02
-2.206409411477284550e+02
-1.667213950709820836e+02
8.308311288752329915e+01
-4.061747003975563786e+01
4.578054124289668039e+02
5.252945115776477536e+01
-1.419957566606947239e+02
-8.243117872638380561e+01
2.975989828350606103e+02
3.807016359870401345e+01
4.895097738457701553e+02
1.903393122188228048e+01
6.732106844362988340e+01
-1.948742783488645784e+02
8.365412968295014196e+01
-1.017013232957187086e+02
-2.636899158587503962e+02
-1.007002619177484348e+02
1.406913639293756830e+02
-5.814542478191109467e+02
-3.040209718656699920e+02
-6.954777580742135967e+01
-1.178731935263791826e+02
-4.498274185923727373e+02
1.898335583584489541e+02
-1.784814074285262961e+02
1.020488748147724039e+02
-9.094102740105184379e-01
7.263886135150058863e+02
4.909427272521474350e+01
7.662496386395213221e+01
-1.731243772216287198e+02
-3.127587803815849199e+01
-1.449013438051840978e+02
-7.735296392964879431e+01
-3.557142717421149882e+02
8.375667151562420365e-01
5.335055883549117652e+02
-1.447084989611848584e+02
2.379408347236829115e+02
3.778250622169578037e+02
-1.606892196962454591e+02
-4.688906803398783723e+02
-1.850896852607776566e+02
-2.747779854868917369e+02
1.370551713636831437e+01
-1.481483720966045610e+02
2.629947449783923048e+02
7.733630343704005838e+01
5.643189546012876434e+01
-1.819583060670864825e+02
3.790563769547090800e+01
9.775358862742100996e+01
-8.459582414078811041e+01
2.050987685245031571e+02
1.238093654229809637e+01
4.325900620870689828e+00
2.031502715600655051e+02
-3.393235075820711018e+02
-3.722872304169616342e+01
-3.916560582971702047e+02
-2.274507792619730253e+02
9.789854529020350071e+01
7.744042108681654213e+01
-8.881441558294399741e+00
-6.167925637592828281e+01
-7.131644317874235917e+00
-1.257246757033076250e+02
-3.213752280847523366e+02
5.662653702436506897e+00
-1.599659537744920534e+01
-1.365638970116319797e+02
1.323671020008870869e+02
2.171816888666087664e+02
1.160522566340748938e+02
-1.896234854089840098e+02
1.377607174672436088e+02
-4.138460358001093020e+00
-1.163355956281262422e+02
3.167484481412899981e+02
-3.392429985391653986e+02
4.958497151456829499e+01
-2.055924984984582693e+02
-1.552047115420833450e+02
-8.804729855055349219e+01
1.121534486292496879e+01
-4.602145401920761003e+01
-7.918225365982650032e+01
6.638979693341666177e+01
1.454228668599975194e+01
7.603332126524851731e+01
-1.257138116455343635e+02
-5.373474401045653082e+01
-3.294946244289195647e+01
-1.281677137271788354e+02
-4.359596470969801629e+01
8.575807590299955052e+01
1.635532601403140802e+02
1.963679022734289390e+02
-4.003385449655514350e+01
-1.462743209157280262e+02
-1.982733380134936283e+02
-8.732595621780077977e+01
1.166270529777684715e+02
1.228429116041446889e+01
8.126166931149508343e+01
1.380298478699525049e+02
1.533394744622667076e+02
1.560917693266372730e+01
2.012362471171410050e+02
1.772787820403491139e+02
-1.552063644965739400e+02
2.796412981885516160e+02
-9.055175887180914174e+01
-5.501051515786336665e+01
8.393345804163080004e+01
-2.789928132245970360e+01
1.193729873313458683e+02
-4.351544711626212347e+01
-3.583833323238318371e+02
-1.499030675496471474e+02
1.042025627821959830e+02
-6.752069956309443732e+00
2.682238543996042779e+01
-6.598595089883136211e+01
-2.209895903259829595e+02
2.483810222305982407e+01
6.947421348102484906e+00
1.999753387184695157e+02
2.828065905181839668e+01
1.334427928403435146e+02
4.030854161650228207e+01
1.014800638613549211e+02
1.332676124761991616e+02
-5.642986951228022008e+01
2.384188466547449821e+02
-1.306154745385127001e+02
8.537335953824836565e+01
-1.939889207964778279e+02
1.589386596535280773e+02
-1.099622948041644150e+02
-1.057199190798208548e+02
-3.425401426541710492e+01
-5.845960434720690557e+01
-6.255492222173238304e+01
-1.254104584198368322e+01
8.333482889125684778e+01
1.315028734295175354e+02
-9.999745711151238226e+00
6.881595725741352965e+01
1.936854069039697208e+02
2.262942043952879700e+01
9.425121199731161425e+01
7.648558537780102640e+00
-4.854344321707809939e+01
1.146683262058265740e+01
2.027415602385550031e+01
9.874906559064393718e+01
5.390382512693003747e+01
1.864456463769245076e+01
7.867872989368579795e+01
4.180704198568831487e+01
-1.448265018259547965e+01
-1.228154068501349201e+02
-1.943803105078481224e+02
3.083622273492743560e+01
1.294555478295757567e+01
1.562717181945611244e+01
1.367422563188137019e+02
