-4.906935568637107281e+03
-3.691619582670974069e+03
-8.463675602340870796e+01
-7.198732464414687229e+02
1.439802869931408850e+03
-1.354649396226091312e+03
9.788136328991676010e+02
3.913777159654310935e+02
1.637523827769744003e+03
-6.029225826559603547e+02
8.940995672438424435e+02
1.211029584992045329e+03
-1.760147014960651404e+03
2.726549073079981099e+03
8.373737280606200102e+02
-8.602701726161670877e+02
-5.957962276048093742e+01
-5.860141039914449834e+01
2.239338586861266776e+03
-1.513855500824227875e+03
-2.689035360237592158e+02
-1.353785490583761941e+01
-5.322621538197169002e+02
6.200710413808658359e+02
-3.331409945145822462e+02
-1.030499793028898239e+03
1.569029238650664411e+02
-1.637142500273125506e+03
-2.735261529965766272e+02
-1.924594399340986399e+02
-1.091511009912398322e+03
-6.086023317783782431e+02
8.228314364147989863e+02
-2.988989511823940006e+02
-1.458292210148624690e+02
1.531847141654279199e+02
6.718143670703034864e+00
3.226570331441714075e+02
3.919575714842188745e+02
-4.320226032757777830e+02
-2.682963060547785403e+02
7.872390785698916034e+02
4.455086511939566094e+02
-4.107343419185603466e+02
6.680081098219950491e+02
-1.128290165927406434e+02
3.318732899461651300e+02
5.375468405910559113e+02
1.418397679519448502e+02
-3.590031322785310408e+02
-1.003717754695555726e+02
5.668067837208511719e+02
-2.538941438034073883e+02
-1.300139149088225281e+02
1.074652192634695069e+02
5.279346633322820708e+02
-3.480202265562648449e+02
-2.240444889992269850e+02
3.972008555052800034e+02
-2.074702983293475711e+02
-1.474365202242142914e+02
-1.741089019165168281e+02
-1.813081348460252116e+02
-5.994286929290137778e+01
1.872490034314095553e+01
-1.825256342712566493e+02
1.305280256163728154e+02
1.868868473851683234e+02
-2.902642603678160640e+02
2.338104329250455464e+02
-8.884531341577164198e+01
-9.956934579281612230e+01
-3.565995235554041756e+02
-2.984487365869807363e+01
-1.183222317428599979e+02
-4.678367169241901706e+02
2.830375537974950930e+02
-4.552379017569452913e+02
-6.567736738603601054e+01
2.561266836493946926e+02
-2.435313704211712320e+02
-1.427443329666926672e+02
8.699563353546584210e+01
4.613786308418129920e+02
-4.058723805888889729e+02
1.607745999762210829e+02
-1.261345659587003638e+02
6.919488849329970037e+01
2.371401666119174934e+02
-2.814525458413910997e+01
2.870849431586668175e+02
-1.549822658174478818e+02
4.607456365087080030e+02
-6.858298226240252404e+01
9.969917098048871651e+01
-3.741335035465391456e+01
5.577201007005860589e+01
1.459191419115562667e+02
3.934773347256975171e+02
7.047923311460003504e+01
3.971088476209136502e+02
-9.977648444614465006e+01
-2.091151932540337839e+02
2.969637641375441035e+02
1.556626999193282757e+02
-1.782481329969344586e+02
-1.360838742496265752e+02
-2.527052241715483092e+02
-3.105086003561463599e+02
4.805354160704910527e+01
-7.687994498475453042e+01
1.021837986346013594e+02
7.647268535500508335e+01
-3.672426044392916200e+00
-2.296453301850977198e+02
-2.930829554902263112e+01
1.100730588949572564e+02
7.064832945221283467e+01
3.017900974999900541e+02
3.725577124372057369e+01
3.214525809844937498e+02
8.526572672566446442e+01
5.622021955937069038e+01
3.831512915269860287e+02
-3.147391734427733923e+01
1.521294931008538640e+02
1.707130779551285116e+02
-3.363276918034993912e+01
1.544089978235184901e+02
-1.440357875849781806e+02
1.721087427927697888e+02
1.782368589149928368e+02
7.759346026345797043e+01
-8.494571444290018292e+01
-4.074342681650611553e+01
-4.405293092920933296e-01
-2.232961843480987341e+02
1.522305091427037382e+02
1.225138723683814277e+02
-2.336962834667157907e+01
-1.649785957897001998e+00
-2.230444417311504424e+02
-8.779753212204799695e+01
-1.347220780929707473e+02
3.130232557023508022e+01
-8.408349741023388901e+01
2.068014163098669940e+02
2.184494485592885837e+01
-9.633572719542178220e+01
-1.478141642079121141e+02
4.092298376929278447e+01
-7.749183476703005624e+01
-7.735809375680871369e+01
1.248377304941441146e+01
1.883056408630779188e+01
-1.664455396940407468e+02
1.032836952364231138e+02
1.766665153701417523e+02
3.099745690717737290e+01
1.885003190935984776e+02
-1.829408421522981882e+02
6.797404174415710543e+00
2.095609831558204519e+02
8.756472064041422243e+01
2.241482482404046834e+02
-2.097888572113518535e+01
-2.729601592371271868e-01
-1.858183782973661096e+02
-9.383913107364071493e+01
-7.839441356598511845e+01
-1.466328727174303914e+01
7.264543238957703863e+01
1.472419670624298078e+02
3.006615621714987086e+01
-5.460211303755358614e+01
-1.067080454204619997e+02
-3.963325348442706542e+01
-8.691790772591363634e+01
1.046559704194590239e+02
-9.083250708044435839e+01
-2.153798243346788581e+02
8.990411120003285816e+01
-4.128536310104401252e+01
8.530781691854045334e+01
1.109527272627961025e+02
-1.381034450394380713e+02
-4.489599774680616662e+01
5.471558392914531765e+01
-2.095005312430281208e+01
-1.670704416380567991e+01
5.688053578715913972e+01
4.935109642676910369e+01
7.185493341111406096e+01
3.069153086931862973e+01
-1.114614862523204408e+02
1.925534053375012036e+02
2.845963012023583261e+01
1.115972732772010829e+02
-2.028216739548328107e+01
-2.304480642811784818e+01
-5.228851278826411431e+01
-1.705093590785147910e+02
1.008573118148719487e+02
-8.402410809175144379e+01
-1.842586045405931117e+01
1.926089197663830248e+02
-1.169618135414717415e+02
-1.475043019189962834e+01
-1.826074250572981938e+01
-6.434632528022535780e+01
-2.967860090257116212e+01
1.820859598515284716e+01
-7.986686243686344255e+01
6.607230703763096358e+01
-5.170142832832023316e+01
-3.601603525295360697e+01
5.511366170397167963e+01
-3.106396699453862098e+01
1.481357068520485676e+01
-5.781329007177596679e+01
3.223332033700355481e+01
1.418212076566570090e+02
1.612038954438235692e+02
6.768417516629425279e+01
1.333164255825933253e+01
-1.070074348539071529e+01
8.832570088389263674e+01
-1.302788537503438420e+02
-1.331613145239203959e+02
-5.810533547021213252e+01
-3.580402208149383370e+01
-4.143371846461342045e+01
-4.495115750777048191e+01
-4.840279277616667031e+01
4.798644807861103345e+01
-2.633358774441818184e+01
3.164082479617563592e+01
6.711848347720133745e+01
9.977889598368914648e+00
-9.839179744983013620e+01
-1.787549830409057350e+01
-6.875853840740835210e+01
-1.311457666852128909e+02
-4.685078669482354030e+01
-1.544697481788217353e+01
-1.894028799071936575e+01
-3.712496288302146752e+01
6.766315660908595930e+01
3.566540952328841740e+01
-1.506039933904930805e+01
-4.515957293236333925e+01
-9.919393509408589438e+00
3.694282605706315081e+01
-7.704816768159385276e+01
6.905628877662462806e+00
1.904865295577114281e+01
-2.589535988458865390e+01
2.971611295022854549e+01
-4.986166227033173470e+01
6.886261306844328089e+01
4.292439476339224314e+01
-2.366103411178603366e+01
-1.532617347903839722e+01
-1.204492940830244123e+02
-4.096366513756969141e+01
-1.593556064349419330e+02
-1.286504764251719735e+02
2.530492648453809679e+01
5.678725233982192577e+01
1.309445645479650580e+02
-3.331487827405910451e+01
-6.127768479179284355e+01
-4.854728042325759674e+01
-1.715058892802514023e+01
-6.045691470328401351e+01
-5.877094797141826810e+00
-4.208308598182466653e+01
6.246350354184346543e+01
2.205907546377751061e+01
1.553290831764885205e+01
5.040986627824826627e+01
9.898092453745918817e+01
1.551361212918142662e+00
-3.999252350745119600e+01
-3.743685276081804147e+01
8.143200747195791678e+00
-3.000418019643102951e+01
2.674007679701868767e+01
8.993542881691371349e+01
6.237243285656843028e+01
1.250132579756281359e+01
-5.459116231840510203e+00
8.452821324263943836e+01
2.966591642704381826e+01
-4.484879177846385545e+01
1.578661497624215393e+01
1.315680876248055320e+01
-6.454511147329058929e+01
-8.608615434731566651e+00
-2.386081967905515810e+01
