1.359656557078414380e+03
2.678492429748460381e+03
7.318635212805431820e+02
2.367822039516241148e+03
-3.975844558645317647e+03
-1.430386663151518405e+03
1.296743843610274325e+03
-6.828556125476204670e+02
-8.745763644942006749e+02
-9.966711556079260390e+02
1.694258780024209273e+03
9.493361771789024033e+02
-1.768367949613345672e+03
-1.020368731296238821e+03
-2.195532554372170125e+03
-2.289157633216332670e+03
-1.302491557291762547e+03
-4.193524768890051746e+02
-1.222725002514083144e+03
-1.717683329097822480e+03
4.242258813178327728e+02
4.174998018629860326e+02
6.600575426931692391e+02
3.027097657626816840e+02
-4.229838563800242355e+02
-8.719916485829595842e+01
1.866765445780377831e+03
8.748651167686056169e+02
-5.080736500207046333e+02
-3.271172095227435648e+02
-2.472392636873345282e+02
-1.261423630187506888e+03
1.240319692392904244e+03
-2.148017910228254834e+02
-9.022659623420993285e+02
4.335772015688398540e+01
-4.317427630245249759e+01
-3.961408296194873060e+02
-1.576633195635378470e+01
-8.965695987911881275e+02
-3.199993718341683575e+02
3.251918971244842282e+01
4.950486448625204616e+02
1.479216053869182872e+02
-7.537222374620449727e+01
-2.289663789260788747e+02
5.527507053437789182e+02
3.688201574311906370e+02
-2.601098401664939388e+02
-2.004073842475845026e+02
-1.235589664574964814e+02
5.794712324263340264e+01
-6.767513860923080529e+02
-5.639099857609576105e+00
4.834319052431719683e+02
-2.378055339941118973e+02
-7.011461668493101342e+02
-2.803171667417709045e+02
3.077324618693717184e+02
2.744546632800603447e+02
7.528141580920482738e+02
-1.408805019845819686e+02
-1.942031810519289650e+02
2.265924872065408806e+02
1.612961577695021731e+02
7.735626831363427982e+02
4.088525698407601112e+02
-2.899691441189946204e+02
3.536806008527921108e+02
3.983307692393887578e+02
-4.103535280028224008e+01
7.262609632057115405e-01
5.405697176195127440e+01
-2.816799807583435609e+02
-5.839092071014905514e+02
-9.982977508233601327e+01
-1.121518080715108908e+03
1.141538642927974223e+02
1.311184360244361642e+02
-4.026702143321925291e+02
2.760282309024954657e+02
2.960616412420918664e+02
8.537544459306577238e+00
-2.064785436622597388e+02
-4.155369080697711297e+02
4.267900697634627818e+02
-3.246025495636943674e+02
-2.248406393513064359e+02
-3.753466309472183866e+02
-8.768173341579409907e+01
5.567399588330053462e+01
2.683132763428232579e+02
4.011069550287270431e+02
5.936327456456645280e+01
-3.120226687373056507e+02
2.101362583149126237e+02
7.729027522852078391e+01
-1.232644578386417180e+02
-3.988757630568196078e+02
-9.988166282287353681e+01
1.664985401308778705e+02
-2.789555240302397010e+02
4.133460263951477600e+02
-9.729069721472251331e+01
1.970352260997196367e+02
-4.325782576628158722e+02
3.104502640371436541e+02
-2.068161995581963311e+02
-3.502562276223073923e+01
2.086140636204953012e+02
-4.435376176431111048e+02
-3.557059166810316810e+02
-4.037959653797176998e+02
-2.219154089546256898e+02
2.214681938585195269e+02
-2.164144342073160487e+02
-1.845001108587247174e+01
-4.035168262672171409e+02
-2.279788409760583079e+02
1.276221387530539175e+02
-1.405789837290718367e+02
3.274165622767119999e+02
9.212477999431894204e+01
2.014962349840977041e+01
-1.085240221587591378e+02
2.182998531009435794e+02
-4.212344294533648394e+02
3.103963513552498625e+02
3.656990921996693373e+02
-2.941697723889051375e+01
-9.306067080659468971e+00
5.336749841684651301e+02
-1.406650411259264111e+01
-9.055986115055434027e+01
-3.153027668248418536e+02
1.473912021984361331e+02
5.565694127361764032e+01
-1.987049324631716161e+02
-5.560358002625164886e+01
2.236427478458788016e+02
1.536991890789836646e+01
-2.587304938289753409e+02
2.213081251860002965e+02
1.138932186939312601e+02
5.651612432015408416e+01
-1.448752173626782458e+01
-1.540270303767722027e+01
1.183195645312215447e+02
3.331163398164660094e+01
7.645495440095187334e+00
1.702333162782030627e+02
-1.380729526512563723e+02
-5.314528951901392162e+01
2.069373105215130693e+02
-7.139181132165097665e+01
2.012798093705038838e+01
1.335364305122243707e+02
2.219619059323568422e+02
7.802812589013514355e+01
-2.000926430165720262e+02
1.021607894751527397e+02
-9.147774679247766016e+01
3.781485599585279260e+02
9.056279097723514582e+00
-1.208354409607993887e+02
-1.000635458995492684e+02
-3.087210422174476676e+01
2.305150000574296882e+02
-4.254564475670089507e+01
1.547742806617674489e+02
3.053900613042194845e+00
3.324114620787698815e+00
-6.371474968242328885e+01
5.258699427618080335e+01
4.767223882678190705e+01
1.723696106335306126e+02
-4.046766345600259029e+01
-1.027187048735935662e+02
-2.385173099054479735e+02
3.932819023355899901e+01
1.087516882576154416e+02
-1.218997179446957233e+02
6.471724015872666769e+01
1.863186844168247944e+02
1.603999995625295867e+02
-1.083402111634912472e+02
1.787763355719414449e+02
3.076689288177825077e+01
5.964412925473862259e+01
2.532013837579065694e+02
-4.795550738531917290e+01
-1.703610723165957381e+02
-2.065328248125530592e+02
9.096216849684042316e+00
4.943385381814639601e+00
-1.956294786533537149e+02
-1.255294389502028025e+02
1.030277914263518255e+02
2.574739504503937226e+01
5.071337061071853469e+01
7.442393442424078387e+01
-5.157528880644016311e+01
3.188775482960438694e+02
2.207711011663443657e+01
5.657576943749349496e+00
7.508819302172059906e+01
-1.132167359559419282e+02
1.879411938718261155e+01
-1.224157504763514766e+02
1.549671113227930164e+02
-1.136104592824925135e+02
3.674060046485780617e+01
-3.367941188332896729e+01
-4.172810524800982535e+01
8.622143204095968017e+00
1.011788316575103437e+02
-1.558210814738948957e-01
1.037902486887283686e+02
-4.367255394318674178e+01
2.035914005872304244e+02
-1.984593068408660201e+02
7.653865027008659183e+01
-2.153656184752603338e+02
-4.560483625462833857e+01
-5.344968710285878188e+01
-2.171872049114700758e+02
-2.983634280769179554e+02
-4.278627088171280946e+01
7.634484130566272597e+01
-1.254015638773524017e+02
-5.590814114328703255e+01
-1.524253522991807301e+02
-1.313888719058353161e+01
-1.020126979307958095e+02
9.313217779720135070e+01
-1.483765240711758793e+02
5.583756301803438760e+01
-7.257144392805970234e+00
-7.057303936929272936e+01
-8.098243611589751367e+01
1.447404798390385317e+01
3.459476643997587786e+01
-3.114187088816426012e+02
-1.502817109467325167e+02
7.338201568880747061e+01
-3.880049059671409850e+01
7.808735764276109137e+01
8.904710507566339572e+01
-1.920522569373819692e+02
5.756135185982557800e+01
1.160024879269863334e+02
2.021865571998509665e+02
1.699778979861886512e+02
-3.484506803002349784e+01
1.156537949895412787e+01
6.185511477649953349e+01
2.651385785407810047e+01
-5.721988756094778239e+01
-1.215555485166681216e+01
1.336243950928202082e+02
-4.117823250553996672e+01
1.249761633576833901e+02
-2.548333779911974162e+01
9.878007401029783807e+01
-2.362074709346028367e+00
1.134911192529286410e+02
7.928952969158027031e+01
1.490608649019380323e+02
1.148149342725445194e+02
2.867446544617103577e+00
-1.200383236800042113e+02
1.546477126097192638e+02
-3.429154204046778176e+01
-1.032212675034793676e+02
3.710203152282487338e+01
-1.205986121759120380e+02
8.281916534791037066e+01
1.473597904322628338e+01
-1.014314790654813550e+02
-9.044991757479471062e+01
-7.270475554967676146e+01
4.450278950121565202e+01
1.692522034208768034e+01
1.634726073316019495e+02
-7.694139170110626935e+01
-8.328447053203245787e+01
5.952657549892587951e+01
-9.491955000109442153e+01
2.679494054595251740e+01
5.512833061148999292e+01
2.095925016712304867e+01
8.117159062501264088e+01
6.517311228888299013e+01
-5.069033690878592324e+01
-3.284478446951816899e+00
6.753021907415380554e+01
-7.891094057446012755e+01
5.964861724575473545e+01
-4.583377912843779711e+01
1.766929774976302099e+02
