6.923639732277849816e+02
2.372203418808400329e+03
-4.366793579575797594e+03
-4.028802816938627984e+03
-2.638461629229522032e+02
1.884974971441718253e+03
1.638979263242780917e+03
5.336117239226792464e+01
-2.481078567587037185e+02
3.221075178047215815e+01
-4.101685623538674577e+02
2.544717917190371736e+03
-2.273143086640523961e+03
1.093818857080300404e+03
9.455829380265686268e+02
5.851644178685090765e+02
-4.375853684323441826e+02
-6.354404264990046158e+01
-3.381870143208192871e+02
-7.545724688783735701e+02
-1.137783014929509363e+03
-3.147543113966610804e+02
8.011297378471228967e+02
-6.670158867418099362e+02
7.626587965576194392e+02
-7.093241563081439836e+02
5.939279578381525937e+01
-5.266079462996724487e+02
-2.478981248959778441e+02
-1.700464823212123804e+02
6.912177833305170225e+02
-9.337322080864494183e+02
1.859867204158868503e+02
6.139361953626098511e+02
-7.441601491609910468e+00
-3.106111115173217172e+02
7.938763903503927395e+02
2.477048454825020940e+02
-3.054119756422311980e+02
-4.138334022840915623e+02
-5.973870077276404800e+02
7.827778281061280552e+01
8.866376985385585385e+02
-2.986580426944024680e+02
-4.404978285010515719e+02
-8.354375526985426177e+02
2.873919344973710963e+02
4.707950518091906815e+02
-2.126325416729673066e+02
-8.040943385248409641e+02
-1.358576851192824222e+02
1.942624749810699711e+02
-3.255381512964253830e+02
7.240027893165375872e+01
8.315459416914695794e+02
2.731282557147241050e+02
-5.553358076631057827e+01
-1.676799103026868920e+02
7.140364966961422510e+01
-5.290644184098277947e+02
2.599982303355135969e+02
6.832243741039548013e+01
5.547334093077530497e+02
1.627780347021031560e+02
2.331594304432979072e+02
3.151759547534384964e+01
6.033865320020566969e+02
8.221835544163013765e+01
1.144603535123336968e+01
4.416779863256993508e+02
-2.940991669560826836e+02
-1.300825446251701294e+02
9.629463094179685356e+01
-2.724901132203015663e+02
-5.343662309367296075e+02
-5.442674945336746077e+02
-2.886144696023272900e+02
2.726328379548775729e+02
2.073162930013430696e+02
-2.046038315808226855e+02
2.335424938514102564e+02
1.683302354672507590e+02
-2.238165163623742728e+02
-4.891983343181680652e+02
-3.138893879892913787e+02
3.469303092346635253e+01
-2.847599587099466021e+02
4.245616954943497490e+01
-5.154469312125329452e+02
-2.734658748034261748e+02
2.363236290016575936e+02
1.558379467344510694e+01
2.643541098445811244e+01
-2.769636760209646127e+02
7.110649101195249955e+01
-2.804277227264249746e+02
-4.755790399824983439e+01
-2.168069041224750393e+01
-2.421873636388687885e+02
1.036409206113593058e+02
3.249793444525393511e+02
-4.188873850073556468e+02
-2.401128118499892423e+02
3.832100454289741887e+00
3.667794927777562179e+02
-5.001355032210096283e+02
2.049030550465681131e+02
-4.862826995372275007e+01
5.038968021262683550e+01
3.209097690489056163e+02
-3.337694498396990639e+02
-4.817572571705369455e+02
-7.707955968548915280e+02
-2.769750571224785745e+02
4.503517292638971981e+02
-7.358573715626834044e+00
-4.493211514292736410e+02
-4.231268725567024376e+02
-4.114818803265924885e+02
1.029049892105771136e+02
2.655489659119510861e+02
4.301446108542465936e+02
4.060107554611329306e+02
3.838512995036364828e+01
3.149647984478202716e+02
1.784614256676377124e+02
-6.482728061839964084e+02
2.273303707736945967e+02
6.405913171160401589e+02
1.095053345733798125e+02
-4.109083465321908335e+01
5.940275640979955369e+02
-2.261751322449459849e+02
4.009910367735668046e+02
3.470889769012579222e+02
1.101283834629568190e+02
-3.525154588195350414e+01
-3.310708265042241010e+02
-1.118023107722003289e+02
3.458848873850625409e+02
-5.930906743249136781e+01
-1.314347730487802153e+02
3.545870066253585833e+02
3.689990673970052057e+02
-1.760380947297647936e+02
1.598071585282359486e+01
-1.470878014662260682e+02
-2.135715502089934859e+01
2.994554427999281643e+02
5.566766107109167194e+01
4.242461296471735466e+01
-3.671103529658292359e+02
-7.141436650431593591e+01
1.336234090539284409e+02
-2.964487499976092408e+02
-2.816544609973498154e+02
8.921221714172659745e+01
5.038216059479598812e+02
-1.710058025664879722e+02
-1.919301958376929349e+02
4.251385522002981787e+01
1.427776641979574457e+01
1.346126827343304626e+02
-2.352850386256285731e+02
-3.919116696371577859e+02
1.548247639541508569e+01
-8.829627233170636202e+01
2.017903433919088343e+02
-6.040583543086007978e+01
9.875529547608188352e+01
7.162724462762744793e+01
-1.886575356578767071e+02
-7.791479172286280175e+01
-1.233680119915411808e+02
-1.957700627660092962e+01
2.702956241813509450e+02
3.074593605509625718e+02
-1.696087708571037922e+02
-9.826716601796367456e+01
4.323924434695958752e+01
4.694345974808711297e+00
-4.221174187665945965e+02
2.134703414130924557e+02
2.158313411107701825e+02
8.616376222602976043e+01
-9.897101647234883615e+01
8.289192596225500154e+01
9.253268297650905083e+01
-9.120510786317774432e+01
2.497850244850573631e+02
-7.785343836571603049e+01
-1.541962830912936226e+02
-4.167473698927227588e+01
-3.853494253324114993e+02
7.295086576726122018e+01
-8.805346553812553623e+01
-2.631383604041567992e+02
2.898532069310271742e-01
-9.631815960134670007e+00
1.968062644098548120e+01
-1.038452070561970402e+02
-1.225899166149255493e+01
4.001746673798813845e+02
1.924829992883799434e+01
-5.609462907107085528e+01
-1.876626523823907178e+01
-1.676660794594612867e+02
2.428674653432460957e+02
-1.030653581832076497e+02
9.331799616512407169e+01
-1.482006943203479636e+02
-8.348474911887021221e+01
-1.620183663829952536e+02
-1.757168216377734211e+02
-1.903998832289321683e+02
8.969200584273075094e+01
1.491013374559027795e+02
1.087223033831178469e+02
-2.508506252602792301e+02
1.137157139998941631e+02
-2.499924541415580279e+02
1.155043785318937779e+02
-3.403586554309985672e+02
-1.741463370127588064e+02
1.276027232533554070e+02
-2.630530422390955891e+02
-2.254926957044162350e+02
-3.108151335891674805e+01
8.932624898786369272e+01
-1.325317205487196475e+02
-8.232380874054020126e+01
-2.746435108894152677e+02
-2.912224570540268473e+02
3.037703847137436597e+01
1.264684043601011183e+02
-7.648317621026028235e+01
-1.007591440383462214e+02
1.730916553686219288e+02
1.110685530325685022e+01
8.010795392380188673e+01
9.551078498415188278e+01
-1.170775980544602106e+02
-3.782077786497341094e+02
-1.484102029467625243e+02
1.931882224122918501e+02
2.854333659091629727e+00
7.497005143000467342e+01
9.110789478278368847e+01
-6.179201238212088754e+01
9.413899092959991322e+01
1.148336503913313038e+02
3.283567343659007634e+02
3.289050091769847199e+02
1.282795844082524752e+02
-1.251471997178890234e+02
3.917200829753394942e+01
9.285690727780612974e+01
7.148291750578852088e+01
-1.665384421294251354e+02
1.729087841064659585e+02
8.864631504946470786e-01
2.718257342687816163e+02
-1.471507613045953349e+02
2.360310413387603035e+02
-1.213999401259344779e+02
9.250021257071408343e+01
2.773626090258134695e+02
3.516233270732213327e+02
4.911386491143091604e+01
5.978393707115479572e+01
-2.026569759634671186e+01
2.085050175686930913e+02
-3.268678999399153184e+01
-1.150035419370869931e+02
-1.385124475420388706e+02
-1.190845173084568529e+02
1.988422278043011602e+02
2.240469598269842777e+01
-6.058173919389828654e+01
-1.107606976443569948e+02
-3.473189009852929416e+02
1.485310624707833824e+02
4.366635597015245907e+01
9.863958047468612733e+01
-6.324550103423569425e+01
-1.111897463943190871e+02
1.316503727615578896e+02
-1.480888881507342205e+02
7.322940538460161974e+01
-2.485519681517443757e+01
5.312001306892700114e+01
9.080856111536117226e+01
1.808286276058336455e+02
6.451844988871515341e+01
4.442923116377766490e+01
7.502733967157111294e+01
4.111960836912900419e+01
9.504126001759532016e+01
-1.203875619220439148e+02
1.756343594318600481e+02
