-4.391293702866342130e+01
-2.694725140363173068e+03
-2.221934385398183167e+03
1.144012862047560247e+03
-1.727064641485814718e+03
-4.820964067866006530e+02
-1.746438193221682241e+03
1.548793147029417014e+03
1.805187243702085652e+03
2.199611093911274565e+03
-6.962548087006284447e+01
-3.166037143974399442e+03
1.327829706300176895e+03
2.191309992616083946e+03
-4.760832932656175558e+02
-2.583835458532777466e+03
9.385873770011517081e+02
-8.334004176515708195e+02
2.140721971980307444e+03
9.033479160727368935e+02
2.762596921217877480e+03
3.356287438026064137e+03
-7.174470090166428236e+02
1.065780091804954282e+03
-3.080845838250983775e+02
1.434341042781422630e+03
-5.999497754981679236e+02
-8.056543012367911842e+02
-7.178070401078177838e+02
-3.990854383004857482e+02
1.466387534060330381e+03
1.521123574814405174e+03
-1.095648535957798913e+03
-3.234848164956526944e+02
-8.002883373321589033e+02
-5.990345462324172559e+02
5.156141867323161705e+02
7.890932520766135667e+02
-7.333025807710019990e+02
1.295144715441629387e+03
3.012712439015267591e+02
-5.577430561117029129e+02
3.734602452353055924e+02
3.306432579462208196e+03
7.110141422714752935e+02
8.512763312189238150e+02
-4.356040718468086652e+02
-9.856655556940025065e+01
5.252769338597929618e+02
-3.822091843557707307e+02
-2.668103252843976065e+02
5.121458884459617593e+02
8.681855292764035426e+01
-4.194793008244776615e+02
-8.627209062938873103e+02
4.469059534949781778e+02
4.202009613982399969e+02
3.607516036388703924e+02
-2.346425468059031516e+02
7.026377267807813496e+02
6.161696513219682174e+02
-1.616768657788475366e+03
-3.110281857894898394e+02
-1.043289560571099912e+02
-3.421264873448955655e+02
7.348230218776606080e+02
1.495177206537266329e+03
6.749221615430054726e+02
1.036292241788195042e+03
-1.676631277758084195e+02
3.709829286500116154e+02
1.393776170623437110e+03
-2.272957883431727737e+02
1.254527289420803982e+03
7.624523586732710783e+02
-7.447547733115808342e+02
3.591008141917451439e+02
-1.231441371689187463e+03
4.786960427343216224e+02
-1.596442742165973243e+02
1.603163837308565576e+02
1.991227121913291001e+02
4.432329592464025154e+02
-2.325827382341511225e+02
6.062459302502962828e+02
-7.168931064934931783e+02
-4.644832227688643798e+02
-5.387784798454573547e+02
3.603579495815019982e+02
-3.093351153159230762e+02
2.874311853792129909e+02
-3.810380902383038233e+02
8.270443396258497160e+01
-3.322953909850632499e+02
6.475841129034982941e+02
7.906626890151756015e+01
-1.572047534222849379e+02
-2.582007666139627986e+02
3.568156139828863047e+02
-1.489895122431302923e+02
1.483575645652063102e+01
2.607158012832765053e+02
-7.777587250592982571e+01
-4.526337697879003485e+02
-5.085927649668931139e+01
-3.933854124519991728e+02
1.982347733330972801e+02
-1.282984977598458727e+02
2.692667906137460818e+02
3.007219681766057988e+02
-3.161793156378071217e+02
-4.835186684371731758e+02
6.651038965131118630e+01
-5.654645908355904282e+01
7.929708135378139389e+01
-3.384594619002813829e+02
-1.370978917279961024e+03
-7.808252970267983528e+02
-4.392691856386170457e+02
4.107373118130160492e+02
2.261190007131522179e+02
2.518064388175814017e+00
7.327956472209490313e-01
-7.073510995017010750e+00
6.551144463463847387e+02
-7.250455732126952491e+00
1.041153284342453702e+02
-5.607745756112668687e+02
6.897325815652911842e+02
5.947064193471049975e+02
2.532706576309683655e+01
-5.839389460521936144e+02
-1.250204509810761920e+03
8.066820799803176669e+02
4.319607648251476917e+02
-1.889593238487896940e+02
2.081417109053174386e+02
-1.990508779409604188e+02
3.303468306391877718e+02
6.201935418093889893e+02
-1.736851261962638659e+02
3.610849063913836972e+02
-8.522370243083588548e+01
5.968647699556146335e+02
-8.494537632208495097e+02
6.414999573943235873e+02
2.631696878219705695e+02
1.172966632867631063e+02
-1.581764779612211953e+02
1.965902409955817518e+02
-5.644798374836100407e+01
-2.899938674781853365e+02
-3.662768867828261676e+01
1.879451486657730186e+02
-2.519505774517896555e+02
-3.524239854695607477e+01
1.037163808069429649e+02
3.726011208158392947e+02
1.108565936064234307e+02
2.985866231384076741e+02
-1.484595296246423857e+02
-3.470299431147732321e+02
-6.060132365636295617e+02
3.241698694653132975e+02
-1.382326671472102362e+02
2.176925475830710965e+01
-1.950219455101402559e+02
-5.410328544852177401e+02
1.800928158344818542e+02
-4.845912617024916926e+02
3.620298573908161188e+02
4.230667619031690947e+02
5.464805723425563428e+02
-1.189693288590379012e+02
-3.239199867835022246e+02
3.387700845434321764e+02
-4.607512307071714304e+02
-3.611536317340252822e+02
-2.692055210494465882e+02
2.594881912876438150e+02
4.163420600173867001e+02
2.575653636166576916e+02
3.627880144563675913e+02
-1.174679169689527214e+02
1.450686364002255857e+02
2.535727614386584605e+02
-8.354885319871542038e+01
-2.965028129025363910e+02
-1.172315797899833711e+02
-3.326731089407164887e+01
-1.155409419169688050e+02
-7.325827693000902627e+02
-1.050410657372835743e+02
2.528570978072217557e+01
-7.427326105198211792e+01
-1.942997155591458807e+02
3.098979196460753727e+01
-3.946021472531995187e+02
1.605303341295194741e+02
3.119037995429743546e+02
-2.165468414423854711e+02
-1.650079295691879011e+01
6.931178289679783120e+02
-4.094434923667093926e+02
1.410182562049573676e+02
-3.623101737467511043e+02
3.632891872661762989e+01
2.907523969491323896e+02
1.587192873780478237e+02
3.088806267943945372e+01
1.361594230629066260e+01
-8.789065835893678980e+01
-3.480619785062204841e+01
-1.250955819667138691e+01
-2.188635612913891180e+02
-2.891784306418519463e+02
-5.704161785385320371e+01
1.236424616841054132e+02
-3.776133294168897123e+02
-2.516186328342064371e+02
-1.435127869959758016e+02
8.831425117843976125e+01
-1.155629684149425600e+02
-2.831445813034275147e+02
-5.370223182410479694e+02
-2.474604527984498077e+02
-2.983255380418646610e+02
5.379980312336762438e+01
1.146658848195027360e+02
1.163476026737506288e+02
-2.327135857415883322e+02
-6.648415647181973043e+01
-5.287515585840361609e+02
3.052219727030088734e+02
3.083257053951682565e+02
-4.440466447915985100e+02
-2.668783138078962338e+02
6.885298307299874523e+02
3.453108934450474621e+00
-4.594521761052063198e+02
3.314782275671208254e+02
4.136939801072696810e+02
-1.974157898687493571e+02
2.141763377768854468e+02
-4.276210652401183552e+02
-3.683106633962034380e+02
-1.189762574866288105e+02
6.625690128411953594e+01
1.935391922746510716e+02
-2.988719595630490744e+02
-1.005884815534963934e+02
3.243858954226923856e+02
1.119520147041407654e+02
-4.458107001165731731e+02
1.793102211899494876e+02
-7.990791471334298990e+01
-3.994727320030891633e+02
-9.400500396407659309e+01
6.608951260274289474e+00
-9.037956078301482421e+01
3.873955229935943407e+02
2.826190397546429267e+02
-2.425029672187527652e+01
-3.624765938079269745e+02
5.452706085313926678e+02
1.147464903253332835e+02
4.576374736309695095e+02
-4.356128386561611165e+01
-2.850872339131231570e+02
-3.631797516101497081e+02
-1.386382405010545824e+02
-2.345043960533683673e+02
3.423261577516926764e+02
3.791591872787830653e+02
-4.714721539256252214e+01
8.991037787069148024e+00
-1.405538969447149213e+02
1.819921039103068381e+02
2.942936585216270942e+02
-2.056996295762973048e+01
-2.847416156978088679e+02
1.587717408254705163e+02
2.565572015669382040e+02
1.892531214875836554e+02
1.180516633392170718e+02
4.140864155486892173e+02
-2.459881701851119544e+02
4.033277811871179779e+02
1.176440202989820136e+02
4.623209320455084281e+01
4.288720262026756131e+02
-3.737898164217751429e+01
-4.038663400599443065e+01
-1.109618939100857062e+02
-6.740815601872617435e+02
-9.599813910218482249e+01
-2.123052047801606079e+02
-2.778559685095302001e+01
-1.292857849732931186e+02
3.466062493612847106e+02
