-3.069664396120313540e+03
-2.736466456644131540e+03
-1.510561052927693936e+03
5.203390709853046019e+02
-2.500760909384542629e+03
-2.881252301925159145e+02
1.031979463570201005e+03
4.089016432563744729e+03
1.354276735747183920e+03
1.194290389385393610e+03
8.121735747566691543e+02
-9.403655139110305754e+02
1.696493741661776312e+03
4.148438757082422512e+02
1.106035999792177108e+03
-1.972776239944209465e+03
1.080659307612541852e+03
1.035065318432271852e+03
1.537450608171839576e+03
4.272441099672689120e+02
1.155169761924775912e+03
1.536102844461574477e+03
-4.303637292531537923e+02
5.801527643967152699e+02
-1.269602096107373882e+03
9.593259296214100686e+02
-2.711419507290106026e+02
1.112900653450688196e+03
-2.712431625020293495e+02
-1.594878067394556410e+03
-8.739854221935518197e+00
6.241180934158027185e+02
7.323426555730040377e+01
-1.024377441294615892e+03
-2.844567669543415036e+02
-6.088863810549651134e+02
7.792854440562886111e+02
8.772266655169595140e+01
1.064028247195040393e+02
1.755079926379514973e+03
-1.279482578450474648e+03
-6.129886699731894169e+02
5.214556114833909533e+02
2.291516366687857499e+03
5.518845702920565373e+02
2.350873278603476422e+02
-5.188342761709244542e+02
3.073984379126905537e+02
3.384272144168093064e+02
-1.665657712519277140e+02
-2.678186394625047342e+02
-8.026316374412206187e+02
-7.035938057040584681e+02
-1.904818246955097152e+02
-3.814520360883774970e+02
1.093347644599381709e+02
8.898387236492485499e+02
6.255013248448320837e+02
-5.741057669508820993e+01
5.731501729897597670e+02
2.169735318178764487e+02
-1.286802184216531032e+03
1.591833813327618827e+02
6.386137788365676897e+02
-3.916891168957795912e+02
-1.464840791584830129e+02
-9.047112206119462030e+01
-2.009908263936761159e+02
3.787382689497848105e+02
-9.049131046308070836e+01
-3.798803377460672550e+02
9.008094150588555067e+02
-6.357942430576645165e+02
5.224680854736828906e+02
-3.206747302078755411e+02
-7.973614619309782938e+02
7.858883824673368679e+01
-3.825964624821805273e+02
2.222660181858401245e+02
-2.842507428743508626e+02
7.100513192023486226e+02
-1.158947961486332815e+03
2.874382290128888258e+02
1.153447145976786175e+02
1.422675408232476002e+03
1.794586768586204357e+02
-2.539463447089993622e+02
2.809161459620332835e+02
-6.249412066745038352e+00
-3.957034799546455588e+02
-2.788991760065142671e+02
-3.761888253134035267e+02
5.163016803488031883e+02
1.296356670406410139e+01
1.109829091573025380e+03
8.523377281713203502e+01
-3.244582125443224072e+02
-3.451482037961157516e+02
-4.849513038356790844e+02
2.434146384786026118e+01
2.086696992163455491e+02
7.693259308458613077e+01
-3.381402338155531311e+02
-6.336290513922406120e+01
-1.885825532473668602e+02
2.096454038083495277e+02
1.485542046802705727e+02
2.281973938887253439e+02
-3.753260757068347289e+02
3.814353687409158624e+02
1.649952611060830634e+02
-7.252999845359744313e+01
2.672923042793157720e+02
1.250622347413806921e+02
1.154087359762278808e+01
4.760418349795746167e+02
-4.802684913094022932e+02
-9.738564047098150240e+02
-5.017505757509684372e+01
-2.037107564083024442e+02
3.530258260848376040e+02
1.813465087822446264e+02
8.845158350984297613e+01
1.114354702380644824e+02
5.164452852988026734e+02
-3.758206911013079434e+02
-6.776883761021186103e+01
-1.953425998536922350e+02
2.118856106173664102e+02
6.370364093828001160e+02
-4.363678402687775559e+01
-4.666159166098700553e+02
-5.294379275753585716e+02
8.374579377820236914e+02
1.536623213821425509e+02
-1.639133395245471547e+02
-9.668591963277248169e+01
7.510141785329167874e+01
3.166887233718311450e+02
2.383742801727698577e+02
5.302652318281853638e+01
3.292747770161785184e+02
-2.465515570416868059e+02
4.990050474102006319e+02
-5.027193646993055722e+02
4.916927152926922417e+02
2.762617196405142295e+02
-2.410481426925252606e+02
-5.060613499934443382e+01
-3.137449406188511034e+02
-5.024705157220537899e+02
-1.603712383777183561e+02
-2.726712897387503176e+02
-5.599505164352384554e+02
-2.068762520793845567e+02
-8.497010666930907519e+01
-3.140741170647597258e+01
2.723877371475859945e+02
-5.266923781160991069e+01
4.914456701800989435e+02
-5.046256355968796470e+01
-2.619509635844624427e+02
-3.334194940853885214e+02
1.797901962780895246e+02
-3.017238054448948219e+02
-2.719824294609799722e+02
-6.767900853638410581e+02
-2.914003508995415359e+02
6.163440211220731726e+02
-5.227494804338903123e+02
-1.692563620228026480e+02
2.886366418054882956e+02
-1.394648696521594999e+01
-3.889937457205755322e+02
-1.018711242519140825e+02
9.971014544103353217e+01
-4.983190296708364144e+02
-1.491375734548357173e+02
2.636871160291597604e+01
-3.062369148610194358e+01
5.819099482600385045e+02
9.858321634915785125e+01
2.408183980309232197e+02
-2.601912523221598761e+01
3.893509751534455745e+02
2.823684868046675547e+02
-2.808902235160627470e+02
1.109394286322624339e+02
-1.554808416132309219e+02
-1.659454334522063448e+02
-5.890399341519409404e+01
-7.376746791137702530e+02
6.513210646068070275e+01
-5.749595446874892879e+00
5.855979227865316972e+01
-2.154841645577345446e+02
1.609530325798913850e+02
-2.150129133743747616e+02
-2.499552256620601298e+01
-3.143704928592321224e+01
-9.995999554659655928e+01
1.311687198203053129e+02
3.116119338470198272e+02
-9.909215384559533391e+01
1.582788944974307128e+02
-1.144277917153843482e+01
-1.602670053335711202e+02
1.928086223475442864e+02
-1.516221149260510117e+02
-1.363063354881934401e+02
2.832410043654573428e+02
-3.780617328211107520e+02
-1.127219750575496278e+02
-1.696949346373231435e+02
-2.152071991222104828e+02
-3.683211613992141906e+02
-2.748116547347998448e+02
1.615468344413864656e+02
-2.449417869315360576e+02
-3.568245813694303479e+02
7.920869411476185462e+01
1.420651397004520504e+02
-3.968124053656569004e+02
-1.475590500016071793e+01
-2.677677488533885608e+01
-1.127250054418434360e+02
6.167986960349823278e+01
1.198362291893375868e+02
1.118311195752076230e+02
-4.822382148167729099e+01
-1.749800976294754093e+02
-2.100968969935152870e+02
-2.827479964575636018e+02
3.227425723519451708e+02
-1.458518386140717098e+02
-1.736572823038490867e+02
4.680442683013506411e+01
3.143840293757710356e+02
-2.558625341136346876e+01
-5.549934486367288855e+02
1.533450010927439280e+02
2.717499034140928416e+02
-1.797892138326333509e+02
2.646167608558125153e+02
-1.971449759672111668e+02
-4.282785370457380054e+02
2.993558469026539370e+01
3.001112384026302138e+01
1.772675451506935644e+02
-2.216635156682596346e+02
-2.812896377765818556e+02
-1.634992792443559892e+02
-1.684146349929632436e+02
-1.833823833578088909e+02
-2.278795952009747054e+02
7.545655498336035549e+00
-3.292746674336387969e+02
-4.715096860813741131e+01
8.553841440058100432e+01
1.071270127167970827e+02
1.158852669453533757e+01
2.119411657637070903e+02
-9.308673118225804899e+01
-1.474579751921758657e+02
1.590760768384651271e+02
1.137234564705802882e+02
5.571941071849133778e+02
-1.103308148950291496e+02
-5.432907264660401125e+01
-2.808934222166223549e+02
8.727199080516817276e+01
-2.676910099231668596e+02
8.140082174832481599e+01
3.987490108703401006e+02
-2.674964867448990162e+02
-2.424346889593392973e+02
9.892331433345341907e+01
1.832136360128660613e+02
2.977495778545622898e+02
-1.346082868605862757e+02
-6.042217450927474687e+01
-3.625506352290289414e+01
1.229073311229517742e+02
1.347096230763858955e+02
-4.694606297312152954e+00
2.153366526620721189e+01
-7.454792176049051022e+01
2.527948955660476997e+02
1.895677947944010455e+01
7.439052655170648620e+01
1.328989595787478777e+02
2.655762030078314524e+02
1.117997580717898387e+02
-9.098031623077440955e+00
-3.265246179609307546e+02
-4.834870775762454542e+01
-1.799293339777138456e+01
-1.676650298171887243e+02
-1.918796403615869508e+02
2.884959456759261229e+02
