-4.591720902571502847e+03
-5.075941934916990249e+03
1.748652092248840290e+03
7.866403654429630024e+02
-1.483121753016435605e+03
-9.106302740133704674e+02
1.916446962078045090e+03
-2.998675232024820616e+02
-1.472922897684027930e+03
-3.673983454889679251e+03
2.155668352085979222e+03
-1.924019589713476307e+03
-2.302042593502407613e+02
2.085506426336927689e+03
2.123250938089159263e+03
9.215795957180708342e+01
-9.958193463710622382e+02
-1.387300339856917162e+03
1.652177376218415006e+01
-1.733609973967038968e+03
-4.282069273640593110e+02
-4.161069058357687567e+01
-1.878250757356750682e+03
8.083367084211911333e+02
1.931469403142222973e+03
-5.791479845302941385e+02
-1.204344990616167706e+03
-1.695613109055113910e+03
-1.648862268888034805e+03
-1.094591358371248816e+03
1.568140922375998343e+03
-1.418500370502933379e+02
3.202097354094695447e+02
6.637753230926831520e+02
-1.418273339761145166e+02
-1.017203168932213885e+03
-9.845442510538982788e+02
-8.641858057467918570e+02
2.414106894719607510e+02
5.931188630367720407e+02
-4.464443730509922830e+02
1.082607190524685166e+03
4.475193672461106189e+02
9.405135356791578261e+02
5.033897096887662315e+02
-2.578634654521313223e+02
6.667381929303976449e+02
1.475791098258515319e+02
1.176789434634139297e+03
2.281906785163588722e+02
-5.133267481419409961e+01
-3.005409531987093033e+02
2.088850758798032246e+02
9.256248489795677870e+01
6.723859870629200941e+02
1.593935802200724538e+03
-1.195955322799410396e+03
3.358630779306552085e+02
2.345533631532208005e+02
1.167965715078741908e+02
-3.058394448870685878e+01
8.184669299355488192e+02
2.268927172766813385e+02
1.333070710177678677e+02
-1.242464730949674504e+03
-2.373170794691746011e+01
-2.033686665746506321e+02
3.416960535848795075e+02
9.099045905650544341e+01
-4.983255935095226050e+02
2.815877838551648438e+02
-4.831173178416016185e+02
-6.329509391521899033e+02
3.551958700360928560e+02
-1.495692544194775451e+02
2.634888599909760387e+02
-7.430674256169239698e+02
2.474774208202469765e+02
3.307830733526161566e+02
-6.050832366652206247e+02
6.229777701329985575e+02
-4.684100213843503298e+02
-4.268539581640151823e+02
1.409482479336863037e+02
9.059509956827724864e+01
1.500234871775729744e+02
1.789962437729803071e+02
7.153619115374350486e+02
-1.953737273681331317e+02
-7.320531574581623317e+02
3.651409647861996177e+02
1.642798453684675053e+01
3.174782841794888668e+02
5.708885634972431689e+01
2.133397531120854183e+02
-5.233546975488558246e+02
-3.202890228635064318e+02
-2.310636450179115684e+02
-1.571727633202125674e+02
4.366328398277004226e+02
6.182810931483592043e+01
1.472366698932470683e+02
-1.641547281000138412e+02
-2.609870109818746755e+02
3.169782011176575320e+00
5.599278312284066033e+02
1.733905831839687153e+02
6.840963447064607408e+02
3.095255462622561637e+01
7.084864241517226446e+01
-3.628833417421442391e+02
1.762280966317808577e+02
1.314310800076729890e+02
-2.087456028690588994e+02
-9.967263411324710276e+00
3.496272126154160276e+00
-5.445943634025577040e+01
3.156836614173455473e+02
-2.876452435782932184e+02
-1.275753645915704908e+02
-6.394571796057916799e+02
1.536142375649214955e+02
-4.216296949680345278e+02
1.276479314635264757e+02
-1.023554670590774549e+02
7.870725718482698312e+02
-1.421339268186777360e+01
1.240295147063137762e+02
-2.665600138475266476e+02
3.037780372577149137e+02
2.680245951040512296e+02
1.654900746935509233e+02
-1.617492577962794655e+02
-1.653313763913875789e+02
3.793253777108200779e+02
-3.339562096279802006e+01
3.978780128673338368e+02
1.896026792244133219e+02
-5.591368096838133397e+02
4.015614531234728020e+02
-9.667130076431946861e+01
9.799425185144001205e+01
-1.399710605760305882e+01
6.719088266589484704e+01
-3.613536228198599929e+02
-1.050779595840245122e+02
-1.174432190773120368e+02
-3.988193826421170485e+01
1.806488076388542083e+02
1.410937027759531190e+02
2.689826471711717204e+02
-5.512879062218353283e+02
-1.844692962503673641e+02
-9.453202289181179552e+00
-3.221294967607967408e+00
-1.007697526861997659e+02
1.180984531358327843e+02
3.176748508403630353e+02
-9.058497450284856711e+01
-1.481553128342755521e+01
1.984387235090439106e+02
2.461936600866583547e+01
-6.504640179612053430e+01
-2.704540552081043643e+02
3.115228976595449808e+02
-4.132113239684833417e+01
-2.152324669214910102e+02
-9.982370401436755003e+01
-2.873928142301202797e+02
2.380544270459193683e+02
2.905693820353994283e+02
1.130902162307281458e+02
-6.888221026741821618e+01
1.330467281469365446e+02
7.393396895382582557e+01
6.460796247630342748e+01
-7.684443583796513622e+01
-4.569617285229213621e+01
-8.806572007865808871e+01
-1.061139270905452037e+02
-2.065427420200035513e+01
-2.513490981445627881e+02
7.187986026358728964e+01
-2.668112763024319278e+01
9.586560073008992333e+01
8.545149501215844623e+01
1.693529581076066961e+02
1.091325173987111299e+02
2.170006637506721603e+01
-4.338445200327772966e+01
3.919484188064584629e+01
-4.416147410329059397e+01
6.159281048334854347e+01
-7.705979187289359800e+01
-1.619226292606474829e+02
-2.079581265653624769e+02
6.752257616985860977e+01
-2.702601243971246703e+01
3.083424035669018792e+01
-2.644116872491540562e+02
7.768636761362903087e+01
-2.757426583301011291e+01
-2.742425850536463372e+01
-3.475193189014922979e+01
3.339586247707779876e+01
1.529132328774715610e+01
-4.764362143849070463e+01
-6.923919298260149446e+01
1.527026882198955207e+02
1.031182452816750583e+02
-1.232188269280201922e+02
7.517974992965751824e+01
-4.717926273645493040e+01
-7.354329839758909770e+01
5.861710914586497267e+01
1.302892334956797704e+01
8.739768389635555934e+01
6.327395107896819582e+01
-1.168226125143915226e+02
-3.489305606091205192e+01
3.564720128362335316e+01
-1.317866553892844195e+02
2.569563849908926727e+02
1.308066253664125895e+02
1.327480376211967084e+01
2.280084798244582345e+01
1.639296946044238723e+02
-1.082336599075679402e+02
-5.004442609945963483e+01
-5.776214013363004796e+01
5.041953211195947659e+01
-1.888419092075517369e+02
-8.340567194947055896e+00
-1.173473145139587928e+02
-5.904269292580019624e+01
-1.184016698685295381e+02
-4.837479911586889614e+01
-4.666870079723162945e+01
-2.743655923337066227e+01
1.064792895743509860e+02
-1.006405083792187583e+02
-7.582296549405835151e+01
-8.010993687020179266e+01
1.838710396756850116e+02
-8.409207425696618543e+01
-1.593865598238536307e+01
-1.512971548394990009e+02
-1.195243269945071773e+02
9.313558633749386217e+01
7.249792719133618846e+01
2.205214716552941567e+01
-1.030957059271520251e+02
-4.362323870446858365e+01
8.056164733065880057e+01
-3.200304059874711271e+01
-2.531761875557771102e+00
-1.098083511064172626e+02
1.492819296377997773e+02
1.133528597803854296e+02
-6.380755487303828488e+01
-2.399331556580150959e+02
-6.323692192121195177e+01
6.778091407318240158e+01
2.019437178193961291e+00
1.121859263058826457e+02
-1.032870865872791768e+02
7.744910626119695962e+01
2.630162119712166735e+00
4.442665605396063455e+01
-1.978688273133344069e+02
-1.357290420103664985e+02
-5.376469621736146109e+01
-2.777867013927992446e+01
-1.250358336504664010e+02
1.392257092973617603e+02
3.929152059357312510e+01
-7.313390240766689487e+01
-2.374201938295139769e+01
-7.610864133093072859e+00
2.219193924352786240e+01
-1.609598937187218226e+01
2.988580995844996480e+01
2.745459768923059585e+01
-3.696604066034145575e+01
3.468684398819689108e+01
1.262048270630354807e+02
2.602071049990667362e+01
2.241167027158231306e+01
-3.881584506277080493e+01
4.101045669131656979e+01
-6.987541980075519632e+01
-6.109374659484294057e+01
6.333871880501084917e+01
1.175166961007427915e+02
-1.881218141839274693e+01
-5.277169010343194344e+01
9.471933793765374787e+01
7.718381849421867003e+01
-7.463668758242651791e+01
6.902518549830028860e+01
