-1.729064859350213965e+03
3.597776062079014082e+03
-2.801505420052204499e+03
-7.647775461653997127e+02
-4.357200215646642391e+03
-1.100695696023592745e+03
-5.455710551703987221e+02
2.970163996533486284e+02
-6.766830769509012100e+01
5.875865144176345893e+02
2.674389376337853150e+02
-1.685897302309742827e+03
8.727224170520753432e+02
3.912825791073127562e+02
-4.745276811093353331e+02
1.386213641056789584e+03
2.292361711357666536e+02
-7.502905237825583527e+02
1.363629489541669386e+02
3.454494627686237891e+02
1.114725072535142999e+03
7.624849951479934589e+02
1.516900816074470185e+03
4.574158948518580132e+02
5.345663997489626809e+02
-1.727405231390759468e+02
1.881752946799969664e+02
-1.219288547385993752e+03
-8.199225255037308671e+02
-2.517840091838766341e+02
-2.040713578779622708e+02
-3.062390188127471333e+02
5.557478172883540992e+02
-6.845629996918165716e+02
4.627355053996875540e+02
5.158087841679617895e+02
8.432056545391072859e+02
2.646722903853444677e+02
1.003768410497493591e+01
-3.259820146180528155e+01
3.582890500815910286e+02
-3.619000504585567342e+02
4.937948538941024594e+02
5.198286147400989421e+02
-5.458614428560592842e+02
6.090605758743421347e+02
-3.078303591553207070e+02
-3.281163527246355329e+02
4.602756827535915249e+02
-1.596347668119565810e+02
1.310755342608983085e+02
-3.465191432270877669e+00
-2.113540640256474887e+02
1.395366633656996953e+02
-1.867201903895843729e-01
3.264798290734154307e+02
-5.200221593455693210e+02
-1.803001036140606743e+02
4.564295289428623619e+02
5.908676595268570253e+01
9.912961385502829614e+01
1.402660518694552252e+02
-4.087808898784552412e+02
-3.219826134453128361e+02
-5.170115215154667112e+02
3.360602432970899827e+02
6.372887729729874309e+02
-5.574302035043594969e+02
2.421648260648206303e+02
1.217859037712695454e+02
4.707931429791047435e+02
2.913387030637207431e+02
1.496607405648119595e+02
-1.473389911746728842e+02
-1.575856787194116748e+02
2.529519262686847370e+01
-4.390878224003201780e+01
-8.811783611717849851e+00
-5.350848148052672286e+02
1.677693281899416320e+02
-7.754487264282127512e+01
-1.468563009607471770e+02
-1.140423386372626311e+02
-6.484417267704951655e+02
4.150791335654770364e+01
5.160368402879832672e+01
2.152849571882632347e+02
4.051516531679200739e+01
-1.876606910652461879e+00
-2.158174990305464291e+02
4.926150173320991144e+02
-1.592349233235775614e+02
1.462284331440308165e+02
2.067328104897887329e+02
-2.602561752441485510e+02
-4.706165925173522169e+02
-1.336469008796271396e+02
9.038263953547711083e+01
9.093930471137539939e+01
-2.459635471349221234e+02
1.908433109569445776e+02
-2.972938182115906329e+02
1.121653961120350829e+02
4.061439274237251880e+02
8.839093890328811653e+01
5.562485057657243459e+01
-3.370446169478508125e+01
-2.041189860073935733e+02
-5.151290290174569009e+01
2.387474443608320200e+02
-5.282666616901130965e+02
-1.461634826154702296e+02
4.234922780374286617e+02
1.575416258940824719e+02
-2.156633912313332928e+02
8.599276129741234342e+01
1.048998196709045772e+02
9.404629788646164457e+01
7.730285078131211662e+01
-1.961827779194670640e+01
4.547208320018054195e+01
-3.678152414362184572e+02
-6.814539631322427127e+00
1.460097035352726778e+02
-2.793658368727360539e+02
-5.011778754217181664e+00
-4.587229620995652795e+02
7.353244356979799079e+01
-1.567084195533560909e+01
-2.855125569001695496e+01
2.044153599252524316e+02
-1.429181357895192264e+02
-3.628107496631693607e+01
-5.473018391210072053e+01
1.049510067489437262e+02
5.697944722861499400e+01
-1.148548274279070682e+02
1.343013615174788526e+02
1.695737864955871714e+02
-1.721204296604489343e+02
-7.322138796670917316e+01
4.309794107988928147e+01
-5.186343281488861834e+01
5.704870615675756085e+01
1.007034085571010849e+02
-1.288652687337319662e+02
1.303528941315216514e+02
-1.688655797662809448e+02
-3.823756097782376173e+01
-2.613028297122219783e+02
-1.415168670145843919e+02
7.446089691076807959e+00
-8.038872009476060043e+01
1.985759185786895387e+02
-3.838414128902297762e+02
-1.138245597794686574e+02
1.523647224600727554e+02
1.547566222079468616e+02
-1.145489313861244511e+02
-1.604796519790583318e+02
-3.896982322260877822e+02
2.246657081921312837e+01
4.887465209577849912e+00
1.358806672454236661e+02
1.273900403522261229e+02
1.947522684589361859e+02
-8.246928457622180986e+01
4.587550747934699302e+01
3.340859424390262689e+01
1.152547722428327717e+02
-6.712558060536080973e+01
-2.000626513273222429e+02
-1.539740308631533310e+02
1.341006410227866184e+02
-6.446934610956284928e+01
5.887319775798255250e+01
-7.954489777656797855e+01
-9.480661045172293200e+01
1.477344579467671792e+02
2.447846429930150691e+02
1.863274498649984992e+02
-2.262469719790740630e+00
8.222782605598563066e+01
-4.980111636111810292e+00
7.169144278949107729e+01
1.167212573586867030e+01
-1.663168238768579101e+02
5.815927222415310638e+01
9.186701965871515085e+01
1.869967539115790700e+01
-3.916092851235338568e+00
-5.833853320280903176e+01
-1.650676144949465822e+02
4.500362242916666133e+01
1.355526984369801191e+01
6.612706300086070144e+01
-1.687985817646402609e+01
6.120114964103630228e+01
-4.619197550040478006e+01
-1.844777639653252663e+02
6.343385321399794208e+01
1.694301131834918124e+02
6.220127474706838022e-01
6.191146424974930618e+00
-1.607026716427358437e+01
6.834131879169005686e+01
-1.415420802012820332e+02
-1.826894443328672537e+02
1.626851162045992396e+02
1.024240435372957734e+02
8.151900936334276082e+01
-9.106672474748151558e+01
-5.644534688859451421e+01
8.539787357946494240e+01
2.152361050807016341e+02
-1.294239399872367180e+01
4.038434449118475555e+01
-4.046754953639762675e+01
-3.038028434404111522e+01
1.276174513519236520e+01
-2.483986559164731389e+01
-1.035945686583579572e+02
3.092069359117681060e+01
-9.381802797576251862e+01
-1.987541228317843789e+01
-3.600738144180412093e+01
-5.433628585365122632e+01
-2.375603125952027384e+01
-4.519307761680876467e+01
3.029220760022475645e+01
4.701200726059077795e+01
-2.722172419235400653e+00
-3.319147400314728458e+01
8.407352208169969288e+01
1.225217504674342592e+02
7.106124439785277502e+01
-4.208734790462693098e+01
1.694839016139693655e+01
4.795628821670267428e+01
-1.234959768260937096e+02
-1.249302201084005581e+01
1.011860562172585531e+02
7.976564807215488884e+01
-6.162370933666602468e+01
8.939352764587295042e+01
5.586049128135820041e+01
2.521125775748789977e+01
-3.146684927668486154e+01
-9.816558609709750272e+01
3.125790932469306327e+01
-7.864175265675456217e+01
1.845060219407736923e+01
-9.009913572201492471e+00
-4.543236621732923908e+01
-3.424173023538458693e+01
5.483178466410249996e+01
-1.718469403575936028e+01
-6.645412772986682626e+01
-7.506412390639840737e+01
5.195183429461532398e+01
7.362302013285008684e+01
4.295914642924054050e+01
8.117706824046319980e+01
-3.351750300304120600e+01
-3.319002629358768530e+01
3.500694330948846300e+01
6.340463452610879358e+01
-8.169310079491613408e+01
-2.264624789511117342e+01
3.279968032097366404e+01
2.191937407150374995e+01
5.328444494028784817e+01
-5.385988554610555923e+00
8.265726715047574658e+01
3.171092807820644843e+00
4.854295894557491664e+01
-8.518629143352288935e+00
8.075783936979978250e+01
5.465142699194360887e+01
-2.833919932600190350e+01
-2.527055287181033449e+01
-5.469990670337113414e+01
-2.047727303921458386e+01
1.366289207196130917e+01
-3.787279689210337352e+01
1.168855733812359254e+01
9.937181939720932178e+01
6.536254790034594464e+01
-4.414278354424456552e+01
7.999365981301360762e+01
1.384917028677280726e+01
-8.780168240832882276e+00
-2.073145943339571318e+02
-6.623846443212002555e+01
-4.588352352982017379e+01
-1.705551502642687112e+01
9.561105472463195198e+00
6.867235921876387650e+00
5.572254460153024525e+01
3.368272856851022112e+01
