3.601286689722679512e+03
1.367915490876084959e+03
-2.880600665937867234e+03
2.169606616102457792e+02
-1.405688593612574550e+03
-1.478355021900564680e+03
-7.087983603066385285e+02
2.053919616656246944e+03
1.342591852934563804e+03
-1.627489437964781587e+02
-3.033856658873995912e+03
1.288449161231433671e+01
-1.198024690951401226e+03
2.059709622839844911e+01
7.631739226492494481e+02
-1.628298715789800553e+03
3.397090845525821123e+02
8.608317228977267632e+02
8.708121476858987080e+02
-6.003938477947428964e+02
-1.175923009736464564e+03
-6.984179208326459047e+02
1.288848042960521298e+03
1.553591517789772524e+03
5.882765290818156956e+01
-7.659110940004442227e+02
-1.047457026642799065e+03
5.177743934454571217e+02
1.163044788473384372e+01
6.661533276363845744e+02
6.581549404748502639e+02
-9.584560186385982661e+02
-1.346658828307401336e+03
-8.987753630763636465e+02
-3.170126789953887965e+02
7.177953503254478562e+01
1.774097788698116460e+02
-4.397364029135424630e+02
-1.075436429944819338e+03
-2.452133059479146198e+02
-3.633223727081117431e+02
-2.657738651683081912e+02
-6.764662813102864902e+02
-1.530482318604719580e+02
-3.162861929575242357e+02
-3.504725593665723409e+02
-2.248628378521852085e+02
-3.299091876566776591e+02
4.812920262748252753e+02
-1.196699181146857001e+02
-1.866049556996992749e+02
-2.727974464999961697e+02
-6.249740344090345161e+02
-4.689646555912265171e+02
-2.907859780769578038e+02
1.529485627888359431e+02
-1.230278118612005073e+03
-3.505201910860987482e+02
4.116532608584782906e+02
-6.243109298585049771e+01
-3.121959680183225601e+02
4.066798660968755712e+02
-5.368429490226441203e+02
-1.368562369724528764e+02
-2.563181236985048486e+02
1.264064245439540031e+02
-3.912981411620534118e+02
2.105692185656315587e+02
-1.109513249995691382e+02
-7.816077686410609715e+01
2.458193657848549094e+02
1.173512983093191409e+01
-3.114107060246889773e+02
2.404181267442605758e+02
1.519950381588158450e+01
2.143056117689142468e+02
3.334635103796402689e+01
-3.337957901898495550e+01
-2.840295583249131823e+02
4.961667588999172551e+01
-4.261047996829627778e+02
-2.491416846396820404e+02
-1.821970837210220751e+01
-7.102150076010656221e+01
1.697685620696635169e+02
1.322463949687699198e+02
3.283571276140086184e+02
-2.203537261804630418e+02
-2.129222659929577333e+01
4.748094996779761914e+02
-3.038442367526751582e+02
-6.723786357754414666e+01
1.551220907371955207e+02
-6.301704888661069504e+01
-4.143513742992463023e+01
3.589268610732454334e+01
-1.549578834983823583e+02
3.200726745364223689e+02
-2.220473378482585929e+02
1.826390609985744220e+02
-1.306692929099724552e+02
-4.278366089684112694e+01
2.598398969721123990e+02
-1.249192758893444477e+02
3.889654258821440180e+01
3.931596753871668284e+02
3.456701544350365793e+02
-3.217395592625304630e+02
8.490480856746908955e+01
-2.027830319812045730e+02
7.683986454533288679e+01
-1.551592645774744312e+02
-3.226844115891393585e+02
3.037270603536650881e+01
1.341543158342861659e+02
-1.677363103101253330e+02
-3.181105617150958551e+02
-9.492191707975456438e+01
3.864158372618047821e+01
-1.909134036167413058e+02
-1.164818197210055644e+02
-6.570839911606164208e+01
1.771084091607820028e+02
-6.368918200578825406e+01
-7.912231195583922272e+01
3.714261061371684769e-02
-6.424208455695601572e+01
-3.357399398032282534e+01
3.341130195133589496e+02
-2.881411193870840393e+01
1.127138520557298449e+02
9.587761665923139276e+01
-3.590727872708443158e+01
8.327700545908156471e+01
6.754517959982926811e+01
1.860326130812520091e+02
-1.593120193038382126e+02
5.810896029832757392e+01
2.108404326604905634e+02
-1.190433640967792073e+01
-1.687632454039319896e+02
8.876083644324565114e+01
7.019459938534690480e+01
4.524580616771687858e+01
1.106893829922118897e+02
-1.473805881127412079e+02
9.040398313433831845e+01
-7.243394696547609612e+01
-7.232553975876109575e+01
-2.697531658966822832e+01
-3.069298992855343755e+01
-2.700589163833090112e+01
-1.722523411982323864e+02
2.119328991640130084e+02
1.037653725639140490e+01
6.593631918440122774e+01
-2.412134377726687617e+01
-1.728052512182202634e+02
-9.696197199800383260e+01
6.928688852160702538e+01
1.842552652240896904e+01
8.211467114183038518e+01
5.132680024332702118e+01
-4.396421787151835048e+01
-1.878818940945899101e+02
2.097374701287696155e+02
-1.516968372381650454e+02
8.863070064111113311e+00
5.466294079895724423e+01
-9.230862301423604777e+01
-1.313838687859679624e+02
3.389046170451334206e+01
1.013694916372735122e+02
1.873739756608729223e+01
2.105145973552075844e+01
5.276487806943661951e+01
-5.574307162347149358e+01
-6.414697218491269837e+01
1.285632222441542467e+02
1.765348638213639276e+01
6.592871096618343074e+01
-4.026051216396061960e+01
-8.171228694712807439e+00
1.601122894319201464e+02
-1.009992732426703981e+02
-4.011500809580125804e+01
-9.445927612145606389e+00
5.140380390151219103e+01
-3.396788511447793724e+01
3.501865965806405256e+01
-7.708327301615030080e+01
2.539240157041544066e+01
-7.525867941351391810e-01
-1.796698162169156276e+01
2.714640001750526466e+01
-2.255863413387456262e+01
9.646198125007784085e+01
-9.716603753501341600e+01
3.878272199645260798e+01
-7.083622769151868681e+01
-1.372697606138740127e+02
3.207883288737595251e+01
1.282669062727588312e+02
9.463791388072094435e+01
-5.714844851953651883e+00
-1.152920997319798317e+02
-9.949754113790935151e+01
-2.558839001331049445e+01
9.305651334452666390e+01
-1.078420299018160335e+02
5.626584021451009932e+01
1.760735756296336518e+01
1.562827953418907967e+01
1.307306064028046819e+02
1.081348932909431859e+01
3.239422112816960464e+01
1.307069667692052519e+02
-8.508460993486839641e+01
1.114129227225850371e+02
1.691045496372353352e+00
-1.291844105538802978e+02
-1.230897738907530226e+02
1.631897128183130974e+01
2.695886968800578387e+01
1.214142453217075399e+02
5.445681560097018803e+01
-9.378412800276726102e+01
6.712035722082788425e+01
3.469014740819315712e+00
-2.437837722453564737e+01
1.793294327637083896e+01
1.471226179281146962e+01
-3.125141200999732582e+00
1.844771992391379456e+01
-3.488040372118459231e+01
2.588336337298926182e+01
-9.211287614357743792e+01
-5.073166344282616791e+01
4.454042267066715688e+00
-7.256972681812022152e+00
-3.340665017220131716e+01
-3.784982801651715079e+00
-7.476566661064467212e+01
-4.362738257474366321e+01
1.023160287642505324e+02
1.513690503857613301e+01
2.080806458402820169e+01
-4.063919184600491974e+01
-1.375621999288043753e+02
1.298411790285916823e+01
-3.687873494654255779e+01
3.087337212763678451e+01
5.591456241768928415e+00
-3.172406072035728553e+00
1.579255469707373720e+02
3.222619680399919417e+01
-1.232442313275717112e+02
-4.178707391091146661e+01
-5.681933208153841974e+01
-1.368309307092122395e+01
-6.365686617772016831e+00
-5.496861637389514499e+01
-6.486454379463179976e+01
-5.206374323173643681e+00
2.701664003866143204e+01
3.959080000329163518e+00
-4.757012852143138559e+01
-2.721284298182422390e+01
2.866309152662029902e+00
-6.590968603770578227e+01
1.234370407227718403e+01
5.262102634725676609e+01
-1.933795538410602788e+01
-2.323909919688674819e+01
4.752602662923433030e+01
-2.545372187077409620e+01
3.053886519311829773e+01
3.080842579150551686e+01
-1.561724193123356086e+00
-7.592675361206643458e+01
-3.116649685336638598e+01
5.428750482146973155e+01
-3.187754073255565146e+00
3.510609391272559776e+01
1.615851204571733035e+00
-4.488955170584170418e+01
9.982805789761769688e+01
8.330336352188832905e+01
2.966965935417431766e+01
8.791144656288513204e+01
2.693009173799258349e+01
-3.276550995437359148e+01
-1.277230072737361013e+02
6.403274372956151694e+01
2.606063964412847156e+01
-2.679569826738922522e+00
7.488571975065788422e+01
2.033656760245721529e+01
-1.483583877045053612e+01
-5.868898559740789267e+01
