2.249913164927659636e+03
1.178158588283469498e+03
3.122822536314965419e+03
3.555098458753480372e+03
-3.603806657987340714e+03
3.034172611132444217e+03
8.122978804860449600e+02
1.320388955182108248e+03
1.718301948426112858e+03
-1.671162839586386610e+02
-2.431547505335068763e+03
-2.799832136618485038e+03
-1.793801481695093344e+03
-1.656152413345099376e+03
5.439292163649380427e+02
2.781902124207937277e+02
8.712582681594556107e+02
-1.667376361678660032e+03
-4.801019307343963050e+01
-4.440866832400398039e+02
-1.789380320809869772e+03
3.723665344512596675e+02
4.590461214296879007e+02
-1.724286112667357202e+03
-7.523892226069270919e+02
-1.082561685668488280e+03
-3.639977181515345706e+02
1.302013909754555698e+03
4.666522836207349201e+02
7.795833198905521613e+02
3.181325020090214934e+02
-1.640545953712224218e+03
1.935335111768292791e+03
-2.924633649120347556e+01
2.100949359388885114e+02
9.098491664265825420e+02
1.548994733341730580e+03
-2.166241429272654173e+01
-1.555693162786971300e+02
-4.547035494723958777e+02
-7.780643271812731427e+02
5.978071379213325827e+02
8.837522596566006428e+01
-1.840021541931304228e+02
-8.899523006914697021e+01
-5.490229510295141608e+02
1.511872608681142538e+03
9.639911692522791782e+02
2.075328774702386170e+02
-4.795661445977179369e+02
-3.679003913971242241e+02
-8.494201306221311825e+02
5.908984989035255921e+02
3.120278139575711975e+02
2.202768338669438037e+02
-7.520576545738540517e+02
-5.175066571292118311e+01
-3.601946440961152121e+02
-1.588221703591857192e+02
3.226449669625674233e+02
1.823403799802943297e+02
-1.845643788853688818e+02
-2.030284053780991371e+02
-4.838076545714141474e+01
7.454137530786798607e+02
5.122668374730055803e+02
7.139336486903052048e+01
-7.162898986961648689e+02
-1.637792858727856640e+02
5.128540998355342708e+02
-4.011671898141528914e+02
7.374340549294081484e+02
-4.208086245647698433e+02
-7.326078234588400164e+02
-2.282438861915849202e+02
-5.806342298898074432e+02
-4.825440875278068233e+02
8.062195759218307956e+01
8.220453273320420067e+02
-3.154574379525201380e+02
7.900767519352381214e+02
3.329808359320864497e+02
4.432216626996658420e+02
-2.533372014672688692e+02
-1.114303660329700506e+03
-6.178594199689891298e+01
-2.605728526904727005e+02
1.986439865501841382e+02
-2.229323266310736784e+01
-2.198168625144739110e+02
8.016482991356620857e+01
9.394692576369145343e+01
3.459938703901630106e+02
-1.809413208140549898e+02
5.528669855109256304e+01
4.506003452640284195e+02
-5.469139918378171927e+00
-4.873937206253853560e+02
4.425130960346249935e+02
1.436285536929182172e+02
4.350006736384116266e+02
-3.324012066630343725e+02
-9.111142351022743924e+01
-3.203417662357582003e+02
1.517469698044865538e+02
-5.551520094708082524e+02
-3.667062795318269650e+02
-2.682896768194194692e+02
1.343333676885688135e+02
3.639440469716188318e+02
-2.094658835445972045e+02
-7.068087805237681778e+02
-1.318878887976676424e+03
-1.659574081456846386e+02
3.764279920383598892e+02
-4.940746173841676523e+02
1.413940310334280070e+02
-4.857003962432212916e+02
-5.351057407127102579e+02
3.444932342001874872e+02
1.613364530092691211e+02
2.872304470035807071e+02
-4.930422883919739263e+01
2.564543265332233091e+02
1.583813587249506725e+02
3.547478248733440420e+00
-3.878914706709757638e+02
7.979375286801332550e+02
3.841169116048861838e+02
1.376295930393435754e+02
5.776011134836486605e+01
8.517891288059623776e+02
-8.644839071657792147e+02
2.839915686442528795e+02
-2.539668563384327342e+02
-1.151886010624190106e+02
4.423831597570560348e+02
-5.460108567079506656e+02
5.388222892926338403e+01
1.310103481741228109e+02
2.341407365851458167e+02
-1.046063803495270719e+02
2.021436061101238124e+02
1.943021824007138321e+02
-4.666576168151139115e+01
-2.556452768576554888e+02
-2.191550284496231882e+01
1.342332201718460851e+02
5.136037396838421500e+02
5.006222843061753451e+02
1.597006876844451142e+02
-3.008225129440831438e+02
3.489382221817601248e+02
3.851678941554951621e+02
-1.492034344772117720e+02
1.750260983946426308e+01
1.093928543163728904e+02
5.719452502055777359e+02
-1.780879839067314663e+02
-2.579340875479055626e+02
1.095229018549646298e+02
9.568895087959867851e+01
3.456028884176717497e+02
-4.001085745104079479e+02
-2.136622033417582998e+02
-1.787711230897834014e+02
-4.047196017170884375e+02
3.896414764060804714e+02
8.654575769259953688e+01
3.750788313549853115e+02
5.418700683323807965e+01
-4.375760868232559915e+02
-2.126713001931707652e+02
2.603806085603898879e+01
2.109833332565187192e+01
-1.143682454369665757e+00
2.165105722794786516e+02
-6.448456822524440213e+02
-2.405740328395669110e+02
1.982763078492623094e+02
-7.727712058162779840e+01
-2.846702385759861613e+02
2.899492355090379760e+02
3.005963804973031870e+02
9.407940414866189371e+01
-2.117321844348195157e+02
1.301800203268891778e+02
-9.864831780672990647e+01
-1.114038838057246608e+02
4.376294131490987525e+02
1.919897341820250460e+02
-3.409699225019014079e+02
-2.164068074196551095e+02
-4.455397923012798174e+02
5.724307074037113097e+01
-9.876155810971162907e+01
-1.556241704414270259e+02
4.442012763675596716e+02
3.278137119541274842e+02
-1.094353034413442316e+02
2.945289527083707526e+02
2.193959189867558450e+02
9.556709171564493772e+02
2.127404280876785236e+01
-2.314030275665427894e+02
-4.211426860018535479e+01
-2.417199059730172905e+02
-3.651870425426770428e+00
-1.777806658863648863e+02
3.888416322496227622e+02
-1.933944609320847121e+02
-2.586630465791331517e+02
-1.788544618288432559e+02
-3.251023555266529002e+02
4.239100124203888242e+01
8.072427073809255660e+01
2.216348030089405370e+02
-1.364698594301477215e+02
-4.964544280793069220e+01
2.813756448608825735e+02
-2.587671449180518835e+02
8.949165698869983032e+01
-1.545859465265205586e+02
-2.085004783691012449e+02
2.746007167847629944e+02
-6.282357018581164994e+02
-3.720222222023471090e+02
-1.149954181162333811e+02
1.000064354444711086e+02
-2.222684712983047461e+02
-1.745460500841028590e+02
-1.808013313845776509e+02
-2.275156949450370405e+02
-2.243922909752039629e+02
7.172730319708361435e+01
1.517767489375963521e+02
-3.418236473158063404e+01
2.142670301382525508e+02
6.916163665701570373e+00
1.601889102584439968e+02
1.605513714551103419e+02
7.242168899778588909e+00
-6.035717654568018133e+02
-1.761530631931453286e+02
2.215594409142792927e+02
4.955740958646720173e+01
8.589634224180662159e+01
1.072855029461922385e+02
-1.685000096131204543e+02
2.000480085613772303e+02
4.577873866889956389e+02
4.103386830842366635e+02
4.507688872166303327e+02
-6.504275869571982582e+01
8.570751482784844200e+01
-4.347492018336692965e+00
2.150468854702914996e+02
5.292891155567430417e+01
-1.977077994476429978e+02
2.863189521263307711e+02
-3.114735911670626223e+01
5.500155584663691570e+02
-2.103601709687238497e+02
3.118156866547207073e+02
-2.957473133923760997e+02
2.419561660624383137e+02
1.811372785489465684e+02
4.634546391331317636e+02
1.719037134644510729e+02
-1.785869065389742971e+01
-6.986244461545028628e+01
2.395107207065120463e+02
-1.208817292403489603e+02
-7.222383865517577606e-01
1.610287079017765279e+02
7.443102100203661564e+01
-8.528857142927880375e+01
2.157387651665008548e+02
-2.596575404306587416e+02
-1.339769331627225597e+02
-2.909575761420833828e+02
5.099742001653738726e+02
1.384110487344143223e+02
1.316152272675465440e+02
-6.066169635450508935e+01
-1.358868845870164250e+02
2.761761326032171269e+02
-2.058383097222981064e+02
1.624643103653190508e+02
8.766848258323963705e+01
9.294511627316306601e+01
1.934426650982826459e+02
2.462022699628026317e+02
8.978794285039055012e+01
1.652199804273224260e+01
8.143826757637114611e+01
-8.531596265860567030e+01
2.175075160842562241e+02
-2.131054097817187767e+02
2.428976254875372547e+02
