-3.480520228112464793e+03
-3.595769778963537647e+03
1.606380544815323901e+03
3.564976044634828668e+03
-1.617412441134781375e+03
-1.369581249060418486e+03
-1.016289100729215761e+03
7.483114274102155150e+02
-2.540266906331203245e+03
-8.382748104365464314e+02
-4.972955694164957663e+02
2.068379235180137528e+02
-1.976565968455039183e+03
1.898926094585774081e+03
-2.202402115986495517e+02
1.463490687370102478e+03
-2.645572967597566731e+03
-3.870664674524046859e+03
8.422974256609329586e+02
-1.776141141501625953e+03
2.640545643956776871e+02
2.022564724578551704e+03
-9.120487167595915707e+02
1.178651840096003525e+03
-3.975288264600636978e+01
4.128934720392709892e+02
-4.603578569152062983e+02
2.187944439098342286e+02
-7.418334858660474538e+02
-3.232921695889776856e+02
1.289830600785935985e+03
-4.503320750880881178e+02
-7.271120624318137970e+02
6.900596327855125764e+02
-9.697444995820030726e+02
1.137532234423471209e+02
-1.927753096821011468e+03
-7.719856703423181443e+02
-1.523393332763761236e+03
2.603142865919454607e+02
1.664180905459946587e+02
3.109614746061398591e+02
8.860421754434895547e+02
-3.463262520111543381e+02
8.266975685894323078e+02
-4.221423065900981442e+01
5.763172337187648964e+02
-2.013182832877935198e+02
-6.181999138884978606e+01
-4.221119297450954377e+02
-3.123809825818285617e+02
-4.114309694632070205e+02
4.456174425301662723e+02
1.005180000284252451e+01
-2.196953766757764868e+02
2.164693161475591978e+02
-8.418720189366534896e+02
-3.029486210240191326e+02
3.265908473873314222e+01
3.352561700584896585e+02
8.691287145719120417e+02
-1.143568705209570311e+02
8.167492349952614461e+01
6.825855171837774833e+02
-4.494997921829788652e+02
-6.080981492503042318e+02
-3.785284428650103337e+02
1.611100925381281854e+02
6.482769493614567580e+01
2.884657515956173484e+02
1.140077464733643637e+02
7.249648006245718079e+02
-4.940822702302046991e+02
-5.219166792309680432e+02
2.154450426245383596e+02
1.122776674719689396e+02
-5.054733145562629488e+02
-2.112409834912232043e+02
1.095631096781331308e+02
-1.897941144531731439e+01
-3.316690137037637243e+01
-3.071332268097717133e+02
-1.100969401434492966e+03
2.084347588671045060e+02
1.462262368320280643e+02
-1.517442314041655891e+02
-9.651307051673074966e+01
-5.175109396742591343e+02
2.175277551620155805e+02
7.776239043485554703e+01
5.945217071114991541e+02
-3.064566866292023519e+02
9.143585138028259962e+01
3.435911756432004722e+02
-1.951176888469976234e+02
-1.050135422893448407e+02
6.042274411494079089e+01
3.791636514006409016e+02
7.942988595008755226e+01
-1.868958192096061453e+02
3.137258854746388579e+02
-9.227734463677600729e+01
-4.030852287153898033e+02
2.301793416640967678e+02
-3.347611277841867405e+01
4.242198587549088415e+02
-3.218785380403998886e+01
-2.097015749223657508e+02
4.275314840915507375e+02
-9.705464685258237978e+01
-5.676571512479125659e+02
-2.541936720664125460e+02
1.548111109292882475e+02
1.044533918133035968e+02
-1.383257694253115631e+02
-3.124945938598844464e+02
3.727621055646220611e+02
4.439640925424005218e+02
-8.920314323169864679e+01
4.267638274747524996e+00
-1.996297458760543577e+02
1.466978788019467288e+02
1.208389863429111699e+02
-6.834933293433877566e+01
4.117802972247402522e+02
8.506027898755579599e+02
-3.298863415991463057e+02
-1.853606914942387789e+02
-4.811389227295723572e+02
3.211587323857941101e+02
-1.724466158100593134e+02
3.631823167969644146e+02
1.062369151468906665e+02
-3.198576515991215956e+02
8.394028728246156845e+01
-2.115677590122303187e+01
2.504342738162212925e+02
-5.686684575345086046e+01
-9.867976551704130372e+01
-1.014679441818483099e+02
-2.165400078400159316e+02
-1.642680725230612211e+02
-1.672388920315681560e+02
-1.078786757639826845e+02
-2.377843442360926360e+02
-2.807128886121706159e+02
1.453826447862816451e+02
8.016085462247288262e+01
-9.064760076875758443e+01
-6.545571681300112132e+00
-6.615062208273806732e+01
-2.113694000432905113e+02
-4.888454145642408122e+01
5.048933812118409747e+01
-1.209219958087664679e+02
-9.061818902147933841e+01
4.133397141008696707e+01
-2.371206344176648528e+01
-1.825739380667401974e+02
-4.239484436981330191e+02
5.261923650410377462e+01
-2.613829042491276056e+01
-1.190663703918452683e+02
5.470056438618806638e+00
-1.169708374479101423e+02
2.358399006426351434e+02
-1.246816167344083937e+01
-2.784026598863807322e+01
-4.904092852005851455e+02
-5.600367517470964174e+01
1.373955035824132054e+01
-1.907900451440946483e+02
3.239536759457444077e+02
2.254496041475206880e+01
-8.765931073142060370e+01
2.214397750080512708e+02
-3.138056311088677717e+02
-7.117544893273270645e+01
-8.258420160679601452e+01
6.315714289277808291e+01
2.314612632649128443e+02
-2.612105433705447695e+02
1.205190948202766492e+02
-1.277251946491957426e+02
1.770079217642084188e+02
3.092842115888831955e+01
6.212970856190172420e+00
-2.032750137262908652e+01
-6.890611757840326845e+01
2.485610318130206906e+02
1.479586236597382083e+02
-6.880816352384474044e+01
5.520786301474831248e+01
1.444231048944490392e-01
-9.068705628173205469e+01
2.983012671320170170e+02
-1.038026959481919960e+02
-1.471025204509153639e+02
-8.816497429488570958e+01
-1.736529459615872497e+02
1.272555849678421254e+02
-4.490764628419184845e+01
-1.056435863798359520e+01
-5.539683006022379885e+01
-8.508690170499657768e+01
1.529492421545480774e+01
1.195830654621192366e+02
-1.090524883544849644e+02
-2.523199984391575512e+01
-3.799925132133120798e+01
-1.444534392789550168e+02
-9.002452134534021155e+00
4.782618051805174275e+01
-6.264671915176509032e+01
7.242541377089298749e+01
2.757708706888744246e+02
1.052390737241146752e+02
1.327107891373511279e+02
2.449148266875971274e+02
1.883611020331195789e+02
-2.964640604374440969e+01
-1.688559291855694369e+02
-2.853246684288988977e+00
-5.483819783729107655e+01
9.359456289214988089e+01
6.310255041606708204e+01
1.159715305657330191e+02
-1.140659815570042745e+01
4.356489404227996687e+01
-1.049917066423415122e+02
3.358187941280592526e+01
-4.353378251401316845e+01
2.163065680669463120e+01
1.057456592919278648e+02
-7.379475022635506321e+01
5.165865998623800692e+01
6.625673246090323687e+01
-1.927883742680904788e+02
-2.570743903705063893e+00
-4.079790308496038875e+01
-7.108233477468327521e+01
-1.385940588421139239e+02
-1.059847870121768381e+02
7.953615536518937290e+01
-2.045925052941059050e+02
2.243582680057799550e+01
1.446270337313862342e+01
-4.123023724101002596e-01
-1.185344656749180956e+02
2.972789063643555352e+01
-3.729245439742933765e+00
7.275847528232937123e+01
3.239111919370665049e+01
3.144250209182855471e+01
4.243774956760268680e+01
-2.455023339640793623e+01
4.937750030568748372e+01
6.460079413189293973e+01
1.923570672841258045e+01
3.159829004912305805e+01
-1.920871911874759235e+02
-4.985347398516755391e+01
9.232026185901064252e+01
-3.024946723875266485e+01
6.507609183658436791e+01
5.591345001209298715e+01
1.634022270478632777e+01
8.461086407528247477e+00
7.475867968496605442e+01
-1.134284886007902173e+02
1.222498042787379404e+02
6.975545787853361901e+01
-5.525324239417223993e+01
7.459456803616014042e+00
1.006178701764084416e+01
1.618429419390368196e+02
2.646207953616021413e+01
4.882038582332295817e+01
2.946392152589333335e+01
5.013397530254836454e+01
1.887070286552431853e+01
4.831513957629773870e+01
-4.941300999492913348e+01
-3.716470665526939854e+01
-8.774973177010987513e+01
-7.161578955741652486e+00
7.798144800699331824e+01
-9.731144001656048204e+01
-2.868991240383619257e+01
-1.272415803309488922e+02
-1.964863510481980029e+02
5.641961520569904565e+01
2.223308835008855766e+01
-2.228501651440728892e+01
-7.052975675029055935e+01
5.066997490731331766e+01
-4.830063981161037390e+01
-4.741580786185429019e+01
1.088239705458890683e+02
-9.491396887396115289e+01
