-2.226756413904657620e+03
-3.087869308287045897e+03
9.095252046632942893e+02
6.144667408129317664e+03
-3.399012526818985407e+02
1.733069983247736673e+03
1.945050403760836844e+03
1.551453293181142499e+03
-2.311141631079117644e+02
2.409505343074855318e+03
-2.980225170749961762e+03
-2.261171834819121159e+03
-3.205824681735123818e+02
-1.243923567852105180e+03
-3.251533437046951349e+03
-8.190503784349159488e+00
1.479516170577609728e+03
1.544575925639472658e+01
4.444270372818759256e+02
-9.697610038969204425e+02
9.636720157727626201e+02
8.267938482929218935e+02
-1.860117687149855328e+03
1.643043360700467474e+03
-9.532943627467535919e+01
1.092940242118596188e+03
1.388709606384129756e+03
9.906954739998205923e+02
-1.438841680970085463e+03
-2.961081569783070790e+02
-3.952275253092913658e+02
-6.588974465804870988e+02
5.024155909998810898e+02
-8.158298078350914011e+02
-2.374445815530631876e+02
-1.529318750968487393e+03
5.529124319390197115e+02
-7.708191669334999574e+01
6.250988463557084742e+02
9.180751141726202604e+02
-1.572272752496519104e+02
-6.422951344082825642e+01
8.439740954977661431e+02
1.605989655872770300e+03
1.398229470856485023e+03
1.453162323483160890e+03
-7.749324315864529353e+02
-1.267495331751171932e+02
-8.255610364863405266e+02
-1.052159421136142328e+02
-3.518827522223879782e+02
1.163176729915668233e+02
-6.406036705986396100e+02
-4.559658450266211958e+02
-7.009778176753385424e+02
6.019930179372230441e+02
7.575645653948199651e+02
1.305964845578437689e+03
2.246973343637831704e+02
3.597638038967333500e+02
9.146645015488651325e+02
-1.136114885355126944e+03
-3.712407636087991705e+02
-1.714594605484454064e+02
-1.436252170760495517e+02
3.533517353886977048e+02
1.110137694266288690e+03
-1.177457459644770381e+02
-6.291982237053421159e+02
-2.006429349980802357e+01
2.922125764017710594e+02
2.065071127226187571e+02
1.722313553650611198e+02
4.519940409212804866e+02
-1.520875936236735413e+02
9.796349328649432664e+01
6.869094895152497884e+02
-4.757131374799732271e+02
-2.516297573860281318e+02
-7.302863562215687807e+02
4.802786628987659583e+02
-8.453065437931710449e+02
3.562344943872717522e+02
6.891720299189844354e+02
8.825469828030268218e+02
2.804807334119596476e+02
-5.821078440212694431e+02
7.613396539689099995e+01
-7.843221559803889420e+01
-2.835787634143597984e+02
1.224011797434860824e+02
-3.668034613288630652e+01
-1.620918679372895497e+02
1.713391010919367545e+02
1.092303704397779484e+03
-2.073608984072077703e+02
-5.630820155839606969e+02
1.039440825676638980e+02
-4.088206820539542008e+01
-2.447015046460755983e+01
-3.072623524992700936e+02
-3.070176997783044612e+02
1.192425825725941735e+02
2.405258317437870517e+02
2.133000364878039647e+02
1.200641941339471686e+02
5.682777839235005501e+01
-2.418881438916032778e+01
-1.326117623759730861e+02
-8.046689925935218923e+01
-7.701739810962565969e+01
1.869804680849714487e+02
3.719999564873115219e+02
-1.703739839241112577e+02
-3.922388920132478916e+02
4.960642334299429308e+02
-5.178853657622516948e+02
-3.516862233575795358e+02
-1.391455637459335151e+02
3.823984161209434092e+02
-1.276866036248767777e+01
-1.331483624902269582e+02
-7.308793748553203784e+01
-2.080773177331802515e+02
2.095252417451694100e+02
1.298062323759147034e+02
-4.108818655139578482e+02
-2.802481062781725427e+02
2.684129239375262159e+02
9.879058399436319178e+02
1.376028749772960964e+02
-3.373294451477785856e+02
-4.835955988133305823e+02
3.573901366465118485e+02
5.140463411057713756e+02
2.266790051267354045e+02
1.297050098174900370e+02
2.548933853817283932e+02
-1.911669456535715383e+01
6.401768763050901043e+02
3.828611442924130870e+01
5.325035286031812376e+01
-7.930534796302832490e+01
6.079663692029270123e+02
-7.318025960844788642e+02
8.817578008693446634e+01
4.083116743317925312e+01
-3.773706756474023223e+02
-2.020490976427844316e+02
-8.230461016381525496e+01
-4.146388135346969506e+01
-4.443279915097009507e+02
-1.257766252242588791e+02
-1.147469098402844310e+02
-4.212881567915494543e+02
-9.038411418310798240e+01
-1.244913090349446776e+02
9.219167394446536434e+01
3.439311435680634332e+01
2.392470218910547430e+02
-4.823109854237032579e+01
-1.550159909165961665e+02
-5.238047286404917031e+02
6.660359705456568236e+01
-2.825340448124438808e+02
-1.519729274748999615e+02
-5.450491820273383610e+02
-2.132220392212146578e+02
2.993481744484970619e+01
-3.270090015402693666e+02
7.657934141820669005e+00
2.603721036790269636e+02
1.034356787680741689e+02
-4.230897114019600167e+02
1.887898587083572943e+00
9.397770122419181860e+00
-4.117844192487806509e+01
-2.937621132839049665e+02
1.374699048474726055e+02
-2.754222204838951171e+01
1.728967324543632174e+02
-8.729431831445810985e+01
5.471445715179129365e+02
1.126517280824911182e+02
2.662456136746575908e+02
4.902816151695075746e+02
-2.083762932475303273e+02
2.172846509479226143e+02
-1.183648613479636964e+02
-1.447008579181558332e+02
-6.420033231886235114e+01
-6.821042440675522585e+02
2.116865327587464378e+02
-1.169892249277153411e+02
1.825412836209980583e+02
-3.242497864897121644e+02
6.399258241089989241e+01
-4.477931706727567871e+02
-3.089794365002431391e+02
7.677069778655300070e+01
-3.046595758332302850e+01
2.436915636420687648e+00
3.357354925434796087e+02
-3.267332358909864638e+02
1.306835214338891262e+02
1.480322609461421450e+02
-2.189504441174636327e+02
2.344042543395445648e+02
-1.587821553600166169e+02
-1.857456676158516871e+02
2.970213300021364944e+02
-3.740689481825718872e+02
-3.222621003121565764e+02
5.598631161618209973e+01
-1.054470801829396436e+02
-2.860105015422483916e+02
-6.881850831482925912e+01
1.402052947004247585e+02
-2.303286218525119011e+02
-2.709822292697891726e+02
6.871771475789310557e+01
2.460584743776306027e+02
-8.036870808098461794e+01
-3.940919326606252326e+01
-1.227642274516214940e+02
-9.551537837067164105e+01
-1.886010306168152795e+01
2.016773915320137007e+02
1.695334092562705450e+02
1.241556066359227799e+02
2.412267852784083644e+01
-1.058707678679796800e+02
-2.996786309782555122e+02
4.794994981969412606e+02
-8.837452510296006380e+01
-2.580407925559393902e+02
-1.043294308759410143e+02
3.317345492946288914e+02
-1.481985862451645914e+02
-4.234325716709273024e+02
2.879828178016771290e+02
3.239153061314362390e+02
-2.233414542426531213e+01
1.189758378642283958e+02
-3.268706638735687875e+02
-1.338578280615620315e+02
1.092309041528990221e+01
-1.968257367588836360e+01
1.868724624824351110e+02
-1.459416660391614755e+02
-2.730420003866806269e+02
6.511310911355279529e+01
-1.960467827942233896e+02
-2.080493697244192504e+02
-1.709824104416353521e+02
8.046894072299410539e+01
-1.700281705111777057e+02
-1.823979075450715470e+01
-3.385754472850978658e+01
3.304156620700188540e+01
-5.948742787576223101e+00
1.064118214156960249e+02
-1.498161350276192820e+02
-2.551125147478091151e+02
1.876610405453175190e+02
1.313380782939621554e+02
4.750469185846980622e+02
-1.522293808192802942e+02
5.995499198498916549e+00
-2.556579948773606077e+02
5.429495393998761443e+01
-1.548219195710892393e+02
6.387740259276972665e+01
2.959093135081641321e+02
-2.852128149202548570e+02
-2.923064435436390909e+02
2.069154814702057479e+02
1.766172625709528461e+02
3.052607173716147599e+02
-1.333278931857868486e+02
-6.429532069725100030e+01
-2.777035568014061795e+01
1.651190032758225357e+02
1.389237568748456226e+02
-9.755206152312974055e+00
-2.612214289244496257e+01
-4.639485632334516652e+01
2.450522204918332818e+02
8.213242607349576474e+01
-1.086671977986161508e+01
1.577937064768749735e+02
2.168970446506573921e+02
1.126705683308650618e+00
-2.868890179273807561e+01
-2.522179957401830563e+02
4.218596726676281605e+01
-1.767078947679873124e+01
-1.041685276925313275e+02
-8.843058514578440565e+01
2.425459309392605576e+02
