-3.889747227182708116e+02
7.166401959442240468e+02
4.412897223488741474e+03
-3.368383262531486253e+03
-3.984069144689277095e+02
7.445712066132007294e+02
4.622725612206677681e+01
3.386131144233868326e+03
-7.442972768607717171e+02
-8.721921708149121741e+02
3.984817947719271274e+02
1.139448125478435031e+03
-4.961761779262917003e+02
-1.402467351561560235e+03
1.237967511812256447e+02
1.381272543603766053e+03
-8.495427057650573488e+02
-2.045219872124299172e+03
-1.170137837608877817e+03
1.420937408396870865e+02
-1.341921605103571892e+03
-2.365595822709646200e+03
-6.288658879133668052e+02
-1.018997628301706982e+03
-8.509719926033430966e+02
-8.057162473148096069e+02
3.397473820722316873e+02
-2.831834686236330754e+02
-1.265583567925119269e+03
1.756647682632209051e+00
-3.642299599441691953e+02
-5.381618485714974440e+02
8.067397429844127998e+00
6.560494128172684896e+02
-9.795095224163316061e+01
6.702022110281528740e+02
-9.218488395682279588e+02
3.277481333280209697e+01
6.950875255603555161e+02
-9.521483523608029600e+02
-8.433485414161633287e+01
6.522072162019351254e+02
2.845939628475294398e+02
-5.011154642508677739e+02
-2.200779675920968543e+02
-1.105260667419830497e+03
1.155000926867874796e+03
8.731438077957699306e+02
6.214985832406420059e+02
-4.325632740318789615e+02
-1.117703019086339395e+02
4.762624637864531962e+01
-1.705133603729673268e+02
4.229073236597555479e+02
6.144544339817529135e+02
-1.734372375427208368e+01
-4.393314282222219731e+02
2.768918301925622245e+02
7.550421081938704049e+01
2.480999794498520714e+02
2.113692985920978629e+02
-1.929965881997254655e+02
2.371056125581770857e+02
5.518577115275392089e+02
1.116282890361912905e+02
9.684472499689993583e+02
1.068325589943050460e+02
-6.985582444756829545e+01
1.104350159966788425e+02
-2.620020692880324873e+02
9.042823721993372601e+02
6.966372364101273433e+02
-9.849575266204108459e+01
-1.329133574798670679e+03
-6.286717544977287844e+02
5.264046038919460102e+01
-1.153556766031672169e+03
1.515946143705829385e+01
1.116946568250938299e+03
-6.291512326470161725e+02
1.065655478048937084e+03
4.127015737031088065e+02
1.131924745569002511e+02
-6.312310809958989921e+02
-8.518816483873257539e+02
2.901079361745683514e+02
-8.891236127079700680e+01
3.156336114916514362e+02
2.826860255273319922e+02
-3.037860107290229621e+02
-3.677724597582142110e+02
1.843276608998139636e+02
3.957274989683139665e+01
-9.637998876103188195e+02
1.290428962602603917e+02
6.219264210731469120e+02
7.718801779248752837e+01
-4.720288865694909077e+02
-3.765244816160047208e+02
-8.360730294956628939e+01
7.263649252806898176e+02
-4.675562306184359613e+02
-1.836991125454286760e+02
-4.312214965811467664e+02
4.558741864377178103e+02
-3.768973249840306607e+02
2.566172334321140625e+01
-2.513660259370863628e+02
2.778615497169040509e+02
3.958709577738868006e+02
-4.309510799965390220e+02
-7.184001980264406484e+02
-7.439238321294967591e+02
-2.063350737309799854e+02
4.963324802181860491e+02
-6.201232064027947644e+01
3.588052444457536012e+02
-6.299331205315372699e+02
-4.127713087212568439e+02
1.951309759247735371e+02
-6.229494727288963674e+01
3.963755699651767941e+02
-4.059974245143920371e+02
6.950099400838436168e+02
1.736569551968322003e+02
-6.311993065211284915e+01
-4.373343818415677902e+02
4.424171331573770090e+02
3.740820972871174632e+01
3.588499873310231436e+01
2.371728755632750278e+02
9.920521670382389630e+02
-3.845567977105338855e+02
9.214802444977145512e+01
2.590930565984617147e+02
1.821680687795071947e+02
5.061414724469685211e+02
-3.572647948663964144e+02
4.099968250647812340e+01
6.362755301523873896e+01
5.206988352067263293e+01
2.239649913979707563e+01
3.573915976969748840e+02
-9.224718448379215374e+01
-1.743090047177982740e+02
-2.083294013490612713e+02
-4.874243490389008571e+02
-8.605791790071661396e+00
8.939874894043438189e+02
6.535120934914189093e+02
6.275218947135952874e+01
-2.413509007740343577e+02
3.454495031151186026e+02
-3.482058968129269516e+01
-3.695616669178152733e+02
1.812798392114076762e+02
1.056732223796838923e+02
6.428025210807923031e+02
-8.393126998991945698e+01
-7.078705117489771510e+02
2.500458148036157127e+02
-2.709990244221504554e+02
2.822843648396051890e+02
-7.267142468366945423e+02
1.277058664219508159e+02
-4.698742669958075453e+02
-3.044437078263973717e+02
-9.853487419944862324e+01
9.189102602718432422e+01
2.955941270178224158e+02
-1.572985543488207725e+02
-4.181631550221215434e+02
-3.208337312293792252e+02
-1.526030881411344922e+02
-3.615878556474751804e+02
7.415213277664024361e+01
3.990763931204829760e+02
-2.324431394883581561e+02
-2.075145121091489386e+02
1.210965854269103943e+02
3.075854044280620769e+02
-4.525229409282084134e+02
6.990538265398112117e+02
9.054302709350859901e-01
3.642643818256316877e+02
-3.911286883867146003e+02
2.319049230120996583e+02
-1.163611823799697902e+02
-3.354293194531701943e+02
2.151611077662938669e+02
1.425715997423447163e+02
-5.800870666652259615e+02
-1.085355115565227067e+02
-3.506897006436691413e+02
-8.202011598032191841e+01
-1.506464976023007694e+02
-4.299703580198022905e+02
8.891639744720791327e+01
2.276585318749360169e+02
4.464368705020472703e+02
6.493108517789387690e+01
1.832397597456292715e+02
9.856150719207744260e+02
-1.329967571048823913e+02
-5.429188004215332342e+01
3.958687937045586125e+01
-4.015850983132739316e+02
1.412251046582993013e+02
-7.813624689182331551e+00
2.929839273480255315e+02
-3.280169843539221119e+02
-1.713141474541367302e+02
-7.635068031514123277e+01
-1.765376622865864675e+01
1.816488950747611497e+01
2.250371989720922556e+02
3.590399753953865911e+02
-8.955964888140304936e+01
-1.448266149586500262e+02
1.420292053258149849e+02
-4.308882198781272450e+02
3.773533827733018597e+02
-2.910618492364791905e+02
-4.396334060513248687e+02
3.379293569428811139e+01
-9.625522574472674933e+02
-3.558213744666049365e+02
-7.718429163176848817e+01
3.947582492178037228e+01
-3.546395502552960579e+02
-9.138245237172596092e+01
-2.014909544703045299e+02
-4.499334062294830119e+02
-5.654505830002054090e+00
1.200178900672158733e+02
-1.118839122407277813e+02
7.760262585344831265e+00
3.230133762213037016e+02
-5.110638398707261842e+01
-3.296837940068407846e+01
3.049864379983529972e+01
-8.344926207184809641e+01
-7.795254537039279512e+02
-4.355446300093835248e+02
7.500914011494504052e+01
2.386792843935161841e+02
3.973371646213418273e+01
9.744222431548105590e+01
-1.374362372114116226e+02
-5.054737395645734921e+01
5.816133983834146193e+02
5.150712691658493441e+02
6.478012835723895932e+02
-7.030579630463276430e+01
1.087993779228087874e+02
-1.082854366375685657e+02
3.910127640965540508e+01
1.137330454703135700e+02
-3.045817152201619251e+02
3.524772875957503402e+02
-5.358990998320805943e+01
5.167869391578550449e+02
-4.118025412314972868e+02
2.060813461989086477e+02
-1.764423586992857622e+02
1.699929758245038727e+02
4.449979209723959457e+02
5.115331036814098411e+02
1.621464164218007227e+02
-2.690405589476784485e+02
-1.784362003744749927e+02
3.226785156762609290e+02
1.264380255252996648e+02
-1.538927945985043380e+02
7.723125700360971280e+01
2.991857104172491404e+02
1.479425412399347692e+02
1.881344807917058688e+02
-2.529111880421417027e+02
-1.749914602058710500e+02
-4.567052643657431190e+02
7.897892774769596826e+02
-1.986315132593092514e+01
2.957994366133457333e+02
-6.385228551823468734e+01
6.288942128937049603e+01
2.736532837979925716e+02
-3.955629322153665584e+01
-5.343112905139228275e+01
2.450464935012970784e+02
-1.274611826855333163e+01
1.562609584062674344e+02
2.027484489959579150e+02
1.507634243808062458e+01
-2.177517639430934793e+01
-1.772693008848401774e+01
-8.032359502436843002e+01
1.875514251051111501e+02
-2.192101206381025520e+02
2.964550544733835409e+02
