-4.944424123464028526e+03
-1.011428461019307747e+03
2.382514913009870554e+02
1.667673763694060085e+02
-1.532244204727828105e+02
-2.542588986943464988e+03
1.035190067635039441e+03
1.435664637791173163e+03
2.811576938546811562e+03
2.459477446906130638e+01
1.532849252786540546e+03
9.121438990759744456e+02
-1.185998412739744936e+03
2.870638869535981939e+03
7.813768354155195084e+02
1.000742344523815859e+03
1.064916909729127383e+03
1.291193232223600035e+03
-1.776887319241007162e+03
-3.734607765238084767e+02
-1.470644074593627124e+02
-1.172492112977057786e+03
1.832053765766006563e+03
1.548688735663917555e+02
2.863610546672140345e+02
-4.774508836938650234e+02
-3.057433426393094464e+02
-1.160525858738589022e+03
-1.537373114867789923e+02
2.526486448816477548e+02
-1.087484016873154587e+03
1.276378063197846359e+03
-6.864336345165426110e+02
-7.875223438800007898e+02
-7.533178015700714241e+02
-1.119039877164821519e+03
-2.336729724937168129e+01
-5.299315398565918258e+02
-3.647061485695121341e+00
3.605080104953458431e+02
-1.050550056051476759e+03
-5.181666014119259671e+02
-4.529209845355294988e+02
-6.734959099762137384e+02
8.420168000032421105e+02
-3.438838689091450078e+02
-8.027982582862570382e+01
7.776516436234976482e+02
-7.222769694691470477e+02
4.890038573594026161e+02
-9.427828500330430188e+02
-8.118725981001456660e+01
-1.382929632796243311e+02
4.685269029342287013e+02
1.100256365406252570e+02
4.309699385491392718e+02
1.660931169673175646e+03
-6.668797630798842135e+01
-2.884072865829120929e+02
-3.001912604142222563e+02
2.441809191038032623e+02
1.910958876792674630e+02
3.903822973169457669e+02
1.235797852725506907e+01
-1.387862045447350283e+02
-2.656806539521616628e+02
-1.499816559277323336e+02
-3.688465134580379186e+02
2.701739886783201996e+02
2.246682053379509227e+02
-2.943852263782225691e+02
-4.740281523047644328e+02
1.642671562132828456e+02
-6.078517480004452267e+01
2.717073666025249850e+02
-2.548868647110809320e+02
4.760903024991502974e+01
3.265217437421126760e+02
-3.254929598234228934e+02
3.384035920059703244e+02
-2.358703508710534891e+02
-1.909387855717516231e+02
-2.392323754106909917e+02
-1.096962260929203268e+02
-1.932771401080026408e+01
3.657180175757519009e+02
-1.664770313724145296e+02
1.400763041573524106e+02
-8.255238040695069230e+02
4.817089606657636978e+02
4.616848734844496249e+01
1.325519818124953986e+02
-2.468684850030953157e+02
2.075658716762903850e+02
-1.424125940727940929e+02
2.679534820903707555e+02
-2.085927666276201364e+01
-7.108559110579936657e+01
8.931677275357334622e+01
5.577591668314694573e+01
-3.699388453926877673e+01
-6.192312985785247292e+02
-4.578491746778857987e+02
1.946289361426274844e+00
-1.359089643129547476e+01
-1.297228733307271114e+02
2.404838220714922841e+02
-3.091495472301884888e+02
2.432504649111103845e+02
-1.181867286886075306e+02
1.521339817022677110e+01
-1.299070431638408820e+02
-2.768311209304416707e+02
-3.543030562742631506e+00
1.067594039725100856e+02
1.294059684775020287e+02
2.198753603430797625e+02
3.499037847457859698e+02
2.046403044542209955e+02
1.564293545165514132e+01
1.223719977543783699e+02
5.121333781429310648e+02
4.316001858195162413e+02
-3.146455890199853229e+02
-2.176425905338058726e+02
-3.543688200516825191e+02
3.088328166274694127e+02
2.854716681481260707e+02
-1.444379339334398651e+02
2.148347589507917021e+01
-2.763749431938730083e+01
-3.670069414014734548e+02
1.259964890247691187e+02
-5.982139850483682153e+01
6.750661545598137536e+01
-9.230260415286275588e+01
-9.523004213515605443e+00
7.971355193075200418e+01
-1.260770304244500437e+02
-1.029694930926784764e+02
-1.087599923824464021e+01
-1.606068596777385835e+02
3.220602476106785730e+02
8.431220667901087040e+01
1.271596353970624449e+02
1.524030181301322671e+02
-5.578055391012535580e+01
8.051969869755826892e+01
-1.460509033579124889e+02
1.346893812450628332e+02
3.567172846515754259e+02
3.966268399207677220e+01
6.287229241160385840e+01
1.524581861190129359e+02
9.461251878784096903e+00
2.888820598906570325e+01
-1.627419777421126525e+02
-1.281095638270880102e+02
3.130890542236680929e+01
-2.608980427481436095e+02
-2.179513966670459411e+02
1.377112034168782486e+02
-8.975069549043519146e+01
-1.628608603043551000e+02
1.915118816115078815e+01
-1.327427719150142877e+02
-1.989351637859250843e+02
2.715027187039173668e+02
5.910245385355339920e+01
-3.215931318881755629e+01
7.084714969222690684e+01
2.078186144667920985e+02
1.322085666630665024e+01
1.516974049831330218e+00
3.965483059348979111e+01
-3.169231763690001813e+01
6.772748979415915471e+01
-1.298313754112820959e+02
-5.746954647191775933e+01
9.903392857131186133e+01
1.304471728903023688e+02
-1.571241661455813343e+01
-4.469900667296621322e+01
-2.581938565571472566e+01
4.748025780140412166e+01
1.919981515575354365e+02
-6.108181663295307118e+01
-1.047872043491441474e+02
-4.474951166833282912e+01
-9.811912639893286325e+01
-7.265507308538580844e+01
-1.987391137836561938e+01
-1.394461082134559149e+02
-9.621279636473003904e+01
3.355999013770085782e+01
1.113156739167702511e+02
1.209493486790744612e+02
-6.421853504205404306e+01
-2.156506155510417670e+02
4.160543936466137893e+01
-1.575496431361988243e+02
-1.091332278396654658e+02
7.216535983801695409e+01
-6.853248365946195975e+01
2.828225600704349318e+01
-1.382247497453955134e+02
1.491330542278765847e+02
9.759479007773443016e+01
-7.809432442745529102e+01
7.717378434622591499e+01
7.113227889108092938e+01
6.782500170791198002e+01
-1.091639850229066724e+02
5.365366564682305039e+01
1.485373464916460478e+02
-2.038795276328755222e+02
-1.647578112105312798e+01
-1.594213474555051846e+01
-1.218499665799131471e+01
1.053108701324629948e+02
3.048708192215951573e+00
1.478639045021200502e+02
-5.018920437680917956e+01
-3.123039742445816458e+01
5.853945674962226775e+01
1.109362538337658890e+02
-8.083803751045000752e+01
1.030928405584475627e+02
-7.988966307833423741e+01
5.005529561498160973e+01
8.337616498746582749e+01
-2.259586271818089642e+01
1.471832791929989526e+02
-3.299471491489188679e+01
6.803362587638578418e+01
-1.202045601397190078e+00
-2.861450690904535321e+01
-5.059116581058918172e+01
5.219788481748000208e+01
6.658353510699924982e+01
-1.289862038259909127e+01
-9.706847784947483149e+01
1.963010487297435986e+02
-1.554091951180155320e+02
-3.296783515602666803e+00
-1.474800324135856044e+02
-9.213337579443152947e+01
-8.136330888437545639e+01
-6.182657685098876499e+01
-1.460965631272228649e+01
-4.371422933696329238e+01
8.086698060266364507e+01
-1.966038482061735522e+02
-7.491152427035331129e+01
1.502262899055699563e+02
-9.478251787866530265e+01
2.229065952248938132e+01
-3.848641002050726456e+00
9.596474342495535836e+01
-2.938844136522112294e+00
1.181611731678522688e+02
4.548978301023093862e-01
-3.740890655423574884e+01
-1.426595684743282959e+02
-1.879533874694255857e+01
-9.294869061554658174e+01
-1.435427621075900717e+01
-7.611400636369764072e+01
5.562439407078883136e+01
-2.052922141703661296e+01
1.111661587319915512e+01
-1.005303461152393574e+01
-2.172649736977041002e+01
-4.720672618585845015e+01
-4.751471890682481991e+00
-2.942119737888104680e+01
-7.484623920259021190e+01
8.286003357148490522e+01
-4.869876744558396808e+01
6.235914317628476056e+01
5.519039958155598669e+01
-7.272530673317548633e+01
1.549788633813519390e+01
-1.302558886413483563e+01
3.656890943313727860e+01
-6.667170000673561958e+01
3.408756531210637064e+01
-7.547717073924050624e+01
3.819408757095180107e+01
-3.125707632641710632e+01
-8.034232606341535643e+01
-2.884664444453278520e+01
-2.344675862033081515e+01
-3.146982449002086923e+01
1.207600661831165745e+01
1.646734744067068235e+01
-1.262194082209620483e+01
3.698945538789231335e+01
6.689341407960434083e+01
1.200408886974544487e+02
