-6.228254636163690520e+03
-2.398473304157715575e+03
-2.624360426777453540e+03
-1.598833222105569348e+03
-1.341620569082123282e+01
-1.809400962856096555e+02
2.488561758920910052e+03
1.381852972364951256e+03
2.785146983649514141e+02
1.103765574153157559e+03
2.714735664568269158e+02
2.791406072685742402e+03
1.374396032486831245e+03
9.638164613830853114e+02
5.688280051847714276e+02
-4.659380263393621817e+02
-2.937125336162682174e+02
-1.110637614408934724e+03
1.210950789497363758e+03
-9.683696505508613939e+01
2.197653381044416392e+02
-1.353109452742945905e+03
6.115018490617031830e+02
-1.255992592309947440e+03
-9.852973757209066434e+02
-1.203955617114402457e+03
-5.662735508127631192e+02
-1.725840745072223115e+02
4.658816175174170837e+01
-2.148690188468274300e+02
-9.471953403476306903e+02
-7.896148342475854633e+02
-1.408415275431641703e+03
-1.376893958178404546e+03
4.989431640847566314e+02
6.786021725435020358e+01
-4.157690332667256143e+02
-1.303890081140816619e+02
2.923254963898021970e+02
-1.442215731657828144e+02
-6.600041255965921039e+01
6.342527124350989425e+02
-4.313958524216575370e+02
4.786678544922917808e+02
9.188896689785451599e+02
-6.923153676455717687e+01
1.143743411084963100e+03
8.206933848361845207e+01
2.005499485448056589e+02
-5.484698448331640748e+02
-3.001784533738278924e+02
-1.148424364209705431e+02
-9.136055144131304360e+02
-2.616152122083313358e+01
-1.492345304091142282e+02
-1.398913596258568077e+02
3.507641151231511856e+01
1.098403773495075029e+03
-1.304900402579422462e+03
3.567070556524882363e+02
-4.303652905481843618e+02
-2.909081136247794461e+02
-4.718426236187987683e+02
-3.001926532472385816e+02
2.013770999546852352e+02
1.315294625178006527e+02
-1.211555238196765600e+02
-2.977439366345138083e+01
-2.043700265699512215e+02
-6.320652117849284934e+01
7.580107446762045242e+01
2.544591605741057663e+02
-7.446026686503258816e+02
1.188539656565292972e+02
1.288825426595084025e+02
1.400235526940972477e+02
2.414321073542047031e+02
-3.274527666500259784e+02
3.238520118743057878e+02
-7.507078604547236012e+01
5.957006251007657056e+02
-2.534354146360494440e+02
2.038996699530568151e+02
1.075144726362987910e+02
-1.570108162675381891e+01
-3.445118660863245736e+02
2.116282408303707427e+02
3.681743978686926653e+02
3.374649930742615993e+02
-4.716791585615800386e+02
-4.104470752529015840e+02
1.802595397430612252e+02
-7.841740443838102692e+01
-2.584988644034431786e+02
-3.310875947675294242e+02
-2.439224741456513357e+02
-2.526012406724641437e+02
-4.540117168609951932e+02
-3.076209035332205417e+02
1.212973764514572252e+02
-1.025023131521015358e+02
3.112271567258160871e+02
2.511463451183735458e+02
-2.046309210028601342e+02
1.024777696975565675e+02
4.289706333358275288e+02
-7.337937083480129274e+01
-4.886832148179911428e+01
-2.417586878901437331e+02
-2.965343114366186228e+02
1.713140228596760153e+02
2.769886455167962254e+02
5.236302885997594814e+01
-2.845059657015949028e+02
-2.654427232496740885e+02
-2.319601141249781051e+02
4.677332838311671992e+01
-1.319781859490194051e+02
-2.443634079287941319e+01
-6.648279846425731421e+01
3.570065101630294180e+02
-4.424812801294691553e+02
-7.256521435111055496e+01
-3.360327440869921816e+02
7.544817207221481681e+01
2.258987382705794005e+02
8.230274537590086936e+01
2.034431256541159030e+02
8.210135393339697885e+01
1.698520758860810531e+02
2.423135160782407809e+02
-3.087871881459077485e+02
-1.382645223964228762e+02
1.482449127983210246e+02
1.054678141220733920e+02
-2.314890565587290538e+01
1.039133237711082955e+02
-5.664305950635223041e+01
1.012679845587498306e+02
-1.105922463658220778e+02
1.426504456262419751e+02
1.673152467907699190e+02
-1.566866811356237861e+02
1.803700299313058508e+02
5.637658813902348953e+01
3.974865489560883702e+01
-1.036471339366138409e+02
-1.151213819770488413e+02
-3.755925805179071375e+01
4.713197108437924499e+01
-1.545587099871068517e+02
1.060825985370018145e+02
-2.420253912051901750e+02
-2.147810816098536790e+01
1.856996370871247279e+02
1.435712043825454884e+02
-5.281270741249172573e+01
2.216583702870144279e+01
8.674463145864855562e+00
3.006110580751582688e+02
1.762472463390241728e+02
-1.316684952810388438e+02
-7.399701584171178581e+01
7.080519968281217302e+01
-1.317567978609410204e+02
5.908510867833891211e+01
-9.117060867080131459e+01
2.865588498916175908e+01
1.456477595692091143e+02
4.486469901329731158e+01
-1.039096990041681750e+02
-3.103967886696579725e+01
9.026827546273891301e+01
-2.024098014545112392e+02
-1.455377578069450237e+02
8.748046476669635751e+01
7.484860380838149752e+01
-1.763080130339457696e+02
-4.850736297335519254e+01
4.239431181525518610e+01
1.337802452307122110e+02
2.756975983231244243e+01
8.225947549140526860e+01
-1.334096832052987338e+02
7.592882524702739033e+01
7.079070575690205658e+01
1.922123342254045895e+02
-1.605521277833505067e+01
1.461266216679929641e+02
-9.358516163144594557e+00
2.528530744570062083e+01
1.364027764165853185e+01
-1.292820437949951042e+02
-1.135894836625612783e+02
3.695341016689435776e+01
-1.686494716801670108e+02
1.782853026055299850e+01
-5.234029298197504687e+01
4.359342342184017838e+01
-2.275643096745050187e+01
1.522496477137869419e+02
5.476178858148414541e+00
1.273852046303276353e+01
1.272668871566520039e+02
1.519971498000113641e+01
8.901012893070339160e+00
1.148295157940728757e+02
-5.812696245789612703e+01
1.905318383125971238e+01
-4.029844545289224556e+01
-5.217980931597979577e+01
-2.511036328984121013e+01
2.463096652646098761e+01
-1.182675609763865339e+02
1.311735931672391473e+02
7.641836281939943021e+00
1.834845660275888335e+01
1.007719954160848914e+02
9.024304839040567572e+01
1.164207546819734631e+02
1.209002268312058703e+01
-8.251098364501505955e+01
1.809962929953443620e+02
1.299952188486440718e+02
1.128612832433716591e+02
-4.621591440934412987e+01
6.786423230014675312e+01
4.385284399529583155e+00
1.591830603332620626e+02
1.017582332920432009e+02
-1.028894992367597609e+02
6.102117177460046804e+01
1.833377635260004297e+02
9.391527952965491366e+00
3.718779429157514471e+01
-1.231986318813765138e+02
-4.244976869382869467e+01
-6.472056414670422697e+00
-1.071421211168098324e+02
5.154443709099058246e+00
-1.088896647731497609e+02
-1.133135609315515779e+02
5.394350953696945083e+01
-8.767004683510234031e+01
-1.670533480477006094e+01
-1.201910089638784029e+02
-3.548439112237609550e+01
4.935891076094723928e+01
-3.596762200220871364e+01
-1.772104390879354128e+02
-8.995260330699969131e+01
4.891532873666374570e+01
-1.862717966234602045e+02
-9.487449666712617358e+00
1.691100864033814588e+01
3.102326836004410282e+00
-7.222392175013584392e+01
-2.190804943527927051e+01
2.357893418979577937e+00
1.409053845574697927e+00
-9.794173009700199373e+01
-3.951834579105346279e+01
-1.724338101430705805e+01
-9.595379891818637930e+01
-1.329919185049578445e+01
1.482141906851168471e+02
1.374729917674280877e+01
4.308084231246615303e+01
8.644406657126263838e+01
1.026788993337268607e+02
5.377945968238885399e+01
9.443796540190027144e+01
1.236962244863528895e+02
-3.114237087586398722e+00
4.771521615904745772e+01
7.248412285915024178e+00
-6.360765213457614919e+00
1.115041396030904508e+01
8.974965711076443142e+01
6.481948934441260235e+01
4.754862023454742825e+01
4.258242222668964416e+01
1.062587817532633920e+02
5.007664077873171493e+01
1.118131074288026916e+01
1.048870286374171990e+01
4.335769517768779480e+01
3.997755996010397439e+00
3.853377974123863936e+01
-3.220116030254395412e+01
1.388180771038643613e+01
-2.652227751431839753e+00
7.136542576154134565e+01
5.301172737102413635e+01
-1.042387896870337727e+02
3.830925012370942540e+01
1.538585502796273730e+01
5.181862421638231098e+01
1.498052033830174956e+01
2.082098458452628975e+01
