6.031645761605827829e+03
-3.772674674123853720e+02
3.717656123762099469e+03
2.498228188737092296e+03
-2.321575920337812477e+03
2.953630386826253016e+03
1.440473013460104085e+03
-5.866833177018997958e+02
-2.862578293300215364e+02
-5.054893876457743573e+01
-4.437164244170071825e+00
4.878502675389300975e+02
-1.663639941947248872e+03
2.587910563090374126e+03
3.154862145518172383e+03
-2.084441985045121157e+02
3.348777391521422828e+02
-1.045758624291681372e+03
2.054288799400557366e+02
1.844710711276420625e+03
3.395453696844727460e+02
-1.488908457326613643e+03
-4.503079840735269954e+02
-2.820805354949584967e+02
1.063858323082598645e+02
-2.271357331220664037e+03
9.663922052961260079e+01
1.813592457781163603e+03
-1.599877027733973023e+02
-3.072787537706088870e+02
8.517072277821259831e+02
5.293679142614088278e+02
2.536176573775804172e+03
6.207533085508251816e+02
1.935792582688975244e+03
9.947362671980810092e+02
-1.241284166847641927e+03
-5.328400775394994753e+02
1.090554822160724598e+03
-8.674980688608786572e-01
-8.849600106811290061e+02
-8.490830416101719038e+02
7.786183167896965642e+02
1.721604273498834345e+02
1.726232063657052549e+03
-2.872876298334856983e+03
5.435614394844529897e+02
4.856566737847571424e+00
-4.308148577707240747e+02
-1.456909738044601909e+03
1.217318760844537792e+03
1.097494156627259144e+03
6.179540861782985530e+02
-3.761617818324572795e+02
-8.361098300113889081e+02
-9.927772141234300989e+02
5.805745901696623150e+02
7.984242295216259322e+01
-4.171392599297658421e+02
3.581229732514366049e+01
-1.040267072710413601e+02
5.942097465139809174e+02
-9.599506238747252382e+02
-3.690540855066212771e+02
-1.517736986999696285e+02
4.609906100381289207e+02
8.422382191297934924e+02
3.168668980427692645e+02
-4.413854473835753538e+02
-8.149659805979603107e+02
1.207280765098754642e+02
8.277762511129115808e+01
1.491163993731518076e+02
-8.649868113070440359e+02
-1.399390623298244236e+02
-4.664382168615572937e+02
1.757301027247868603e+02
1.012189160423917656e+03
5.362256503715980216e+02
-3.963543837513350354e+01
6.836179532246978852e+02
-2.485796166501423432e+00
1.527752119238192279e+02
-3.571866926509550240e+02
-4.956114342618185731e+01
-2.047422896896167686e+02
-3.184528101620331242e+01
5.482023910070024613e+02
-7.976507455119333372e+02
-1.844995859880902458e+02
-8.629086386018991561e+02
1.299668235108720637e+03
7.475021425921893297e+02
-4.432238254627776541e+02
-1.754628159818724953e+02
-8.796084541400452963e+02
-8.703924991529975159e+02
8.859636497171317160e+02
1.605746503072716109e+02
-1.037661836178963348e+01
4.743534064312283363e+02
9.608513050430519797e+01
-3.688356733641292635e+02
-5.093233814406878537e+02
1.064055807880906599e+02
-3.607256436827329935e+02
-2.125201186595800209e+02
-4.862928719013753920e+01
-5.388373182461147053e+02
4.451628495094209370e+01
-1.052763418379441646e+03
-8.276825132732366228e+02
-1.476067311347466102e+02
-2.107569310239511822e+02
-8.772814528759353436e+01
-4.987192697286786824e+02
9.447289300869188082e+02
-2.829040301408465439e+02
-2.899733982862271660e+02
4.628082825175757762e+02
2.599098442682881682e+02
3.464625480228721131e+02
-1.769170498105159197e+02
-3.780756673819512343e+02
-1.187730309759112401e+02
-3.371451224460711273e+02
-2.656609781706110880e+02
2.924267263044840774e+02
1.244493320558300866e+03
2.599999291528930598e+02
-1.904316349105891106e+02
9.643790800113514479e+02
-3.438277466569907119e+02
4.292521658637554083e+02
-1.080255913970450337e+02
-2.685042211616882355e+02
4.368155569199844024e+01
8.430755243604853177e+00
-1.667210437063096435e+02
2.451368993190225467e+02
-3.543025753859049587e+01
-1.755869579605499951e+02
2.165218920014318655e+02
2.770674173389099906e+02
3.771259321492037202e+02
2.135859309209820935e+02
1.270164721597922863e+02
2.792570667692450570e+02
2.245001184639793621e+02
4.874573374897605618e+02
-4.275591727160737037e+02
-5.030747469948767048e+02
-3.398504215384849658e+02
6.307055479025832483e+02
5.586776537888290051e+01
-3.565063537408761931e+02
-3.117106665853152663e+02
5.342039379763310762e+02
-1.112107592057905237e+01
7.178642094632534736e+02
3.343912223425193702e+02
-2.302844361627591354e+02
-1.670680342648997225e+02
4.253183627043926549e+02
-5.098319543156933378e+02
4.744278986193824466e+01
-2.469370838154360825e+01
-6.005709980574224716e+01
5.422342320162092477e+01
4.101312579727390357e+02
-3.154441260388212527e+02
-7.655822876018088436e+02
-3.098947382652265787e+02
2.587613798439178368e+02
3.061331269952394223e+02
2.506925843172966779e+02
-1.216270049072934540e+02
-4.864897045445310368e+02
2.124070543625412881e+02
3.877210220632604774e+02
-1.018953924422810644e+02
-1.537896897208615314e+02
4.531801466595089209e+02
-1.025741114505026843e+02
3.135575925184036237e+02
-5.601450368317363626e+01
1.513961013392219854e+02
1.188543344818781264e+02
-3.149980713499932676e+02
4.776707835562139053e+02
1.780630962343117858e+02
-2.432779773710756501e+02
-1.352512707375473155e+02
-2.202927566693608412e+02
5.662296937259079641e+02
-2.951709885992929685e+02
1.132664278551384456e+02
3.700222273191109252e+02
1.909453733704711453e+02
3.712798227378752358e+01
8.248954297463288299e+01
3.976325093905106201e+02
3.858732732372817509e+02
4.085973658432408797e+02
1.868028457011520427e+00
-2.700962743897041491e+02
-1.435393746899700886e+02
1.119549364329470507e+02
-1.258453350855631214e+01
2.243790402468042657e+02
-5.215148949019605880e+02
-3.809565176514768723e+02
2.516776244822744601e+01
-1.476362158409864946e+02
-1.529779160202488697e+02
3.218747592423409287e+02
1.140348326250200870e+02
-1.121859985586564079e+02
4.726732964609762888e+01
2.163657965297697388e+02
-1.574965732712423119e+02
-8.734900914512415682e+01
-1.671934300547767691e+02
-3.016887638477992937e+02
2.725049937824164203e+02
1.542293751619393749e+00
-9.565705635523472949e+01
1.295243392696760338e+02
1.795538079458406457e+02
3.805978659511990827e+02
-2.034449234835230129e+02
5.516262711978518496e+01
6.275192475750019128e+01
-2.415373981654973079e+02
8.307172492728506086e+01
1.554056720145805848e+01
-5.156040468665767094e+02
1.003600312838067765e+02
1.361505805571296435e+01
3.445154544612277050e+02
-2.639692037598998553e+01
-2.032723242978843530e+02
-4.771581608466091211e+02
1.554196619791503906e+02
2.953489075703432718e+02
-1.039564402892999198e+02
1.205514332850808046e+02
4.589876286951222824e+02
-2.368848055317306489e+02
1.312838252615036652e+02
2.342086946367113001e+02
2.634898245072894269e+02
2.790340096212198659e+02
2.790927471109708904e+02
1.426883174739997457e+02
1.682685098139311322e+02
1.529200184244636773e+02
-1.949506648624834497e+02
-1.478926368821510664e+02
-1.575761534691433781e+02
2.832027276566365614e+01
5.024169480693637411e+02
-2.729548324794388350e+02
3.301432122942273963e+02
-3.344025062017180971e+02
6.914275099331078422e+01
7.233464015658317692e+01
3.128167501580798557e+02
1.132818630758182081e+02
1.119074184313245155e+02
-8.478776348898037440e+01
2.956143646594759389e+02
6.434534164544271562e+01
-4.103780716047185706e+01
-2.067477102842092762e+01
-6.007965893277684444e+01
1.008225131247126001e+02
5.197883310875634066e+01
-1.524655319171048973e+02
2.393548222343388687e+01
2.974225339460641138e+01
-1.002221610850589428e+02
5.707890301757260687e+01
1.899675810070587261e+02
-1.692985814925098680e+02
-3.579188144386769466e+00
2.624520300978967953e+02
-3.546253692526230594e+01
1.049541487168892218e+02
-9.005117576558970427e+01
1.690906415841713795e+02
2.554191457352410168e+02
6.043321689573917865e+01
-9.812025489583440674e+01
-7.245614668923177248e+01
1.377891583879610380e+02
-1.254055170709274023e+02
2.377571408794124181e+02
-8.241778343075255009e+01
1.652168885323914935e+02
