-2.777459435955037407e+03
-3.004759333753779629e+03
5.528033261960610616e+03
4.522630112305437251e+03
-3.114757118210250155e+03
1.713391763507806445e+03
7.306070396008519765e+02
6.540977129280729514e+02
-1.867438183924427904e+03
3.054174388017132742e+02
-2.351744329030910023e+02
-2.143288190653855736e+02
-2.404872284924999803e+03
-1.199919956082180533e+03
-1.643659021045026293e+03
-1.919748240220898651e+03
-5.114164869420145010e+02
-1.595521190811798533e+02
4.964247019852382437e+02
-1.190509193285222636e+03
1.416439468802636384e+03
4.471408516602412533e+02
6.525759236477360901e+02
-1.387994996365419183e+03
1.428123124556351286e+03
2.271914355714231988e+03
-5.684198731921761691e+02
1.912729737619909429e+03
-6.818465676464471699e+02
2.040933300730859401e+03
5.069692072094517243e+02
-3.797892186034848123e+02
7.378071124603640101e+02
2.488242261027457062e+03
-1.733656050186024459e+03
1.655853573358596407e+02
1.537265790916816513e+03
1.479279876950487278e+02
-4.805187049455893202e+02
-1.411245695558852731e+02
-6.259864849077491726e+02
2.753024655114929260e+02
-5.946452721453099457e+02
-7.871380448059766195e+02
1.742845429791748586e+02
1.188538385423027648e+03
6.663158446760274956e+02
-2.986823807198496752e+02
3.136155768527812029e+02
1.050803483133001009e+03
7.915348370758283636e+01
-2.864684700454179165e+02
-4.042883453715060114e+02
1.876396904695081957e+03
2.687029244199363802e+02
6.704746940329563358e+02
-5.499581804717836349e+02
1.654539852584983464e+03
-3.638059056262955551e+02
8.058103951411907246e+02
-4.466575616532164190e+02
3.911908794250891788e+02
6.802229587259114396e+01
-2.339476689867218440e+01
-1.247544285877060020e+03
-6.543791923397200208e+02
4.931256672097443357e+02
9.653209851774532808e+02
3.008964858250237739e+01
-3.238258068736804489e+02
-1.126465945859065641e+03
1.657062688857536386e+03
3.226733992292506059e+02
6.659306427923401088e+02
-2.573336978006117306e+02
-7.529238354206797794e+02
5.758574484119213821e+02
1.833566552559287857e+02
-3.625592968446316036e+02
2.820913533629310450e+02
-2.724500720904977129e+02
1.242149536056653147e+02
3.403441118243504206e+02
-1.146823315446995366e+02
-3.053962150189322529e+02
1.564379225367526089e+02
-1.379545622477617712e+02
3.553613742607855670e+02
-4.963559350093754006e+02
1.702896203415096181e+02
4.520654232577412586e+02
6.106935348089323270e+02
3.169369737825639390e+02
-6.620438750406295867e+02
6.298669145432521645e+02
-1.435059123437649191e+02
-4.390933958032007922e+02
9.982051870171984547e+02
2.904785395695463421e+02
-6.067917000273051826e+02
1.296578348909045246e+02
2.664611697936534256e+02
1.675012503556231707e+02
1.205590460952936382e+02
-1.290421807337020539e+02
4.333606082356614593e+02
2.552439564946886890e+02
2.638386491966401195e+02
-4.074989855548633955e+02
3.925110684884626266e+02
-8.087138226679827540e+02
3.401509972021706858e+02
-1.376414940739163626e+02
5.103024560706531929e+02
1.120954874419621490e+02
2.471988908016473090e+02
1.763326569358180507e+02
-1.528120383531481821e+02
2.748893090733391205e+02
3.480261883396882467e+02
3.505346596742328416e+02
1.753815927952256857e+02
-5.052263661573554145e+02
1.417337106809412148e+02
1.620699713239789048e+02
5.379693017854050652e+01
5.009179285445812724e+01
-2.895092053533958278e+02
3.369999762544630357e+02
-2.633213359571236651e+02
-2.659211291831026074e+02
1.083274000854119237e+02
-6.053929100393445140e+01
3.020087986796265795e+02
-1.502101808174319899e+02
-1.069294455443361187e+02
-5.039521996498054364e+02
-3.224516717525606850e+02
-4.559338018928913243e+02
-4.498305255106949971e+02
9.940683477234232157e+01
2.469593165322011714e+02
3.895097026452492628e+02
-1.398739252307367735e+02
2.254422960940136704e+02
-2.697725470223604134e+02
-3.127830632610435373e+02
-4.971280195986312123e+01
-7.147832881420825402e+01
9.870312496360674004e+01
3.547929483718984045e+01
1.640547097633680949e+02
-4.944386508186514106e+02
-8.094286048742313255e+01
-1.615391938016071833e+02
-1.116547773007081616e+02
1.568264961831154949e+02
-4.452491000749543559e+02
5.534791776257027607e+01
2.281713748441018765e+02
2.494417022783025857e+02
-9.865406063395761294e+01
-2.848782175446047518e+02
-6.900481123309560871e+01
3.199522575554736648e+01
4.019462773250107546e+01
3.516354969131470511e+02
-1.349883116727767458e+02
-1.543958725455909473e+02
4.403553972129421368e+01
-4.727144442581961812e+02
-3.027223504124174269e+02
1.950444372895597951e+02
9.456452982322339551e+01
1.265796335198844957e+02
-1.063169207227329309e+02
1.441411406997786742e+02
-2.533607820269647704e+01
4.225213789510770113e+01
2.877001897485450286e+02
-3.737476586833175247e+02
-3.587765204758229487e+01
1.663706509459802021e+02
-5.014417132281885614e+01
1.149761556549508583e+02
3.356320266333361246e+02
4.066628412995595454e+01
2.705514338924119215e+02
-1.689586905319271182e+02
-3.590996204948848458e+01
5.648226910613707474e+01
1.175219604652164236e+02
-2.285723101905861370e+02
2.165008330295888186e+02
-1.484676314314628769e+02
-2.328039383256655128e+02
1.445865348181604872e+02
-1.450709122924503447e+02
-8.492867498675336435e+01
-3.115796693433219957e+02
-2.645619737678988059e+00
1.072571899957658133e+02
1.316038641396332594e+02
-2.852623669100823989e+01
-6.845689659132402483e+01
-6.977801920001573954e+00
5.625470406490766351e+00
3.572383926389795192e+02
1.148361784675486348e+02
2.867486629944947296e+01
2.822410542222650065e+02
2.336258681218512265e+02
1.132602601316436619e+02
1.948720875412650742e+02
-2.946625477267480875e+01
-3.740979840283050084e+00
-2.663802489673456080e+02
-2.598305844557221178e+01
6.916369613613677814e+01
8.829888106063384612e+01
1.646782765982527224e+02
-2.054658406603266201e+02
5.268222172231926947e+01
2.103849624384292838e+02
5.060403956374943846e+01
-4.283348794564825823e+01
-3.436494689028797893e+02
-1.543349397261592628e+02
-2.226691313210789147e+01
-3.221391888655846003e+01
1.591814184800883822e+02
-1.434661468363044889e+02
-2.346558527234900282e+02
-4.821384091398670790e+01
-3.931605407119405271e+01
-9.422571669263450644e+01
4.168927505229292478e+02
-9.108572447174975650e+01
6.359157909394497210e+00
-2.468753807146180979e+00
6.316396921924817320e+01
4.184241289439426481e+01
1.485759783340770639e+02
-1.379239624668606368e+01
-1.375123309828848335e+02
7.875247930737201330e+01
1.519514469113421562e+01
1.630259264510392541e+02
2.826657741821061887e+00
-8.047557284316538073e+01
1.747368184286965800e+02
-1.617476639338798066e+02
-2.326404509151761033e+02
4.739584931754806263e+01
2.479383190393483716e+01
-1.048622191439411466e+02
3.366538313894373005e+02
7.645593544501527106e+01
-1.906384537802609316e+02
1.247674408086314202e+02
2.941056435768774691e+01
-1.158850714471713985e+02
1.067481000503889419e+02
-1.033527714328878204e+02
-2.213163670643094960e+01
4.179645923977390964e+01
-4.039405908431210612e+00
6.975687976654799449e+00
-3.872439827557680303e+01
-1.417950008960546029e+02
-6.762716621087862734e+01
8.072820631023584781e+01
4.332715830435358129e+01
-1.730287128954940101e+02
-1.404268516647387877e+01
-7.057535942499119130e+01
-3.505172043501401191e+01
-5.068794593315929831e+01
-9.199219707295716830e+01
6.287316420573569786e+01
-1.147708896535713734e+02
6.566274380707733371e+01
4.713248029923208549e+01
-9.017060874071307808e+01
1.732041831392201630e+02
-9.035959571809318902e+01
-2.817938336835798196e+00
-5.100472238721123652e+00
5.217091785844764473e+01
1.988851331127158417e+01
1.698318067957108894e+02
1.136459851723432877e+02
-7.220905032866254203e+01
-4.933750487506476645e+01
2.963753966338091672e+01
-1.614760589548788516e+01
-1.756559465159095623e+01
-8.581703176995233662e+00
-5.477150578460913266e+01
5.704393878480383506e+01
