-4.851978198035136529e+02
-3.193246793509840700e+03
-5.016771108236351893e+02
2.242150331416121389e+02
-3.576472304466879905e+03
-1.934190552044184983e+02
5.660322478018540551e+02
3.571341562341364352e+03
-4.744188722124332003e+02
1.007466555816342634e+03
4.923899227381633636e+02
-3.132993187055682029e+03
9.377143269839716595e+02
-2.992772123396426878e+02
1.032140879161614293e+03
-2.032128480679829636e+03
1.924182351886533525e+03
1.457172725582592193e+03
2.938460814526551530e+03
-1.762343115013666193e+03
2.527489063692955369e+03
2.349487732225475611e+03
-6.024408120074959925e+02
2.041679247875833653e+03
5.068392213890531934e+02
1.722350944575994617e+03
-7.536021797503274229e+02
2.099834082393610970e+03
4.244966357505705332e+02
-3.820088859623373310e+02
-9.698563742363456868e+02
1.123206636569609145e+03
-1.666177664094080001e+03
-6.501729463156453903e+01
-3.149283981547702638e+02
-2.038115716529829911e+02
-2.455971809384578535e+02
4.856482816837509517e+02
1.397945775468028160e+03
4.669037933687957320e+02
-7.400950868077482028e+02
-8.240144909305646479e+02
2.070409539485483037e+03
3.296500937453126880e+02
4.967823100064736650e+02
6.175497596385554289e+02
-9.802687449924601424e+02
-6.286032987497367230e+02
-1.192369618976852735e+03
-4.571053997017386337e+02
-2.370221908908160913e+02
1.223116855254967732e+03
-3.516490881452099870e+01
-1.356255290185212345e+02
-7.681815278901601687e+02
7.223182816138206590e+02
9.434219914855972320e+02
6.072648310723151326e+02
-1.419117207769602601e+03
1.062029706464618812e+03
9.882100647392268229e+02
-8.991129004527831512e+02
-1.706887387004201173e+02
3.548170640098852573e+02
-7.671734307636663175e+01
8.714022773899191634e+02
1.216724143731761160e+03
-3.667831735937424469e+02
-2.628391268320813765e+02
-5.256996485038799847e+02
7.108976612027061037e+02
2.889574735896578090e+02
6.501792095708373154e+01
6.433258939229954194e+02
-1.008953946825256480e+02
4.128611554408853976e+02
-2.417751680488693182e+02
-6.640058955261432629e+02
-6.074937853983105924e+02
-3.500743484301264061e+02
3.768288274034276242e+02
-1.475422320835873961e+03
-1.716689486945874989e+02
8.738303255052382212e+01
6.391315165653538770e+02
-4.402472910322688904e+02
-2.417120193901515677e+02
-2.962000113390551448e+01
1.376921470223915662e+02
1.496455220234062438e+02
2.363928246807801088e+02
-5.656401003293191252e+02
-5.712971702763092026e+02
-5.788125611224739941e+02
-1.815580333185662365e+00
1.783812927313207979e+02
-2.669738658961206852e+02
2.134732977522233455e+02
5.614112411722823026e+01
8.129951746822220002e+02
-7.290936968294452925e+01
2.550994264146667660e+02
5.320979786744696867e+02
-5.181386269115467940e+02
-4.826520161683883998e+02
-4.143517574060217044e+02
1.872329141517817277e+02
3.352804673180866644e+02
-4.442522321972995769e+02
3.883974290136529248e+02
-3.781140005151712558e+02
-5.093282324416439621e+01
7.482022829985507428e+01
-2.472239561913405055e+02
-3.286606787002785950e+02
9.454252002260021754e+02
-9.703023961845875647e+02
-1.597105706837878358e+02
-3.232852343830650739e+02
7.535652549261070021e+01
5.412290912430153185e+02
3.103380381616084378e+02
1.361504110608607050e+02
5.175864349850135113e+02
8.683267817624765712e+02
3.238428425945024287e+02
-8.837930727988344870e+01
-3.066950233082984596e+02
4.907834971643424637e+02
-1.871983894703619811e+01
-6.800650425153436629e+01
-6.390497232199730888e+02
-5.519600255431453206e+02
9.362981568605859195e+01
3.759591215261177126e+02
2.099581854726261270e+02
1.051480154930259232e+02
2.888347541768393967e+02
2.474999096192943284e+02
-5.786743263646810220e+01
3.211063498615007461e+02
2.586976986870168957e+02
1.192737380762941228e+02
1.650567868244670251e+02
-6.269703330509070156e+02
-1.463931788350975296e+02
2.262320682461093213e+02
-4.115643564430667425e+02
-3.402979841657233351e+02
9.404444837026069592e+01
-3.147077462886877584e+02
-8.222752951469493610e+01
2.022802044457759791e+02
2.079379846369358802e+02
-4.461008782232840417e+02
1.000532518960877866e+02
-7.175989442734856993e+01
2.512073378348919448e+02
-3.112964815775767988e+02
1.064492361010079975e+02
-1.399837589870038528e+02
-1.589382708180261830e+02
-4.149548883250033100e+02
-5.225512527963817888e+01
-9.653860250928873654e+01
-1.363177372606023425e+02
-1.933659698050075804e+02
-2.719259284468069282e+01
5.149685084940682600e+02
-2.317245838448270945e+02
1.799381044469909341e+02
2.584402247438502513e+02
-8.016193397892847372e+01
-5.370395958501351288e+02
-4.035265837976560732e+01
3.920777801364312154e+02
1.225440086441516030e+02
1.555378037688760742e+02
8.720943683476903630e+00
-1.661002136547959083e+02
1.487849974650275726e+02
1.081073640008548722e+02
5.989778122690441933e+02
5.609166391700154009e+01
1.284088681367277331e+02
3.702897990182263470e+02
-2.318831796590008310e+02
-4.172045011071183751e+01
-3.742384728154581239e+02
-9.303779320136882802e+01
2.553809688007687555e+02
-4.445990574872557772e+02
1.996574797513023043e+02
-1.384086530514592823e+02
7.402864355994449852e+01
-1.920266978469068988e+02
2.315317596729531715e+02
-5.070151693086121725e+01
5.019074882711201440e+02
1.200152998250498513e+02
3.332340682011614774e+01
-1.470560915017028378e+02
3.558732070595866048e+02
-1.258914164519702439e+02
2.659818022264410615e+02
-1.000454175933503791e+02
-1.329452171404041394e+02
1.166048865962658567e+02
3.926582639219307680e+01
-1.797174218384816413e+02
2.008027372019288919e+02
-1.028822260125749466e+02
1.324106792371933921e+02
-1.087578208984204480e+02
-3.543775423835710399e+02
-3.613633491313108834e+02
-1.298660033702455223e+02
1.633282462340872883e+02
-3.201397766232073536e+02
-3.662234735034063533e+02
2.047287431119273435e+02
1.290973123721572620e+02
-1.555448167192906226e+02
-1.541919407232591084e+02
-1.034485926607360256e+02
-2.674642250929655916e+02
-1.453782028089284495e+02
-2.899451421929321171e+01
-2.093940004131786736e+02
1.735693241909021935e+02
-2.596902378379573406e+02
-3.404710828663739530e-01
-2.956366031498470761e+02
1.755526137633924009e+02
-4.095872464646182465e+01
-1.813826382269952830e+01
-1.649051402767871650e+02
4.447246143942751360e+02
-6.824066746702996511e+01
-2.661631857369985710e+02
1.514953925374774713e+02
3.222265446590067768e+02
-8.640914669117502456e+01
1.998865379722132616e+02
-3.479667652502883470e+02
-1.871104406017308293e+02
4.643281231229995143e+01
1.103879032724934888e+02
3.532546730690819814e+00
-1.900244816154062164e+02
-9.564316540505205921e+01
5.293494088849598711e+01
-2.667317875281228368e+01
-2.313467315816596397e+02
1.167565281813325839e+02
-1.767869353311204463e+02
-3.304349442165388950e+02
-7.079106455960711308e+00
1.181281101734067249e+02
-3.882407373959725572e+00
2.132050063611438304e+02
1.364460323626602758e+02
-1.936678218505614097e+02
1.831289499791068209e+01
3.534790273834328218e+02
7.632441174208426560e+01
3.946816393131804830e+02
-1.077678959067482083e+02
-5.585228806293422110e+01
-7.562426052466062742e+01
1.722785368961278607e+02
-1.109861630537153161e+02
1.908275109229567761e+02
2.515551300933885273e+02
-1.473055656707234959e+02
-2.060599216354551970e+02
9.813485279977992093e+01
2.870442127633165796e+02
5.992512709525658465e+01
1.583830880818942148e+02
-1.039190075085486882e+02
2.003900421329493042e+02
1.404168732054406803e+02
1.798512145340686743e+02
-2.882758150447966727e+01
3.245814669218939912e+02
-1.302470117798368392e+02
3.686281647315352075e+02
-3.792741518810478851e+01
1.647790491831922282e+02
9.811264211369544341e+01
1.456634977366508679e+02
-1.964543682464427121e+01
-1.194900954007597988e+02
-3.965306167285565948e+02
9.996079177405436056e+00
-1.716967614348836264e+02
-1.665539550129871316e+02
-1.139863248478509661e+02
3.470136687065976275e+02
