-6.325306890483049756e+03
-1.693416490747400758e+03
-1.580499447077275818e+03
-1.138835842612159297e+02
-4.132057237148446802e+03
-6.675121736636879177e+02
1.464214085285629494e+02
9.925865131775717600e+02
1.544783442291309541e+02
5.771547443422830383e+02
2.583287683872644536e+01
-3.171844720523118212e+03
2.070234606368110690e+03
8.875356923414137782e+02
-1.523511838810967163e+02
-8.113638100788351721e+02
2.445691416389001006e+03
-3.626659462122891568e+02
7.146044428329023503e+02
5.572589351485758016e+02
-3.064634832189622102e+02
3.909476770913869359e+02
-1.100921192913916229e+03
2.272514313849649625e+03
-1.873495988147826381e+02
-4.815536881251624095e+02
9.692037691536645525e+02
2.011748313379426691e+03
4.970518645932960453e+02
-6.273578566215511501e+02
-7.422655482135619422e+02
-1.860195045072686526e+03
-9.671924788397330985e+02
-2.539286840887481560e+02
-3.657125924736893694e+02
-5.878319886878267653e+02
-1.227141791149310848e+03
1.367426880037740602e+03
1.323624922393934185e+03
8.386848238134792837e+02
-3.137688805213254000e+02
5.757539626313063081e+02
7.588722831693527269e+02
-5.666308685909705218e+02
-1.151715798729716653e+03
5.776858521607549619e+02
-3.388031254719074354e+02
8.076366304171642696e+01
-6.408377678092249425e+02
-7.782109752929461592e+02
-2.318181744048692110e+02
1.571489783626472274e+02
-4.219163066304783456e+02
3.061689139998621272e+02
-3.181909332248710598e+02
1.113367434319353890e+02
1.549800916432176336e+02
3.829502110465048190e+02
-3.000472904848725193e+02
2.204299679118799702e+02
3.599985873408479620e+02
2.889240001834095892e+02
-2.602632976063732713e+02
-5.969700906038606263e+02
-1.671055723617362503e+02
-7.993958106098011740e+02
-1.425115249049812292e+02
-3.741282802242246817e+02
-6.360959087593919321e+02
3.844214317989577694e+02
-5.472462403359092775e+01
-2.073214781040756520e+02
-4.406039798064493311e+02
2.189030221753712340e+02
6.401630547106549329e+02
1.143324029740804946e+02
-4.152023820545018111e+02
-1.925927282963250491e+02
4.616747325869826568e+02
-2.494628301493401921e+02
9.723567412573581237e+01
-1.016015376962323558e+02
-1.054222537913106450e+01
3.938476857438375873e+02
3.241100849701279571e+02
-1.343163663491710906e+02
-7.866734018889185336e+02
-1.785259611729822282e+00
6.472274719722431655e+02
-6.356517878921026465e+01
3.971530206019646698e+02
-9.496640909412825238e+01
-5.848595321127148736e+02
-7.122602243169775420e+02
5.781374790338325056e+02
-4.520391591808799490e+02
-3.932849451490115484e+02
-1.792470575611928609e+02
4.602454464288525742e+02
-8.275735716996242886e+00
-1.350500747004279276e+02
-6.407096998216172956e+00
5.286405718601049557e+02
-9.477663547838704972e+01
2.608641446790396117e+02
-9.859141397248087912e+01
-4.310718497717103048e+01
8.463929408706452762e+01
-6.415345058603762709e+02
1.175934688223973410e+02
-2.311404168024122328e+02
-1.858332465488178116e+02
-9.646717354742645512e+01
3.406030768553156349e+02
-1.560076085858923136e+02
-1.545511252574251557e+02
1.725650225803433102e+02
-2.399249489947338176e+01
4.280728844126425656e+02
-2.573158661314525943e+02
-6.413526769962497376e+00
6.509239105525908542e+01
-2.363890936077212146e+01
-7.122723866302798967e+01
3.231966396747223484e+02
-2.070601400071114639e+01
5.351528778779121609e+01
2.430880716401808002e+02
-2.810772102815175231e+02
2.055754755941009364e+02
8.356783033833721674e+02
-3.289982307619188759e+02
-4.382582714324359472e+02
8.361704495944893267e+01
-2.422537224098194031e+02
3.760327902165278147e+01
-2.022649918241457456e+01
1.831758082363191988e+02
-1.421939808854335183e+02
4.439809301562628434e+02
4.287606488332793901e+02
1.289152120903263494e+02
-5.312460991990947434e+01
4.325126652332047001e+02
4.325649664088107471e+01
-2.898377477584056123e+02
-5.222918757569672010e+01
-3.130339327125743694e+02
-1.712432735663964820e+02
2.006102716954837319e+02
-6.556827787499848625e+01
-1.608104060653799650e+02
6.499169460675642540e+01
-4.359389535705316234e+02
2.288343232259734634e+02
1.274066284981292512e+02
-1.473994636365576412e+02
-1.093235636213503312e+02
4.981298186164322317e+01
2.225955201547360218e+02
-2.530477217489788870e+02
-9.214517230229337486e+01
2.958739647618359569e+01
6.152386809808843537e+01
-3.052015898583078410e+02
-9.274682334744291268e+01
-2.110426136367936749e+02
-3.777515754208544649e+02
1.292939798114374810e+02
-2.325755203064993282e+02
2.530428491810798519e+01
1.377556820864911913e+02
-1.325863936582945541e+02
-2.077483621938400802e+02
1.816651438986389167e+02
-4.172733393768378392e+02
8.296223976868927252e+01
-3.185572395642477090e+02
-8.103479154708630006e+01
3.764429124905253587e+01
-7.520696334462373045e+01
-8.999251698251687515e+01
-1.897959699026725957e+02
-1.853818326505592324e+02
-1.037456759209428441e+02
1.590478222777811190e+01
1.023314162412100643e+02
1.846580904207832532e+02
9.150059172914623673e+00
-3.077809654790519289e+02
-4.100670114937260990e+01
-3.394095316590493212e+02
4.601211415707847152e+01
4.804225568979116900e+01
-1.435490174510179315e+02
-1.702393354412549513e+02
3.244266067245333285e-01
-5.439716018990717572e+01
3.920235473019761230e+02
-2.948977917915470925e+02
1.722710347660736545e+02
-3.526350204250250897e+01
1.091921452012361371e+01
-4.242012178852137794e+01
1.376930195900024501e+01
-4.214941057812241354e+01
-1.653922862115387318e+02
4.065013818963561931e+01
8.568399465720096941e+01
-2.247466938383722947e+02
1.298505766320708119e+02
-2.369050750910076886e+02
-2.032233223440659131e+01
1.220758040249926495e+02
-1.832272063634877313e+01
-1.309620649254213447e+02
-3.694689682027780009e+01
-9.104272297049080009e+01
1.607501826243957339e+02
7.171257683199245037e+01
1.053871164478536713e+02
2.363733189947582787e+02
-1.163924884255586534e+02
-9.224867283293954756e+01
1.771451689476359661e+02
1.094230731878584777e+02
-7.559972614775524846e+01
-1.030608388732876648e+02
2.607045232941601398e+02
6.548192674348986486e+01
-9.333092814757472411e+01
-3.480331367999534820e+01
-7.019528211921773675e+01
-7.647221366031208944e+00
-5.168206780756090524e+01
-4.031875514538251082e+01
4.374356717187087185e+01
-1.054861554296245316e+02
1.757175363340159890e+02
-5.328113772252161340e+01
2.314997121928520016e+02
2.700750932562124831e+02
-1.176047857592888874e+02
2.423783565707485081e+02
5.916515610000445946e+01
-2.019861957431089934e+02
-9.259804628697523299e+01
-4.822070282453080381e+01
2.587347626998400685e+01
-1.181006411930868154e+02
-1.069068195184786134e+02
-2.038308272159331125e+02
1.135064726964923096e+02
1.311407243910968248e+02
-1.650656500199229129e+02
-2.113071834854435451e+02
1.780881784754290109e+01
-6.784073709942695984e+01
1.876664302081692028e+02
1.399875419556493625e+02
3.010126393228519959e+01
2.351767658348832768e+01
1.062816490603061510e+02
5.694511783461304333e+01
1.650233124369289612e+02
-1.687000761271110605e+02
8.032806314019351746e+00
5.452050425501323616e+01
1.878087402597093059e+00
-9.210151458571512251e+01
2.238338018570272538e+02
-8.035349700211178003e+00
-1.088606479207905551e+02
2.727678196023124428e+02
-9.692954259465601297e+01
3.975370023899260019e+01
3.113094761077822525e+01
6.815671101042549651e+01
1.478418938783564158e+02
-2.218272489670517444e+01
1.732096554413605247e+02
2.534694379027742457e+02
-2.797919191151136964e+00
1.058684202214768391e+02
-1.508734072140815954e+02
-2.234781328164095271e+01
-1.247599162169695575e+01
-4.097892764738048754e+00
-7.062586531116539845e+01
1.255224550257284477e+02
6.996828934770044839e+01
1.494392505079790396e+02
7.333529253206573628e+01
4.426913551246334322e+01
2.222233075918581591e+01
-4.774519970304250904e+01
5.604286301711596963e+01
-1.262299123098189213e+01
6.309271518486861652e+01
-4.239556973133304751e+01
