-1.640545168293033157e+03
2.421521061575645490e+03
-1.443879381432690025e+03
-8.910830372185668011e+02
-6.576913695186061886e+03
1.289240455906103989e+03
-1.169515489581491011e+03
-5.948312003156232777e+02
-1.842350879481303991e+03
-4.982937280165268845e+01
5.237226959255405063e+02
-2.505060244853302720e+03
3.780012862293729654e+02
1.599472411766051891e+02
1.357784424418834760e+03
-1.818807266552666306e+03
1.863591014433964801e+03
4.467588139264739766e+02
7.683717499425924871e+02
4.550614445425937902e+02
7.167717275218237774e+02
-5.927725912592724171e+02
-2.385192942492454620e+02
2.484410911072551244e+03
1.171817733955286258e+03
-7.684533471315263569e+02
-2.369726042829785229e+01
1.678695103279309706e+03
-2.244109806866470080e+02
-3.116133030848282033e+02
-4.613860292456123489e+02
-6.466030731494771544e+02
-8.028913960779060517e+02
1.375979531025696133e+03
3.328119505221125678e+02
1.508751198496821644e+03
-1.284299641877003296e+03
6.430573944551520071e+02
1.445932592515512397e+03
-1.612292818284347049e+03
-1.696068730354220122e+02
2.479853115510152577e+02
2.411726542164225862e+02
-8.623322742067048239e+02
-2.009225273437078158e+03
-5.063342378918791837e+02
4.341504064766348279e+02
1.021307972088188535e+03
-4.013803910987152221e+02
-9.169922759644967982e+02
-6.540327882208542860e+02
4.159228364484969234e+02
2.480803623264359032e+02
2.402699064169735550e+02
3.648487343540558072e+02
-5.782112239079544480e+01
7.887232965251068890e+02
6.417358456859747093e+02
-6.449795736195301288e+01
5.340209061885215078e+02
7.286275568187678573e+02
4.525644050994242207e+02
4.921813834269892141e+02
-4.255057822751869026e+02
1.286388005196880385e+03
3.177552659185602693e+02
3.639723210467883519e+02
-8.301564306497128598e+01
-6.854630547250712880e+02
7.151924110705432724e+01
3.978176855946891806e+02
2.179919670467849073e+02
1.043629734697309033e+02
1.695316593204278490e+02
5.160021844237376172e+02
-3.431617377777110391e+02
-2.607444281482497672e+02
3.337972979400394706e+02
3.714340619106467329e+02
-6.014963991772171994e+02
-1.969619227589597585e+02
2.278030870827839394e+01
2.155620053545647750e+02
-7.209766718593873520e+02
-5.471757494040251686e+02
2.233155952182195279e+02
-2.214344979275607557e+02
2.128386402015832743e+02
-6.575594316389668847e+02
-3.015577612190105583e+02
6.304827893181254694e+02
7.228925021571143361e+01
-2.043946040178085752e+02
-8.446754891312008340e+02
4.818363573751707349e+02
2.190597001437541280e+01
1.245738212078409504e+02
-4.025266472841880159e+02
6.830448710196183981e+01
-8.279722074146533828e+01
4.440277709186686366e+02
-5.336869909528020344e+02
6.260093457194158191e+02
4.687694767056159861e+01
3.638658268783543690e+02
-7.937139374331350439e+01
6.795147103348266171e+01
4.639234871306608454e+01
-4.055689323203370691e+02
1.274958346527002675e+02
-5.047822186053019209e+02
2.058869109122732652e+02
-2.220361093003580777e+02
-1.491671572884446277e+02
-3.230494593486108101e+01
1.195506997717163387e+02
-6.896018772158491572e+01
-2.324805609192783606e+02
-7.733895822994732328e+01
4.506110785327423969e+02
-3.394961252185100875e+02
3.130507207703599306e+02
4.673867920126832018e+02
2.684539585626572489e+02
2.617590597264034500e+02
1.960812205760339566e+01
-6.541625603570068961e+02
-1.594042885568544499e+01
3.920091039107651341e+02
-1.106126756460276965e+02
-3.178902609470607743e+01
9.335521940463529518e+02
-3.699655798523698422e+02
-1.051838030092412613e+00
1.018734011090762692e+02
1.307007227669249403e+02
1.405735322674916290e+02
-1.355139825587404232e+02
2.153188689806307536e+02
1.491213896203611853e+02
3.799494580712123479e+02
-1.838883280997720533e+02
2.731805123809946849e+02
4.807328976192224559e+02
2.884765259455338651e+02
-3.617376324482781911e+02
-2.932858381787363555e+02
2.580905580208186052e+02
5.218106013899855498e+02
2.487649558062680626e+02
1.799141699552463081e+02
2.024811368476022366e+01
2.134136903027691119e+02
-3.496965517250971800e+01
-1.536236088567378886e+02
5.360784349903091339e+01
-1.030923793036190972e+02
7.344419662789680103e+01
5.694261497123516591e+00
-3.516899984111495883e+02
1.735640635549533499e+02
9.598989418608407220e+01
4.013513996336655509e+02
-1.026763175642823533e+01
3.048967580035575509e+01
-4.848884412943054834e+00
5.541064972329565741e+00
2.814431404385060276e+01
2.767421822063354284e+02
2.843222206829782976e+02
5.759177090362188522e+01
-1.468369053591315492e+02
-2.119968936655808989e+02
-1.949341462835513425e+02
4.226127085974310660e+01
3.934145995808362954e+02
-9.467093524347673394e+01
3.972925967354323262e+01
1.921836198647218055e+02
-5.131561005799284914e+01
1.588114128161799101e+02
-9.935529904910178800e+01
-3.561256848445855638e+01
6.217582209616690392e+01
-8.870760929436916342e+01
-1.011444736888499705e+02
2.296264431024759460e+02
-9.344032611597046412e+01
-2.929622246234827685e+02
3.027122757287410195e+02
1.333342750544375122e+02
1.365435062448434849e+02
-2.848815660502975220e+02
-1.665334803704040780e+02
-4.768465051807898902e+01
-1.598871166359399751e+02
-4.469565372284786235e+02
-6.981865105018280815e+01
-1.372967045152341257e+02
-6.424279529571609970e+00
-2.919702281973236495e+02
-3.617878277129961617e+01
4.061649803911909089e+02
-2.420381578985535143e+01
-8.055079514279100295e+01
6.490246136460508808e+01
-2.858109680374003574e+02
-1.097997793260526578e+01
-1.319851151326248839e+02
3.227343260371073796e+01
-2.932665190920809550e+02
1.690109088861615021e+02
-1.092794790403806928e+02
1.728722473752042390e+02
-1.434377525445267452e+02
9.749952420144369114e+01
-6.297527597477434114e+01
8.892162448787055951e+01
-2.865250747756073793e+02
3.410035968716960610e+02
-4.577440350752966083e+02
8.589103623012051969e+01
-2.621981677740486134e+02
-1.405907590329475738e+02
9.247886238874050946e+01
-3.237819398513005353e+02
-3.795205534482661278e+02
-1.469832181841622116e+02
-2.773940401097896569e+01
-1.249611781118179863e+02
-3.848374802407570172e+01
-1.140849413971110238e+02
-2.830456374436973377e+01
-1.411249696911811213e+02
-6.673678338044584279e+01
1.214122023191836917e+02
-5.825450623891184421e+01
-9.602143271666714952e+01
-4.547811837805815571e+01
1.114421963864814735e+01
2.182410852757973316e+02
-3.821706248108856130e+01
-2.461006537818354616e+02
-5.857121810093099157e+02
-2.678498223818817792e+01
1.109082406792664983e+02
-3.110890935321785378e+02
-1.518276229854372446e+02
-1.564281788499398829e+02
9.484777885477747361e+01
3.297185101744492499e+02
3.026573697354645560e+02
5.065616949528869668e+02
3.376605959907867494e+00
7.493624208882771143e+01
2.101928278421914911e+02
8.106896065162817422e+01
-8.437489626926658559e+01
-2.677078661988833801e+02
1.056519915115928114e+02
2.726932513217830234e+01
6.942846107670386857e+01
-4.139172781053904515e+01
1.036134080856597848e+02
1.874305823120811709e+01
4.065954595707933272e+00
6.058447335388572697e+01
3.486549390386608138e+02
-6.603310286799850815e+01
1.322704980689089496e+02
-7.170153927351550749e+01
-2.816226161506325809e+01
-6.542670147376733780e+01
-1.006934318293055100e+02
1.138420619055835914e+02
-1.046908778716648847e+01
6.967358250192999947e+01
1.572471559623557198e+02
-1.123451274768304557e+02
-6.475462018044829904e+01
-4.496967573411563421e+02
1.781417046802327206e+02
-1.787166504350949836e+01
7.307337748146004230e+01
-4.162185105836697652e+00
-3.777161681623514955e+00
2.870031690745918809e+02
4.617470210463847025e+01
-2.044012945448036476e+02
4.183271243640047210e+00
-2.742836733149487927e+01
1.618869141632673632e+02
-4.385037471500338846e+00
-3.414849917602254692e+01
1.140571435190142608e+02
3.353060526151237752e+01
-7.359924121795793361e+00
6.190442324398381402e+01
-7.415775592102482960e+01
-3.952001180436285921e+01
