3.054275148582239126e+03
-4.728909510145688728e+03
5.987705174339844234e+02
7.535897172223521920e+02
2.204095260783546564e+03
-2.150142773220170966e+03
1.243369919377818178e+03
2.023447307180676262e+03
-1.320436692823040403e+03
1.281054261181732272e+03
-1.813712771733311456e+03
-1.031745172207793217e+02
2.027701535608583754e+03
1.407057847467691545e+03
-4.326226441355660199e+02
-1.510492078868084263e+03
-2.328529245681209545e+02
-8.652252664603436472e+01
6.460086942719414083e+02
9.242098737593066744e+02
9.981833644235088343e+01
8.797504549971623646e+02
7.711974004044361664e+02
7.483872406455731152e+02
4.480517667643643449e+02
-8.297058627112081695e+02
-5.652746509034955125e+02
-5.149865973846959832e+02
-8.436991553442106806e+02
3.415761987291267019e+02
-1.162203289118673865e+03
1.185378959478077832e+03
9.445288340261224675e+02
-2.313646109860297315e+02
5.995057469654569786e+02
4.478429489873060447e+02
7.864244023616084860e+02
9.273375152449247594e+01
3.361719106198192719e+01
-3.718651287547390893e+02
2.275085024065339496e+02
-5.145333856501250835e+01
2.980302052612597095e+02
7.960487189067388272e+02
3.403289461271525056e+02
7.384520631701547018e+02
5.005384092872967017e+02
-1.022304673366954075e+00
-6.177878700531859977e+02
-5.758079137606699049e+01
-4.560525214155936737e+02
2.026921059460394190e+02
3.124467815565780029e+02
5.925615916952881435e+02
-8.627004305522140726e+01
1.074395342693810278e+02
-1.474970629823587558e+02
3.173716194323454687e+01
-2.671948349987757254e+01
1.630966317705296262e+02
-7.118580981305778721e+01
-5.731396460323522888e+02
8.043634347758003287e+02
-4.405252692379382324e+02
-7.220319917057381645e+02
3.046977173399025673e+02
5.980376407280614330e+02
6.403364098332591539e+02
4.584258319730260496e+02
1.942269403669415340e+02
5.084482473765431791e+02
4.388088543784557487e+02
1.350010411420910543e+02
8.406148338507924223e+01
-3.342339861529137011e+02
-1.064221305257646719e+02
4.403803223238156761e+02
9.536845979053268252e+01
9.855676449751406381e+02
1.539068227779661981e+02
-3.282823169849475562e+02
8.636119595441134607e+02
-5.829078340159332328e+01
-2.243503146704628648e+02
-2.875175852239603955e+02
2.951260725451027156e+02
-2.825938761207320340e+02
6.449641337373095951e+01
-3.456783938373965270e+02
-3.679255637721864218e+02
3.745967611338684264e+02
-3.077726827561029950e+02
1.173334584683663309e+02
5.095717173932170141e+01
2.373535109668997620e+02
-2.216502100419961323e+02
8.400376414294467509e+01
-9.818410043173641100e+01
4.547333428002045821e+02
3.430252734536799153e+02
4.198265510987979354e+01
1.449151200631699510e+02
9.667665713128849347e+01
-4.692526975741608197e+01
-1.956978149063822343e+02
-3.154434144358302774e+02
1.828730712610471016e+02
-3.426994114651468237e+01
2.301721826131286548e+02
6.333512416138745493e+00
-3.158505148473939244e+02
-1.910939530560980586e+02
-7.898817841550091146e+01
-3.565359878768102817e+02
3.925149147965469751e+02
-7.315421993698564052e+01
-4.110208049430522692e+02
-2.580678309289962726e+02
-1.676925893009883737e+02
2.952544535853265870e+02
3.612630110385673561e+02
2.955960393528820305e+02
-9.360885635110102498e+01
8.922918210670401606e+01
2.531210707513471903e+02
-9.078405873734384102e+01
-4.667459819011659761e+02
3.682355979641096724e+02
-1.993186719666832474e+01
1.047689795549321303e+02
7.118521532308588640e+00
2.038106967828033333e+01
-2.126550334099923418e+02
3.492467215729512873e+02
3.388241606921066591e+02
2.895812686700729728e+02
9.359467324288758050e+00
-4.519460013306573956e+02
6.549353675323723678e+01
2.460462845838877968e+02
4.593621987180053878e+00
-1.038710587947819448e+02
1.783950072084077192e+02
7.315899437390962134e+01
-1.787843306769058813e+02
1.220397273583562452e+02
6.608741053168816393e+01
1.422506211044863278e+02
1.429805496610955231e+02
1.627957545557262335e+02
1.296236668607459990e+02
-7.296272320409435963e+01
-2.249296033298915631e+02
-8.362978427896698008e+01
-1.215791617225466297e+02
-6.382158403519527212e+01
8.827253599708043907e+01
1.639912550833317653e+02
9.768974953480920931e+00
-6.761824342326996806e+00
-1.335546793371368324e+02
8.835821913016829399e+01
8.594640366075903160e+01
5.874559187602240229e+01
-5.351590373262407496e+01
-3.268870416758515773e+01
1.119189347748493191e+02
-1.339710135215254638e+01
-1.796373358296672151e+01
-2.764966798153656313e+01
-1.102903759190977695e+01
3.523261927983904229e+02
-4.657918598890165640e+01
8.300709637198666613e+00
-1.341481849095172834e+02
1.502460616279678050e+02
3.861718326795828915e+01
-3.825027933241895539e+01
-1.306491563951952628e+02
-1.386660198196867668e+02
2.104423148072417504e+01
-1.706004871007284507e+01
6.662091229036487050e+01
1.331639887161452975e+02
-6.151954580845185916e+01
-3.078096987234413291e+02
1.525577458669939368e+01
-1.383149649746235070e+02
5.401960854306848603e+01
-1.833318778330998811e+01
-2.355037935416020787e+02
2.496428229867778370e+01
-7.959190785613451169e+01
-5.900234770722504685e+00
-2.705168206894150273e+01
-2.106951108585353438e+02
-5.079668608724625045e+01
-4.910587179527330903e+01
4.106197853724958691e+01
-2.313940440169899304e+01
-1.874957396731461188e+02
-8.617464195651858461e+01
2.313117114663125164e+02
1.677071844450334765e+02
5.755763061825952320e+01
-1.621148635031538561e+02
2.283321264989000454e+01
9.860581514725663510e+01
8.313201742746132084e+01
-1.109219736259840161e+01
-1.040737709544169007e+02
6.086655701326905188e+01
-5.513573362136916955e+01
2.800101062802727370e+01
-1.655864638418811694e+02
-1.443911713001671693e+01
-1.081564636420755647e+02
2.291276151973992796e+02
-7.553160396350193651e+01
-1.754479629345399019e+02
-3.103658629995037188e+01
7.696052179460276932e+01
-6.779182465997809004e+01
1.043415922765843646e+02
-1.563985349294027856e+02
1.693041012388366795e+01
-1.029342911617523271e+02
-3.415008626159937055e+00
1.289094972072556118e+02
4.906747146763962775e+01
1.972503301956730937e+01
3.112930115681478327e+01
-8.591614691254460467e+01
-5.837161637370623168e+01
1.630012102701682863e+02
-8.464022631124767315e+01
-1.968505915626772662e+01
1.577518858107862911e+02
-7.100785100717550336e+01
-5.858629947633351520e+01
5.929316787059060090e+01
1.042068225751939252e+02
1.931787941357450578e+01
-2.417397430591236329e+01
-1.633133639013956895e+02
4.353341470572829763e+01
-6.131844227873631326e+01
-6.809653385912292833e+01
5.152909386801776748e+01
-7.931869545922716647e+00
2.936921946890678825e+01
2.049132023182447426e+02
4.609877073846183038e+01
-1.116277784543384684e+02
1.760939090918502075e+02
1.765554425192735550e+02
-1.875725271383162749e+02
-6.962693602320102571e+01
1.401524505856665712e+02
-7.045749708167211622e+01
2.217414378998639677e+02
1.035612120127646385e+01
8.770838993687985408e+01
-1.846270820205299117e+02
1.844636268064978140e+02
1.197861447761506071e+02
9.641644760189737440e+01
4.448512155244750410e+00
-1.708499156261025576e+02
-1.073025347158469316e+02
-4.791302610517704608e+01
3.818898284515753261e+01
2.847384959499265733e+02
1.668901212288606928e+01
9.739836872959638470e+01
8.527394304332842978e+01
-1.321415372778113095e+01
-9.810078331463108725e+01
8.299887790763899886e+01
-9.630009351812708474e+01
-9.508593210446979072e+01
1.269254398921969518e+01
-3.824297116788510920e+01
5.120728394285724505e+01
-2.551187444483706912e+01
4.933853053015344869e+01
-1.485152866859383778e+02
-1.928652221403741318e-01
-5.173440972145344574e+01
-3.835673260382736061e+01
3.333487818096574529e+01
-2.255630632300165672e+01
-9.598965294149220995e+01
-1.735658167087188986e+01
-1.450450479727633706e+02
-5.912351764153036981e+00
5.651662018476944382e+01
-2.848944050204910283e+01
-1.410282939760095076e+02
1.179359854628275741e+02
