-2.843886756927474835e+03
3.701310844947874557e+03
-1.568255511740114116e+03
6.202896209798218479e+03
-3.971299251418590188e+02
-7.310311533369440440e+01
8.713691785367675493e+02
-4.089311791382682486e+02
-5.871658891029235861e+01
-1.298127948485386923e+03
2.497478217171099288e+02
1.688500476824530551e+03
-1.334861670531604886e+03
-7.258184667795899259e+02
1.739075659366211539e+02
-1.137906852659739627e+02
7.961851716222165578e+02
-1.113095746072470092e+03
-2.597665865821819011e+02
5.592706336378836340e+02
-6.349754410240440166e+02
-4.776479013285020301e+02
2.304346729942452328e+02
-1.797491250897027385e+03
2.944067702554690413e+02
5.599590760888956993e+02
-3.774516930968674160e+02
5.843885702651546126e+02
-1.055962354203006015e+02
-1.555127765488171462e+03
8.789735895764533780e+01
-1.298254871580567851e+03
-6.144721864933342204e+02
-1.628172387944023512e+03
4.323818105335922155e+02
3.839895959091144277e+02
3.024992926095925583e+01
1.921130050871809658e+02
-5.788078770947912233e+01
-1.354723493588188603e+03
-1.669468565677608751e+02
5.921214140621680144e+02
1.795783539654758556e+02
1.397616160302192156e+02
-5.038171211633323310e+02
-8.539277193389833656e+02
1.389197827623564763e+02
6.676562244193664810e+02
4.608684712465774851e+02
-2.570436213544849835e+01
-1.450969562486246105e+03
2.826721465256222814e+02
-1.686432217034095515e+01
-1.522643553808247816e+03
6.496101272734465510e+02
3.733317978745285473e+02
8.182363273623813882e+01
-6.114110341509019975e+01
8.814124506739352682e+01
1.494164704276133726e+01
1.047096242063102096e+02
-6.467397678968224284e+01
1.115037559266065273e+03
-1.611822584500046673e+01
7.745051750068666934e+02
6.269148031566007830e+02
1.155276223955178466e+03
2.489727675171906753e+02
4.151217304703185960e+02
-6.692039171548977095e+01
-5.197824638168951878e+02
3.669853307128664710e+02
-2.888589653204068100e+02
2.619981481652115107e+01
-3.390359722821456216e+02
1.065284066691754532e+02
-1.748273940945120160e+02
4.707899216539835265e+02
-1.536799386787878774e+01
-8.661165950111776510e+02
5.537556481932791712e+02
2.345381676049649968e+02
-1.767547436188268932e+02
-8.507372038397003280e+02
-5.913740005504581632e+02
5.894924508236582597e+02
7.088645010535373103e+01
-2.428657737785347308e+02
-4.033323433018475725e+02
9.698505487844693462e+00
-2.117253908407249696e+02
4.214999455703025433e+01
2.080118157212760934e+02
-5.303444115016175147e+02
1.863597468111580326e+02
3.631201830163087720e+02
-1.767231728669122788e+02
-2.206002627355737218e+02
-7.642772124820295403e+02
3.112492127893299454e+01
4.817514361919651265e+02
1.104792244418358251e+02
-2.889379448958219498e+01
2.455155583971587703e+02
-2.164226682590791739e+01
-5.717173467140337380e+02
-7.159387458831078277e+01
6.001769959897920614e+01
1.372078255880467452e+02
5.074932730597308250e+01
-3.760123011302595160e+02
-6.419894869790985013e+02
-5.607509787766312002e+02
-2.016121439785055429e+02
6.861916693586486815e+01
1.923912837495472274e+02
-4.071859420927321480e+02
-3.587083337292791612e+02
-5.357632775917488743e+02
4.109716101813093019e+02
1.612994074254373231e+02
4.360288058488904994e+02
1.521214826414817196e+02
-9.965756433472883202e+01
1.974723616104663790e+02
2.554376536127504096e+02
-4.517116104802723271e+02
1.213538291099396389e+02
1.887996512932807320e+02
4.173965634085180199e+01
1.697573606532142421e+01
5.958243073344087861e+02
-4.485114421090260066e+02
1.983026180511792802e+02
3.065434399122332820e+02
2.369042589633741613e+02
1.326973672955756172e+02
-1.415189470994114060e+02
1.289694406870632974e+02
4.757034871285487299e+01
1.075726150873225748e+02
-2.367872475140651432e+02
3.951027665376704476e+02
-1.704639453963073379e+02
1.058740571483345434e+02
4.308262525672830634e+01
-3.791763448975742676e+02
-2.628470809318966985e+02
3.464239236772694994e+02
-4.805288399907060892e+01
2.725775481549644610e+02
4.518350719811579985e+00
6.348900567397203787e+01
2.272878946237313187e+02
-1.448854287619262777e+02
5.581470158992036801e+01
-5.998975184450520004e+01
2.438345946214972457e+02
-6.611403613876329644e+01
-4.265022830258947693e+02
3.585860970115456325e+02
-4.086710454169374174e+01
4.631783352483302565e+02
-3.955859019746153535e+02
-6.637208774012007950e+01
-2.189345063124874002e+02
-2.603222008781876298e+02
2.898513924642642792e+02
-3.433349138639651699e+01
2.971394330277378231e+02
-9.221616755600258841e+01
-2.363575964089889112e+02
-1.101826752124103734e+02
9.808741503955604912e+01
1.977888019509790851e+01
2.566820875495220093e+02
2.770285065043677832e+02
1.642431149871761420e+02
2.575384643628413528e+01
-1.824227110719476457e+02
2.575541432070999122e+02
-1.410317436938202604e+02
2.527619932255616675e+02
2.593501268156150559e+02
4.188162267016516580e+02
-1.295621869657983325e+02
7.426099222177215609e+01
-1.433199639463615824e+02
-2.359859471858151778e+02
2.072098233135874352e+02
-9.478069553648946055e+01
-2.166256421779443713e+02
-1.269080132566060115e+02
-2.328946851773796709e+02
8.206836697520967050e+01
-6.788045473811398267e+01
-5.416380141996298789e+02
8.758911815027157388e+01
3.645295594086091029e+01
1.923683616397741503e+02
-8.537530869199531480e+01
-1.430919427745671726e+02
6.011891901917224459e+02
-1.761670390451436106e+02
4.414235897037244172e+01
5.642022297892599170e+01
-1.746423368015463495e+02
9.912914836854703537e+01
-6.568609793735448932e+01
1.779550725554861970e+02
3.992069236748801586e+01
1.453544483031120365e+02
6.398913576370712519e+01
-1.722468032580685593e+00
-1.753730426448229025e+02
7.893837191266682396e+01
5.615083897160217674e+01
5.817474888121338950e+01
-3.967394734415601079e+02
2.149210023257277271e+02
-4.921525981082086787e+02
8.122068032390082237e+01
-4.587558216433159259e+02
-6.660468050038605270e+01
-1.620994608538811974e+02
-5.702683621817269568e+02
-3.665827311510088293e+02
3.855751732986405944e+00
-1.549937800607631111e+01
-1.257020431785732342e+02
-1.782631844933925080e+01
-8.538120165738870071e+01
-1.825536824668772908e+02
-1.114315190416591292e+02
9.452009934099814359e+01
5.198106320823735871e+01
-9.339790151579971678e+01
4.035899709619437914e+01
-9.070967091876976696e+00
5.170033885996486589e+01
5.613098533972255666e+01
-6.112863954623725959e+01
-2.945915676436463286e+02
-4.175991847939704940e+02
-5.118676246763855175e+01
2.911973938526150008e+01
-6.378283003389537242e+01
-1.728421999052756917e+02
-1.899464555037248203e+02
-1.413597253166009580e+02
3.973959239966546306e+02
2.877380846837894524e+02
4.729860929450184130e+02
-1.353059418165401553e+02
1.835080103276133912e+02
9.812844076650320346e+01
-1.764213361466518109e+02
4.971141874866384036e+00
-2.122392432574620784e+02
1.408393833665316777e+02
-2.008817168457791880e+01
6.511288182903422239e+01
-1.961142290111089892e+02
1.073475627434700073e+02
4.997842515156773402e+01
1.806860290371395905e+01
3.100905171683073718e+02
2.013988283993888047e+02
-3.774149320452868750e+01
6.712794827421859623e+00
2.910616957594596954e+01
-9.279417363988194722e+01
-2.123821396548363083e+01
-6.635242367322311452e+01
1.055002730373367257e+02
-1.025246053289043715e+02
2.318271598619220697e+02
2.263900637798938362e+02
-1.697781775569816318e+02
-1.049255888131359598e+02
-3.860506140654039768e+02
1.365335619528130735e+02
-9.378138993502686560e+01
1.243952064198448539e+02
-1.313782834802830735e+02
-2.244808218943222755e+01
1.259616689331490624e+00
1.731588305989380956e+02
-1.150685788566815262e+02
-4.675243669459099038e+01
-1.243911420004485535e+02
1.958946420825648715e+02
9.452369143204529811e-01
-5.022638592496015519e+01
-7.109122727560791333e+00
1.741569479609130440e+02
-1.720318000982254603e+02
1.360574471383493460e+02
-1.580116997195702311e+02
2.222937989730145887e+02
