-1.898790033977064695e+03
-2.398999995468094312e+03
-4.196304088246643005e+03
4.272058967445858798e+03
4.530208597565689388e+02
1.974235616809411624e+02
-4.244108786891973068e+03
7.170918839064260197e+00
4.960297277073914870e+02
-4.679318312749314259e+02
-6.361493284366348462e+02
8.432188725900363124e+02
-3.231635109414602880e+02
-6.435460094161929874e+02
-1.324610581537120595e+02
6.205096552379328614e+02
2.799807590253539757e+01
4.728817378558290443e+02
1.058066595350351662e+02
1.390520598177188958e+03
4.519614158182003507e+02
8.321882395886898394e+02
8.509982880479122969e+01
1.727900392581985045e+02
-9.785098176850195841e+02
8.283122310529005290e+02
-1.383762994741028251e+03
4.207459731583284110e+02
1.487675946929490920e+03
-7.957517462763490812e+01
1.234656152178651354e+02
2.880276712954008076e+02
-7.685493933137843214e+02
-1.231152870568352910e+03
2.072783241248316699e+02
5.917719564508191752e+02
1.810377089015632635e+01
9.666882433176206177e+02
-6.272088070501958157e+01
1.447141847567283321e+03
5.087405849968483267e+02
-8.829580687383976283e+02
3.802905778241101586e+01
1.309786866519154273e+03
1.083396936694866923e+02
5.286416938005503425e+02
9.689590844549123005e+00
-3.197746611393486091e+02
-1.249954526615112627e+03
1.149719116032269312e+03
-4.665259020952170204e+02
1.082682733572365805e+03
3.475195984302895340e+02
-3.137631056414189743e+02
-1.395619995016774340e+02
7.360954853989562707e+02
-2.329915703250722743e+02
2.357400200327349182e+02
4.543319391878325746e+02
3.881669102080228981e+02
4.657876974209237346e+02
-3.161853903319250207e+02
7.865569455798319609e+01
3.760826115412517652e+02
2.423986320868287692e+02
1.285992500039471906e+02
2.991447642482098104e+02
3.620273925251498781e+02
1.498634586884938358e+02
-1.071423944463051043e+02
3.519497148710912171e+01
9.144226812986615016e+01
3.437192974500126752e+01
1.808524709864413751e+02
-1.410685584846891771e+01
-2.632656200830595239e+01
4.953475638836546864e+02
-6.120815596396859064e+02
2.562958443053619249e+02
-8.574865850365991946e+02
4.045531477979469059e+01
-3.554212345324652915e+02
-5.019907006539081067e+02
9.725196058274286770e+01
-1.734262238913184149e+02
1.433259795007992921e+02
3.114875488016587610e+02
4.203012648652928078e+02
-1.600880524523907980e+02
3.288618516062509798e+02
-4.300509337909809915e+02
-2.831940310021423102e+02
-1.832230123668191624e+01
-5.003382700891518766e+02
-9.775040005511677066e+01
7.039713152684014403e+02
-4.524406920059287813e+02
-9.266934033630398915e+01
-9.539886917921407417e+01
-4.748968544390492639e+02
-9.881513959890578747e+01
-4.583311609424983857e+01
7.394034467170803282e+01
9.853059137093779896e+01
-1.800689625741332520e+02
2.771582883587987567e+02
1.724805850064522588e+02
2.326597642232977137e+02
-8.105496281397437031e+01
1.626888719299200261e+02
-8.595539172690793350e+01
9.800982427580635203e+00
1.336599374420935931e+02
-1.333939876197518686e+02
-1.648914770950737818e+02
1.456741409823398214e+02
-1.727526143474319724e+02
-1.296885173827424182e+02
3.783287265319577273e+02
-1.214369801244875191e+02
-6.657224295828781635e+01
7.577262613210928066e+01
-2.474722713607914386e+02
-7.740001993693738314e+01
-1.923062848240095093e+02
-8.831141187874371212e+01
2.707195799440042947e+02
-1.101655459904340972e+02
3.081031972154142977e+02
3.260500318103358808e+01
1.747789827264179507e+01
-1.012349267456246480e+02
-3.376931245843354077e+02
1.741621620751162141e+02
-1.169319919574698829e+00
-6.295827879678547845e+01
-2.049248800986126895e+01
1.382814667217085969e+02
2.917804201340649115e+02
-6.045023587326500092e+01
6.792582346921680880e+01
3.871686556213375638e+02
-6.388963948915608171e+01
-2.205738719757264903e+02
4.129322780674167603e+01
1.179190665656695387e+02
4.133291122781981244e+02
2.124657922650694388e+02
-1.333370714891403566e+02
-7.457964374920081241e+01
4.012319086896901865e+01
-2.615628452079138810e+02
7.732594058210372623e+01
-1.270278829051966518e+01
1.769035408645033058e+01
2.014343691338686142e+02
1.299695842969692876e+02
1.478501143164407097e+02
9.112681255437684058e+01
2.755385188674248980e+02
-7.639173107008507202e+01
1.376554552109034724e+01
8.590998986988915931e+01
-1.316553627107282693e+02
4.963995597595921083e+01
-2.798460092155614731e+01
5.984934175288958613e+01
-1.150015866005587810e+02
1.492993730441927767e+02
-4.779460035620162017e+01
-7.349919048730288118e+00
3.126510258788622423e+02
2.841234780459362241e+02
-1.443426954000119053e+02
-9.866800899461168228e+00
-1.307317005134630250e+01
-1.668656019890115942e+02
-1.057026324351592450e+02
7.986405999525237576e+01
-9.150017412542577233e+01
3.507242639315207811e+01
-2.571694097866301476e+01
8.396557166292470242e+01
-1.408269663055892806e+02
-2.760653553751313538e+01
7.399566633595061660e+01
9.555994144224702325e+01
-1.302564800826799285e+02
4.877835724485380098e+01
4.181757164669184590e+01
6.841243430107748225e+01
-1.685770093387434088e+02
-8.080935685299645854e+01
-1.785373482268428234e+02
-2.900163042215169540e+01
-1.246904407639324006e+02
1.304050617053251813e+02
-1.076446660509170812e+02
1.035742802571552659e+02
3.669895780354100623e+01
-9.626996146817344879e+01
2.465065409073490699e+01
5.459936910909129182e+01
1.253418697799046839e+02
7.722410249803026261e+01
-9.804031726296669547e+01
-8.226347519351980964e+01
1.888402729808748006e+02
-8.567658842204461678e+01
-2.569242818623703517e+00
-1.840248974797134167e+02
2.795864133933726947e+01
-4.208419280488358538e+01
1.599824003962167183e+02
1.198463978877028495e+02
-7.094403037726029027e+01
-1.701586264440082346e+02
1.855394706930808013e+02
-1.357020213968522171e+02
-2.883373813784083239e+01
6.739303084224218310e+00
-1.594069950891722840e+02
1.263228004384596126e+01
-8.042974484737099772e+01
-1.160473690323639318e+02
1.100823619540138907e+02
-1.046759093661452624e+02
-2.534858301165021643e+01
1.388169305569583400e+02
5.362462319000565714e+01
3.424295216140594533e+01
1.250036403687594486e+02
1.016268245251893632e+01
-2.291479739653084948e+02
-9.472307244986087937e+01
-5.415175293976790982e+01
-2.119414717184417043e+02
8.736639690997282059e+01
-5.072102534207201074e+01
1.622241153791440382e+01
8.149844408587121336e+01
1.924537230855539462e+02
1.303355045582390348e+00
-1.468180287962343122e+00
-6.506398905143258560e+01
-6.394445606605852817e+01
-1.498414346989416117e+02
-2.046161634412119668e+02
-2.426779589134455151e+01
-5.682045484337734820e+01
-1.148612410320099002e+02
-3.382404018017470548e+01
-9.630713837589632931e+01
-3.674541125918592854e+01
-5.821470649471051928e+01
-6.410399305192367336e+00
3.130797934061838816e+01
-9.020884820818073990e+01
1.250725994611080267e+02
5.856294047290627702e+01
-4.240976391683723534e+01
-1.007098907927352798e+02
9.565908954886866411e+01
4.804352213685708506e+01
8.673898197423621781e+00
-8.495747667252851443e+01
6.711167187018911306e+01
1.206313680225294327e+01
-9.394812065494436126e+01
5.316805367490189838e+01
3.641853561093319058e+01
-5.797269964737085246e+01
-1.075946320669930500e+01
-3.252226881939333936e+01
-8.975255838164970612e+01
-1.140071822153382044e+02
-7.859543332143707062e+01
4.316678004301574845e+01
-1.362377304278825463e+01
-3.763346365957330519e+00
4.905024108360948532e+01
1.373870682907911487e+02
2.452882632290951221e+02
4.866922068426374182e+01
3.263910908240917053e+01
2.088822026780375296e+01
4.760307340800635245e+01
6.707260618764602222e-01
1.636397656727217864e+01
-3.198423424625161360e+01
7.425237457544806574e+00
-5.103222006595565574e+01
-2.028297010225085906e+00
-7.895540683915645275e+01
-6.756328922257210934e+01
-9.554580162995051751e+01
-5.950953667551441839e+01
-1.054509587275331768e+02
8.662276457328023582e+01
1.005884073604877216e+01
