-4.146939029253447188e+03
-8.988524012419621840e+02
3.230194481231522786e+03
5.498583406124066641e+03
-8.347829574285054832e+02
2.435154409606711852e+03
1.118405533002984157e+03
2.534252601525595310e+02
-1.044525680797425366e+03
2.600522735029692285e+03
-2.193647549680279383e+02
-8.835353520067441195e+02
-7.710169198058771372e+02
1.536616945757041321e+03
8.095064761058815748e+02
-1.428807811872736693e+03
-1.738600949050567579e+03
1.163612414701425166e+02
1.026869592247984144e+02
-4.742065069498773369e+02
1.016598122574198783e+03
3.325378353276260555e+02
1.181781605188772801e+03
1.794677454962060438e+03
3.500057163858092508e+02
7.274689743713524877e+02
1.101811621082200645e+03
-3.485978431097635877e+01
-1.829035286928447022e+03
1.642737943247636849e+03
-1.118705154272132773e+01
-7.392814271778776174e+02
2.379323219060489976e+02
-1.173300933271034637e+03
-5.177932261311131015e+02
-1.288868192746765089e+03
4.619046976148006820e+02
9.366964918086212037e+02
2.451043868474791907e+02
1.536816565591523613e+03
-1.023790774469110829e+03
-9.830562614065109983e+02
3.799350979559943084e+02
1.631927778091506980e+03
-7.986314213152536468e+02
1.332826879130087491e+03
-1.072434479441379409e+02
-3.483203203252875255e+02
-5.921830137040486761e+02
-6.183649946643156881e+01
1.688318677790888387e+02
1.723439845277902975e+02
-9.932197275984888165e+02
-5.962242541125430080e+02
-2.859822392372256559e+02
-7.847495454869927016e+02
1.463781862474084789e+02
-2.084321975373732414e+02
5.832956803803381263e+02
9.473239547409787065e+01
-2.136287935874974231e+00
-3.614187758115551929e+01
-9.775631094508657952e+02
-6.033675703899988321e+02
-1.220242285129841946e+02
-7.476693240359970787e+02
1.445887563123583277e+02
-3.338103121154188671e+02
-6.833968449536499747e+02
-2.171094498099049872e+02
-1.839460385918168228e+01
1.982105811218143856e+02
-5.748622236678318131e+02
1.341300291571391483e+02
2.972115138795595612e+02
-6.454332389399309022e+02
1.640883306673801201e+02
-6.430059212235568111e+02
-1.892584672727000736e+02
4.974619781124502538e+02
9.380530602792555328e+01
-5.009277252663229660e+02
4.929926555371555423e+02
5.742768236105213191e+02
4.118498866189386263e+02
2.317740947065742319e+02
1.078256574059128496e+02
1.600889398262517886e+02
3.617287918271293279e+02
6.243030906923792145e+00
1.080678454736725911e+02
-2.981166045066538572e+02
-6.412703430952900874e+01
3.316528234862734621e+02
5.798470339747823346e+02
-3.935093259065212123e+02
-7.515594981023052696e+02
-3.917827296795070424e+02
8.349039152393609697e+01
-2.533150833517106264e+02
-5.613805332331796762e+02
4.200519597422544393e+02
-2.461998160458462621e+02
-2.538487787924318866e+02
-1.045520342270517915e+02
3.693851965944019611e+01
2.081781630015237567e+02
-7.054537859944547051e+01
-3.351037499969990563e+01
1.726923854508836484e+02
-1.540559972490131031e+02
4.551256372209626733e+01
7.085412612723118855e+02
3.492014695917453651e+02
-4.507807376340880978e+02
2.762792951741681122e+02
3.919166121157990688e+02
1.880130979788670231e+02
-4.085253730076475875e+01
-1.562387474378629975e+02
2.260493427859321400e+02
8.427841550358841971e+01
2.162906144112633058e+02
-2.871885034248236366e+02
5.123153812546714789e+02
-8.920458779539978877e+01
2.608508762254377302e+02
3.159214707436085519e+02
1.063893092752058891e+02
6.822225799683445757e+02
2.246596946328528759e+02
-3.180294844176641504e+02
-7.901522918194045531e+01
3.188632621986689486e+01
1.356987956520885632e+02
2.336016516116487765e+02
-1.085927558215581570e+02
4.667207226194590248e+02
-5.030332596170122628e+01
4.238949553595488169e+02
1.934447824896222130e+02
5.823444710842866812e+01
-2.407975147519615007e+02
3.767436763514920131e+02
-5.581430891226948461e+02
4.191573452394728747e+02
-1.754395253588897958e+02
-4.434597893047731532e+02
-3.178780860549156273e+02
5.007262702611381542e+02
-2.784647862276963792e+01
-2.489266154361351653e+02
6.548922205610705305e+01
-4.525688234333888431e+02
-5.141043792584215453e+02
-1.222454999903202690e+02
-2.196719022245501947e+02
1.367761423359579567e+02
-1.526534145996274958e+02
3.724385488965766058e+02
1.423679021953214203e+02
-2.557123542218332943e+02
-2.316701419678176705e+02
-1.189798001895153021e+02
-1.633980131736533679e+02
-1.378112753553679966e+02
-4.391821115255150971e+02
1.149506399400193715e+02
8.131892564452328998e+01
-5.596136867410565401e+02
1.621864141025987038e+01
-1.489461485238479668e+02
3.741751209023248492e+01
-4.231464427977356877e+02
-2.861104272135849556e+02
-1.067964942953689302e+02
-1.810282916899200956e+01
-9.537079944191900438e+01
-5.367135580686218077e+01
9.985217131538263402e+01
7.405140593767193025e+01
-1.899128083760251684e+02
2.008246118844430441e+02
1.207038483527576744e+02
3.006255867856888813e+02
2.286224479639936078e+02
-2.603778444706961182e+02
7.044091904155241934e+01
1.402096942634327377e+02
5.527715482073917030e+01
-3.763018111064759097e+01
-5.005022335309603250e+02
6.874735405238023134e+01
-1.777087911567288927e+02
1.993853660783744886e+02
-9.219476028221194497e+00
2.359968305045814532e+02
1.332465058209246251e+02
-2.434956297331242467e+02
-3.153774546554783242e+01
-6.485758254615727481e+01
1.954686506677049636e+02
-9.782562336563539418e+01
1.412987179020330757e+02
1.872314743976873785e+02
-7.204466841501053409e+01
-7.660446727481532037e+01
4.445312075961918197e+01
-9.437336582977046362e+01
-1.763223124430766404e+02
2.118205356785411766e+02
-1.945365573681212084e+02
-2.437687628079628688e+00
-1.337060278816458379e+02
1.076468050535656857e+02
-1.356342731593748283e+02
-1.938898597502921461e+02
1.624361644491973493e+02
3.667822156079778040e+01
1.311833994414072038e+02
-3.596141291101039172e+01
1.451879223653795350e+02
-1.484906067332105977e+02
5.544498275544147425e+00
1.567332189331648635e+02
-1.518281597985858298e+02
3.397870401199359947e+01
2.335406587667710099e+01
1.060176732680344891e+01
1.743183994173979841e+02
-8.440319910913324009e+01
-1.092579100706639537e+02
-2.626421714799861888e+02
2.352826513877763546e+02
-1.238101742015215052e+02
3.013712959325452445e+01
-6.712291688148077640e+00
-4.220042385151116093e+01
1.734708047150876666e+02
-1.665480333047194108e+02
7.280198932695334690e+01
3.329637845498675119e+02
-1.783332076906791315e+02
2.976196481890942778e+02
4.373601659582397616e+01
-1.031982242953161375e+02
-9.483271185601654452e+01
-3.834082213047194188e+01
1.655158881439973300e+02
-2.670545957954983578e+02
-1.621115304373128367e+02
-1.141197600254080839e+02
-2.000042701116118451e+02
-4.932363510127430573e+01
-1.051896909448155668e+02
-1.263062729307500831e+02
-1.268173016091849092e+02
7.268346367335141167e+01
1.139136334395023198e+02
7.335005123665079907e+01
7.937572077670279214e+01
1.762680826032350581e+02
-1.773071276950992115e+02
6.964373167831109868e+01
1.610439153307654863e+02
1.367341189809534114e+02
2.251189145794136834e+02
1.047283517910905992e+01
1.787225346785860154e+02
-3.439413248335281423e+02
4.116829341985027213e+02
-2.034943043860417617e+02
-1.404390368552674317e+02
8.685892043395401174e+01
-1.139755883603796036e+02
-1.175566358435894330e+02
-5.166834309705430783e+00
-1.048521920483041114e+01
-5.857194600074806523e+00
1.599395449540571512e+01
8.257040294593504370e+01
1.332508845963403985e+02
6.858775556095467607e+01
1.887860647479064937e+02
8.033485277693063864e+00
-6.377042854527083193e+01
-9.968814822875032178e+01
8.119860219014771019e+01
3.737695934224789340e+01
-6.817081312466997645e+01
8.779010161377588872e+01
2.337546244415125898e+02
9.468655174606391611e+00
2.490612288684723410e+02
-2.224551933034131537e+02
-3.738302253680878096e+01
1.106722511850222723e+01
-9.219593125331694239e+01
-4.564152273609772692e+01
1.994941127619446490e+02
