-4.694855883614057348e+03
-3.753197098876952168e+03
2.533857082695867120e+03
3.007505322431316927e+03
-1.544619744045004381e+02
1.370270475969992503e+03
1.583376994010581257e+03
-1.279989571408598067e+03
-1.354800108672630813e+03
-2.535637903356884181e+03
-4.543790643470535429e+02
3.653516725785900690e+02
-1.815953537537795910e+03
2.780675235303269346e+03
1.079221458391610895e+03
1.549240302183781978e+03
-5.446038558786571002e+02
-1.371017416607128681e+01
5.644803217842018057e+02
-1.414177194633871750e+03
-2.159635657849847803e+02
5.936906275635518568e+02
-8.723736766553217876e+02
6.061815256367011671e+02
1.081388139545189233e+02
4.996743629479900051e+02
-4.860398871139188941e+02
1.228241084166622613e+03
-2.014963253253622270e+03
-7.585158324402586913e+02
1.105140337588589091e+03
9.322698103387034507e+01
7.527853351159695876e+02
4.235775336112932337e+02
-1.012315499702854027e+03
-1.109781449201684836e+03
-1.430513646026846288e+02
-1.362047855381643103e+03
1.070087815071897239e+03
8.886614984847194876e+01
4.584721415856819249e+02
-3.249506188802683226e+01
-2.036433837866321710e+02
-8.263167711296244988e+02
-6.249696249971083262e+02
7.726635815850082736e+02
1.218877997603736048e+03
-6.562122195071792703e+02
1.416460320933972753e+03
5.877897821058581229e+01
9.866040250402193124e+01
-1.565894371614526790e+02
1.154553985279565950e+03
3.000566526526664006e+02
-4.763541351712737537e+02
7.516408103982522562e+02
-1.493216527332085661e+03
-3.752536888826342079e+02
5.333999073888307407e+00
6.890270583885126143e+02
-1.535888890256363766e+02
3.211601216734276250e+02
-4.852374117612710620e+02
-7.407022283265652050e+02
6.869752671558413226e+01
5.659532463055879816e+02
1.184418216711819696e+03
4.462228635644282235e+02
-4.311387794260427313e+02
-3.259183555248451967e+02
-5.834758151189097362e+02
3.237080048538158508e+02
5.372781232698989129e+01
1.387572824949775807e+01
4.265504304975676177e+02
7.716980687437745701e+02
-6.190154363185031343e+02
-2.673617741889663613e+00
2.114286083654276069e+02
-2.331675050184156817e+02
4.959673766485951774e+01
3.772159161271582093e+02
-2.714593424144714504e+02
2.760291748130999849e+02
2.449827874111238657e+02
-5.638208258851292385e+02
5.209358705055389009e+02
3.115971470278051356e+02
-1.465812021097101479e+02
-5.504492795622862786e+02
3.885516942963956240e+02
4.112921826228078430e+02
6.139647929941609164e+02
3.543386419541825489e+02
-3.358414732423864280e+02
1.321792412267662939e+02
3.376635454701671506e+02
2.330995190732796516e+02
2.191166365145884498e+01
2.229769452874496665e+02
-2.875199123707083118e+02
3.192156368457769418e+02
4.699866228594967765e+02
3.232653562464812467e+02
1.252586128930810077e+02
1.639359718848430418e+02
-1.409664799071964865e+02
-3.706509696355495862e+02
-1.767616179172752879e+02
2.460025639740082681e+02
4.465733371859788292e+01
1.764624105554183586e+02
-2.598293263709946359e+02
-4.302428079001718970e+02
-1.788733264298904544e+02
-1.318439660971430101e+02
-6.151174888774568217e+02
-2.742953200290754694e+02
-9.041164996656416974e+01
-2.022826412171212667e+02
4.511037266022221814e+01
-2.738411418504488779e+02
-3.417826422079839404e+02
-2.588206863915658005e+02
-3.582070491771798970e+02
2.010986045771843465e+02
-7.307133308885786391e+02
-1.644264937828938571e+02
3.606638205386618097e+02
1.924085652285653580e+01
-2.775875786373792948e+02
2.584714665052428018e+02
8.083523605219336616e+01
2.059022264867310810e+02
3.000418477378581770e+02
3.038230687476298044e+02
5.029046874605341486e+02
-2.128547183616593941e+02
1.878270324166498995e+02
-9.997901580506270136e+01
1.283778435515668832e+02
-2.156375574649756857e+02
4.379519115941537279e+02
6.879558091526034502e+01
-1.733849466982629792e+02
1.400703888748161887e+02
-3.013498924767193898e+02
2.868600059097414601e+02
3.596449692480655926e+02
-1.163149038399364912e+02
2.250303496278327202e+02
1.461114030945692548e+02
1.685744248812043509e+02
-8.521433996986819182e+01
-9.349096231321964012e+01
-1.784935373716995173e+02
1.292831220746398060e+02
-2.063826092171401072e+01
2.598944579371426471e+02
4.165870800617016556e+01
2.714090367545508684e+02
-6.824272615593605096e+00
2.148767849761791808e+02
-3.326890418583697056e+02
1.319801644127456086e+02
1.734241825850745329e+02
2.646811301669509575e+01
1.262280042640576738e+02
2.413593440403827017e+01
1.347674972867027634e+02
-1.579852908593040297e+02
-3.386432315077495900e+02
2.276572588602983274e+02
-1.083999212919189006e+02
-1.948183955655989905e+02
1.536195381422811863e+02
2.512654947161386474e+02
2.080899930621491194e+02
2.044079761133405668e+02
5.767485043297914160e+01
3.174481095942879847e+02
-2.053574757507500124e+02
1.779201378024402516e+02
9.427100851755123756e+01
1.784008950397634692e+02
6.119147158142880727e+01
8.567823132082470750e+01
2.706265318845422598e+02
-3.619581017253329378e+02
2.099344622401733318e+02
-1.321692086632311600e+02
2.254907178832913814e+02
3.481460132801195151e+00
-2.586405176179292766e+02
1.284399170478452277e+02
8.165540068121373452e+01
-3.486515876894598023e+02
-1.727873785100908890e+02
7.451508382729871016e+01
1.077388237058497396e+02
-1.764683932901554329e+02
2.072730903799429214e+01
7.688418939210453118e+01
-4.131975237449561433e+01
-1.992935396912286450e+01
1.288876033693788941e+02
2.629064768876423042e+00
-5.163349646439502294e+01
5.887868030252008822e+01
6.122094007471113741e+01
-8.587850684226619080e+01
2.627808115530340842e+02
-5.562894113274414565e+01
-1.888876036043445765e+02
-2.394135602253706736e+02
2.593427818968478249e+01
1.098517729464204393e+02
1.151134922030132230e+02
-1.519860052137995012e+02
-7.659057661215638291e+01
1.358782517253628157e+02
3.186382069258889871e+01
7.187439070986320644e+01
-6.006909046486572379e+01
-1.038603050705356878e+02
-7.999384840135681429e+01
-7.107207688380239574e+01
1.410003189924469602e+01
-2.192203495414714496e+02
-1.942983426264876528e+02
3.672211277891904615e+02
-9.563771698533111021e+01
8.955838027621480535e+01
2.424616177373873427e+02
-6.545637771104387070e+01
5.864872207110799707e+01
-6.099495442589492455e+01
-1.366906406782214844e+02
-4.371542674657864325e+01
-1.565728167013746486e+02
1.279163213846146192e+02
-5.081026734092648489e-01
-9.714821841068037145e+01
1.101815627126251762e+01
-2.682300032595082939e+01
1.487818020955894305e+01
1.136545120148733332e+02
-1.872174859393952673e+01
-4.983165805568614815e+01
1.506572788247700316e+02
-6.893969090006268630e+01
1.766568989191058847e+01
2.342646195906243900e+00
-7.418291581113994937e+01
1.787761454501708869e+01
7.727897005492066285e+01
-9.991090023269735809e+01
1.447764376262035668e+01
9.079284429174259685e+01
1.789236091203907364e+01
-2.146448523612258441e+02
6.677484349957461518e+01
6.735998628814748201e+00
1.385690227869801561e+02
-2.638903535205302475e+01
-6.316772735754301493e+01
-4.211450328740803428e+01
2.353425890352622218e+02
-2.643616216262001828e+01
-2.898335686142064560e+01
-9.253172299260663181e+01
-3.943252280774009222e+01
-1.283464338605593558e-01
6.555065109546572444e+01
7.441256674617203259e+01
-2.064986921181628645e+02
-5.479514817811842420e+01
8.486955240609221107e+01
1.299867758800236039e+01
3.486609058630612878e+01
-2.952781923287694710e+01
-5.013441657910954063e+01
3.683681649570188910e+01
2.958567126141417702e+01
1.147302484650120107e+02
-5.733507254460658942e+01
1.180661357695073121e+01
-2.493643329636087813e+00
-2.599599370891926355e+02
3.759139568939954046e+01
-1.251766117169260610e+02
1.266389639413565078e+02
-1.594767086451850169e+00
9.219888517764117353e+01
7.680319623000573870e+01
1.196465773080580703e+02
1.222612417966899834e+01
-1.127217112665910292e+01
-1.066869449426960159e+02
2.120316758317881423e+01
