2.316559155839866889e+03
1.733816254573611786e+03
2.941013341461684831e+02
4.993702032127083839e+03
-9.324979239564617046e+02
2.366044408052885501e+03
4.439415355515365604e+02
-8.044587680767934899e+02
-2.237058454824617456e+03
-5.840267842855671887e+01
-7.843380025112993508e+02
1.105673271113921828e+03
-2.220576484512511797e+03
-1.354481173159274192e+02
-4.017068983348534061e+02
-1.830799512539614113e+02
-4.103757922376724423e+02
3.430683011340088910e+02
-4.513596127715144917e+02
-9.738366301586609097e+02
-1.605129494667501604e+03
-1.289944344096489203e+03
-4.798981297074810755e+02
-1.547628172719632573e+02
-6.001831591531038157e+02
-4.285125128180303591e+02
1.190056608613501794e+03
-1.032467603845271924e+03
-2.588799541286971930e+02
-6.447880407981365352e+02
-1.983928526487639488e+02
-2.078229762031391601e+03
3.368658518989832373e+02
-1.087819153887619677e+03
6.638712784240085512e+02
4.986603846211938276e+02
-4.055811404088253767e+02
4.429718243639968023e+02
-2.531748390386945289e+02
-1.120542119073271124e+03
-3.834069073009405315e+02
-1.258793530176097164e+02
1.223176919537305366e+03
3.436765873138105007e+02
1.005520868413673384e+03
-3.382609819154237698e+02
-1.326675522962843559e+02
6.723346835448852516e+02
-4.902639611585339026e+02
2.475809554158462618e+02
-2.618333185298590706e+02
-2.618763223090201109e+02
-5.134779331478199538e+02
-3.296485671338781458e+02
4.803086257272436796e+02
-1.861542520365611608e+02
-2.782232661827780476e+02
1.565415353874318294e+00
4.320203896749443970e+02
-4.912383233442554911e+02
3.509688354154488366e+02
-3.466981172202342805e+02
4.389959264540852928e+02
3.522625568163579715e+02
1.621826289131694310e+01
4.461210880353554131e+01
6.240082415625626027e+02
-5.946820203363153041e+02
2.318186343073737703e+02
-3.688656008809433615e+02
-7.340758065345123384e+01
3.564895892223631790e+02
4.835118649137103262e+02
-5.444313393877843055e+02
-3.218034069594210109e+02
1.113557100513752971e+02
-5.562054009398987091e+02
4.512945373927447008e+02
5.487666428934128362e+02
-6.940650294042612813e+02
1.330817850506090281e+03
1.190991371197821849e+02
4.456669021414725194e+02
-4.196849657169141210e+02
-8.076198518253044085e+02
-6.454528573878384634e+01
-2.409497624460706504e+02
4.047568234567488048e+02
6.922108475523219795e+01
-2.869605742722009722e+01
-1.895918906074506367e+02
8.522995238320744420e+02
3.668320253781499218e+02
-4.279420955535753137e+02
3.811018899759143892e+02
7.185123389423968376e+01
-2.762756582817219169e+02
-5.447267281728607031e+02
-3.296156580519837007e+02
-6.003808954219111982e+00
4.454093397669127512e+02
-2.984580327222564051e+02
-4.675653774978763977e+02
-1.234423853179634136e+02
2.372384154738937809e+02
-3.782672641884070117e+02
1.418011743828117517e+02
-3.705642706652318452e+01
-3.412850614077143518e+02
-1.207942239288920128e+01
1.438630305305854904e+02
-4.176966799680222948e+02
-1.112561395481839781e+03
-1.558575075789065352e+02
-6.352846846053274987e+00
-2.263209234857059187e+02
5.078849606472184632e+02
-1.570604333349015178e+02
-6.325741488950498024e+02
8.893310842180586917e+01
3.119038060408299771e+02
1.260707168226405059e+02
-9.822965219008665372e+01
2.902212665350774614e+02
1.983188195531359952e+02
-1.225735639995667867e+02
-5.492569831869279824e+02
3.706400063965659228e+02
6.393825818542785555e+02
1.634109217916302441e+02
1.066004160152065623e+02
6.028739797449857178e+02
-6.692577151606510597e+02
5.147209364733969323e+02
6.641336626460501691e+01
5.701228059201764609e+01
1.828114861348925615e+02
1.120633805126672797e+02
5.263696557291179090e+01
4.604151546330435281e+02
2.493069038991854143e+02
-4.173666051903234120e+01
4.480021280170854538e+02
4.580128942964386169e+02
-7.345954457961489936e+01
-3.280257852784989723e+02
-2.710354267374974029e+02
-6.706819025802809620e+01
1.314517000322615559e+02
1.442223084316024426e+02
-5.196091522254623385e+01
-4.487866447376945302e+02
-1.289267531182918169e+01
2.719562796463295058e+02
-3.572209752118387200e+02
-1.405768519842851205e+01
-1.591748107203418954e+02
6.765207008219341560e+02
-3.432378786788594738e+01
-1.488684277789324995e+02
1.772263063378013044e+02
-1.516826405259924115e+02
2.988205257607645535e+02
-4.685974142847427402e+02
-3.243967670720913361e+02
2.819305506406095674e+01
-4.412549714012560003e+02
-1.713502844772650917e+02
1.937192228976848867e+02
2.041798007659401435e+02
1.557169561042520058e+02
-6.716070947978134882e+02
-3.388322636696410939e+01
-7.221539594679904894e+01
1.752334150940453696e+02
-6.938436307540105474e+01
2.606389375174194925e+02
-5.601864963918119429e+02
-2.417101779092210734e+02
8.722507259497859877e+01
1.728903286002259563e+02
-3.864134119382312065e+02
5.043559702287943765e+02
2.475875599674264294e+01
1.149884945818562301e+02
-7.967099896490474009e+01
2.037946665359192480e+02
-1.844007764599071209e+02
-9.586949652677722611e+01
2.450656561503136572e+02
2.084968411688241474e+02
-6.149721875292624418e+02
-1.440406985307619721e+02
-2.955963281758108678e+02
1.314695665392673050e+02
-3.025015867173904667e+02
-2.674271186933731883e+02
6.541057791300868018e+01
4.319315631673549092e+02
1.649222485421178135e+02
1.892303367564478833e+02
3.453667482626782999e+02
6.829534337779957696e+02
-4.531589185035927159e+01
-1.871441537284412675e+02
5.516118362283795307e+01
-1.931545453596421282e+02
1.528682010515057073e+02
-2.245898594497369061e+02
1.790988936744292630e+02
-2.129758654924854397e+02
-4.023323915123931442e+02
1.504658896594328255e+01
-2.435151955996674928e+02
-3.072375617815717064e+01
1.045076260468822369e+02
4.129938860397684834e+02
-1.526449599104833510e+02
-4.840509907344674190e+01
1.216124661921731587e+02
-3.758685892064320910e+02
1.421941669112365219e+02
-2.558393595490628627e+02
-4.295578592004614507e+02
1.535349999040410864e+02
-3.496879617692671900e+02
-2.794450405474959780e+02
-1.943304767441861003e+01
1.995747181619571506e+02
-2.163604001371854224e+02
-1.355185516305026567e+02
-9.211092307834371695e+01
-5.127006844126502756e+02
-8.416625356701197802e+01
2.933749164430199698e+02
-1.437837479189754788e+02
1.218048635431953670e+02
2.707611895271532489e+02
1.675865594755345853e+02
1.588509173872380131e+02
9.301751329763975207e+01
3.696766297281687486e+01
-6.487339029165478905e+02
-1.051638646625327596e+02
9.279303902863458120e+01
-2.181557926475914755e+01
5.457833786735783832e+01
3.754421890652162119e+02
-1.648061318538022135e+02
5.880054285942760828e+01
1.839998900752782447e+02
3.838850852117068939e+02
3.909485778881781926e+02
2.163948537544902990e+02
-1.216540051666460158e+02
-2.168308572422099871e+02
1.462444766259763469e+02
3.333765937823261538e+01
-1.196080448302803347e+02
1.838216077443305210e+02
-7.732904297520283521e+00
3.910922920457296073e+02
-3.424445725054825971e+02
3.478899434332444685e+02
-2.630425672110935125e+02
6.156416718330169857e+01
5.876640041253202753e+02
3.812045181353666976e+02
1.807643826008678332e+02
-5.555879715264548935e+01
5.594890289355286761e+00
3.422668616713173151e+02
1.136338306389369279e+01
1.700150901064170483e+01
4.812340405032091439e+01
1.153394617687888655e+02
7.556844814297825508e+01
1.046933804272660637e+02
-1.150238216097627770e+02
1.239784815043119082e+01
-3.129280015662698133e+02
3.957968593945666953e+02
3.213243251658987987e+01
1.506865349650897201e+02
-3.622905037694125951e+01
-3.543524024645484616e+01
1.948713556133124030e+02
3.242405323388757665e+01
2.283636513420887582e+02
3.882329775410162398e+01
9.476214363066031865e+01
1.302986011540984350e+02
2.045857845331330509e+02
7.134325855836958397e+01
-3.840675078808784804e+01
-3.590026739331933925e+01
-3.068430637873353817e+01
2.306568824420929502e+02
-1.745781179783140544e+02
1.912014488980924511e+02
