1.374816716381357992e+03
-1.058229099464523415e+02
-3.451757760266414607e+03
-1.295811738164418614e+02
-1.182869573401492289e+03
-3.063799538345698693e+03
3.263259759250764205e+02
3.083744047181834958e+03
2.894877498813382388e+01
6.338739008199994487e+02
-4.818341102686592876e+02
-4.884338339761416705e+02
2.260843841749338935e+03
1.278690939728303277e+02
-7.366928501213798199e+02
-7.001490847066086189e+02
4.052015445852538278e+02
7.571817496764383577e+02
7.292246276225117754e+02
3.657723974106306031e+01
1.895225951375826753e+03
1.846197635503988522e+03
3.108749833366929352e+02
1.268994146832367733e+03
2.642691556716493437e+02
1.275089532815939492e+03
-5.984443336468457346e+02
9.031825359104117013e+01
-9.278278901767728257e+02
6.360893547777864114e+02
4.939248330121470758e+02
1.927655087262281540e+03
-2.549848530844723768e+02
-1.138974162194090468e+03
-6.990431847329612083e+02
-1.022797844155117104e+03
3.412050675004281857e+02
-6.458360573126401505e+01
-8.458083912213527356e+02
2.096661678019303054e+03
-7.109827090774436442e+01
-1.460766068863389364e+03
-2.507606483507431676e+02
1.268400261653539928e+03
3.414509036637508075e+02
1.233431477514985545e+03
1.698140536841937660e+02
-9.422407372438527773e+02
-9.834876261986129009e+01
-1.918320251093341824e+02
2.102779484359622018e+02
4.577924892498480745e+02
4.274723358911278979e+02
2.031261650852890170e+02
-1.298728872953751534e+03
7.263666682560383379e+02
8.119439716737902017e+02
6.065236984964764133e+02
1.883085111947064831e+02
4.730682002490003129e+02
1.418167795556343265e+02
-4.037194227537620463e+02
2.185104003927420990e+01
-2.215106024240768932e+02
-5.900515486750908849e+02
2.045501819378659150e+02
7.117616988454431066e+02
-6.973979217385782192e+00
2.107537296577177131e+02
-1.337445697327840435e+02
2.020132531744190203e+02
4.144996972988000721e+02
-3.046685076149438487e+01
4.661744370479836448e+02
2.233565302614605628e+02
-4.976567273267756946e+02
6.654076119896982391e+02
-8.126610117059196909e+02
-4.253407190314935349e+01
-4.502769149514633114e+02
1.979911856484699797e+02
-4.609808320768484577e+02
9.909863464805461319e+01
-1.383206974459215211e+01
2.900111569597384005e+02
-6.638577233946682554e+02
-4.941731220155081701e+02
1.213921339566614535e+02
6.724176757001338274e+02
3.123056384736171935e+02
3.054944589232604368e+00
-2.511430162641286472e+02
-4.619766519327121728e+02
9.341717447338197644e+00
8.903403372558089757e+01
-8.479541518875801387e+01
-3.784304521548502294e+02
-2.192107712208967385e+01
1.474502184035511902e+02
-7.355605160685190924e+01
-1.360841816471419747e+02
-3.372137161579308327e+02
6.236597938272292367e+02
-4.715849621001194691e+02
-1.051042669321934540e+02
2.635944755285030183e+01
-1.503144174964000968e+02
5.574319783102635029e+01
3.239764229627687797e+01
-4.991052679782444490e-01
-2.948111869331218031e+02
4.555122548185875075e+02
3.339757719322398657e+02
1.050469652949039556e+02
-2.349501591847697171e+02
3.241306835266279336e+02
-3.858018149615377297e+02
-3.678004834103711929e+00
4.877756319540281993e+02
-1.837134933598725866e+02
-1.002587292845788340e+02
-2.343103593100622817e+01
-1.511956682617325214e+02
3.447329106207273526e+02
-6.859642873074831471e+01
1.774883048113868256e+01
2.370907694741977423e+02
-1.712019694608005409e+02
1.549571265851204771e+02
3.243026821898361618e+02
4.572509865709710652e+02
-2.435879707403238967e+02
-5.096799584134769816e+02
2.825862649736791923e+02
1.856558170428602637e+02
5.222348956261576802e+01
1.989301298297011726e+02
2.011530673470198565e+02
-3.421083148343870306e+01
-3.151452533229290154e+01
3.163272092468614716e+01
2.680445830516723618e+02
-1.927804810813620406e+02
2.884375885684825676e+02
-2.554501913990779656e+02
4.602065963886417421e+01
2.241032563915571245e+02
-1.625912382791326536e+02
-1.237424126338396491e+02
3.726714539955843861e+02
-3.000901042775665246e+02
8.291297435895549128e+00
2.434093944083427630e+02
-1.597962211521844154e+02
1.150013552406354620e+02
1.640082908336068783e+02
2.787800944900705531e+02
7.620157622273622167e+01
-1.127620233624413117e+02
2.474404353872598108e+02
-1.662305045787004758e+02
-4.546263346887644730e+02
-1.896375469933880993e+02
3.037076443826387049e+02
-1.156085275097940297e+02
-1.721565772732860182e+02
-2.951648126283256488e+02
-3.447793435492028493e+02
2.922527623104338659e+02
-3.745385584728714434e+02
6.913570861898769238e+01
1.878547346999944523e+02
3.308125033362701402e+02
-1.265354217802093615e+02
-3.973382385920422735e+02
3.040581219892071729e+01
-2.803364457232594873e+02
-2.928754660375149683e+02
-2.547540890039931867e+02
2.474546694991398397e+02
2.411062664399960909e+02
4.265580338892632994e+01
1.672758425633442698e+02
5.819851201344545899e+01
-2.695718761526757135e+02
2.761710495835673100e+02
-5.453667526269775578e+01
6.666613727683849966e+00
-4.854356883341056914e+02
-1.217497453362478979e+02
1.847206513504010275e+02
-6.690939032393266643e+02
1.331557826653730956e+02
9.358545614065222651e+01
1.002084570861648842e+02
7.933402022821141486e+01
2.755999220978630433e+02
-5.021377208892319999e+01
3.938150186521903606e+02
2.906768152877485818e+02
2.439190557077193091e+02
5.777752551258288349e+01
3.115684149795741860e+02
-1.680540121897968220e+01
1.474023572687390526e+02
-1.046723114027822632e+01
-1.375628983522667852e+02
1.395276509569538632e+02
1.396786443247793557e+02
1.149251672284558765e+02
2.465949652696975747e+01
-3.825861993855497758e+02
-4.125781969688230078e+01
-2.149013835801962955e+02
1.362237913725561214e+02
-3.427272522606580196e+02
-8.371592077915504149e+01
9.412840030174085371e+01
-2.758404630479694788e+02
5.739969037982008615e+01
2.106868437807210341e+02
-9.299898004646385630e+01
1.787108997465574021e+02
-2.368815154896230695e+02
-2.725938100709744845e+02
-2.728357896806082863e+02
-2.249735229038071083e+01
-1.979837070681707019e+02
2.296267038706731967e+02
1.745025218221855994e+02
-1.476484113821271364e+02
9.159271996190034315e+01
-4.723002875778017824e+02
1.947736043148981366e+02
1.644109853965125865e+02
-1.746446248735255438e+02
-2.029772214908370813e+02
3.671787030662156894e+02
9.133107070501573332e+00
-2.729010765466907742e+02
-1.207891469510223281e+01
1.696181749890623962e+02
3.311304347927305436e+00
3.925756359510321545e+02
-1.308652889959833772e+02
-6.261513119290538043e+01
-2.846062727058986042e+01
1.282511648645691480e+02
1.215379578116663062e+01
-4.834000469982078130e+01
-5.237361242826640506e+01
2.636000296895477959e+02
4.636014071559238658e+01
1.729751712938899288e+01
5.526040325907958817e+01
-2.518503519420409020e+02
4.468711315656101846e+01
6.877186361960927030e+00
7.548248978958174860e+01
1.117828376053083304e+02
3.034499964747033118e+02
4.221604272309043040e+02
-2.126346685419373728e+02
-1.227451425115712453e+02
4.273546993549983313e+02
1.040539990806453829e+02
1.792621469786997181e+02
-3.165473348601640069e+01
-1.050188656719242459e+02
-3.662743553219596038e+02
-1.252213275261040515e+01
1.546928341135465814e+02
2.139582382310624098e+02
3.181710706883637272e+02
-3.754547753132989385e+01
1.013853719863788569e+02
-2.307052547617282983e+02
8.782830093940181371e+01
-4.125023493630189364e+01
2.402711173347148872e+02
1.095459297069671010e+02
3.157081132581196243e+02
2.353485870003401033e+02
7.894769941325884277e-01
9.744673605922091042e+01
2.265154080319498462e+02
-1.286398269735526867e+02
4.009848157275873604e+01
-8.186634751068190496e+01
-9.597632033907277105e+01
2.667367771475991844e+02
5.281182636687914567e+01
1.993944356292429916e+02
8.425600332920195967e+01
-2.338727041109117124e+02
3.019691762227293452e+01
1.736349984454567341e+00
-4.402477507249974309e+01
2.792466006964314715e+02
1.968422679009657088e+02
