-5.420020905514990773e+03
-2.682412713883935339e+03
-2.003266102636237065e+03
4.267382850708596038e+02
-2.897801794492812860e+03
-1.857194813305139178e+03
-6.696446872725032335e+02
8.443273798982644394e+02
1.186395964448715176e+03
3.290343892736613611e+02
3.335565356488010593e+02
1.317438019285887094e+02
-9.791219834335064434e+02
1.108154343780155386e+03
-1.704474974178078355e+03
-1.521741325196770504e+03
1.881108289715992896e+02
-8.964196355871129072e+02
3.160959280735557968e+02
1.006259964661334152e+03
6.040097769311142883e+02
-4.491610710069672336e+02
6.542254411506651195e+02
-9.296808602674040856e+01
-7.283256034435538595e+01
5.371559539188391454e+02
1.689700088873758688e+01
-2.302396691162743423e+02
7.996593628346429341e+02
8.393269450438589274e+01
5.007623130424270812e+02
-9.841727954203124682e+02
5.628985859932563471e+02
-7.400097551390457511e+02
6.757737503548313374e-01
-6.437668341927476376e+02
-2.231375430542078391e+02
9.541806395240796519e+02
2.729565902743436823e+02
6.510974837083020930e+02
2.082570255144508664e+01
9.376596882217189233e+00
-2.577619455900211278e+02
3.586817033302913842e+02
-7.689643682917321144e+01
5.230388680843387874e+02
-4.456626250516131336e+02
3.396659981526284469e+02
4.481935731826629308e+02
-2.268645066243360873e+02
-6.720039578248043881e+02
2.711239291097433579e+01
-9.677427549903085264e+02
-1.789635047544170732e+02
3.745220811940164936e+02
6.239355812431417689e+02
1.112453252614532460e+02
6.308639481744690158e+01
2.090096288803008235e+02
4.034443006211672582e+02
8.846627867623456609e+01
-3.720720809308384673e+02
-3.035430113641868957e+02
-5.627932721605400275e+02
-3.154706984917243631e+02
2.088546846544775804e+02
2.633379155070182378e+02
-4.007034697036961290e+01
-5.589981752595429043e+02
-8.169611607255937713e+01
4.836511624282983917e+02
1.969948642076554677e+02
-4.349406452203939466e+02
-2.109206586135919892e+01
2.880237902085637529e+02
-9.192545209350969060e+01
5.077832775075216887e+01
-1.148645910786262760e+02
1.528146821048245272e+02
-3.466710206087848860e+02
2.438626966313044022e+02
-3.220329975661194339e+02
4.987150419330121309e+01
3.823180402279471934e+01
-1.656708522957251262e+01
2.774466924882544845e+02
2.303914263234975124e+02
4.173826196618922495e+02
5.302067965026963066e+02
-3.384003503567166860e+01
-3.510098564231199703e+02
-1.475526827801887180e+02
6.238527774259709702e+01
-1.981711778483868329e+02
4.232301925219873624e+02
4.621322382758293656e+01
-3.734334679276390716e+02
-3.324659962088578595e+02
6.856496288546435380e+01
-2.858325292283212207e+02
2.330499824258245667e+02
6.741694534470758526e+01
3.893746313064912670e+02
4.663746855122771251e+01
5.317609986511627795e+01
3.666028891675030650e+02
1.521225472173679805e+02
-1.909310182269281029e+02
-4.979774359020692032e+02
-1.478354927919600641e+02
2.262002904152222129e+02
2.026462094163153722e+02
2.672913787890084905e+02
-1.269035479825898278e+02
-2.330874133830327253e+02
9.569238177095907849e-01
7.821397115782145804e+00
1.042301143677251574e+00
2.410451564089365206e+01
2.903374029352365824e+02
2.161321645643343174e+02
-1.598938468682516714e+02
7.964727620488946513e+01
-1.315527516670341015e+02
1.950604534043777392e+02
-1.202869659427834819e+02
1.231177458819656749e+02
2.535399471399917104e+02
1.444799111376083722e+01
2.515530604277375915e+02
2.581122641738603534e+02
-2.484357019948431002e+02
-1.377044524247876041e+02
1.626036991811438099e+02
7.727835058145645064e+01
-8.616612385851986744e+00
-1.134438279794365059e+02
-9.432565652145571633e+00
-2.143419441622689803e+01
1.059475417731494318e+01
5.480942200275183751e+01
2.865133457579770493e+02
-5.460760079337292439e+01
1.355268990768447850e+02
-1.513573955757078693e+02
1.187973840249789816e+02
-8.026940404511046268e+01
1.507552696252551527e+02
-6.354565140583840588e+01
1.474439910399055123e+02
-1.923322481185890354e+02
-7.204841926485819670e+01
-1.811038942609141600e+02
1.299449595800094848e+01
-4.152681984787266600e+01
1.258497569701332282e+02
6.073575497418293168e+01
-3.216673560962819067e+01
1.987836779859717140e+01
4.449371369118038047e+02
-1.197282211390465179e+01
-9.046513899223684874e+00
-6.751981112173180977e-01
1.002341297729155087e+02
1.961046912562486000e+02
-1.671603179967033270e+02
-3.384263320762078564e+01
6.579073543010406411e+01
1.155814637075998377e+02
2.722545667853882634e+00
9.791487775606389832e+00
8.221367286844865419e+01
6.518701131196387166e+00
-1.344340864115327463e+02
-9.237276614073721248e+01
-4.964101064460228230e+01
-8.689287510266001391e+01
-1.808168515585363991e+02
8.671251185338627465e+01
-7.832084898606969148e+01
-5.831194792018606421e+01
-6.449156602491571277e+01
5.200801037640396807e-01
-2.318905905196895958e+02
-1.202010636698982537e+01
7.018344433691616757e+01
5.090131080150481324e+01
-1.618923374495262912e+00
1.163652493246273423e+02
3.184040539093874500e+01
9.441725428281746701e+01
-1.679704839753109411e+02
6.392534728001004396e+01
-1.018309459656233429e+02
7.487476670021366942e+01
-1.322505548270664200e+01
3.683857009062948862e+01
-6.462680340229931630e+01
8.483683377462811848e+01
-7.656424119387129679e+01
2.233702366594783584e+01
-5.702589626986257265e+00
-8.251139146489384757e+01
2.688285531932140771e+01
-3.612398687815948506e+01
-1.579188767818603800e+01
-7.750247345647437669e+01
-2.034118533579102461e+01
-1.989077201876789900e+02
-1.472429991742557149e+02
1.303500919490655576e+02
-2.151557175020283523e+02
-4.507859270297907983e+01
-1.843033541106923678e+01
-2.778193679553812601e+01
-9.648722366342208545e+01
-1.731052685708286631e+01
6.460456307255157959e+00
-5.772862904344214741e+01
4.546696805857220625e+01
4.216976685787020074e+01
-1.991251761695900058e+01
-1.631513670637863456e+01
9.686284436356222827e+00
1.271486980095164370e+02
-3.409770417766707595e+01
-1.240063982799513269e+02
9.026302109977157784e+01
1.233173543997025057e+01
1.179532502750894736e+02
-1.957703937949080455e+02
-1.050855446666837594e+02
5.274543440166987551e+01
-8.266833317006336301e+01
7.326483173456085751e+01
-8.678763723999978197e+01
-5.237495986700347217e+00
4.689085871818604545e+01
-9.109728718390528002e+00
-3.685669873513517558e+01
6.863424416281749529e+01
1.119067542857195292e+02
-1.075541301191332195e+02
1.430144895159367593e+02
7.331199028408724416e+01
-5.344697221357228045e+01
-5.788117607360848638e+01
-4.416162847378084422e+01
9.974365403171751154e+01
-1.044126061261717240e+02
-1.126958323412505365e+02
-4.236950606207079773e+01
-1.115813704791183447e+01
-1.854905619744502587e+01
-4.965633484014079357e+01
-1.198925750649302842e+02
-1.490569554095701577e+01
6.232887017290154041e+00
-2.057208390055724223e+01
7.952669229525036521e+00
-2.741566734569603980e+00
-2.608584681658387971e+00
-2.010454192664421313e+01
-5.751829193265417217e+01
1.278536990076754876e+01
-4.236872908678472882e+00
-5.612840000432194110e+00
6.329265335413983840e-01
3.868082141714675259e+01
1.043172431222603613e+01
1.766338867490807019e+01
5.277017635742863177e+01
1.626947886363564777e+01
2.272653027390119007e+01
3.934010826166755237e+01
2.075486407952992352e+01
3.431258940486661402e+01
-9.023676296409522024e+01
-8.467122221241286439e+00
-4.755264843511275075e+01
5.370290526613823090e+01
-1.588997787853459742e-01
4.473875154441862634e+01
4.054544268709712895e+01
-5.353954534627376205e+01
2.901194176061440544e+01
-6.913850505564526827e+01
1.345081988354634994e+01
-1.484118564282657182e+01
6.183362151798282724e+01
2.618548624394320612e+01
2.317738300583547328e+01
1.163843117857258802e+00
6.148981047606478256e+01
-2.948599816143470065e+01
-7.143624405403569710e+01
5.387733303705906707e+01
-5.545008849906002268e+01
2.620121321381281287e-01
2.466801806304874489e+01
