1.739500725127951682e+03
4.493410019646789806e+02
-3.630043477561790496e+03
-3.423295943657508360e+02
-6.836443335006425741e+02
-3.962148696181125615e+03
7.905258397596337261e+01
2.281494373810275647e+03
-1.050855172622160353e+03
-5.796321957807350600e+02
-1.250768554408682576e+03
1.532537195146046258e+02
1.876111541269414602e+03
-3.740893308881149437e+01
-6.633869592073399417e+02
-5.968008729941669799e+02
3.522185847060059700e+02
1.126527413004069786e+03
3.947063008624421059e+02
-3.982133171747520350e+02
1.756702621796693165e+03
1.474496685069608475e+03
1.967617604004298926e+02
1.209983026977126883e+03
2.215894212942984893e+02
1.424068285765691371e+03
-3.060902654485744847e+02
4.557823038894907342e+01
-2.907627993544538185e+02
4.188016812156407127e+02
4.270851434896222827e+02
1.952329383925383127e+03
-9.897370282279025488e+00
-8.722763815822977449e+02
-3.517510281550711966e+02
-5.438782709275808429e+02
-9.507789812570628385e+01
-1.243320519592432873e+02
-6.508938942677145860e+02
1.383464665398269517e+03
-3.800734272370705185e+02
-1.376671112595115346e+03
-1.622330855817502879e+02
5.846517726146643099e+02
2.944284800443809900e+02
1.048553339826250067e+03
2.353124272036560605e+00
-6.545955161040678831e+02
-7.831985646331166784e+00
-3.794901927134033031e+02
2.497448143147954340e+02
3.878590135946674309e+02
2.555553668535045233e+02
1.417564529052060607e+02
-6.887477837737739037e+02
3.746015951284092580e+02
4.317862713799103176e+02
5.283850763623950115e+02
1.235777457614666304e+02
1.576947432993534051e+02
8.550301441916867873e+01
-2.901766534765454253e+02
2.020149107410777560e+02
-2.266929334757910226e+02
-2.627477906366629554e+02
-1.983243792560705856e+02
2.335518273393606705e+02
6.669580638615224188e+01
4.890781147390462991e+01
-7.292504796207495588e+01
4.175145019095895549e+01
2.891657568291255416e+02
-3.412630266390854104e+02
4.186424434891026749e+02
-7.416470857738038269e+00
-2.677139269071262788e+02
6.832115053143531895e+02
-5.055414954729023975e+02
-1.339479065908800806e+02
-1.637376051049586465e+02
5.708160440019137916e+00
-3.838304280074697772e+02
-1.054441963874289030e+02
7.081020617975366349e+01
4.124608932405108135e+02
-4.484934524109620497e+02
-2.565605705906741036e+02
-4.232625853794894510e+01
7.637455252878872898e+02
2.816554806500262202e+02
-2.489112500883863390e+02
-3.245378219607148935e+02
-5.251848917502012455e+02
1.052433152221883290e+02
-1.271732897818957184e+02
1.428453968749110459e+02
-3.119787455530701550e+02
9.717561015226765164e+01
1.534791911988170057e+02
-2.274331829185174456e+02
-1.990664239106377522e+02
-1.872088089937435313e+02
4.643887967857563126e+02
-4.031103660202605852e+02
-1.191881331518331706e+02
2.270564238607793470e+02
-2.646145402073258310e+02
-6.798117081910608306e+01
1.074468558751729219e+01
-2.122532721691746929e+02
1.106085028224356392e+02
6.115705671137690160e+02
3.322426106699670072e+02
1.535938932665698360e+02
-2.589081743097543722e+02
1.983752831945318178e+02
-8.327511407273270549e+01
2.300965277071194919e+02
7.647374690999783979e+02
-2.207256388580879900e+02
-2.840043724682934823e+01
-5.975904525376563470e+01
-1.086572422907660496e+01
1.769198085720562403e+02
-2.363642244382079127e+02
8.092026903722128850e+01
3.124935780615788303e+02
-1.569189082018544639e+02
-2.221238744971402639e+02
1.779139438920323926e+02
4.710850343704938723e+02
-2.547162358766198054e+02
-2.805049605016670355e+01
4.353427060438211527e+01
-6.070131316412739864e+01
5.459879669290656068e+01
1.057705032226294009e+02
1.339810003416363884e+02
-7.692031803961957337e+01
-1.784316751222988273e+02
1.493778119457778075e+01
3.002616056130095217e+02
-3.438464282557241063e+02
1.222724926340397644e+02
-1.641284313724309811e+02
2.977500503606698601e+01
1.451784488418288674e+02
-1.941714047253171032e+02
-8.135770392116306482e+01
3.424468364117371380e+02
-1.969274074082691754e+02
2.141652340977427400e+02
1.435532851113051436e+02
-1.753128903375597076e+02
2.137836017992798077e+02
8.891984690064313668e+01
4.380345373313703021e+02
-3.776829797337107664e+01
-1.332272161188579105e+02
4.285401942752818059e+02
-1.455300872747501444e+02
-3.055273412700992139e+02
-1.921998020309309823e+02
3.221388302679873732e+02
-3.870113578376305696e+01
-2.740730018782873572e+02
-1.602949162289982041e+02
-3.430910692596580134e+02
3.041468900731946405e+02
-2.777469548778723833e+02
9.154237923929761678e+01
1.315112098660893594e+02
2.360198830001657768e+02
-2.030703257831409587e+02
-3.584633623783458347e+02
-1.729335878020908126e+02
-1.387827840681831049e+02
-1.790773946188529351e+02
-1.084797486862710372e+02
1.743418747042443044e+02
6.822207276843126067e+01
1.345716104763805845e+02
2.958035365451462440e+01
2.953431277584068582e+01
-1.917814216278470383e+02
2.555055620933941327e+02
-1.064591307111454341e+02
1.561199820015341970e+02
-2.217687975380493697e+02
-1.995360984612718767e+02
1.990958105198342878e+02
-5.213832183233080286e+02
2.018800774994560641e+02
1.970256809150317565e+02
1.051029774464024911e+02
1.937715649066414869e+02
3.759744911015644675e+02
1.318936637398412337e+01
2.855230850273813417e+02
4.867476231434091005e+01
3.128044549963531722e+02
2.058300772528951494e+00
9.289226400021577490e+01
-5.718903935644611636e+01
1.394981194958205606e+02
-6.046098991606640993e+01
1.114492499514014696e+02
1.292169943993160359e+02
1.013505538647299460e+02
4.742497764323273657e+01
3.365067643996624014e+01
-2.777927007136718203e+02
-8.100533287541750838e+01
-8.931033728375322767e+01
1.254121635656458835e+02
-2.249866087425743331e+02
-5.527958356406908536e+01
1.280102377823656923e+02
-1.398765742586671763e+02
1.621127050425797300e+00
3.043614880063936994e+02
-1.007390264486488292e+02
1.609857832246738099e+02
-3.033788422539115572e+02
-1.253592608495534222e+02
-1.195580980068379944e+02
6.801430773344189618e+01
-1.393630492791918130e+02
2.108673964152431211e+02
6.056946366490424083e+01
-1.084493078432629858e+02
7.504329624871701299e+01
-2.217861210571896606e+02
2.997498631150752431e+02
9.934664845854386783e+01
-8.452882464924697103e+01
-1.677906545207933675e+02
1.244587317628666199e+02
-6.823771432985029151e+01
-2.561359931648150123e+01
-6.315184093372664620e+01
7.845915128035485964e+01
9.491927991755835592e+01
3.021939780589189013e+02
-7.322495010155533635e+01
5.901153829317206601e+01
1.332288249075157438e+01
1.222824225571219330e+02
-1.260892818765062451e+01
-4.937778885971432885e+01
-1.026821642308913818e+00
1.217451444931954114e+02
-5.960437308974076842e+01
2.225059047665505219e+01
9.711568637984613872e+01
-2.407098105782024788e+02
1.473757257343940239e+02
-4.735029403027068429e-01
1.434488017229295735e+02
9.758292015874765468e+01
1.542594668030647540e+02
2.397155004694596130e+02
-8.938915524507353894e+01
-7.760740737817055646e+00
3.610755891768279753e+02
4.503210099838832292e+01
-6.477885972873223430e+00
-1.066280857841393725e+02
-1.587128348764061059e+01
-3.167716981717842941e+02
2.849340124562154131e+01
1.447372419469027989e+02
1.307305377857128690e+02
2.069146707377517771e+02
-2.088506936011231829e+00
1.708052172477119086e+02
-2.830409190643684383e+02
4.862906176202312025e+01
-2.734530671379151556e+01
2.567905068447849430e+02
2.141744501511845442e+02
2.447306615244269494e+02
2.137942358672737555e+02
2.498063121292545485e+00
1.045252568888665081e+02
1.111032945711963578e+02
-8.499110048956748642e+01
3.411502806686134193e+01
-5.513221408142866409e+01
-1.044975049594583822e+02
2.108934774721661540e+02
-2.431001665907555775e+01
1.061342816735220822e+02
5.614953431723967725e+01
-1.004077898975918686e+02
-5.595829519463983814e+01
-5.803112263635130574e+01
-7.063010647732987479e+01
2.274507496352870248e+02
1.373905801183591890e+01
