5.221781169540757219e+03
-1.103599471978243855e+03
7.182072036240850821e+02
9.540459587900470240e+01
-8.615395297121070826e+02
-5.642275082614755775e+02
6.419718497060806612e+02
8.221316848420061660e+02
-2.205748674204953659e+03
-2.078161879719786782e+02
-1.916185770360563538e+03
5.959115154322302033e+02
5.296534051624107633e+02
3.101992114244860090e+02
4.341393731546430104e+02
-2.774196806960644039e+02
4.170238156367055922e+02
8.759206729282092283e+02
-3.344818819459038082e+02
-4.870903840605522532e+02
-2.077689814869174825e+03
-1.924141980342956231e+03
-5.426004134966068193e+01
-1.516856119297222904e+03
-7.623880362085031948e+02
-3.721338198790398906e+02
1.043109164646596810e+03
1.659508567518394884e+01
6.759433293368284694e+02
-3.939780962340410611e+02
-8.276055338968001251e+01
-1.200453715765176639e+03
9.332424903945587857e+02
-5.822845122936944335e+02
4.372407585251287401e+02
8.649528164477043219e+02
-3.251866405708243519e+02
3.748609984365816103e+02
-5.328203586183623486e+01
-4.522067173382449710e+02
-6.368799935789425035e+02
-8.839550175721565495e+01
4.496178458868246253e+02
1.043723646879682292e+02
4.176395373877212478e+02
-7.675918443418788684e+02
2.647297058146316431e+02
-1.971455192387738720e+01
-1.441291654556405888e+02
2.871044507298100825e+02
3.098003852389181247e+02
-6.200637197341123965e+02
-2.503121826311196116e+02
5.195632068789624327e+02
4.489255511167108921e+02
-8.167132719488826069e+02
-1.353354598760683700e+02
4.678624671737223650e+01
1.024369848334713993e+02
-8.625887939313759034e+01
1.154388504631144343e+02
3.757494795979856139e+00
8.637267685806618545e+01
5.174964563656836845e+02
-4.068361096284377822e+02
-3.810638112958595798e+02
-2.686339486859695036e+00
-4.343980382105933700e+02
2.009268072033549970e+02
-3.626070864258247752e+02
-4.404811846939438169e+01
6.609124343197807150e+01
-6.495591986798297057e+01
-5.381124834922413811e+02
-1.666443163753159808e+02
2.854766002420243467e+02
-1.517624526127843012e+02
8.016862257911118377e+02
3.208137951240947814e+02
-2.836797066932560938e+02
2.558902438714568461e+02
-4.940559754901646556e+02
4.834259292542618027e+02
-5.246657865174500834e+00
-3.257284669812271432e+02
1.761036344976893986e+01
-2.498112176446202852e+02
2.966139310486622662e+02
1.595598525203294855e+02
2.383620911512733755e+02
-2.192378545078939283e+02
6.945264003818804213e+02
9.586589410450490334e+01
-1.069654807702294761e+02
9.291335095126005683e+01
-2.041866760422799487e+01
-1.852552037779446437e+01
-5.218530034482657811e+02
-1.301502289450155203e+01
-3.931873701858030756e+01
2.462017772164059011e+02
-3.022620813819037835e+02
-6.390174222696924744e+02
-2.386050176361709063e+01
1.782122606790974828e+02
1.643298866904747513e+02
3.043845465529410035e+02
-3.311876375973996289e+01
-3.131487905973446004e+02
1.585525136273444105e+02
3.570738077084932627e+00
1.173105570371992883e+02
-3.550496236146873912e+02
3.964297875056321914e+02
-1.702358567009824526e+02
-7.047329815980660328e+01
3.029362886698867214e+02
3.022486251058675180e+02
-4.985837357064090156e+02
-3.434739525469629484e+02
-1.397425425305743261e+02
-3.085149670344224546e+02
1.202169662444797780e+02
2.699720674210290099e+02
2.200258353445568673e+02
-1.940753269005124650e+02
-8.816433832286274708e+01
1.892245626473246602e+02
1.945672886369457899e+02
3.911293006263530003e+01
-2.568479446232662866e+01
2.493330882800311770e+02
-6.638249031351930398e+02
1.272566015747161146e+02
4.397474694779661775e+01
-2.320743018198232619e+02
-7.612047617445739434e+00
1.990527536577902481e+02
-4.281034960261536071e+00
6.701063419906095930e+01
2.443576087686415406e+02
2.272814948768045440e+02
-1.573291205785100431e+02
5.120993375827423506e+02
2.081086365440881707e+02
-7.809317476623920129e+01
-3.642048382884677693e+01
1.077445953248499393e+02
-2.517598292677311065e+02
2.491725144531233980e+02
-1.312049683152162061e+02
-3.208465637418236724e+02
3.995066675726486238e+01
2.778479420367439161e+02
-4.305381919619935047e+02
-2.149957086760218772e+01
-2.214077582250762077e+02
3.179484206963842325e+02
-1.875917005830933135e+02
8.736484848412503368e+01
7.723240556641697196e+01
-4.785216409422126560e+00
4.037626883281420476e+01
-1.746581701664158857e+02
-3.490832212402165169e+02
1.736213149429325142e+02
-3.406687668854008280e+02
9.819072351281006661e+01
-8.423175725559586624e+01
1.365167527332848465e+02
1.967182908379010655e+02
-1.832761663829262773e+02
-2.353171289615266346e+02
-1.196789823375267900e+02
3.020972562567007458e+02
-1.222885096870732724e+02
1.759164677951893339e+02
-3.430176104721511479e+02
7.324765770865253955e+01
3.914019480708046217e+02
-1.703871827672165864e+02
-1.139887454804819384e+02
1.744776533931315043e+01
-1.923632386703783652e+02
1.412810013898249224e+02
4.743403313995117543e+01
6.010369329405990158e+01
1.376666587234297197e+02
6.534841911226030220e+01
2.904113102255604417e+02
1.055667803626761696e+02
-1.463292261336898719e+02
3.840551409659832416e+01
-1.010978963348375572e+02
9.143533008895593639e+01
-1.592365788107051401e+02
-5.182178319849326442e+01
2.243776560214739106e+02
-1.187124774991093119e+02
8.751444630455313245e+01
2.157172917587603536e+02
4.275873706979704707e+02
1.549295735633559445e+02
-1.657946325752644157e+02
-1.584608775448245765e+01
-7.413090553799793270e+01
-4.248652638390739611e+01
6.176734813090290288e+01
-2.759451935271904972e+02
9.770331592043223168e+01
-3.675042513424271462e+00
-2.570156137623472432e+02
-5.058133680400128185e+01
-1.452571026225185733e+02
-2.565175391138641103e+01
8.818626768603193966e+01
1.943651160981944201e+02
-1.455582865874413017e+02
7.782269273296591905e+01
9.367653369830614452e+01
6.761363765636849621e+01
1.015826472145558199e+02
9.091771153438719466e+01
-1.497728850108169638e+02
2.144671531225644685e+02
-6.919228441656974837e+01
-3.268370419637299307e+01
2.904795483748063845e+01
-8.346921956106636742e+01
-8.893126188935892174e+01
-8.443764752126729434e+01
-5.429557731494789863e+01
-2.600171075716677933e+02
-8.804970204095516806e+01
1.700692331419269010e+02
4.996528965488474228e+01
6.281179026761415685e+01
1.590773608758836417e+02
8.861429757432513554e+01
-3.894602952013041630e+01
-1.862513098963682268e+01
-7.645974255916227946e+01
-3.773809647083115806e+02
1.226723541585531478e+02
1.053590736588988186e+01
-1.346361713050854121e+02
2.143075455123375406e+01
2.665206319733569558e+02
2.321532752735351934e+01
6.737641020478210407e+01
7.470177813268148270e+01
9.911460388964194124e+00
7.319561934476840293e+01
1.916477771773537029e+02
2.326161785159255402e+01
-3.349058641840517936e+01
1.073071575515526064e+02
3.976078794984233866e+01
-8.761755146156349383e+01
-4.473254187644809754e+00
-1.310933415927951273e+02
2.507845064227214777e+02
-6.416999324755694545e+01
2.448092488257589991e+02
-1.884020001967705014e+02
-4.378063828295932325e+01
1.928642608567047887e+02
9.130702565005331905e+01
1.272142475189546929e+02
-2.920037634532378945e+01
7.382638293321163303e+01
6.311541282797923458e+01
-1.139456514318720082e+01
9.988369032638300382e+01
-2.845794863444613298e+01
5.667976654794711067e+01
9.817241958813406555e+00
4.563189140742479566e+01
-1.237777067703019753e+02
5.852532078273391392e-01
1.561430069794664810e+01
2.624419298625526267e+02
-6.462523656247709880e+01
-2.321053329472319238e+00
-1.975944544075167641e+01
-2.001279481205385480e+02
2.099647835275966941e+02
-3.647951748103626812e+01
2.962088080700222008e+02
-6.802610430497241900e+00
1.037702590916754701e+02
-4.123240753048937002e+00
-1.003490410201733773e+01
-3.181366291233860721e+01
-1.178900209350239408e+02
-2.659047850339347008e+01
-1.813194898335019900e+01
2.076690783690540059e+02
-1.654417337743552991e+02
-5.091037548815267400e+01
