8.070639170263838196e+02
-5.408748892584286295e+03
1.822808513775923984e+03
8.872162477173992556e+02
1.326804185285559470e+03
-2.296972800092998114e+03
6.941764388791891633e+02
1.986415943127035689e+03
-3.122259029531812757e+03
8.607404082354117918e+02
-2.289727435350280302e+03
-1.076145239179985310e+03
2.593397112872737125e+03
6.272227713956300477e+02
6.612614159872539688e+01
-8.716786732103159920e+02
8.782078173092108955e+02
3.012364456228385734e+02
4.706881132272196737e+02
5.211142885323857854e+02
3.700465648157509690e+02
8.123587594757976831e+02
6.460919728744886470e+01
9.416901466635029294e+01
-4.064042532830661685e+02
-5.279396086390821807e+00
4.341163036956461951e+02
-3.654859776549165531e+02
7.057566829154121706e+02
4.531250250700303468e+02
-1.266531921818406090e+03
1.172188290423492163e+03
8.979605799954478016e+02
-1.664718983729242836e+03
7.223221137032359138e+02
4.580037187366714875e+02
6.216918484158485398e+02
6.360881924810292958e+02
-9.479849890099280856e+02
2.259559771509516111e+02
-2.809662599696578127e+02
-1.101089086233631861e+03
1.236109168709113675e+02
1.431602602386972649e+03
1.069063533746997564e+03
1.085158460151079680e+03
4.093731426763611125e+02
4.886919606202861246e+02
-4.742975767757081940e+02
-1.324496234342101957e+02
-4.102539488436798933e+02
-3.517195490705792054e+02
-1.892758761810566455e+02
3.738112630922237827e+02
-1.877485804599967523e+01
-4.790652527559824421e+02
5.798695890933994406e+02
5.053555878228150959e+02
-1.307650332831125866e+02
3.022428054434905107e+02
6.211308158165301307e+01
-2.000652368262706887e+03
6.933195140375846677e+02
-6.378701508862437777e+02
-3.621267883765897864e+02
4.929614380354086620e+02
9.157670052105262357e+02
7.216846826011745861e+02
8.253366189376167767e+02
2.796328890829865799e+01
5.022892625018636181e+02
6.092647111341470918e+02
3.365936008923165446e+02
-1.639910379559851776e+02
6.367970117665637417e+02
-4.854862189905164769e+02
6.581180705087576825e+02
1.498797493976104249e+02
1.463513275909877621e+03
-3.906118967902299914e+02
-3.791877098425883474e+01
2.290031357206923133e+02
2.074338594194076109e+02
4.041528777200780951e+02
4.958013014170202837e+02
-2.134681532464435918e+02
-5.925420922696819162e+02
3.534347129520757562e+02
-6.628734308731560532e+02
-6.438354338979789873e+02
5.202788490734244533e+02
3.867504842646448449e+00
-6.031137234021813498e+01
-3.250775656711732040e+02
6.677212925586424035e+02
1.464159461419779689e+02
4.553521320857909132e+02
3.000045922994718808e+02
2.146772297135801466e+02
5.213719476561127522e+02
-1.271873509938174465e+02
-1.244164483608727068e+02
-3.220969808954255313e+02
-3.146194520029076784e+02
-2.007939743117395608e+02
9.131807923375275493e+01
-2.122873897594150492e+02
-2.751109211721346242e+02
1.818948196097178709e+02
1.948308078016676177e+02
-2.400815075190531616e+02
-2.495992445014235841e+02
1.259407638786884007e+02
-4.834975865135309050e+02
3.740515158684743255e+02
-2.376860357973960447e+02
-4.930607408126117548e+02
-4.485498163611819109e+02
-8.613358295487807936e+02
-6.507363072132744719e+01
1.772760665967016394e+02
-1.582249285428943040e+02
-2.211051475875981396e+02
2.836922891419397388e+02
6.695227585446841658e+02
-3.238746596916681142e+01
-1.945986203524195446e+02
-1.674173369486265415e+02
1.795708783933145867e+02
3.692052526686561578e+02
-1.098766754627295512e+02
-5.132883384267491920e+02
-8.917998800476624410e+02
5.358595066259075566e+02
7.812450456754149855e+02
-8.619031711650178806e+01
5.439352128414938647e+01
-4.930577306529804673e+02
-5.386075807345378053e+01
4.073549597740365016e+02
-4.372855218669378701e+02
3.133545695021661004e+02
5.100689551000493793e+02
1.236069992104042257e+02
-7.413375437451709615e+01
2.284725112602184538e+02
4.652421365587365898e+01
2.437400503848869562e+02
-1.860628852295930358e+01
2.243856296004419448e+02
-4.304560640546908346e+00
-1.046400599380095997e+02
-4.649491186814806269e+02
2.136555980704490043e+00
-6.544944980983772211e+02
-3.857586550006258790e+02
-1.725127238710419988e+02
8.500558227678662604e+01
2.422620826054867393e+01
1.015045496328521324e+02
-7.291160332649154441e+01
-1.389856547792182617e+01
-1.502118898943040222e+02
2.736120953023297488e+02
-5.675799014176593573e+02
-2.304734433040599129e+01
-2.214103616207880236e+02
-1.730785097596890978e+02
-1.231225647397794773e+02
-3.960972437232755397e+02
2.487699630781886526e+02
7.521153492402347638e+02
3.848332657959025482e+01
-3.016099321664858053e+02
6.837765997234190252e+01
2.010010747301277831e+02
3.223264611214234492e+02
-3.069861314366374359e+02
-1.605504851693854675e+02
-1.133706707015182218e+02
2.146878651990073195e+02
1.056974061479112237e+02
3.225366090155700363e+02
-3.731668582646202026e+01
3.112720733794903936e+02
-2.901546194663462686e+01
2.027208827914329845e+02
9.988075400497088197e+01
3.647604941773771543e+02
5.535813260377891254e+01
-3.211542019347367045e+02
-1.951739423608657091e+02
9.048842655933962931e+01
-1.801143229937875034e+01
1.228598790002524908e+02
-2.070854490126659471e+02
-2.060555274139718449e+02
-5.006545053744385854e+01
-3.573224640694593290e+02
1.696669251918339967e+02
-1.427066579618134767e+02
1.173533341365472324e+02
7.032501147960774688e+02
-1.909325243695349172e+02
8.545197545599755529e+01
-3.366388868954582563e+02
-4.979446152876645471e+01
1.143731609346001363e+02
-7.973561195954444258e+01
1.333157754754723214e+02
1.264175860715156006e+02
-4.300775561183603202e+01
-1.834079594194978142e+02
1.301422122045696028e+02
-2.409789544981406948e+02
-5.182837285286723272e+01
8.381968158896400212e+01
3.149583443468997643e+02
-2.238675591418740680e+02
-2.540539078586824076e+02
1.335834616739494507e+01
1.308688392247066474e+02
1.040364487926826769e+02
-1.158939741303307898e+02
8.178157948016121281e+00
1.551456574106214816e+02
-2.101741739182506024e+02
1.933017033088362950e+02
9.783247204186766410e+00
2.949865848613657704e+01
7.121468018775483699e+01
2.359221594250172132e+02
-1.583435110202634348e+02
7.839280127219738858e+01
2.298475242068359705e+02
-2.677683079128516965e+02
-1.115406412914392433e+02
3.523398110313091820e+02
-3.217122213998878806e+02
-2.227925122998309746e+02
8.425279888005583473e+01
1.994513710838526492e+02
-8.000275428229157626e+01
-2.852070906038085596e+01
-2.085992385387918659e+02
-1.218428293710840222e+02
4.236895207679173581e+01
-2.147126139792631250e+02
2.010720939951389994e+02
-4.526939739848818078e+01
3.764467155219836769e+01
3.085769284851401153e+02
-5.901531127640436303e+00
-2.857469132284984994e+02
-1.555448336854993485e+01
1.462255373714556583e+02
-1.766650349857947901e+02
-5.073012768408486295e+01
-1.127643650901461392e+01
-9.841889355347883850e+01
1.863248174972271158e+02
7.207535906072517662e+01
1.648758465710366750e+02
-2.795616463477073808e+02
3.645707833367064268e+02
2.005842580960057546e+02
2.039634951905859737e+02
-2.948236289125242138e+02
-3.377314435668282613e+02
-2.070880117887029996e+02
-3.858505393201509150e+02
-3.749100145198251965e+01
2.188465485588243098e+02
1.637004773582508790e+02
2.036486577263807476e+02
-7.213023844812364871e+01
3.136922225298270632e+02
-3.246626037944341761e+02
2.788969062404088959e+02
-1.203294701535208304e+02
-6.838664345773567277e+01
-4.487528533988290746e+01
-9.614710017799926334e+01
2.241277803660258030e+02
5.759836803307980091e+01
1.986605377066519509e+02
-1.429105610637610084e+02
2.918413596011645268e+02
2.172290624682122484e+02
1.660057013450345664e+02
1.462876478779415379e+02
-7.957187726442091957e+01
8.643659011250097279e+00
6.303092723157532884e-01
-2.906361712988858130e+02
-1.030612817676703372e+02
7.874987886152213434e+01
-1.170842261746633852e+02
-2.175506281265265898e+02
2.983128859937533548e+02
