1.017647010864073536e+03
-5.117413561158325138e+03
8.385887179631906747e+02
8.700382148171895551e+02
1.831692807494810268e+03
-2.852338168884975403e+03
7.370863230989938302e+02
2.192809549642450293e+03
-1.289005846828699532e+03
4.985638243104200455e+02
-1.308526112376883475e+03
1.913619681407555362e+01
1.202272180580894883e+03
1.851132809756083816e+03
-2.567048016677921964e+02
-1.209516707499157746e+03
3.163352383223216080e+01
3.527809761162657765e+01
7.699156405546186761e+02
-1.838952166209236339e+02
2.232187985203174208e+02
1.318009837131305858e+03
3.466323453064558180e+01
1.197119353398563135e+03
8.992363937696342191e+01
-8.289041771085170467e+02
-1.063095850223520671e+02
-6.435565261424744676e+02
1.612303507914978979e+02
5.897875925950819465e+02
-9.938551227690243195e+02
5.643739546514808580e+02
2.419205341930312727e+02
-1.160828825455889501e+03
1.002074787824371583e+03
8.152702131413110465e+02
8.051556340656233033e+02
4.058768278396612459e+02
-2.709098989852491286e+02
-3.073672417643012977e+02
-2.709680565782012991e+02
-6.430892350971337237e+02
3.611904850926909489e+02
1.104920734323482975e+03
3.552210509085668377e+02
8.167120665715136738e+02
5.986449463616642106e+02
6.450349738979555525e+01
-4.931275520218050019e+02
1.808657475841896201e+02
2.036793942978721645e+02
-4.491340488687799137e+01
1.566014165492755978e+02
4.970458028246846425e+02
-4.066809184585170556e+01
-2.830200979006413036e+02
5.531513986793778486e+02
1.490181483912521685e+02
-3.440183540060383507e+02
1.056769462878291392e+02
9.465548127657301336e+01
-1.349703070387190337e+03
6.294048954322651070e+02
-5.207618069378753489e+02
-3.299508960658041019e+02
4.592862330297652420e+02
6.598940787524448979e+02
4.024378929082214995e+02
4.982212048490760026e+02
-1.122727047400389324e+02
3.716270988760359728e+02
4.007824246564391615e+02
3.834042332332435876e+01
1.446988160521513862e+02
-3.601139155101157030e+02
-5.628576103346929358e+02
4.008443701457958923e+02
-1.454570668241375984e+02
4.886323988285158748e+02
2.413885858003109206e+02
1.136991000250538093e+02
3.438842422920221225e+02
6.500664514919232317e+01
7.825078260575088507e+01
2.039256191662179276e+02
2.156036458092404473e+02
-1.946157645630740376e+02
3.506759959837124541e+01
-3.834968342326563970e+02
-3.906668993833622494e+02
2.020852501867946103e+02
-2.467673673281075253e+02
3.466690341251095475e+01
-2.291449638132355062e+02
2.609638508159595744e+02
-2.971280985495253617e+02
-2.368999194885159625e+02
-2.867412755776614475e+00
4.242318661491216858e+02
1.390980745787022954e+02
-9.331742992072439336e+01
-3.477408695135220569e+02
1.603123328289183576e+02
3.900841480189424004e+01
-3.349791475609213620e+01
2.840155073329792046e+01
-2.141529706114754816e+01
2.340103478267994586e+00
2.421116803881319015e+02
1.833202741274079983e+02
-3.475433340479423805e+02
-2.535204221234886575e+02
-1.147518925647370196e+02
-3.278106430546100114e+02
2.918209735383273369e+02
-4.699786584951105795e+01
-3.795274982342005501e+02
-3.301386578643289909e+02
-3.864196234812341686e+02
5.384436031622482233e+01
1.332697379705848277e+02
5.212476354240619258e+01
-1.973180440483480709e+02
6.964913634242988394e+01
1.692212058380901567e+02
1.253567056698668267e+02
-3.586952458000586716e+02
-6.578775353987738583e+01
1.936780254802807519e+02
1.572401828291482104e+02
7.999237518088835941e+01
-1.581144130124286562e+02
-4.001672568073735761e+02
3.169505795209653343e+02
2.981874670872725233e+02
1.098413261164654529e+02
7.916597197989938195e+01
-2.813063130237709402e+02
-1.426017705379204692e+01
2.523811231492297509e+02
-1.574908774198728167e+02
-6.368093679520520567e+01
1.911443708380691078e+02
-1.352280567338684136e+01
-2.169876663153432332e+02
1.098186866898907397e+02
-8.085345949674167798e+01
9.076802240169824643e+01
3.634604244486442925e-01
-6.950988362369274753e+00
4.769415924383723393e+01
-1.095340658776494109e+02
-1.595669817373795354e+02
-1.441018042685840328e+02
-2.574685350409575335e+02
-2.585585717862924753e+02
-6.600787459627588305e+01
-3.113144997594966057e+01
-1.079627677457726342e+01
1.413177045195035397e+01
-1.695607063993483621e+02
2.121487637656866809e+01
-1.572601965159113320e+02
1.544814804314026162e+02
-2.453067113620950863e+02
8.242573134840132099e+00
-5.791426104789058371e+01
-7.029224514071610486e+01
2.506420893475153022e+01
1.438802910520111222e+00
2.225390812236730369e+02
2.706269981499623896e+02
-1.995908976852847161e+01
-7.487298687987613732e+01
-2.516975987567054673e+01
1.377348186968506525e+02
-8.089489900534123024e+01
-1.551393551841861154e+02
1.262268748903371263e+00
-5.952328647546828222e+01
-2.557894660563259137e+01
6.009105486236064309e+01
5.724604062253252579e+01
-2.559342243397512817e+01
3.079476845479459968e+01
-1.293818997937262054e+02
1.384439026118973537e+01
7.860060071809995463e+01
8.515439560039968114e+01
-1.207130132717502562e+02
-1.658859536352216821e+02
-4.389329436942862372e+01
2.211185181861616300e+01
-1.059029220424890099e+02
1.901841486432849990e+02
-5.448352315426863868e+01
-4.423656872725059941e+01
-7.119454735811950741e+01
5.261641873465238461e+01
6.240323145625146672e+00
3.205622697868244586e+01
-2.263839498267695483e+00
2.502515298302742224e+02
1.827784003149989189e+01
1.780200195691408283e+02
-1.128724723334020581e+02
4.840737249359164451e+01
5.652502435256747049e+01
1.395492147371518854e+02
1.635668106713779935e+01
-2.504283255651082563e+00
-4.133866485552015035e+01
-7.314955322822638095e+01
7.510876021414412662e+01
4.680502066536490702e+01
-9.473431511665391724e+01
-6.418941457247622395e+01
1.578190147538871884e+02
-4.020440213556420872e+01
-3.929175347777238869e+01
2.466605641315432607e+01
1.543607020544942010e+01
5.097531147606842694e+01
7.898128169069216220e-01
-8.284255258235428698e+01
3.124363939009667845e+01
-1.554145927115576455e+02
1.217950136773388152e+02
6.902791069591569340e+01
1.062399729008824920e+02
5.570620157004963602e+01
7.309339892958769269e+01
-2.984780046655488661e+01
3.183293621158353304e+01
7.449335986824996780e+01
-2.283105984382505937e+02
-7.587826218891173369e+01
1.373221056559389126e+02
-1.024202883584477775e+01
-9.547172784883267127e+01
3.686881694966557266e-01
2.347608019558585113e+01
1.192543515257051467e+01
9.418244179849448017e+01
-1.401414201562514847e+02
-9.037376049180465998e+01
-9.904819852938190650e+01
-7.839969271901919967e+01
7.062471867280086713e+01
6.046352246539437481e+00
-2.525484661345207726e+01
7.564579058705012926e+01
-9.796146761823271731e+01
-7.904760023609999564e+01
3.838097130461728401e+00
9.982868396719239001e+01
-1.318708740078220103e+02
2.109063160743046339e+00
5.561779890067663246e+01
1.325388621341966111e+00
2.897819093969193460e+01
6.296660802326032069e+01
4.432075278678015451e+01
-1.807886582769748429e+02
1.521463101872710411e+02
1.056058409077202072e+02
9.999821445309237333e+01
-8.732260620901929826e+01
-1.343599170531682319e+02
-5.164078592205014928e+01
-4.944354074332188276e+01
9.977379081275302042e+01
2.291406150686023864e+02
6.453187113135371078e+01
3.098495412215334710e+01
1.852423774455069250e+01
3.973679693773172872e+00
-9.864698583626606876e+01
7.166164207870964731e+01
-7.506506311052108416e+00
3.812846971291768483e+01
3.944936599075698780e+01
-4.021055966433537066e+01
3.577331431164475362e+01
1.068158704498460310e+02
8.085539932659150963e+01
-8.122946683894259934e+01
5.525589362354054401e+01
3.635432109194239558e+01
2.310416825593380707e+01
5.840429324158708368e+01
-4.168292452345006005e+00
-2.946001467007231867e+01
-6.878180096679528788e+01
-1.841464769916831585e+02
5.646345005227139779e+00
-3.570183021399464707e+01
-1.271068477782727912e+00
-1.478780276350348970e+02
1.380332464911009822e+02
