-2.067944421825846803e+03
-4.160251863284898718e+03
5.792558416299037162e+03
3.242190097462023459e+03
-1.891884033774655336e+03
-4.462115541757083520e+03
5.546337377256760192e+03
-2.438605125967101685e+03
-1.009117773908126082e+03
-7.940021800127051392e+02
2.176852879323162597e+03
-2.370457064474561321e+03
-2.172046153023528404e+03
3.664816402542894025e+02
-8.078188553002760273e+02
7.356984167085045101e+02
6.235066968903036013e+02
4.536526206729256955e+03
-1.808283393719026890e+03
1.181043298077437612e+03
2.374051079994721931e+02
1.636198598168641183e+03
-3.381871313480260142e+02
-7.869399893304962461e+02
1.646692304926490067e+02
-8.029473575326981063e+02
-2.633969598814501865e+02
-1.400022598218010330e+02
-1.547008034175212856e+02
-5.060342723568371071e+02
9.622287837339097223e+02
-5.084107807388823375e+01
2.421463614382596177e+02
-1.464921108625004081e+03
1.786703961281579041e+02
-1.156058372335783133e+03
9.334565364645027330e+02
1.703106593691427861e+03
-9.547991870308477758e+01
-7.818338763665581155e+02
7.096550066378817974e+02
8.132080228221331026e+02
-1.110609661869371223e+02
1.853089648466837616e+03
1.216955331727027442e+03
-1.081545114928266685e+03
4.744957939067088546e+02
-7.211640963035681580e+02
-1.531079877141314682e+03
2.537659909468244166e+02
-7.956315257422872946e+02
-1.275572589719605503e+03
-8.269797943347904265e+02
8.876889626259261377e+02
-6.406425745674016525e+02
-6.272757220525539879e+01
2.426371253648781874e+02
1.847774467493264012e+02
-5.517270215840463266e+01
7.250044759478225842e+02
5.299972407931642238e+02
3.711915734593584943e+02
1.766020098311892355e+02
-8.516051364127242778e+02
-6.958960109477126821e+01
-3.841910780872271403e+02
8.154841980801325008e+02
-1.458222957048874378e+03
2.405996600383545569e+02
-2.979131396797285447e+00
6.967659031477813869e+02
8.674336179801364324e+02
4.044777620461123888e+02
6.774918432132387807e+02
2.263353418201311626e+02
-9.494387056999374863e+02
5.034299607600883633e+02
3.393343066476776357e+02
3.376811293811790620e+02
-9.512265137751729753e+02
-1.359417108137290597e+03
-3.111542694665482713e+02
3.766865723206772287e+01
9.622755609854286831e+02
5.457972282650553097e+02
5.292679528939145683e+01
1.444043576726243430e+02
-4.095829006055158743e+02
1.726957220159242468e+02
5.696147901775615310e+02
5.126303821578118232e+02
-7.851131099673644940e+02
-2.239856417235454842e+02
7.026261071172725678e+02
8.421291614774833079e+02
7.426204511607021175e+01
-3.046693693891617158e+02
6.974174650238272477e+01
-4.835314789782430012e+02
-1.982761798175884849e+02
-2.252090562587834768e+02
1.108997600216326646e+03
8.834313772423444107e+02
1.187092944781123265e+02
-1.004709104150911081e+01
6.214975000180302231e+02
3.234134231561572506e+02
-1.225625926345476984e+02
4.039908778330599262e+02
-3.969865558398226995e+02
-3.001668974588464494e+02
8.348456797529991036e+01
1.434696529016889599e+03
4.198367678575013997e+02
-5.275428848893182021e+02
8.447620098641050390e+02
-1.406126849025495460e+02
-5.788880141539034412e+02
2.550434521963567249e+02
-3.571426795094600379e+02
3.704172929738268749e+02
-1.895112379351919571e+02
-3.983943870157577294e+01
-1.449527568354233722e+02
3.797031464352137391e+02
-2.238706811844458571e+02
-2.865185080546734184e+02
-4.024058287437433137e+02
1.759649431451767896e+02
1.620738515885763604e+02
1.863171668988609895e+02
8.853036251465607620e+01
-3.743519995948493317e+01
2.581797810914893034e+02
9.870392011159965762e+01
4.531634025320214931e+01
3.503396302369526438e+01
-1.132060385945438519e+01
-8.852794438075285655e+01
1.772855147054592635e+02
-2.466562285866822037e+02
5.127832304595459618e+02
2.086652462094516807e+02
5.463925336974041329e+02
1.348185325676537616e+01
1.803545127726425505e+02
-1.528758071241365712e+02
-5.752280414867790341e+02
7.374378325507196053e+01
-3.447631890868876781e+02
-3.023959431833962412e+02
9.422959647781770087e+00
2.322939068378302068e+02
2.136657967824803848e+02
-2.194656623515001570e+02
-2.031390325777593375e+02
-3.822996764801214198e+01
2.681764969170922086e+02
-5.605425294087122978e+01
-3.391865684321446395e+01
2.973700012159915786e+02
-4.537158926815990867e+01
-2.389677720548817490e+02
5.733648101068590677e+02
-8.495206909423505692e+01
-1.341968703133536280e+02
-3.215055050631466429e+02
-3.351977473993871968e+02
3.225915616986487748e+02
8.433010438028846067e+01
1.856477406414720832e+01
-9.281164188645315960e+01
-1.351286514746189198e+02
-4.539967707751173407e+02
-6.575230967876917987e+01
4.669560631371392105e+02
-4.685689794596499951e+02
2.427583962672444429e+01
-2.060746916092396930e+02
-1.569679947500403330e+02
1.908074962446930556e+02
-2.618667991266031549e+02
5.012722059033948341e+01
1.523658901792155973e+02
2.388171721181212490e+02
2.765276656981805559e+02
-3.806523134661525205e+02
3.616527369599165240e+02
-4.387573931614476663e+01
2.699469646149965740e+01
-3.394144352133448024e+02
-8.659475607864865765e+01
3.398483770859658080e+02
-1.540161703145751346e+02
1.025465093157337861e+02
1.687927029630427711e+01
-1.070000300135058069e+02
7.983413543898748799e+01
-2.783274398895287050e+01
2.100528954124620284e+01
5.569309094766538948e+01
-1.900837420233190755e+02
1.381252180224985580e+02
-1.206724573958024536e+02
4.707237375726766686e+02
9.919552120902061176e+01
-1.226754316477456825e+02
2.383399248351638562e+02
9.198509336342547726e+01
9.446364854299034164e+01
7.668153671466495780e+01
-3.440907846562014072e+01
-1.815804812835067708e+02
-6.717439517436889673e+01
2.498336658222084949e+01
-6.018954354917041627e+01
-1.173364761216161156e+02
-1.227278097628662046e+01
-2.080915680296664618e+02
1.501822607481144303e+02
2.665129580615989724e+01
1.863240198273861097e+02
-2.217662689871231407e+02
6.414812111091630076e-01
-7.774402696338550811e+01
-1.636354762159564302e+02
5.125946166551273109e+01
6.233750859557299862e+01
-2.357504623663637062e+02
2.559855698637691717e+02
-3.802727597599785980e+01
-1.583664696438275712e+02
-4.635457066847521901e+02
-1.163433014520472852e+02
-3.793230160913077498e+01
1.049869788045791381e+02
-1.615935418443076799e+02
3.350364311087984106e+02
-1.689457981419253585e+01
-2.607588472296658892e+02
1.908345364913415381e+02
2.407385902943288443e+02
-4.276557789247464569e+01
-3.777883690978351972e+00
-1.522707537031677987e+02
3.149141614947292211e+01
3.436514450522810193e+01
2.767957685229479736e+01
-4.486337024591516354e+01
-3.570761845837621422e+02
-3.228125114333370504e+01
-7.791721530981637045e+01
1.315649489547252244e+02
2.899349873061694893e+01
1.002779720032539643e+02
-1.212615582511611763e+02
-8.512889205790017400e-01
-7.153088764835679569e+01
1.198034778503762396e+02
2.536247571509178727e+02
-1.931123736815071723e+01
1.245211527023909071e+02
-1.898150001328018561e+02
1.360968460573994321e+02
-7.837127469082998843e+00
4.171035261164693253e+01
3.834312200258747794e+02
-1.300884181858972681e+02
7.866516280186233701e+01
-1.213002607368761829e+02
1.865190134547502794e+02
-2.973460312465103783e+01
-4.282999891287592931e+01
7.977974494286635831e+01
-2.135053206671686610e+02
-4.262815597425358760e+00
2.226501050470089282e+01
4.496927373425361196e+01
7.962261817407453179e+01
-1.754882229180626894e+02
-4.963274149833424076e+01
2.410646652125513469e+02
1.810219898655611246e+02
-6.483288841294184124e+01
2.940293128631388413e+02
1.514041449059588444e+02
1.762749314658041158e+02
3.065338655319408190e+02
-1.560733971408123182e+02
5.379261311093748787e+01
4.431692791330932124e+01
9.292435012366362912e+01
-1.401344741361329795e+02
7.522055767306385121e+01
-3.084481750972439045e+02
-8.675894962661909915e+01
-3.993176363167540188e+01
-1.316400501338238271e+01
1.553443917177779383e+02
1.591057507993800755e+02
