1.156071062532818274e+02
-2.150847084624917443e+03
2.688344568281658212e+03
-7.997928051580990996e+02
-3.300533415630722516e+02
5.746476301397484349e+03
-2.891311504676287768e+03
1.283865503024737336e+03
-3.900500805972644685e+02
-2.089718006258844071e+03
1.156197399200800874e+03
-1.252274105664286935e+03
-2.754726432541952363e+03
3.633076075587092113e+00
-7.191846033766313440e+02
9.951012408938544240e+02
-1.042608583849453680e+03
4.475549395156653190e+03
-1.733668831470560690e+03
2.641621620182359038e+03
-1.234309393651348046e+03
-2.163127489212391083e+03
1.067236682607860530e+03
-3.946668235299598564e+02
1.209324681504430373e+03
2.095425576627029045e+02
9.347220165964052967e+02
-2.065198334441493898e+03
-8.807253777031083928e+02
-9.860007999474241842e+02
2.010082090893570239e+02
-1.037090387775189583e+03
-5.300122272125938707e+02
-4.902073210067067635e+02
5.534643190290335042e+02
-1.011830312578370126e+03
1.071618303468543900e+03
7.443248470002826025e+02
5.347994186954829274e+02
-8.674498201033068199e+02
-5.868841751850311539e+02
1.041662253388389900e+03
-2.135234137652109041e+02
-6.380078445359554280e+02
8.559098828731026742e+02
-1.089159149149428686e+03
1.414266150839240709e+03
5.556953856656666630e+02
-6.555489851832647901e+02
1.507054777235583458e+02
5.344592485013645273e+02
-5.575743690839434521e+02
-1.799893486190050567e+02
8.123962581751544576e+02
1.175046244919112269e+03
-7.117862871429585994e+02
-2.914503040744479563e+02
-8.775476355291322079e+02
6.603117833299659196e+02
3.146347713396707491e+02
2.613761218880044339e+02
5.315561245484896062e+02
5.268100601821155351e+02
-3.209840796141608052e+02
9.370268615881763026e+02
7.447867456550978886e+02
3.741043346492147634e+02
3.563192815297699667e+02
4.407356799422250333e+02
1.583945932113931860e+02
1.584848748524989226e+01
3.651707999330717485e+02
4.290492213111390356e+02
-2.105086412947113956e+02
-1.255589389328131574e+03
-8.713486556625543926e+02
-6.978886488882288575e+01
1.203478133023833834e+03
2.617292346602685029e+02
-7.668555985238182302e+02
7.349967917580536358e+00
5.818632823164800811e+02
-5.683680825552963825e+02
-1.340285767317575676e+02
-5.146737348036957655e+02
-2.859474021399353205e+02
-2.599296978549963555e+01
-8.615242533284365436e+02
4.418361539671560081e+02
-3.597332077740503564e+00
7.076692014704613030e+02
-6.238989094165057168e+02
-2.358326779627045653e+02
-6.918136328065145335e+02
2.384392482942606932e+02
-7.332782945605880514e+02
-5.304612010388469798e+02
-3.384139192421647522e+02
-2.281172059302679997e+02
3.951145644644424237e+01
6.442719997251072073e+02
-9.293193550392318514e+01
8.661778263010157275e+01
-4.363108857954439372e+02
-4.131130791654398422e+02
-2.368158222777600201e+02
1.136377199149653023e+02
-2.374418723348121034e+02
1.215254805509387808e+02
-2.110374562372919627e+01
-4.965856034723111065e+02
-4.223615875685662218e+02
-1.532399799352689797e+03
-3.689532350786956840e+02
-5.600687406955473762e+02
3.259980505344055359e+02
-1.376318485030043064e+02
-5.885350486511729287e+02
-4.221903614244600931e+02
2.875343901767038801e+02
-6.311410890839322292e+02
2.541616391395026540e+02
-3.083830417903160637e+01
5.536453100155820266e+02
-3.275766680105697759e+01
6.677095337984293337e+02
-2.067606096493684333e+02
1.629307648852270418e+01
-6.500027153204153585e+00
3.092270206970293884e+02
4.401588075752733289e+02
1.144547541028575779e+03
-4.048041759295186353e+02
-1.908269128793494644e+02
3.180857485867449554e+02
4.436816892821765350e+02
4.192578833271902283e+01
-5.773776582222059233e+02
5.375698936556133276e+02
-3.768239419990816828e+02
-1.434089844027227798e+02
-2.570061055920052127e+02
5.932027230997302922e+02
-2.140552771239125818e+01
3.808915338897511447e+02
3.164706429766683300e+02
3.228672673151697268e+02
2.875924355330519120e+02
2.274578351349288710e+02
5.654832116632147745e+02
-4.067096641120417075e+02
1.337269624253158327e+02
1.340891550685598759e+02
1.270901205658668829e+02
-1.799406456768193721e+02
-3.665098370736984634e+02
8.095218080564532670e+01
2.025930582477707276e+02
2.851683174908139335e+02
-6.680010326100905331e+02
3.553913349839657485e+02
-5.062575678580072918e+02
4.358967021135098889e+02
-3.794186974271501640e+02
-8.064081335229151648e+01
-2.646124941300090541e+02
-1.990178045382200196e+02
6.545592424955264050e+02
2.499306540661793008e+02
1.077696006190606255e+02
-2.060706731723134055e+02
-1.335060816405247692e+02
-2.352512466422553246e+02
-2.306015584742963540e+02
-3.497279492236698957e+02
1.747917736747553192e+02
-3.363713312434871483e+01
1.831695247270114280e+01
-1.194444105144244190e+02
2.904416941969973323e+02
-9.499157338854588772e+01
-2.258682233671878237e+02
3.566372237546323731e+02
1.500898345980261581e+02
-3.177843457894487074e+02
-4.724376332859874310e+02
3.807157417738735603e+02
-5.872918291475927077e+01
-9.205566799212013507e+01
-9.532047561757353904e+00
1.471339790701010486e+02
-2.529339264114792343e+02
-5.754791840029221284e+00
-1.624734646195872472e+02
-1.162732353624828932e+02
-1.479718290636570543e+02
-2.880592035250314780e+02
3.556746539995648959e+02
1.412431018637912530e+02
2.749817655479801601e+02
3.361870340680075486e+01
1.414794266030282301e+02
5.202508719667213200e+02
-1.222121891861450393e+02
-2.585665792785636086e+02
-2.689079244813402170e+02
-2.058184706571532274e+02
2.309260842383633587e+02
1.895098020343624512e+02
1.745588322453375554e+02
-4.371605745420034168e+02
5.906384145296958366e+01
-5.118744189851624071e+01
1.177607557120727177e+00
-2.841406629874215923e+02
-1.699226927320243590e+02
8.150066389602736550e+00
1.457709144742833871e+02
-1.361960592066969582e+02
-6.056928755275342979e+01
-6.141136988102489340e+02
4.417374404679195976e+01
-1.257858650717658833e+02
-4.580644716987725360e+02
-8.003919249419597293e+01
-7.925677717400676556e+02
-8.516623114705816988e+01
-6.206639664287409630e+01
-1.817313538375476298e+02
-2.285257269878584339e+02
-2.464783051973631984e+02
-1.490408960296750820e+02
-3.217701434016243525e+02
7.765793503387978092e+01
-1.510581590720788370e+01
-8.512362553037519319e+01
-1.192685026335321794e+02
-3.838025762054992640e+01
-1.529489465293607964e+02
8.761024844009470769e+01
2.058627959636703793e+02
2.061799030053374082e+01
-3.444394608577329677e+02
-3.422108127464623522e+02
4.735231933518851832e+01
1.712108406986416043e+01
-1.165448821529735000e+02
-4.409313977819483910e+01
-6.726721516631681652e+01
-8.570144584166497381e+00
4.179349665880178577e+02
2.325640304901109232e+02
4.255332914991299731e+02
-3.903675838472875625e+01
3.877194536737186468e+02
-1.605791326794397662e+02
1.670649039696155924e+01
1.867808787362962164e+02
-1.194522720149782771e+02
2.570117186715448270e+02
1.823322634522438790e+01
4.632999622635594505e+02
-3.172498289252351924e+02
1.607870832189766759e+02
1.274477674590643161e+01
3.800213817897897002e+02
2.185086802482753114e+02
1.798619992710845494e+01
8.796224995390225843e+01
-2.857349268961290818e+02
-7.706234429544701925e+01
7.702724524734334466e+01
1.260730385180969790e+02
-2.316701085338750943e+02
-5.014533064363210713e+01
-1.026891546171166247e+01
7.834589439816372192e+01
2.097904286849300206e+02
-1.537865086473271106e+02
-1.907851774302868648e+02
-4.020819451147058885e+02
6.091434142977044530e+02
-2.208959052651662702e+01
6.693557662668200692e+01
-1.929369491477399094e+02
8.593694416213180531e+00
1.490327424994438843e+02
-1.246753825308006753e+02
-1.940064485770080296e+02
3.596761723796290084e+02
-1.315218418785477894e+01
1.576050211128704746e+02
5.462145833372395032e+01
5.626285387372896629e+00
2.124308773027605923e+01
1.045172431778988056e+02
-1.190254246364980872e+02
1.642572175175302220e+02
-2.010946009584448646e+01
2.320955535091782735e+02
