-3.978945798900003865e+02
-4.914086776951472757e+02
-3.985026630389692855e+03
3.295075007112156982e+03
-1.543359348066441044e+03
3.873858044662491920e+03
3.411344662506547138e+03
-2.290309316741484054e+03
-4.377441759207151506e+01
-1.699431981183332482e+03
-1.630582605345016987e+02
3.419030993816750197e+03
-1.182591831837723930e+03
-2.194367801307600701e+02
-5.915103887405562091e+02
-1.288038275965415096e+02
-6.668268149057170149e+02
7.312447111758592655e+02
7.023936459080862278e+02
2.670170512786823735e+01
4.253550157282320470e+02
-1.903774781355655705e+03
7.300742011432284926e+02
1.840927069017624547e+02
-1.251543157921776128e+03
-1.032204025579868130e+03
-1.434078734848096985e+02
-1.677039842492267098e+03
-1.534419398601495914e+03
-1.126280361626993169e+02
-3.199671378305162150e+01
-1.364800063013304907e+03
-1.008304724754216750e+03
2.966206622221741895e+02
9.270989433740845698e+02
1.663499591919224713e+03
-3.447962081388915863e+02
-7.632683660800607868e+02
2.830181841490758075e+02
-5.164915814711463327e+02
-1.761343152956761671e+01
1.236531659658058061e+03
2.442609833644531250e+02
-6.298232820751798045e+02
-4.482118088773080444e+02
1.632421377316973832e+01
1.797493914542635878e+02
1.925976562565284212e+03
2.556929817030967342e+02
-5.466235216609853786e+00
2.078866655481765804e+02
-2.564190180697582946e+02
6.798563424820174816e+01
2.291944687010824850e+02
-5.789956633571688371e+02
-1.417052499020761616e+02
3.601834068919617948e+02
-1.457121467593593991e+02
7.472408410809413226e+01
-5.194103932516395616e+01
6.043344832087124132e+02
-1.036125107881921622e+03
9.225075370872632163e+01
3.245635771007516155e+02
-2.771375607975847402e+02
3.678515856721239174e+02
9.011313806875141381e+02
-6.063548279809218400e+01
-7.999494701656381039e+02
-2.357077708076465683e+02
-6.797461092495617585e+00
6.198480346665480738e+02
3.923676529121970020e+02
5.294686352846527200e+01
-6.756370088229971316e+02
3.088447863518280201e+01
-6.971165112981565244e+02
3.514141152524765630e+02
8.459701157917269256e+02
-1.909539634806729964e+02
8.316162834390822809e+02
1.976615685688102246e+02
3.969857676128672779e+02
-4.578205564814880972e+02
-7.548461515694521040e+02
1.685179725727205948e+02
7.104965270555280767e+02
-9.277961288461605704e+01
-1.058925194379898329e+02
-3.241631619442970873e+02
-9.922478992808898113e+01
8.751984938869564701e+01
2.029741257830691552e+02
-7.450958320755162276e+02
-1.992439712398027609e+02
7.952914438637132832e+01
-1.207930564103916709e+02
-4.094035057560590189e+02
-4.710578614880014214e+01
1.347871375730036334e+02
7.320177487798431457e+02
-3.267239614684530125e+02
2.238139001457756763e+02
-1.015817125726554764e+02
3.048859827605106716e+02
-8.697769095091489362e+02
6.397092496164511033e+01
9.298297778161732197e+01
9.552777355643470969e+01
1.944304443917721983e+02
-5.727636416575645626e+02
-7.137095835861264277e+02
-9.595029247667703203e+02
-3.368609099323458622e+02
5.610079289801556115e+02
-5.655469689690741006e+02
1.367879446348118506e+02
-3.408670451285670993e+02
-3.688730527513588981e+02
4.181599649598700807e+01
8.468254977452012611e+01
7.215134335732504951e+02
-1.801712708120170419e+02
4.739179250492069855e+02
3.134316422796144934e+02
1.260056071916518334e+02
-4.125560820885492035e+02
4.238804270655509754e+02
3.701254989186439275e+02
1.077460871402413005e+02
2.769370821366749738e+02
9.588238670259970604e+02
-4.591652836409502925e+02
1.239915253311120011e+02
4.184653660290221637e+02
1.019524848391397711e+02
3.787757421655948633e+02
-2.253005654826933153e+02
-2.012002756496286082e+01
-1.118110128314345175e+01
1.026283807894927662e+02
9.373897182753371737e+01
6.084903242443206182e+02
4.641697897573237697e+02
-4.027848184036269572e+02
-2.113861228866579154e+02
-2.953887777681770785e+02
3.364359340714664199e+02
5.713502267873558367e+02
3.148595751553406217e+02
-3.367342851733955644e+00
-3.964214198003362810e+01
2.071005910301368758e+01
2.564972813094323101e+02
-7.913274387546226762e+01
-3.503438516937806213e+01
1.632798965663847071e+02
5.180122204056442570e+02
3.429075692640464013e+01
-5.544942939448944799e+02
-8.773463543891243432e+01
-3.173720884819184107e+02
2.926796221765322912e+02
-5.455270251465012734e+02
-4.110627597792275765e+02
-3.000832750622233789e+02
-1.858909494404177281e+02
2.383770940388191661e+02
2.751542398778054803e+02
1.566243167844895190e+01
7.658348856561424611e+01
-7.036375564789734653e+02
-7.128950257387164413e+01
-1.286784652874093240e+02
-1.315759559261855429e+02
2.378369810884388258e+01
1.927766598119442847e+02
-1.925416853691396000e+02
-3.101709991112582543e+02
1.441131835009773567e+02
4.796610456090381263e+02
-4.345131941337362491e+02
5.478635788994320137e+02
2.989667972718124247e+02
3.251164795601058017e+02
-2.866841730125518666e+02
9.667160855977655842e+01
-1.802057491443997890e+02
-1.789613963480156258e+02
2.146919587859001126e+02
1.425740765959826888e+02
-6.635213036212320503e+02
-3.851918932664760291e+02
-3.907070258824968505e+02
-4.848586621191759605e+01
-2.120396372499666029e+02
-5.050860166193933196e+02
2.029730608511784453e+02
2.001540326781255317e+02
3.281841823897182167e+02
5.903937285363821985e+01
1.249806138451260864e+02
9.569907647768918650e+02
5.527602389487057621e+01
-6.672513526400528860e+01
1.350976117898640361e+01
-1.649475215908457244e+02
2.851655622922731936e+01
1.427822437605196093e+01
3.558111565144242263e+02
-2.559605507430443936e+02
-1.499024345018429472e+02
-1.390285848030142404e+02
-7.452625913542087233e+01
-2.298218459765228090e+02
1.628594377269619713e+02
3.164379444327262831e+02
-1.186642965683345921e+02
-2.247858361390787536e+02
1.347002397526162376e+01
-4.984241600870989828e+02
3.718762165666150281e+02
-3.580008348874727062e+02
-4.538573036786656871e+02
1.552621444103472754e+02
-8.436828930988057209e+02
-3.675386848970342157e+02
-6.689401397429006124e+01
1.407415011989662048e+02
-2.342124999564529730e+02
-8.374293464839327328e+01
-2.086322322768826609e+02
-5.167740952108645160e+02
3.966153804875660427e+01
8.372212698585802571e+01
-7.536810329997591396e+01
1.942102300015851313e+02
3.011014184853277129e+02
-1.346160226473260479e+01
6.863833329227206548e+01
4.039356301785190340e+01
-7.314490555552164608e+01
-4.385348858235927310e+02
-1.214499912252453129e+02
1.565939666682870950e+02
-1.383450084216352316e+01
-4.515595826876109165e+00
1.833350902232776605e+02
-1.506126810216016452e+02
6.069336703249126685e+01
3.889620663920819652e+02
5.307958690873338128e+02
5.227526390786147203e+02
6.621868734888205665e+01
9.563655454266420008e+01
1.368233247386178686e+00
7.979949887199532554e+01
1.244310636555059517e+02
-9.657961141393676030e+01
3.771318688192790205e+02
1.325756404872282701e+02
4.048220582769851035e+02
-3.236884189146877588e+02
2.650250066807803364e+02
-7.723110945446697428e+01
1.528356627532181449e+02
4.503221586229788045e+02
5.188972252274510311e+02
1.175016591910687964e+02
-9.914843895570174936e+01
-2.728384135223227958e+01
2.765813870615386350e+02
3.236231773816128907e+02
-1.855229941660594477e+02
7.686725071793712516e+01
1.717382262185293484e+02
2.385821391957350457e+01
1.263026672587598256e+02
-2.791230913612441213e+02
-8.127538315031782190e+01
-4.117158099255791512e+02
5.696155054702365987e+02
-3.021258942750592880e+01
2.339748854600370294e+02
-1.187086828712287030e+02
5.682884529607377999e+01
1.511741877052587881e+02
-1.542838489161683846e+01
-3.241614530270160088e+01
8.391921717970488714e+01
6.426008046083009617e+01
1.888580602811921381e+02
1.235584289974527223e+02
-4.866735715702446008e+00
2.766004350509419396e+01
1.098391452720688903e+02
-1.591938692778587381e+02
1.995102441954322501e+02
-3.088786541534007029e+02
2.569772419451959991e+02
