9.911226049199425461e+02
-2.258419411243260583e+03
-2.141052380570054083e+03
2.132051470017680458e+03
2.255861945130421645e+03
-2.611167829929448544e+03
-3.570436944906128247e+03
-1.041581359473478642e+03
1.626218907056407943e+03
3.001250524774907262e+03
-2.927824434903320707e+03
3.021094812747203946e+02
2.793142662017296516e+03
1.235246800587685357e+03
-3.686748295943742733e+02
1.364018790435749452e+03
-7.583776519278837895e+02
1.505707782522646539e+03
-4.576655767825300813e+02
-5.162940071606866468e+02
1.864017269151914434e+03
3.719412036087391698e+03
-5.814270560507221717e+02
1.126026882143085459e+03
5.673408516919409976e+02
1.356672088623910668e+03
-3.364096693004199778e+01
4.900734527316791969e+02
-1.321432667750814005e+02
1.379682654446984543e+03
-9.407540060972340825e+02
6.437986713699069696e+02
1.059998703311593626e+00
-1.585442370986234891e+03
-4.367977178902487481e+02
-8.242032062814474784e+02
-4.431599489918593235e+02
-1.147831403903969658e+03
-3.029399469050532616e+02
2.779407981240546519e+02
2.528740241514642761e+01
-1.656997354958184133e+03
7.118668197149689831e+02
1.067077705578044743e+03
1.182707944496984737e+03
1.564719966698080725e+03
-9.507376771106331717e+02
9.308452732743579645e+02
4.408959908517149984e+01
-1.182967785575259256e+02
4.581085299316641226e+02
-4.087125102661711367e+02
6.894121964872754234e+02
2.294277354938342057e+02
-1.276349234814165811e+03
9.087034206433744430e+02
8.987876883387584712e+02
5.121814184069280600e+02
-6.347804661998317215e+02
3.576351267529429947e+02
4.736397223468166828e+01
-7.851620798426885131e+02
3.641692938837348379e+02
-9.450739821571567063e+02
1.512009465816078375e+02
1.616717663713503441e+02
7.913222882227200898e+02
1.403586738354450176e+02
6.266312797367280609e+02
-3.417445566254498317e+02
6.380759957387165286e+02
1.062063124375841653e+03
-6.332282035979452530e+02
3.937378709673389494e+02
6.346955335665107896e+02
-9.318261087753296579e+02
5.475937084738275189e+02
-1.232473877285847720e+03
3.770821303024130771e+02
-1.474356005515074628e+02
7.728598997740593859e+02
4.120358473077549206e+02
-4.177562225972590113e+02
-1.512171318240927462e+02
5.543710831423329637e+02
-4.416460667580527115e+02
-3.184755575785254109e+02
5.968018547348452785e+02
-3.333315300903453249e+02
3.183263795560264384e+02
6.630200984762062717e+02
-5.729437282309362445e+02
-8.444452106788827450e+02
-7.764201372921934308e+01
1.160163930658149951e+02
3.466988782190247775e+02
-5.376132235266853598e+01
-1.965285278747444124e+02
4.496095820347707672e+02
3.478969784367999551e+01
1.991303895989408943e+02
3.491806073296489217e+02
3.040623993525437641e+02
-6.982701021665992585e+02
-3.056119392781782835e+02
7.381458025016907243e+01
-3.709520589758814140e+02
-5.839436889279853915e+01
-3.076874277347051816e+02
2.645621720668598300e+02
-2.156981850366021831e+02
7.347743394897753300e-01
6.764603361522034675e+01
-8.835076428935613535e+01
-1.405676566991302678e+01
-2.459248636811876665e+01
-5.053338389691545558e+02
-3.345248899029659242e+02
2.182000677670939126e+01
7.735794784389742063e+01
2.257173390927287926e+02
1.267725422102559349e+02
-2.633334538492478032e+02
-4.887228434934652910e+01
1.832330550920729308e+02
-1.040445007807364135e+02
-1.978057043198669618e+01
-5.280142911895936209e+01
-1.534672365135745338e+02
4.884208952821616663e+02
3.313471337672087884e+02
-4.470529969299591357e+02
-4.293036293784456916e+02
5.674909380638584935e+02
3.592892583228176022e+02
-1.101568545604649927e+02
-1.404750076560150376e+02
-9.367367128333108894e+01
2.371205017502391286e+02
3.760480314685725034e+02
-1.852322843884732606e+02
1.923507540652381635e+02
-9.295767857198033113e+00
3.364735258898203938e+02
-2.573912785218416275e+02
2.546616874178627938e+02
3.250077699156940412e+02
-6.599656900258342773e+01
1.263429194625681902e+02
2.943702649178126194e+02
-1.093146718957792629e+01
2.307263112148944515e+02
4.353503678855308578e+01
-6.774932684596446109e+01
2.110766511700524575e+02
-5.076760000328108191e+01
2.706640176037869878e+02
-8.661631252229783229e+01
1.140731574045392875e+02
4.665458823463177396e+02
-1.350017317898648912e+02
-4.355064837455815905e+02
-2.429087790004345493e+02
3.824405850822540174e+02
-6.049686190763446092e+01
-4.965725960331347721e+01
-1.144663122240973081e+02
-4.587323088156614403e+02
2.262970197035153319e+02
-2.937061011142779989e+02
2.765449942363293445e+01
5.334367478599976948e+02
4.194798805249851625e+02
3.976841923221168429e+01
-2.534238380044355097e+02
2.968345657332167775e+02
-2.499115591662181259e+02
-2.903715198434571221e+02
-3.547065916269917238e+02
4.379941692536550302e-01
4.273648897159476405e+02
2.295076374486754958e+02
-2.075045492904358184e+02
1.243049557189583254e+02
-2.241096613395592101e+02
2.099287387925716359e+02
1.853174214022349986e+02
-2.786771246970017728e+02
9.101951691368039832e+00
-8.434665260713727264e+01
1.448458648817455696e+02
-4.239245250681145762e+02
1.443093314687677378e+02
-5.657533010608689850e+00
-7.760873574147350951e+01
-2.795085850393573423e+01
2.426518596150635574e+02
-1.615703065491199766e+02
3.827101805541038857e+02
6.668717192553118878e+01
1.281324866678506602e+01
-5.351506106448758970e+01
6.030139003816649392e+02
2.752998892922445151e+01
5.897591920681328759e+01
-1.698754037119721261e+02
-3.901298215605670094e+01
2.709561304144456813e+02
1.470475098128456182e+02
5.669186986572062636e+01
-1.653381534269777262e+02
-2.344828919502114957e+02
-7.051614959735400134e+01
-3.430019193473615502e+01
1.535312869965266991e+01
-2.848350899637558200e+02
-1.291017976548600359e+02
1.050218372900089747e+02
-2.615854313421264123e+02
-2.550213552007465267e+01
-6.903572002255030782e+01
9.528415748060213275e+01
-6.043768420948525844e+00
-2.342617199164623685e+02
-5.281798814740761827e+02
-2.038793756339686070e+02
-2.263697019029677051e+02
-8.923677545463903016e+01
2.555307973646736457e+02
2.470725727108718672e+02
-1.658235340325158234e+02
1.491319893541793249e+02
-3.178477860058667943e+02
2.759765902152347508e+02
2.132261139448667393e+02
-3.561673390227683171e+02
-2.798846302789729066e+02
2.974180682454872340e+02
-1.591314017674940828e+02
-1.638425699446831914e+02
1.464877997901595279e+02
2.714203068638770446e+02
-1.479986103274992217e+02
1.112016292205801875e+02
-1.571868765849754652e+02
7.340511155400910148e+00
-5.587622972085052453e+01
-7.687572456357449369e+01
-3.718954499853037277e+00
-2.370852999870535598e+02
1.141702772082498996e+02
1.987952306776161322e+02
1.697425727611743298e+02
-1.609875070788980338e+02
3.663152177703567958e+01
-1.500506780617278082e+02
-1.339879712308016337e+02
-1.878351396598458507e+02
1.248802970948480606e+02
4.430525517460721119e+01
3.123663460927796791e+02
1.960962461401826715e+02
-1.724351976127231367e+01
-3.380153357127651361e+02
5.996218261576419764e+02
-6.624607348507371540e+00
1.172394839628614278e+02
-5.304142383248547254e+00
-3.871603063789310113e+02
-2.429891095257980851e+02
-5.829620446077161944e+01
-7.422796778314375565e+00
2.633519005934251140e+02
2.857336406426420012e+02
7.212018199422149678e+01
2.075109617314340937e+02
-2.399130907190771893e+02
5.440917530133636149e+01
1.302798242523879821e+02
-6.212748063854655101e+01
-1.024244121846554521e+02
1.501424600739041466e+02
1.713901638501665161e+02
-3.061907955391707503e+01
-4.546394190981715155e+01
2.945400574478709359e+02
-2.862873091370458383e+02
2.055135405393185408e+02
-5.266204877506385884e+01
7.341483868342085373e+01
2.184764459234565379e+02
1.479665406234463632e+01
3.251076975370084909e+01
6.427582475614754820e-01
-3.871505512011897281e+02
-1.276486480285752521e+02
3.223373860904978017e+01
-6.481033085207927513e+01
5.782033340250209363e+01
2.129528171311044673e+02
