-9.251741407991332835e+02
-1.944203316555352558e+03
-2.557959650155499389e+02
2.830325485302557809e+03
-2.844903666947458532e+03
4.458941731913102558e+03
-4.058836959713553824e+03
9.546464761576262390e+02
-7.949382980754334085e+02
9.701052248937608056e+02
-6.388175548224937756e+02
1.240875464579410391e+03
4.693530783179938908e+02
-9.686514129599019043e+02
-1.939967795575735408e+03
-6.811170820248461268e+02
-9.181699156805213988e+02
6.505542144677700644e-01
-1.540440588772867159e+03
-2.583797464024324881e+02
3.873488841358559966e+02
-1.733948316531602245e+02
-8.992542961424561554e+02
3.393542387457464997e+02
-1.160949002633776246e+02
-3.466770452129318159e+01
1.300066902462658163e+03
3.466840439964894927e+02
-1.593494360366840283e+03
2.792722147682230798e+02
1.870106511536568235e+02
6.816280262736294162e+02
1.448529283370301528e+03
-9.346386021273647202e+02
5.563556707319614816e+02
6.250059858579191996e+02
3.406869690952945007e+02
-4.132300929343759890e+02
2.468022149013087585e+01
4.197973941034766909e+01
5.583953058789613806e+02
7.834701338715967722e+02
4.714848137786048028e+02
-4.409976151871587717e+02
-2.499752591316133703e+02
-1.877975818107269959e+02
-4.892206383055865899e+02
-1.507976891029717024e+02
-8.880972532977303047e+01
7.349072145439241694e+02
-4.911226129711213844e+02
-5.322506394621685786e+02
-3.258698337938479881e+02
1.377477448171138406e+02
-8.389612799129896814e+01
1.074823572793320636e+03
1.140975397198915005e+02
1.399824075683685862e+02
6.615987393482488415e+02
-2.942097282149525768e+02
-9.609546722649626815e+01
2.104190487540280401e+02
-2.514325088725763919e+02
5.861858818808643719e+02
3.104083447987490558e+02
5.976800722817533824e+02
-5.880140056518109759e+02
-2.858822369253336433e+02
-3.209488796274732181e+02
-2.310899751645739855e+02
-9.240585605448571016e+01
-1.110145275493876085e+02
1.433408849573173711e+02
1.093727710957933681e+02
-1.899996700465256083e+02
-4.147083697623846206e+02
3.284717634618660895e+02
2.131702207817229180e+02
-2.825662345590295672e+02
-2.760660559567013479e+02
2.870196113554311523e+02
-1.384618968288533267e+02
2.741154132809767248e+02
-1.663702311600871724e+02
-2.202957724078745514e+02
-1.254741116870103355e+02
1.712069803017156460e+02
1.891874826727363654e+02
-6.775933200366749531e+01
2.768990162888316036e+02
-4.185266364860598287e+02
4.032210872458724111e+02
-1.263351768516977502e+00
2.703472496109648660e+02
1.531469890524372488e+02
9.973318769043731891e+01
-3.294155879848200357e+02
1.714068620781524999e+02
1.061819098200480127e+01
1.732107458070871076e+02
-9.298334699229975797e+00
1.267202117855520385e+02
1.065609378655556583e+02
1.514193084513798340e+02
2.881785767668749259e+02
-2.850923595706069023e+02
-5.102877215182269310e+02
-3.262041592654176725e+02
1.103097750423864021e+01
9.792070101545382954e+01
-1.236494883217290521e+02
6.493521468164102828e+01
-2.161630298472957179e+02
-7.700890227062485849e+01
-1.806578308247096629e+02
3.459797883030589105e+02
1.353502702996582059e+02
2.471417706314842988e+01
2.171690917989362219e+02
-1.995823724323951964e+01
-6.513070609915595810e+01
1.192328278948251068e+02
1.077661320690242661e+02
1.134301774709334154e+02
8.567767813938948507e+01
-3.872713338721377596e+01
-3.147645729037087676e+02
2.302057902750055973e+02
-1.461373976376473749e+01
2.117272680666870315e+02
3.664751427226821789e+01
-1.230602197540618903e+01
-2.063665120984049679e+02
3.458387717226061397e+01
-8.258126927089830360e+01
-4.801989123401835258e+01
2.986665366466806972e+02
-6.316866349160968497e+01
-2.150701775717169539e+02
-9.901802403296936461e+01
-7.942817372755014560e+01
7.994028488310452474e+01
1.947717403291098393e+01
-2.879524369182404939e+02
1.305538863099679929e+02
-3.086920199745011359e+02
-8.765943947460033314e+01
7.750015383401988345e+01
-1.166765451641596485e+02
7.593992554520534100e+01
8.620016214019577205e+01
-1.740160013932205914e+02
2.985123059707106563e+02
-4.304040542557978455e+01
1.119527874910088769e+02
1.050416355931871095e+02
1.375711387025886268e+02
2.132186990751119424e+02
1.971022458021201373e+01
-1.974970247028761889e+02
1.231984791535342083e+02
-2.368057117211649256e+02
2.132349802848242604e+01
2.725453836586970979e+01
-3.209446222171550289e+01
-2.548626982793065210e+01
-1.333625415605227715e+02
-1.098751106157747159e+02
-2.376720835689007458e+02
-1.633415612113823840e+02
1.002303123248361629e+02
1.060030128954291939e+02
-1.176616706806134260e+02
-3.484957175480668301e+00
2.271931840441671682e+02
-7.622384085770151785e+01
-3.566377059905463653e+01
-3.936548583389544831e+01
-9.862953983439821570e+01
-2.362268655796632544e+01
-1.285323559951870891e+02
-4.996534433718566959e+01
-8.019217126565893139e+00
-1.377988306714548514e+02
-4.657884311247146059e+01
-1.570755443550947064e+02
3.786745025709642931e+01
1.157791955555587862e+02
1.219952196575103471e+02
-1.183987203979500435e+02
1.519462494328205935e+02
-2.709524004782139883e+01
6.802929559462823761e+01
-5.141306458757400577e+01
9.518527301505690374e+00
-1.407796302061909799e+01
2.014896277599180863e+01
-2.702743361552806078e+01
-4.379765982315683459e+01
9.934396108821496796e+01
-8.306852345447795472e+01
-1.480148564160330125e+02
4.968502682007973448e+01
-1.965037193561119864e+02
-1.098270458199181547e+02
-7.883830419463026828e+01
5.580236575281460887e+01
1.115540886239945451e+01
7.858914621342422890e+01
5.578984745240137499e+01
-9.477007576028935887e+01
-1.405571810434265387e+02
-1.513324278234795486e+02
9.645567071382475888e+01
2.156857468009367906e+01
6.781100668295074740e+01
6.309057243483609767e+01
1.586101810072445950e+01
2.151409349997606455e+02
-7.389512346063746406e+01
1.087826939261000092e+01
6.435789934507081966e+01
2.231156235657485304e-02
1.174321660202983111e+02
7.756287224862624008e+00
-1.733142782146798595e+02
-8.030055557891350304e+01
9.763700996907641638e+01
2.063164897217466631e+01
1.075946139186242618e+02
3.285657031302682896e+01
6.710551858173420214e+01
-4.692383587197050332e+01
3.560414196487467819e+01
-2.983624187512630144e+01
-2.325163214889817809e+01
-3.431009675396637704e+01
1.561321606288702846e+01
-7.707373467336893214e+01
3.613409338903665713e+01
6.391386813602384365e+01
-1.150502059349553861e+02
1.634878097199094213e+02
1.800781787029100300e+01
-5.835318962579282953e+01
1.055021076635911612e+02
1.583482789381404920e+01
-1.202587614607658253e+02
-6.409142456671206389e+01
-9.553324079880162856e+01
-4.177948020219049141e+01
5.519952359473101922e+00
3.759344125035065787e+01
-6.670606575213180633e+01
9.772815252945861175e+00
-1.299850430311423679e+02
-1.796302050687168261e+01
7.130904911978254435e-02
-7.491073613846468504e+01
8.840425293257727901e+01
-5.508482493401825764e+01
-1.345682292388278078e+01
-6.408445959493205635e+01
8.912101711746248611e+01
2.236827385909080945e+01
-2.229199188265864606e+01
-8.199208613097080445e+01
1.312787043042006552e+01
-9.098109274063791219e+00
-5.819544634965930641e+01
1.850762790022241333e+01
-1.281741909152497971e+00
1.141709901251342671e+02
-8.934666075367397298e+01
4.566042035134698551e+01
1.117630718229583842e+01
-2.951204374143414810e+01
-2.607672875586972339e+01
9.185617214223331928e+01
-1.925014351939866231e+01
8.079895710286901078e+01
6.329405852733451354e+00
5.820533196223047412e+01
4.793278118802431464e+01
-1.807788197925551543e+01
8.741089316961765121e+01
-9.948425558245951095e+01
-8.779874281013394466e+01
1.439768556079047634e+01
-7.858211198246350193e+01
4.435650520544571407e+01
4.067379296072091677e+01
1.102840967254070534e+02
4.712350687415806050e+01
-1.632645411232108934e+00
-2.457604924044774819e+01
1.870882679679681360e+01
-1.660446708345202182e+01
-4.923394616693317261e+01
-4.984764737639472543e+01
