4.720897115119310001e+03
-4.065824246551197575e+03
1.464128351050888796e+03
1.250944090732193445e+03
-4.092123792654367662e+03
-9.071789438496160756e+02
9.905808615652717890e+02
4.816321736651505489e+03
1.100463351297234595e+02
-1.385764475551276291e+03
1.511700955139324662e+02
2.391975569582704608e+01
-8.540052766112812606e+02
1.689876379592852572e+03
1.892062838731854072e+03
-1.099232776600101488e+03
7.892072840957642939e+02
2.557518163034768804e+03
-1.134778178782368968e+03
4.711215238242447754e+02
3.846574744268994436e+03
8.391819434457736406e+02
-1.411451055542861468e+03
7.827019430571835983e+02
6.454535457690699332e+02
4.717530766021256454e+02
-1.196124375971800646e+03
5.920314382521397647e+02
2.337506720358790517e+03
-1.650793592437433688e+01
7.032309639392636882e+02
2.511871960124932230e+03
-8.562957288707785892e+02
-9.222876919873031056e+02
2.065760258212254485e+03
-1.587594270516891811e+03
-3.374623848438904474e+02
-6.599335201796789079e+02
8.686233621765466069e+02
-4.128753324781277456e+02
7.336142712428918458e+02
-9.446202316575620443e+02
1.478506174197822247e+02
-1.431356113867964552e+02
2.339132708799220950e+02
6.638745540204769213e+01
-7.892684140898295482e+02
-3.828538199793697459e+02
-3.559850108563077242e+02
-1.657549135293973904e+03
4.511891479386110859e+02
1.008954386031893591e+03
1.110311446744875866e+03
-6.194621699200476996e+02
-4.513165884185159484e+02
-8.707644726505925519e+02
1.002637822305785562e+03
7.502628661083664383e+02
-5.229138021003498125e+02
5.954360293534992934e+02
-4.706860783513690194e+02
5.915237866652507819e+02
1.495150037499891482e+02
-1.006630846045609132e+03
1.219662925401284497e+02
1.340196881501615962e+03
-4.278378243754154653e+01
2.247489591947891938e+02
-1.911734701032768555e+02
1.964715559957518280e+02
5.428516054677998426e+01
3.615094104630265974e+02
-1.947700235988013731e+02
-3.213120919623513032e+02
2.978853014815630900e+02
2.085809434422524191e+02
6.479617393807027383e+02
-6.798612695332050180e+02
-4.053420058406390467e+02
4.353825699521473780e+02
-2.918350792731268939e+02
-4.223943206131222610e+02
1.557558690105481389e+02
5.972125657226864632e+02
-9.660847538269156587e+01
4.315792354197188985e+01
-2.430578309777269510e+02
8.910981245605562435e+02
-3.611360522191241671e+02
2.197253242096603003e+02
-2.863250093049471730e+02
1.166386186102422755e+02
-3.305233520849706252e+01
1.903518866405687220e+02
-3.967476843215584381e+02
-6.560326979773988114e+02
-9.369406952774531874e+02
6.336421557685342805e+02
1.747448949755382444e+02
8.038171812335410493e+01
1.744003659444743164e+02
9.313833852664970436e+01
5.523105480531597777e+02
5.279656897488064971e+01
-5.235962319213782621e+02
-6.625710310100664628e+02
-2.764511490479590634e+02
3.404423279459654736e+02
4.291758708697020097e+01
-5.446206438061217341e+02
-9.369455283131618444e+02
2.075933090808708670e+01
9.883717159437675264e+02
-2.516874741434454563e+02
1.649290676281668766e+02
-1.909925328478704500e+02
-6.309097414719094843e+01
2.592103969341573588e+01
3.060492254744307274e+02
1.477547897248692266e+02
7.868138224009222803e+00
-2.225818926806608147e+02
-4.179714457211445620e+02
9.650121955076620850e+01
-9.303197565720221007e+01
-2.967598098089900418e+02
3.891977637782727015e+02
7.056076254059911435e+01
2.867809926100172788e+02
-9.540874324289407582e+01
-8.616281956277697418e+01
3.524017199438376338e+02
-1.018713632604454631e+02
-2.186901336506192877e+02
5.024774806101281683e+02
-1.662075518477142566e+02
3.149874833203206848e+01
4.145733593798047991e+02
1.803224885668898310e+02
6.633078948936649510e+01
-1.879870302731014249e+02
-2.983807117577478252e+01
-1.491320498544679083e+02
-3.259534067816275069e+02
-1.819253509838890750e+02
3.148861188446862869e+01
-3.835307960214134937e+02
1.356608894868414268e+02
1.040816661699816734e+02
5.682951427508088216e+01
-1.213439268546580934e+02
2.510775021180255635e+02
5.188773680778901110e+00
3.377083313913979055e+02
8.860794851847887799e+01
-8.817143439287497131e+01
-2.224940013846509714e+02
3.886621213604298930e+01
1.228051532378889021e+02
-1.260750871016783918e+02
2.626892299564551649e+02
-1.585251446968652260e+02
-7.202553153320685908e+01
1.468033219073047917e+02
3.374583113341053036e+02
-5.504950474042378801e+02
2.820421333122180840e+02
-3.372212582784844130e+02
3.161973666009343447e+02
-4.407912785878194484e+01
-1.773040587492314444e+02
6.984889490661317701e+00
2.329734759120277943e+02
-2.716772332452408136e+02
-4.900784774018974872e+02
1.339244778670582150e+02
1.308734133135804711e+02
2.466803357163274484e+02
-1.699464759843025661e+02
-8.482366249111521483e+01
2.247702586128098119e+02
-2.496555594374131104e+00
2.441326657109429448e+02
1.431088120909747659e+02
-6.563501728921677625e+01
-2.120126821122177603e+02
-1.250807138477304790e+02
-5.447433971315635404e+01
-1.794792528471837159e+02
-1.959253551819950872e+02
1.238374058859265290e+02
-6.467006609803850381e+01
1.932406471830061889e+01
2.188699162943434260e+02
2.539786627060149442e+02
8.523905432108492164e+01
1.289265665495888129e+02
-6.475567765353066818e+01
-1.001996908818075553e+02
1.577061062613435354e+02
5.272821982781362493e+01
-2.150459945495048544e+02
2.408051540865192806e+02
-1.424097451907936431e+02
1.731661335844966914e+02
-1.313900738873227567e+02
-3.146491609104611697e+01
-1.464654676087354517e+02
2.174100490893476660e+02
-5.208832196012841820e+01
-1.340045545080240856e+02
-8.265967492288012863e+01
-3.033400774867385508e+02
1.604001783630944260e+02
-2.804070614378442770e+02
1.160578364614225393e+02
4.471802539738491333e+01
3.155385777107273952e+02
-9.507420668653718110e+01
-3.518193050629097911e+02
2.973405470639366399e+02
-2.679039731826546245e+01
-3.757692009932654855e+02
-2.667483039075429474e+02
-2.315901440704713252e+02
-2.173339709926469538e+02
-8.409655125263803654e+00
-7.874362716793140748e+01
-1.599021423988114634e+02
8.054684543887293557e+01
-1.151681925930814288e+02
-2.646722203880288404e+01
1.664322904720936549e+02
3.130811336041234654e+02
-1.607264946786345945e+02
-6.335082405483881018e+01
-1.928503015542758305e+02
2.235963208430414397e+02
-4.134224409561068114e+01
2.120812650166190281e+02
-8.744399318854296155e+01
1.886926404904293406e+02
2.015821680594170857e+02
-1.025444704041858479e+01
-4.459105352656310828e+01
1.872523875023487108e+02
-6.474890290419810412e+01
1.553099290456467259e+02
5.625671265672542631e+01
3.436374388101139061e+02
-7.265270333896106081e+01
1.473972478031552953e+02
-2.693270615836376436e+01
-1.396346083636353512e+02
-1.386093822438054417e+02
4.606470623193089153e+01
1.980762414343632543e+02
-1.216330450722361007e+02
1.687767917535024367e+02
2.574723816898791373e+00
1.581044973381530667e+02
-5.077268470291207336e+01
-2.296102579130594847e+02
1.627773472958445780e+02
3.355544416146245794e+02
5.509755097305461646e+01
1.746319415702124331e+02
2.323311585121621903e+01
-3.723061309980536748e+01
-2.449218694709587396e+02
1.348653995840908948e+01
9.547953551799911054e+01
4.229791077335217153e+01
1.265719607914684133e+02
-5.471819661833166037e+01
2.860023634537596138e+01
1.341484542423688993e+02
-7.443558328583750949e+01
-9.652785072463859706e+01
7.480622332996773594e+01
-3.571561900281464830e+01
8.204532236589153626e+01
-1.691604892766700985e+01
4.516443415968060293e+01
2.193976851777174204e+02
1.829502935217329878e+02
-1.748049673230246981e+02
5.789685802013226379e+01
1.045887601066506249e+02
1.154959734210926996e+02
1.817946176802818172e+02
-7.818583315268129752e+01
-2.326975123345500407e+01
1.222416450647687469e+02
-9.285520170876102952e+01
-8.454541679461607373e+01
-1.384700532864733020e+02
-1.992389970536535770e+02
-5.975264654471403958e+01
1.420341621624353081e+02
