-2.840199497560131931e+03
-3.218524973457867418e+03
2.926888151577717508e+03
9.860111317322897548e+02
-4.403221197120536999e+03
1.766663730591113108e+03
4.692776289660946532e+02
3.658317644051091065e+03
-3.087388396194771303e+03
1.803193906956463934e+03
-4.172097326126113899e+02
1.177654388957999117e+03
-6.674964803720653208e+02
-2.066173806944859280e+03
8.995803554723721618e+02
-5.182377374889248358e+02
-1.100930488284595185e+03
4.152773154868598340e+02
-5.758318673195852000e+01
3.298006931749016530e+02
2.328337464151793938e+03
-9.814366553415445651e+02
-1.175194532919688754e+03
-1.598645170250352294e+03
1.296820380515256829e+03
-1.012144101078741983e+03
-2.927865423702222643e+02
3.944569883457410242e+02
9.041393907508219741e+01
6.614768820190764700e+02
7.330177941994558068e+02
-2.205289258003635311e+01
2.604963662088824776e+02
1.242425074898742423e+03
-5.561819361320424804e+01
1.058707509099396248e+03
-1.441456409526271045e+03
-2.261789132935883572e+03
2.009653839290335327e+03
2.306128740012537719e+02
1.694327438738532408e+02
-1.013252315840205029e+03
1.011328479521606823e+03
-1.230908886899844902e+03
1.027968365861601342e+03
-2.176793828512360506e+03
-6.632847393068792599e+02
-1.739599402066497305e+03
7.510269753590529263e+02
-5.284777325804986603e+00
-4.942374281611247397e+02
4.078581048078857521e+02
-3.243195321348708831e+02
-7.898444127625995179e+02
-5.497829174612105589e+02
3.989215420899190576e+02
4.774144972036749834e+01
-4.951881497950611788e+02
2.057766224069183352e+02
3.904084066313557173e+02
6.495496822216862256e+02
1.386214986850901596e+02
7.603403133967315171e+02
3.303143800344978445e+02
1.067018096320337683e+01
2.744460500621767096e+02
7.475234750843683287e+02
-3.305425540351622544e+02
3.043888363505704433e+02
-3.414621536476819301e+02
4.273324251417290043e+02
-5.797576288400006206e+02
7.831149072616315721e+01
5.164714297007425330e+02
1.574874768903198117e+02
-7.336873290935402565e+02
-5.282165404022564417e+02
4.809485801698805290e+02
-1.479926043852644284e+02
4.709843071200605777e+02
-2.772719694146835536e+02
-7.142809253808463836e+02
-7.014027065076060126e+02
3.035284511195667960e+02
3.152427313351264502e+02
-2.032923877866365956e+02
6.342968921656108705e+02
5.566125588565482758e+02
-3.511470994044144049e+02
-7.550617492598645413e+02
1.571647760090724262e+02
4.099605937088387577e+02
1.322105472662661612e+02
-3.740336254010185826e+02
-3.172323657961110257e+02
-1.850849915825590131e+02
2.234079006264756231e+02
-3.418498936575394396e+02
-3.319598342007594169e+02
-1.735555240046159895e+02
8.282985285871750420e+02
8.958868475785163810e+01
-4.308374510333525222e+02
-4.731320329521992818e+01
-7.546157102552626839e+02
-3.827603457203851463e+02
-1.902883619415820249e+02
-2.255502266693296747e+02
-3.287015681453425486e+01
9.383465955797220204e+01
7.828761369756477961e+02
-5.387201546493188289e+02
-3.855230272046037499e+02
-3.644634302636583101e+01
1.459615805312432713e+02
-3.895021734226614996e+01
2.906390285556420139e+01
-9.076227236678352028e+01
-4.684694900408545095e+02
2.313550066341351226e+02
5.788078232764998887e+01
2.492160633359973758e+02
-5.258807586744866285e+02
-1.419198568449023128e+02
-5.911388681897610553e+01
6.372740943303075483e+02
-2.690384536968138036e+02
-6.824525383469274686e+01
-7.346462673606255489e-01
-6.923277087806868622e+02
2.032500817254716310e+02
-4.503053537705623910e+01
4.813759280336801538e+01
-2.944606953936224727e+02
-1.984192933502452263e+02
1.337176561745689973e+01
-2.199027873243753959e+02
-1.731305208368352737e+02
-1.519626145502999179e+02
-8.890985852210501150e+01
4.682676777716251593e+01
3.656475072099691488e+02
-1.981922208156657916e+02
1.668194621839677723e+02
-1.663510699588687771e+02
8.156817094946610780e+01
-1.144010809007942697e+02
-1.698263337877783670e+02
1.486335731818581785e+01
6.957612355538253723e+01
1.488200405352491487e+02
1.035412893733485760e+02
2.815704118946250105e+02
5.643325599637346386e+02
-1.613539384280722402e+02
4.485019264947575834e+02
-3.291777135993852710e+01
-4.357316230283620939e+02
-4.438032380922214770e+01
-4.439111382666212648e+02
-3.873371186479062658e+02
-1.269018765169111518e+01
-2.050371196186715963e+02
5.055076381694264143e+01
-6.383434303308078483e+01
7.636644081428323716e+01
1.928306233323364438e+02
-2.158116732802984927e+02
2.675983070758310873e+02
-1.609680087924195107e+02
-2.203842812480991427e+02
8.060649894830498852e+01
-1.423982823534315934e+01
-1.947199652632697280e+02
2.045411012716040773e+02
8.770604429419712744e+01
2.431773828583150703e+02
-1.215821890034456620e+00
-5.787881156811535988e+01
-8.510561588528058508e+01
1.180533570618580796e+02
-9.760246128628065776e+01
2.440828856681032164e+02
3.528142768904186255e+02
-1.932662505176506613e+02
2.873181442901677229e+01
1.329742543785539794e+02
1.008932636997136854e+02
-2.197669991594284866e+01
2.073629621466610118e+01
-4.563354677259334125e+01
9.161318081239643618e+01
9.577087819423539372e+01
-9.231640977748236310e+01
6.007921986326811492e+01
-4.466174291832874133e+02
-4.280047762810377776e+02
-9.595105366670361491e+01
2.584060983968453797e+02
1.872867356577192481e+02
-5.083498933789197594e+01
-9.994706034965810204e+01
3.247335060390805097e+02
2.678038637818490741e+01
-2.526335607331063500e+02
-1.570020046734929586e+01
-4.513269111553305493e+02
-3.271703584443837940e+02
3.023665275943491793e+02
6.522151510344366798e+00
-1.215147538937488036e+01
4.629969805074038049e+02
-3.407247278997924234e+00
-1.005831085143725829e+02
6.127939965231075803e+01
5.089666563066573701e+01
-2.607733937556779438e+02
5.835607147290767216e+01
-3.395208877520185524e+02
3.076158558343311711e+02
2.867813073224755271e+01
-8.699149378279642519e+01
-4.200212007946939963e+01
-8.879225682690187682e+01
7.757017776114165031e+01
-2.192447551404934458e+01
6.555084489601838982e+01
-1.243333713725929641e+02
-2.316747740532447892e+02
-1.832937033965293097e+02
-6.826596736069299709e+01
9.143544623368510260e-01
-1.951579347953531567e+02
6.085620727334902824e+01
1.166571836130392796e+02
-2.817745539018183649e+02
-8.748757838719787117e+01
1.135124447500227376e+02
1.535949428388645543e+01
-1.333557291489151169e+02
-1.516243361409087527e+02
-1.862818111221178015e+02
-2.458586460292765423e+02
-6.051818783224677034e+00
-1.066131907496634312e+02
3.528115548106213595e+01
-9.475567046108274383e+01
2.194430636029502324e+01
-2.188199662877886738e+02
4.779980992874682499e+01
-1.764677495003535341e+02
3.492640521040510038e+01
3.020277531072229067e+02
-3.024230492270358184e+01
1.434499649239468226e+02
1.323231898403906257e+02
-1.310724449915208538e+02
2.243814264979143331e+02
-2.590606429478095833e+02
1.996542461830860020e+02
-7.670245852666123199e+01
2.311695669526951065e+02
-6.540306037022888574e+01
-3.563685867585053013e-01
1.097952045883261718e+02
-3.777093917824166880e+01
3.608480219462965124e+02
8.771238937680115555e+01
1.069312458957589342e+02
-8.481266373292638150e+01
-1.061628356376925808e+02
-1.738617839408616419e+02
1.957195515446504785e+01
-8.083184810832331380e+01
8.791974479687445410e+01
-7.796730395707660932e+01
-1.660548230978434958e+02
-9.333716728934203388e+01
1.981584234745076003e+02
-1.570979968969583069e+02
4.125105497896204554e+01
-1.885533481478875046e+02
-1.676754142379309087e+02
-5.572532699991635496e+01
1.270285083109623230e+02
-1.703813725805618446e+02
-1.785374848031778754e+02
7.517734990447996779e+01
1.458264630783257871e+02
-7.335869828789456903e+01
1.447822112909008574e+01
-4.494999892873438263e+00
-9.336920671341177069e+01
-7.305301243194938365e+01
6.083519934098949200e+00
-5.190456683072184774e+01
3.232410264624718366e+01
1.934411348457037150e+02
-1.122437895055485626e+02
-1.441001840087466235e+02
