4.287656302856187722e+03
-4.493550004132167714e+02
1.530228795505868220e+03
5.350610825692746175e+02
-6.706472062426496450e+03
1.382386500485082706e+03
-3.545716388668408854e+02
3.099824455336799474e+03
-1.674401010108660728e+02
-1.341618914732820485e+03
3.095462536538926088e+03
9.439391499843709425e+02
-1.942855093257923045e+03
3.642938411180105959e+03
1.959204846010013171e+03
2.386269885339702910e+02
2.492284840258021632e+03
-2.958300224951331074e+02
-1.592602646158986545e+03
-2.353964186992175485e+02
-3.388896593896396325e+02
6.158959131444680679e+02
-1.470307164892918308e+03
1.056928875547507232e+03
-8.807693694473367714e+02
-1.275278811596234618e+02
-1.006105690698990088e+03
-2.282844577329709921e+02
1.293863350856702709e+03
-9.667173364252758461e+01
1.286888838213543977e+03
1.482742313603558841e+02
-7.528284150337049141e+02
-2.713855816351520502e+02
5.003349749478076660e+02
4.981456222489482570e+02
-1.853115579723976907e+03
1.412363032685666667e+03
6.889279215272088095e+02
-2.500725662510885741e+03
-1.244005044719847319e+03
2.050494903029123748e+02
4.896559717720331832e+02
-9.539931314396355901e+02
-1.017548044139390186e+03
-2.398791732184205046e+02
8.747849743389888317e+02
9.180009886141508559e+02
-1.536501464491489060e+03
-5.599879311445778285e+02
-2.138528745196879299e+02
5.565145231772411449e+01
-5.953898071884688079e+02
1.201673392236953987e+03
3.819722945585614866e+02
-1.899323526144607285e+03
-1.009480195514274783e+02
1.002584215059033852e+02
3.282101350528660078e+02
5.036222977555387956e+02
1.327690287887637055e+02
3.843937496404143417e+02
-7.872836170435107306e+01
-7.765895866291033123e+00
1.493298082349713695e+03
2.242807115613931330e+02
2.575942063051456898e+02
-1.781924116908858196e+02
3.483847997966668117e+02
2.794167200498952752e+02
2.911589325524045648e+02
1.514709655742811947e+02
-4.258606746696265759e+02
-9.612559311125720152e-01
-1.926230874834703002e+02
1.872213485330524918e+02
1.906692661319989668e+02
2.262810421949724002e+02
5.715178346609227447e+02
-1.126120520142457963e+03
1.029126711181383143e+03
7.414443024625235239e+02
1.150160248965710821e+02
-2.654435451256483702e+02
-8.657300819212222223e+02
-9.321116803363318581e+01
1.235897799870383977e+02
4.255895221823911925e+02
2.923441197352025824e+02
-1.448867909357404073e+02
4.147962943540748597e+02
2.045908023252622172e+02
6.370530233716879138e+02
2.809693078056421314e+02
-9.039486468328135516e+01
1.910503053376757521e+02
-1.880767220396683967e+02
-1.002868299124644658e+01
-4.536407391819457189e+02
-3.255534644382079819e+02
8.987272717225929455e+02
-4.421047578660574686e+02
-5.744492277189500129e+01
-2.588125384429467886e+02
-3.535417792474100338e+02
-1.316866799624695830e+02
2.031957041316080108e+02
-1.595330030713341216e+02
3.392406964973791332e+02
-2.290574164315935946e+02
3.680313818274514688e+02
-1.825051221225702420e+02
-1.072246043871574557e+03
5.356886728857465130e+01
5.199626078282418575e+02
-1.191141135460748757e+02
1.565113422854683201e+01
-1.921330093263720471e+02
-4.748633985254061258e+02
-2.924309722516323404e+02
4.185391841589089950e+02
6.313478016327325122e+02
-2.563520516186916893e+02
3.559853985606702054e+02
1.368689281841512013e+02
-4.214426132194502905e+00
-3.579630659310541887e+02
3.889690604435371597e+02
7.461817091998021851e+02
2.180536576033221650e+02
-2.103771858246972783e+02
1.391458427524937633e+02
5.557610569365625963e+01
6.892179323652682115e+02
1.417654369915066752e+02
-1.551048120666710588e+02
3.947716120817513001e+02
-6.850780131741302057e+02
-1.381398559127369765e+02
4.239897227081347637e+02
2.320251677119887006e+02
-1.449024208435359355e+02
4.334210074684044685e+02
4.456868574766810411e+02
1.763694472815925280e+02
1.466663558658290469e+02
-2.741513780022332014e+01
5.202152235495606192e+01
2.292452505550739659e+02
3.011248465990230443e+02
3.600682067845420988e+02
-2.977849474920367925e+02
5.079701826048735711e+02
7.996641696956739054e+01
-3.462336867269661411e+02
5.264117036398851042e+02
1.630524681281352173e+02
3.924844114552877272e+02
-1.662645554443777485e+02
-1.701545147762570593e+02
-6.516611101454091681e+01
-1.283292820185217238e+02
6.489953734330084956e+01
7.452717675359179061e+00
-2.445197690983941925e+02
-6.091549011278820203e+00
-9.269398791829195261e+01
4.328945432177906127e+02
-1.255938571505254089e+02
6.206975490688532204e+01
-7.263287164403182317e+01
-3.342631389354613134e+02
-7.067712059857421991e+01
5.244786801788550434e+01
-4.758501838396804828e+01
3.673526419641490861e+02
-1.206370903641752221e+02
-3.861255672391874327e+02
-6.207483614706022479e+01
1.411047265393063128e+02
-2.764154036175280567e+02
-2.264698489589928840e+02
-6.214191421534863480e+01
1.060504403073973521e+02
-2.264178640074417785e+02
3.233555618116727715e+01
2.097395823530284247e+02
4.990936527752165119e+01
-1.628496732169115546e+02
1.813825671930085264e+02
-7.351140862553327793e+01
-2.392054725047530326e+02
-1.540511883666956692e+02
-3.869405282782465179e+02
7.688763757036977609e+01
2.131142977248673276e+01
-2.109036504482925238e+02
-1.131644067956844069e+01
3.382807387951540079e+01
-1.149668078274942644e+02
-4.860050832307993574e+01
1.719228579946172886e+02
5.428754050954000832e+02
-5.237975260237927699e+01
-2.292952997044364167e+02
1.237271102923746753e+02
3.503578290596252032e+01
4.676459551879227661e+01
-3.488014002140208163e+02
1.796885046546884155e+02
-1.413973312676301362e+02
-2.323785260318102246e+02
-6.963155473354220248e+01
-2.231748188632277561e+02
1.411481688299945461e+02
3.638820791480628714e+01
2.755274533049466186e+02
-2.501742738787009159e+02
-7.672483222032570893e+01
3.049534125288035966e+02
-3.626560046555208032e+02
-9.372977235676637520e+01
-4.599223787637516807e+02
-2.062109059758610101e+02
2.337165548489663180e+01
-2.774902294500128050e+02
-4.371277806797015160e+02
-2.193005461655755539e+01
1.698777744203519546e+02
2.949011676138173144e+01
1.004109828322696529e+02
-2.155977829825307879e+02
-4.933095433995925987e+02
-1.742437655368440232e+02
-9.417831688003093404e+01
5.978907250953702857e+01
4.564579294351776895e+01
1.830883348622162714e+02
2.126533390801514756e+01
2.400238282687615055e+01
1.010647030245996518e+02
-1.772518894259631850e+02
-6.318987152407794383e+02
-1.988893141528036210e+02
4.639810837713729086e+01
-4.852489038771030749e+01
6.748721043481145898e+01
9.694186863670041987e+01
-2.007559738976831625e+02
9.941013581007986488e+01
3.018336250282382593e+02
2.513501042860005725e+02
2.763686989737046815e+02
2.058464624671493652e+02
-1.254387309521944758e+02
-9.896395797623060986e+00
2.191303388397308822e+02
-1.427654359659366179e+01
-2.891610038876151521e+02
2.375489691438014859e+02
-7.671702124490575159e+01
1.335757304546313549e+02
-1.967961783035111694e+02
1.053083480415955790e+02
-3.935179507155702368e+02
1.404714460106013405e+02
2.490291195599169498e+02
2.104827540761241096e+02
1.879615807812400305e+02
1.582356289584177205e+02
1.736314291754136008e+01
3.001041739707072225e+02
-3.166242875337524083e+02
2.923548316458726148e+01
-6.252018891995934524e+01
-1.145569035272462912e+02
-3.413034998066233783e+01
6.742365229787984049e+01
-1.036964947153803109e+02
-1.037678129469925636e+02
-1.704539640355039580e+02
2.451737647826947466e+02
8.537248447826779341e+01
9.124141279712918617e+01
-1.106786681692672403e+02
6.036820412341106845e+01
3.255359118292928997e+02
-6.116598374848246067e+01
2.784540397207673550e+02
5.628717123658172028e+01
8.175188740474129645e+01
-5.379972825168274397e+01
1.013052234889864422e+01
9.842934090000446190e+01
1.061685859955884048e+01
2.245887197955852699e+01
3.411030751903277292e+01
1.682521098422601256e+02
-4.279065669731296850e+01
1.518052319013644080e+02
