5.234547941574482138e+03
-6.500962657766967823e+02
1.477316238700005215e+03
5.991624181404580440e+02
-6.430283916487401257e+03
1.013087746802313859e+03
-2.799874734817880153e+02
3.214814423683373207e+03
-1.473328143623365705e+01
-1.532510110181392292e+03
2.769983179585709877e+03
8.462332793868840781e+02
-1.909466645965374710e+03
3.723018639629613062e+03
2.229855742761476904e+03
-9.011841616769976326e+01
2.435262503773240496e+03
1.877325797960446607e+02
-1.473143105624523741e+03
1.309065365035358752e+02
-8.622858445501216806e+01
6.101440560406488203e+02
-1.464079939916138756e+03
9.039255321201255811e+02
-8.115775102377473331e+02
-2.346452234350339836e+02
-9.109218620972267217e+02
-7.049652866782309957e+01
1.465380759954817904e+03
-1.458522630755317095e+02
1.461300741250066721e+03
2.343947900776455242e+02
-8.580588831625144621e+02
-4.297522529430877398e+02
6.837618202787585915e+02
1.403402639003458852e+01
-1.800359163241241504e+03
1.463233174184327481e+03
6.153811405887233832e+02
-2.390692021284379734e+03
-1.037533645891014430e+03
9.385660544330373511e+01
5.240763960151888341e+02
-9.376500979813032473e+02
-9.523163581611643167e+02
-1.334392671890186648e+02
5.508232834070095123e+02
6.581698826227631116e+02
-1.542577050135806076e+03
-6.361362893152340803e+02
6.905241730995142291e+01
2.149982025987753218e+02
-3.795882584482702669e+02
1.175388103194842870e+03
2.396470534476627847e+02
-1.943965440016175080e+03
-6.332755458087424927e+01
4.013459657944679861e+02
3.264301839154624076e+02
5.868584216937565543e+02
1.663267650377793814e+02
6.392387446394460540e+02
-2.023034985343151959e+02
-4.274389700118087632e+01
1.391108539676045211e+03
2.098367077666844693e+02
1.376373379459137709e+02
-1.318304205842701720e+02
2.019699117455401449e+02
1.714764182051038404e+02
1.590521685106077712e+02
9.968137985149476776e+01
-4.222763872933034577e+02
-6.707045798950318272e+01
4.917742112739447435e+01
2.029215233439113319e+02
4.206087866874235033e+02
1.643983781663240222e+02
4.494087562825999385e+02
-1.031676274371048976e+03
8.544452596263728310e+02
5.712790971747292588e+02
1.045760621752966273e+02
1.044277421894719708e+02
-6.794033035657727169e+02
-1.219462691876336038e+02
1.764254957657693410e+02
4.591926886890228161e+02
1.975853865160779606e+02
-3.082342590237249738e+02
3.742284632058685361e+02
1.406254965160027837e+02
5.357174825052886717e+02
3.851040060536374199e+02
-8.784639169492879773e+01
7.819486324069120542e+01
-2.483618885867428219e+02
-1.424739937785397537e+00
-4.111233074582778499e+02
-2.321936689210075997e+02
8.815438761039440578e+02
-3.001128642915709861e+02
-4.626166849125208813e+01
-5.427807948536030835e+01
-3.520268663517573486e+02
-8.093176022592325580e+01
2.542704080540348173e+02
-1.050259058014550817e+02
3.249881690213726415e+02
-4.218098161259333096e+02
3.419883933652724295e+02
-2.531394440191972350e+01
-7.029899138889583128e+02
1.179541467191437647e+02
4.470855248964456337e+02
-2.311522089954727122e+01
7.603104696711341148e+01
-1.865234976309660908e+02
-3.685413047205556154e+02
-3.658800602236917143e+02
3.595052049011918029e+02
4.334201800838585541e+02
-2.132489289609546006e+02
3.853801296999563988e+02
3.048070815040867743e+01
-1.809405897157427390e+01
-2.925613679175614834e+02
3.472329145502664005e+02
6.954337063156997374e+02
1.966980994399496581e+02
-2.246370453890456531e+02
-4.083926710725263121e+01
1.055301676550287198e+02
6.098750147250610780e+02
1.739517304378147458e+02
-1.703603018840655352e+02
2.565504949463779099e+02
-5.832248742657042158e+02
-1.282620653555706838e+02
3.136585409278232532e+02
2.337497673287228963e+02
-1.518690375297076685e+02
3.649202590055841142e+02
3.988707928315126310e+02
6.186691360017682229e+01
1.091113388245641147e+02
-8.568681595669460194e+01
-3.470903402963329398e+01
1.612991272917592056e+01
2.042566937457321217e+02
3.588467347108204422e+02
-2.273167031246879901e+02
3.645643778922095066e+02
9.822061578724520814e+01
-3.549540998751950269e+02
4.898219814124155391e+02
1.514588277966058456e+02
1.901586293869023052e+02
-4.089883836353478586e+01
-1.171456560650306074e+02
-9.551521858281580535e+01
-1.450494149762705547e+02
4.971937339728088290e+01
7.648059589598727825e+01
-1.789219142463983587e+02
-1.756838704254006345e+01
-5.795191927223046235e+01
4.170865922082957127e+02
-1.541914879513444134e+02
6.304532661022730622e+01
-7.994527293911497168e+01
-1.972342097449312917e+02
-1.657901625699912884e+01
8.770139714098124273e+01
3.629895843819279833e+01
4.772010497630421355e+02
-2.318512126440210466e+02
-2.228539919153486437e+02
-2.767715939535472458e+01
9.011804170669485359e+01
-2.349650949048472341e+02
-1.052287266212655084e+02
-1.056240602443218251e+02
1.164420300261606371e+02
-2.977463356211964083e+02
3.897128089198695022e+01
2.187132236337246809e+02
1.137260306475471765e+02
-3.943124093429764798e+01
1.219377400707078323e+02
-7.430431753644802484e+01
-9.114636711463121799e+01
-1.231568305524598514e+02
-2.791360933028711884e+02
6.604014749881001478e+01
4.058858445788481362e+01
-1.466155211448248394e+02
-8.476135439039326513e+01
2.507375764907103388e+01
-1.622830373890043916e+02
-1.662974004612867418e+02
1.525916277317874972e+02
2.964891506324777311e+02
-2.866515667397160172e+01
-1.623087086498699421e+02
9.676875094592479343e+01
7.365608666472499522e+01
6.065251999008766148e+01
-3.074783698259636822e+02
8.559634375149417451e+01
-8.757608911550693165e+01
-2.320810029437554647e+02
-4.499015015381963423e+01
-9.070825513518792604e+01
1.296090963915076770e+02
-6.651204151671298526e+00
2.224346509275440837e+02
-2.578092385693700521e+02
-1.962108069686378187e+01
2.625552010783715104e+02
-2.432470657049645979e+02
-6.358051639263138100e+01
-3.534555043798114866e+02
-1.296188645494549689e+02
1.025530053445827683e+01
-1.441612444630528387e+02
-3.847910942378021559e+02
-1.004291452946231118e+02
1.476167827980486322e+02
3.351664999210531448e+01
1.843637717482324945e+02
-2.151207140594347322e+02
-4.153914742121044696e+02
-1.537889471252492228e+02
-1.119814239151311313e+02
5.950093434811279991e+01
4.000810364183598011e+01
1.695847967591486736e+02
1.878800462899140555e+01
-3.191904401103635713e+00
1.184777551378445395e+02
-1.683612154876716147e+02
-4.678599774804853837e+02
-1.793477313182184787e+02
2.968226768221679279e+01
-5.456575255823859294e+01
3.289213536352925615e+01
9.647349349564895249e+01
-1.520493277332316495e+02
5.122201028493611119e+01
1.843757824019908185e+02
9.403096384648678452e+01
1.775727991668092045e+02
2.173841285685515459e+02
-7.701059028222142899e+01
-2.108269452488230655e+01
1.860036272266125650e+02
-8.128451090003403934e+00
-1.893354662053191078e+02
1.641249276308847413e+02
-8.553983354978436182e+01
3.993454484110555569e+01
-1.614573079616308462e+02
3.520339092814761983e+01
-3.135578452682369743e+02
6.757946375022318364e+01
1.647787327772971366e+02
5.827702881289081205e+01
1.216776617153258400e+02
1.458874543837563067e+02
6.091198034775500503e+01
2.268219949940515505e+02
-2.777846215847532108e+02
-4.065937952256379440e+00
-1.000298196293421142e+02
-1.604763832379275357e+02
-5.446606996298677927e+01
2.691677931400797519e+01
-1.718034165616138154e+01
-5.586297417127552478e+01
-4.604324212000751260e+01
1.021252005157291904e+02
4.650888684306168130e+01
7.266010753697362645e+01
-6.683818435310050177e+01
9.963213100477379669e+01
2.455234911562307332e+02
-1.915183782493573261e+01
2.260194178991993397e+02
5.218214239186092840e+01
2.092373574149997140e+01
-7.446330073458135246e+01
-4.883495058538680667e+01
8.342295098005104137e+01
1.137680305244330370e+01
-5.371840366782217657e+00
4.157269871668246708e+01
1.554924741086035169e+02
1.135173216886111369e+01
6.073188663053070968e+01
