-2.988485696337174431e+03
-4.097684938066533505e+03
5.999260841890496749e+02
8.318097914218189999e+02
-5.460397405944636375e+02
-8.428807157834329473e+02
9.106047115586668497e+02
1.165272474328062117e+03
2.811094645841556940e+03
-1.358537431404271956e+03
-3.236178316199362598e+03
-1.381732967652515981e+03
-1.928551910513269377e+03
1.674643310050247692e+03
-1.477562085096398732e+03
1.754526905158546697e+03
1.059678883591491996e+02
2.234669162165248508e+03
-8.649379781339317219e+01
-1.782845458069594315e+03
5.076084756414900880e+02
-4.010464458008400470e+02
-1.608625602150457325e+02
2.169348153586170156e+03
1.362041296695591654e+03
-2.012962951233320609e+03
-7.505660954672906371e+01
-1.374213408139150090e+02
-1.639024136532140119e+02
2.843294834016149366e+02
-3.885825639236220468e+02
-1.941763355842128647e+02
-4.159069961492988341e+02
-1.440609290418435194e+03
3.171987860856547172e+02
-6.570357627689274977e+02
-1.132831787747056893e+02
7.805097152564034957e+01
-1.202204573918036658e+03
-7.394157178291313812e+02
5.916580163150180169e+02
1.572002712899513881e+02
3.441743264065995049e+02
1.340902063992421347e+02
1.365949234681015696e+03
-4.722697337609992019e+02
2.758669537877416360e+02
-2.667492734873627001e+02
-1.826099388701415478e+02
-2.830978767026467722e+02
5.553256885897429811e+02
1.067116258848523557e+03
-2.325283881392603575e+02
9.665300588348582096e+02
1.707826420706386727e+02
-6.843060329502579862e+02
6.037174135552003236e+02
1.575991150488545998e+02
1.092143745064331824e+03
6.077269597968396511e+02
2.486929093201684680e+02
-4.323213059556990601e+01
-1.966225400612691487e+02
3.333200997146289524e+01
7.039121749313774501e+01
-6.479399168811863774e+02
-4.097552695505392535e+02
7.253885968102939614e+02
4.104609101430722262e+02
-3.264294094782255797e+02
1.521252267219628322e+02
-2.667024598285282764e+02
8.927603885263543759e+00
3.233958834833655942e+02
2.877437579205115892e+00
-1.933906544653067527e+01
4.310411747440924728e+02
-4.433918457490673859e+01
-9.549994183756972177e+01
3.731785243011374860e+02
2.571198824774941158e+02
4.149258880926970505e+02
3.830874938406328738e+02
1.162502637860990262e+02
3.008107625050644174e+02
7.740409903693104354e+01
3.610756317331156993e+02
-3.816109158500381682e+02
-5.299813785509039690e+02
-2.914559370292361677e+02
5.823950607929365333e+02
-3.390917721092914690e+02
2.028486603046476660e+02
2.771771387582827515e+02
-3.157294358151697224e+02
2.725770220938397870e+02
2.455481597843717338e+02
7.275479060848192603e+01
-7.157937609009580626e+01
-1.633422725759470779e+02
-1.817709149536448194e+02
5.452734726054001158e+02
1.596865502765090241e+02
4.701447229068932643e+02
-4.054274356908395589e+02
3.605018820694608053e+02
-2.654680043158993641e+01
1.525959327126656149e+02
1.641034023424489590e+02
-1.508364589377849452e+00
-3.524897825638450968e+02
3.108976291100203184e+02
4.133963339737646265e+02
2.091147307186389241e+02
1.024535112952632829e+02
-1.225237134898934102e+02
-2.488905890282035216e+02
4.243347262199745984e+01
2.380393356759838355e+02
-1.843110780196354312e+02
5.190650913288186530e+02
-1.978081269979298895e+02
-9.977294501248429981e+01
-1.837045945805289904e+01
-4.033260347225006370e+01
1.160620684632694122e+02
-5.257554197531408846e+01
-2.231284637327115092e+02
-3.623396688526466125e+00
-1.338004108078763750e+02
1.440165424896396189e+02
1.156325120112204274e+02
-6.906554596102787968e+01
3.435519263459931381e+02
9.736621369997760667e+01
9.275062278291389362e+01
2.837387222209321749e+02
1.662281133826489565e+02
1.473703719791847000e+00
-8.006785156357484112e+00
-2.462648552905361896e+02
1.073380253230247945e+02
5.107017956316163065e+01
9.637976030027485308e+01
-1.122230764313778195e+02
-7.823561069362826004e+01
-1.335289545116870329e+02
7.273550645507094181e+00
2.026628567205139007e+02
-1.296525706194467205e+02
-1.589185590633754543e+02
1.788707943475718594e+02
3.185439203820098442e+01
1.952483980608818115e+02
1.118193946017550360e+02
-3.848209552779796638e+01
-5.904822765532735929e+01
5.369022355338373842e+01
-5.425620770600335163e+01
-2.014302900883064069e+02
1.728095099547856819e+02
-1.126083334370496942e+02
-1.627623887936817653e+02
1.017161604754262640e+02
2.896739581573055489e+01
-1.101208292375165883e+02
1.756586424656007637e+02
3.119842522053718881e+01
-5.718593461585978588e+01
2.758670791365266268e+02
-2.366798001681834407e+01
-1.677532100759474361e+02
-3.091039314404762308e+02
-1.072915361775022234e+02
8.718676481813628243e+01
-3.294974735429579482e+01
-1.647091407447349525e+02
6.942752841671793362e+01
-1.586245302816057858e+02
-3.896372282650879271e+01
-1.320624570797741626e+02
-2.853961451994258169e+01
-1.839163059016177897e+02
1.448090658223645200e+01
2.000730862927107445e+00
-9.635834302973056253e+01
1.563230554011475419e+02
7.854346446294320572e+01
2.317171269313783455e+01
-1.278862307874522060e+02
-1.137323549692118121e+02
1.990599478379278864e+01
1.814362215614252420e+02
4.510175259676953630e+01
-1.906666027873143605e+02
6.492949313025555114e+01
5.048476316220859417e+01
5.574025702128559345e+01
1.231948314064861876e+02
-1.260861567863674004e+01
3.999571950809187815e+00
-9.465788861184164205e+01
-5.891426025040709646e+01
6.869130408470866200e+01
1.793751470608667944e+02
5.220022973773899366e+01
1.687034670126494262e+01
-1.146132943602620031e+02
-1.156321904418081914e+02
-9.490692054423737645e+00
-1.123097972328158676e+02
-2.347955372995725725e+02
9.742525237698586693e+00
6.428033797704259200e+01
-2.043554987950734585e+02
5.199837585106124038e+01
-8.387847457227357140e+00
1.272806019761280361e+01
7.087905200372888714e+01
-8.278287461894726107e+01
-4.484164557278047880e+01
1.089295833606915096e+02
-3.872889988746648982e+01
1.505868800091828632e+02
7.965868808932970069e+01
-1.033062641510332753e+02
5.280214166486707938e+01
1.437708019659788228e+01
2.886268109462876552e+01
-1.158386153202421980e+02
-4.917150329948302101e+01
-1.051755604267727051e+02
-8.409077572376158116e+01
-1.045201941724639596e+02
1.772810571910986965e+01
4.493461644331043914e+01
-1.006086328156657146e+02
1.004358583720910758e+02
-3.073389586505338755e+01
-7.548942718319183598e+01
8.789136161652683299e+00
-1.424451019842065413e+01
4.724804514064631178e+01
8.704522187102728026e+01
-4.071981939069694079e+01
5.418427722091238508e+01
-2.963621126114967197e+01
1.700003871928619787e+02
-1.358468913110970391e+02
-4.800701006799933879e+01
-6.577647726747197510e+01
-1.595909821952528773e+02
7.775346789228714250e+00
-3.586212612242814401e+01
1.449688853110168196e+01
-7.138423469022545476e+01
-7.978799009240246320e+00
4.396994651073305960e+01
3.180454799636773799e+01
-2.546643572960484647e+01
3.342012994034383233e+00
7.014426675104266451e+01
-7.321899165722909686e+01
-1.187070391277051584e+02
-5.043141522994758930e+00
-7.417125625796407462e+01
6.381431265861450441e+01
-3.858515333007880344e+01
-5.235504173589647081e+01
9.373827829653015442e+01
-2.117417471724809275e+02
1.286688382633582250e+02
-1.099379736640887870e+02
-6.431344677799793885e+01
-4.333871677993376181e+01
-1.859586687876945632e+01
-3.800454904128680056e+01
1.250868346362515382e+02
1.229642952800791100e+01
-2.079070788346328413e+01
-3.407186841986494841e+01
-5.871919269001780606e+01
-1.201882089008449270e+02
-4.532284125565072941e+01
6.112770511326556289e+01
4.534472745669299343e+01
9.877828921130397077e+01
-6.410489912835137716e+01
5.667229057866333619e+01
-3.405123382101529206e+00
1.246122445170475572e+02
8.088995227526346810e+01
-3.646484452118284736e+01
3.249333806688309778e+01
4.515730297119601033e+01
2.244510580513233577e+01
-1.108044094809600892e+02
1.393108880702567660e+02
-3.666080204583710977e-01
2.064714089198282565e+01
