3.225432357827252872e+03
-6.023131222483453712e+03
2.659342741095310430e+03
1.784353310032731770e+03
-3.309098719379807335e+03
-1.300496409044358870e+03
6.216584836231278359e+02
4.089691056231772109e+03
-4.131762475872607183e+02
-7.660964702915986209e+02
6.486266142594005260e+02
-7.634755561301554962e+02
1.008011147696631497e+03
3.619803815136799130e+03
2.192279423251996377e+03
-1.960203630215702560e+03
1.446292813264751430e+03
1.673277721864589694e+03
-6.559136002194421167e+01
3.164044157093362173e+03
3.048670139633130930e+03
2.261764947341706375e+03
-2.877639204640766479e+02
1.832569406339674060e+03
3.601460434660958185e+02
-5.064373419516277863e+02
-1.378221783981496628e+03
3.401795531478939694e+01
1.035553260845552586e+03
-4.426180910520907332e+02
5.810328217354156095e+02
2.683265695822632551e+03
-1.181512195965519368e+03
-8.538982490613491336e+02
2.424789803880155432e+03
-1.149369489977394551e+03
-6.391333271375050344e+02
1.310788101368867729e+03
-2.937650585919898560e+01
-1.862255179698427582e+03
-2.156519668073230775e+02
-7.945694375736592292e+02
6.998555051986537379e+00
8.050198111727543164e+02
-6.692200158612090490e+02
1.033498329408064365e+03
2.667762830361952098e+01
5.001882362466400309e+02
-9.977997659428455108e+02
-1.673297724531224503e+03
-2.361257527441091781e+02
6.543739297963728632e+02
8.219949604952847722e+02
2.832247040306347117e+02
-1.729676409109155202e+02
-6.376370914823039584e+02
7.046482297511498700e+02
1.964215094469522001e+03
8.682318930563646120e+01
1.095391164242025980e+03
3.728103328432965213e+01
-5.928045298118323672e+02
1.694370004495391697e+02
-1.044826036911346137e+03
2.494489735996363038e+02
1.587417553599009580e+03
1.253862167027739360e+03
1.393998846582976057e+03
4.815756792739988441e+02
2.956589914617215413e+02
2.598655508634166722e+02
1.085016745365737052e+03
5.972439394157086667e+01
2.466374220721756672e+02
1.061755619165390499e+03
-1.251384433103347874e+03
9.691032306226637729e+02
-6.960574443488669658e+02
1.047100897393127980e+03
-6.862050319085916499e+02
1.188659896999408971e+02
1.116689903026666343e+03
-8.223270010496503346e+01
1.379551216565049572e+03
4.445962008465583608e+02
-2.823729067058534383e+02
-7.964474366258128839e+02
4.377443948749677247e+02
-2.084708877094539048e+02
-7.269586642560842620e+02
4.414828056605402367e+02
-8.375393389302267622e+01
-1.611711478888601619e+02
-1.372094956112275952e+02
7.916078095631253575e+01
-3.752754870483613558e+01
-1.710096088067332687e+02
4.178738417405356813e+02
7.731490093176023493e+02
7.577138180379860160e+02
3.312028151583712656e+02
3.051171300110555080e+02
7.557642249751847885e+01
-3.642242567720589932e+02
-1.364231517783215395e+02
-3.585186997771866118e+02
7.377881879781544683e+01
-6.814337318360152267e+02
3.570909461908801177e+02
-7.132874231829121925e+01
-4.899633514485414594e+02
-5.536488091661352939e+01
2.193102832802314950e+01
-6.173222304444215069e+02
4.784418348636179417e+02
-2.232918008125272422e+02
-6.842106269814217967e+02
-9.865714148977771174e+02
-7.294108593035372223e+02
-4.259985424258123885e+02
2.558292686611793343e+01
-4.930556870406721259e+01
-1.030631954992602459e+02
4.087669273371891450e+02
3.031763953959683136e+02
-2.259796898155278200e+02
-2.756085718613325071e+02
5.606342098551401421e+01
7.111976733481469637e+02
2.293776990082487828e+02
-4.766434022521497127e+02
-2.800322804369460528e+02
-6.187719368098507857e+02
7.101960828118909603e+02
1.031562338919358353e+03
-6.498229161583395808e+01
3.296755822632892432e+02
-2.191420310089609416e+02
1.658738763139053276e+02
4.145793341250540038e+02
-1.901554310543385498e+02
-1.355889408137283780e+01
8.696653135536879518e+02
-2.664179040338995605e+02
-4.486727992947045891e+02
-1.224358658731305241e+02
-3.288529057213002602e+02
-4.903440353008792840e+01
2.163809467899362744e+02
-9.368362593036613006e+00
3.146777622519414876e+02
2.082763541656819939e+02
-2.515069557089160242e+02
6.224995164136937120e+01
-7.040389353008697526e+02
-1.235101200642562986e+02
6.981203391681084724e+00
2.024243187588446347e+00
3.715704491571547692e+02
-3.736257762564750919e+02
-9.133873496675099091e+01
-9.222450751324643647e+01
-2.174054684084339897e+02
2.529397700251851120e+02
-4.297297380304231069e+02
-4.432921759650032527e+02
5.024524030064321067e+01
-3.794819007365692869e+02
8.253581890892880324e+01
2.792741136698992577e+01
2.417884837798390265e+02
5.813203319462983245e+02
6.916085520596246852e+02
-1.443393155020283416e+02
-3.520818490045894009e+02
2.346469332367012157e+02
-1.651464670305164759e+02
-5.147036646882948219e+01
-3.638358744256948398e+02
-1.750086129176614804e+02
5.962110365868079498e+02
1.069741635372911048e+02
1.439454789495160867e+02
6.483807211467198783e+01
2.348612798276206206e+02
-1.680354570854929932e+02
1.106633070743393858e+02
-2.787591027644665331e+01
2.307965877793332936e+02
-2.808987389482309993e+01
-1.380106238422564218e+02
-3.967214405027687008e+01
1.885900708330070472e+02
1.863996507517573775e+01
-2.485501077177087126e+01
4.590992158447116722e+00
-2.318459142071591543e+02
-1.944195854684408857e+02
-8.563817655072485024e+01
3.399735346178541135e+02
-2.643044044212575727e+02
-7.767998928196719532e+01
9.374168162110968296e+02
-1.549913100606248406e+02
2.835551777432705194e+02
-2.525460746355598189e+02
-1.443578397875948554e+02
-1.008212270391478000e+02
1.217757472870081585e+02
1.322030874856636729e+02
-6.569130303795465409e+01
4.931040325233483657e+01
-3.046226856659814075e+02
4.201213200593489887e+02
-1.176524052688440065e+02
-3.466468897040076058e+02
3.662780716580839879e+01
4.413730205744130899e+02
-2.312934441055354853e+02
-3.077943969038290106e+02
-1.806373677806421938e+02
2.320699071519744052e+02
-2.493983552898077676e+02
-1.269467521793467313e+02
-3.081047784461675931e+01
-3.647546472102661852e+01
-4.364640881002257515e+02
5.118307895643556549e+01
6.377781948404195589e+01
9.131191801933236718e+01
1.886956282804771377e+02
-2.856398030614369787e+01
-2.056696098865187992e+02
2.385267396996357263e+02
3.267411510075596937e+01
-1.254477207803276286e+02
-7.556632813079347954e+01
4.338928824353840241e+02
-2.622654634588027420e+02
-4.780304300977736034e+02
1.163732127450483347e+02
2.052301703159001818e+02
-4.785501626265516784e+00
-3.306395802326535431e+02
-2.927427726735326132e+02
9.748765677932853180e+01
5.709631872329946134e+01
-4.408666664833312154e+01
1.633403538994270434e+02
3.412570242908168439e+01
9.159958944466237085e+01
4.292048176515927480e+02
2.860609233153583091e+02
-3.255718873617536246e+02
-6.254374150473741167e+01
9.741884580726716081e+01
-8.615867746638818936e-01
4.720388595112824959e+01
1.930054485254245833e+02
1.062838750809523702e+02
3.005774749348090609e+02
1.484432199584172167e+02
-6.689026893554613196e+01
-2.312221405299506785e+02
5.649648809837240151e+02
1.548999238740518365e+02
2.854952975401122899e+02
-2.073306438888843957e+02
-2.684860463439203500e+02
-2.814961600005348714e+02
-2.317676244021122329e+02
2.079061084291548696e+02
7.756500223623611134e+01
1.780869787046894999e+02
1.324604312139613853e+02
1.975669470197665589e+01
1.784258269706714088e+02
-1.108649714110178905e+02
2.689723753040422594e+02
-1.336222791019071963e+02
-2.796441829783643698e+02
2.853186652573214133e+02
-7.086457640564062466e+00
3.046662047919619454e+02
4.533639422523458506e+01
3.614663884862214331e+02
-9.169263867998175499e+01
2.168374172147845229e+02
1.142876294973504230e+02
2.479391192858269051e+02
4.074861708674080205e+02
5.038100213104264924e+01
9.213915181820316036e+01
-8.837156858007183757e+00
-2.336762229833067295e+02
-2.930261141419176738e+02
-5.359785750709392715e+01
-1.760978844024332943e+02
-1.831033457089144747e+02
2.672763063815182250e+02
