-4.934887040097754834e+03
-1.556500613111500797e+03
-2.125963417796296199e+03
-7.766909253532576258e+02
-2.812684455923745645e+03
-3.229009052497735411e+03
-4.680039859378647407e+02
1.061020762862283391e+03
2.717002341969303458e+01
-1.353382423698007528e+02
-2.623469943848785420e+02
4.814524217238101187e+02
5.264789292305491699e+02
-1.611056202512694711e+02
-2.282494071745752819e+02
5.375486654869774839e+01
6.799832652730664222e+02
1.369431474757110720e+02
3.490937159735030946e+02
4.368036504701598233e+02
1.838091592962569166e+03
5.969804009364922877e+02
-1.510935906765902018e+03
-3.773165178149361054e+01
-8.963856158333654776e+02
5.388847048070553001e+02
1.143262658173061936e+03
-2.958144331636825655e+02
1.156029017278268611e+03
7.311649910096002714e+02
-2.701467246836724030e+02
-6.614656066780062815e+01
3.275322122328082486e+01
-6.934268883263151793e+02
-9.787021464341449928e+02
-3.762300620369703097e+02
-3.941153567479805275e+00
1.021471975938216730e+02
-4.990172187093669436e+02
1.315416885967758162e+03
-4.403831107371913589e+01
8.375963589552425503e+01
3.553034421358155441e+02
9.252441800281637825e+02
8.093259901042733873e+01
3.160870559736742962e+02
-7.138907771766345434e+01
-8.803766908647835976e+01
-9.728600787039389388e+02
4.633541203355226230e+02
8.276782411535255335e+01
4.492014840313066202e+02
6.359393654625198451e+02
-5.972319404415004556e+02
-9.150639345126633089e+02
3.190784601742735660e+01
4.254431357889488936e+02
-3.476334016096204209e+02
1.181153631803330427e+03
-1.338337478500597229e+02
-1.021411340689350453e+02
1.755487488040708115e+02
-8.317193433749644100e+02
1.724150148227698196e+02
-3.985020246680511491e+02
-4.368701803598293623e+02
-6.186571110344641511e+01
-1.184895179056173902e+02
3.951976124615623576e+02
5.899160384917544064e+01
-7.550690857073777806e+01
3.934563237791405754e+02
-4.930498418783506622e+02
-2.298032407056881254e+02
5.536127131505323860e+02
-2.145383316954844588e+02
2.268296172837430902e+02
-5.954895031448209011e+02
-9.353103143089569471e+01
-1.620210020918138412e+02
2.378906415965346355e+02
-8.165161310989345793e+02
-1.408507295846339247e+01
1.164871821771668010e+02
6.792984547016540091e+02
-2.302102443123542912e+02
-4.855041392059305849e+02
-3.341775475154718151e+02
3.102056556624340260e+02
3.245362759723755630e+02
3.346974373564029293e+02
-1.385188997456188247e+02
-3.747853620507828509e+02
3.295316530731739135e+02
1.313777102167010185e+02
-3.314006083439085160e+02
-3.867587610123727018e+02
1.452272107807933423e+02
-1.807122902042304702e+02
2.240144774625059085e+02
-2.648666081714800953e+02
4.730914133438711389e+01
5.936496618689898241e+02
-1.121686594865512632e+02
-3.741249189806721347e+02
3.243267863368084249e+02
8.280739230843933285e+01
2.805587903269488947e+02
-7.657499864579217785e+01
-2.104616802449573072e+02
-7.303888945295184953e+01
4.906803696546720630e+02
2.228558802234372820e+02
1.001464851812637846e+02
-2.029234588944994755e+02
5.052966910744542588e+02
-2.681167683413810821e+01
2.745030680105766123e+02
3.737833350641047332e+02
-1.852995357562982406e+02
-6.628311873459587389e+01
7.411004211151464460e+01
-3.332043102804186674e+02
7.505420202815222375e+00
9.689186959805327604e+01
-1.722685323992052986e+02
5.743767203241120001e+01
6.536032182090035292e+01
-3.367398210013295738e+02
1.832172958622294914e+02
2.879686999053062664e+02
-2.227014873241714099e+02
-3.278149681365663355e+02
5.492321324763098573e+02
-2.228921182178878801e+00
-1.546658711459204767e+02
9.492938239460437444e+01
7.035105633447116702e+01
6.010737069602482663e+00
4.306279208893843702e+01
-6.905065029678313238e+01
3.353287300617058690e+02
-1.484547076988681056e+02
4.500383824869758769e+02
-8.223556557043598048e+01
2.451919244629203263e+02
2.246471461309322137e+02
-1.535307487249413612e+02
-5.245371343955998356e+01
4.102026055659869144e+02
-3.263627027454940617e+02
-1.199381225326807154e+01
-1.352092458061900402e+02
-1.709875717672046278e+02
-4.847482035342839879e+01
2.045295232101713623e+02
2.880734815708302108e+02
-8.083596525995291415e+01
-1.901347273301387020e+01
2.120449962315999528e+02
1.325808981531735640e+02
-1.189399920806184667e+02
-1.472265560152299031e+02
1.100297444839549001e+02
-7.220542756368628545e+01
-3.676097342625517399e+02
-2.638957785281500605e+02
9.748533634766501166e+01
2.949611337327124616e+01
-5.333317447557747926e+01
-1.104285797819135126e+02
-1.038957246083852084e+02
9.225669815408404872e+01
-1.316902183173873766e+02
-1.937810821037220066e+01
-1.785825069140653554e+01
-5.727306631607407184e+01
-4.862834653748180926e+02
-3.802235398500020125e+01
-6.042635523075958304e+01
-1.343861257535246239e+02
-3.865895024415982562e+01
-2.218587362059973600e+01
-7.492083651509899767e+01
1.266255422809211524e+02
-1.496697714002096404e+02
1.686098712458091313e+02
1.032973403657554030e+02
1.173399546650849175e+02
-2.748925298140482028e+02
1.641422714543749919e+02
-4.349093757097305684e+02
1.176924455697502339e+02
1.057296793359178508e+02
-9.555035600403442686e+01
1.291803868998435512e+01
8.236696616942617766e+01
-1.250795320929210561e+02
3.443639695242096650e+02
-1.224734407282168149e+02
2.542956073871787126e+01
-1.171403403002997976e+02
-6.613889165101862488e+01
1.205216857062404898e+02
2.487824814237859812e+02
3.013449472424917275e+01
-7.379393257161967767e+01
-7.804372957329586313e+01
5.229611748232638746e+01
-9.822123624887788651e+01
7.067555993562738337e+00
-2.399462850446507503e+02
-3.008950352003098487e+02
-9.189256455373870836e+01
3.113247512920554172e+01
-1.195182841539538430e+02
-1.988866036049470836e+02
-1.654060449021867640e+01
-1.722363288723834103e+02
4.020077004473462523e+01
6.173273570234120200e+01
6.424134510132098796e+01
7.867994063780344050e+01
-2.984242506819266794e+01
-4.731684332130046045e+01
-1.055013364199052290e+02
-5.863682042485801560e+01
-1.483634423102849667e+02
7.541687494738762609e+01
1.192517642111025680e+02
-2.602773599707302310e+02
2.687939666099120117e+01
-1.121677032816690343e+02
1.249039393970415404e+02
-4.202720301245760481e+01
-1.726883049933462928e+02
-5.172113455670619686e+01
7.622016208469450760e+01
1.254375525535814972e+02
-5.133459972888092437e+01
-2.093048061987765252e+01
2.317246346313601464e+02
-1.814811097270020070e+02
2.082315595731083420e+02
-1.880034189336452499e+01
-1.656995725210415458e+02
-2.705001888263844734e+01
1.358077543838841166e+02
-6.568387427166101133e+01
-1.705651597316169443e+02
-1.120090782521592416e+02
-1.254268269342935156e+02
-6.065918829659359091e+01
8.980724479930985638e+01
-9.429131356133031261e+01
-1.757771048716657845e+02
-4.081428643568775527e+01
-4.585901151788416996e+01
1.603312753846055614e+02
7.057207836045041915e+01
-1.640927811816229109e+02
8.061254160533687241e+01
-1.413538371892240093e+02
-5.358682691012298704e+01
7.413719519750815223e+00
7.567947962636152681e+01
1.106283864734216138e+02
9.588563961941117952e+01
5.179636980470372265e+01
-1.905596427864771840e+02
2.016596454700430172e+02
2.193147947113627367e+02
-1.135199182197317214e+02
5.921727552794387606e+01
-4.202518721812455738e+01
2.385349823496575183e+01
-1.916133223604678335e+02
-5.428605547250711538e+00
1.321456401390252893e+02
4.392737421700304012e-01
4.069245751604504591e+01
2.815595348560293587e+02
1.655676655844910954e+02
-1.276978825047569188e+01
-2.857657347250723490e+01
-1.620928298962489862e+02
-1.267907945341548981e+01
-1.500675541764653964e+01
-2.746961538522099389e+01
1.374787786695945613e+02
1.427320954211574815e+02
4.024775863316728675e+01
4.286086268387726506e+01
3.125969543147064655e+01
-2.413626082087840530e+01
-3.345881702848966199e+01
-9.439060399388378642e+01
-1.330116830863568396e+02
-1.572951713751525205e+01
3.820873201156307886e+01
