-2.900937836220839017e+03
-3.669613842988234410e+03
3.441845050690838889e+03
9.576727715229245632e+02
-4.188249400291530947e+03
1.880775892323226572e+03
3.593457978372621255e+02
2.861622483550269862e+03
-3.821745228250116725e+03
2.101455313990151808e+03
-3.386319662464774751e+02
5.152727420964463363e+02
-7.066788520089435224e+02
-2.493142174353808514e+03
6.725373702444542232e+02
-8.161919834264458586e+02
-7.429171241218393789e+02
9.693627347771978293e+02
5.702470912928371263e+02
2.936689608574254748e+02
1.799631833267417960e+03
-1.234101625893727487e+03
-2.126168589358897520e+02
-3.053697869263071880e+03
2.088184846123989701e+03
-6.174155478811809417e+02
-6.224251253507311503e+02
1.714745447448511868e+02
-3.849110353228018084e+02
1.000952072028399925e+03
1.171507814979542417e+02
-1.361093514688234904e+02
-4.929355139548202942e+02
9.007727797945181010e+02
-1.312898459428113938e+03
1.210504368958386067e+03
-9.909276704101356472e+02
-1.439995994307508226e+03
1.398087254029593623e+03
5.641522750206769388e+02
-5.387270222976420655e+02
-7.822928388633671375e+02
6.765406857012292221e+02
-1.425418849769453345e+03
1.525503471245333913e+03
-3.216072472655431511e+02
-6.915961399626506818e+02
-1.883162519205209037e+03
8.862416700885223690e+02
9.190062203217557908e+02
-1.791888762268972641e+02
-1.103595610614364375e+02
-1.102906410033668180e+03
-1.001057934778487379e+03
-3.100983933231810852e+01
1.258435031789299273e+03
-2.858067666957377355e+02
7.137903834104193379e+01
3.962974894743348955e+02
-1.662139985859116678e+02
6.044790963952796119e+02
-5.636610448817292536e+02
3.637160177577242735e+02
4.868726917510085883e+01
-5.582678186555705224e+02
-2.373312301087554772e+02
4.082393696001882972e+02
2.359842555781746967e+02
7.739509130916208051e+02
-5.230101556861239942e+02
-6.735714767975390487e+02
-6.757416024525501825e+02
4.812813502264411909e+02
5.921783396865333771e+01
6.893376024743527353e+01
-1.022636145479538186e+03
-1.968041738311737845e+02
3.351869861756845239e+02
-6.122345104822495188e+01
-3.880774771999471113e+02
6.047969420176365674e+01
-3.250140912455973421e+02
-1.823562269876567541e+02
1.484008395758201857e+02
-5.552663979783196737e+02
-1.163586482584298096e+02
4.494163465451667889e+02
-2.501651072182458790e+02
-5.714772058543948106e+02
-7.652853293563183570e+02
2.306751660278600582e+02
2.016911866845900079e+02
1.323382156946000237e+02
-3.457720945388909968e+02
-2.509464158607054571e+02
-2.356821413836883607e+02
2.117908153141014225e+02
-6.782905446675588337e+02
-7.860319290467845121e+01
7.297887307827633663e+01
7.357969879856567559e+02
-7.565041636225311095e+01
1.519954605216771597e+02
7.916015180934067530e+02
-4.902617551711162491e+02
2.906429767836459988e+01
-2.256380755291902744e+02
-3.346349876943726827e+02
1.020202201721853385e+03
1.071979786409152950e+02
1.141637292314591150e+03
-5.122588541022338404e+02
-2.687513453177541578e+02
6.053558239651673603e+02
2.871100269719660218e+02
-6.436250162153293104e+02
2.588779894321387474e+02
4.568234620972482389e+02
-2.683811141276278249e+02
-8.836634966829544169e+01
-7.826734314079211572e+02
4.002895794376129857e+01
2.125878050329201585e+02
2.318605509559362758e+02
1.462263301122430335e+02
7.208226805340053716e+02
-1.427587640403792477e+02
1.566161037009992185e+02
-4.445518749014348145e+02
-2.190368761890116502e+02
2.008014178872219304e+02
2.104390470982764327e+02
1.540328091533162649e+02
6.173554538815912451e+01
-2.250850728426241858e+02
2.853807785823389054e+02
8.780113756523468282e+01
-1.942548745170275311e+02
-1.712361202803461708e+02
6.922842159899061016e+02
7.303992738238289917e+01
2.176757275252523414e+02
-2.536170498395995665e+01
5.491592896158695112e+02
1.352110296206354292e+02
-3.451365554760420906e+01
1.895035295694117039e+01
-1.239165317696315753e+02
1.303051824130857881e+02
-1.391515396457465670e+02
-1.685203971084119701e+02
6.787385140920893889e+01
-3.953165820191781421e+01
-2.846009747849486349e+00
-2.264715697008902140e+01
1.771477909387629381e+02
-3.235052259455839589e+02
6.318688583521574742e+01
-1.318656592799850102e+02
-1.435053896284601649e+02
-2.120771269821389282e+01
-1.296635273710771514e+02
-1.641593744488078244e+02
-1.164032570454294735e+01
8.241703363096368662e+01
-5.185017955113154997e+00
-1.165773307567566803e+02
-1.237913562999120245e+02
2.028637644770998065e+02
3.178785643807549377e+02
2.768802444453668272e+02
1.297505773650313721e+01
3.545165890890586411e+02
-8.998876822477629389e+01
-2.316531510973628087e+02
7.775016448502978506e+01
5.918971095004069127e+01
2.724991309031666447e+02
-8.684391253156421442e+01
3.418602125035814510e+01
1.533110591709306050e+02
-1.283239330835407372e+02
-4.350442697316657359e+01
-1.666563612547256312e+01
-8.829152231429489461e+01
-1.683000633015751930e+02
2.105704617552988545e+00
-1.558278552793465224e+02
-2.691828473301271174e+02
-3.093982959234670602e+02
-4.081543581908717897e+02
-1.925474469668289501e+01
3.315447600314612373e+02
7.354226846777760329e+01
1.685352802865658930e+02
-1.877307869287651254e+00
-3.503778045641624317e+02
1.063703146627380249e+02
-1.722289087801502205e+02
3.590771366392655750e+01
-2.209689497439156582e+02
-1.926758900247580470e+02
-2.158032511295609268e+01
1.012483492135079217e+02
-2.076135777948013867e+02
2.118935178364191074e+01
-3.582511782549332935e+01
-2.178246233893020758e+02
-1.633737627034537923e+02
2.023410988162074773e+02
1.393834064006630911e+02
2.308258529947974012e+02
5.593220376773845004e+01
-1.602184937050014071e+02
1.798824579764042824e+02
-2.320399297046040488e+02
-1.805127508129548346e+02
-7.443856109731930815e+01
-8.415806662403767291e+01
2.051586120826332404e+01
-2.656458853002657747e+02
-4.740742537155229996e+01
-2.653099418548684412e+02
1.023420516399793172e+02
1.870277250084718332e+02
1.782794389304434901e+01
-6.009998188033507205e+01
-3.364373557363173290e+02
-6.344495889757286022e+01
9.561369294124567375e+01
1.958483115318664431e+02
-3.495170092399978756e+01
-2.378968890233506386e+02
4.166525190877871410e+01
-1.915770118226479468e+01
-7.874746034574030773e+01
-2.670015704403908217e+02
1.984340906034286149e+02
-1.602011969875811985e+02
-1.110418347316936547e+02
-6.952643124995128687e+01
-7.125296240897087685e+00
-1.072645903426956870e+01
-1.081203186656390898e+02
-6.022041614521275932e+01
7.807041317621275311e+01
-1.621773013942373609e+02
-1.681351006826622836e+02
2.333847681863266388e+01
8.138627032186144561e+01
4.979464245638197184e+01
5.251014347119478121e-01
1.576067674035662947e+02
1.435682117119268639e+02
4.419907824560954879e+01
-1.079893253907592054e+02
-1.654223168960554915e+02
-9.037693880279618952e+01
-5.802822468456807314e+01
-5.449631327564398475e+01
-1.203257874515004744e+02
-1.104648703269022860e+02
1.142662309537629852e+02
-8.004764286451052158e+01
1.089730507876841692e+01
-7.769148359496585954e+01
5.606449931672506892e+01
-6.793193227023550662e+01
-2.030196278992315513e+02
1.946106018505860789e+02
-5.527221712461341241e+01
-7.346692686241688364e+01
1.124836847183572957e+02
-1.889709758473984778e+02
-5.027387224025033419e+01
-2.381919155938285115e+01
3.923184015335389319e+01
-4.327024316370894041e+01
-4.054111361204596164e+01
-2.625111872543735814e+01
-5.231298800130804949e+01
1.297152814990461707e+02
2.178868087394825750e+02
2.905409541125817086e+01
1.019482801796779512e+02
-2.108002901875555324e+01
4.056982094698118146e+01
2.235934254500302814e+02
1.437093531818393615e+02
-5.962099855933553982e+01
3.070195782106473814e+01
2.759963227213924597e+01
8.347704309422182689e+01
2.345166794481239947e+01
1.074061540994590018e+02
-1.921555114976294476e+02
-2.676156475198802909e+01
4.079356038639357962e+01
-1.817392764859908425e+02
1.448169611548574665e+02
