-3.546347193382259320e+03
-1.347084555304208152e+03
-2.057330505188137067e+03
5.963010247537639543e+02
-1.296699964110874134e+03
-1.835808491492930671e+03
3.623091101889196466e+02
3.952056344688574882e+03
1.774444814464510216e+02
2.332878644909936270e+02
-2.566533913921265139e+03
-5.712649391233748020e+02
2.053366338176993850e+03
-6.819431303413014120e+02
6.643689117898303493e+02
-3.294974994943911497e+02
7.727911091468769200e+02
3.936052421966328438e+02
2.088658260045104385e+02
-2.530508712039719512e+02
1.250203596055464004e+03
1.049619887697642980e+03
-1.553530685203035773e+03
1.025357970493455696e+03
-8.562715225764839033e+02
3.184216018033981186e+02
4.800370401523248347e+02
7.597671919589827212e+02
-2.787353118522397608e+02
1.161698803881396600e+02
2.448349249606294791e+02
3.825245923024841659e+02
-6.219322877123735225e+02
-1.006406387443884796e+03
-1.149005845482353152e+03
-1.164565061715940828e+03
8.151099520751249656e+02
6.153956132688034586e+02
-1.595661743981813174e+02
2.302716142297666920e+03
-4.051207951838457433e+01
-4.748124335356064876e+02
7.695780681475248457e+02
1.213311741611802518e+03
6.688204423994886838e+02
1.373203554580688888e+03
-1.834373828942710247e+02
-2.176781057633752710e+02
-3.185914311240124448e+02
5.602310446349151789e+02
6.980891984085587865e+02
9.087516047218530275e+02
-9.050383490275794429e+01
4.131664836149565900e+01
-1.314385841617664482e+03
5.962886793596717325e+02
1.493540017954504947e+03
-1.687993369763624685e+02
-4.113709943643848419e+02
8.977798045886989939e+02
2.856940957218402133e+01
-7.099617524667838779e+02
2.397095519782376449e+00
-3.915850919093954872e+02
-3.262865776782682019e+02
-4.760035327959175788e+01
-5.978960763021581215e+01
-4.302394981097422146e+02
-1.770801603436049731e+02
3.284342217450755470e+02
-5.778355630779759622e+01
5.089259027903291326e+02
-5.865238156123800763e+02
6.003908580920802933e+02
4.239199617481693849e+02
-4.678787339198036079e+02
1.381638367642046319e+02
-4.944158284317259131e+02
-3.993584927745546906e+02
-3.530935095964458696e+02
2.505358475313624069e+02
-5.985879666927685321e+02
-1.376356334146721281e+02
-2.189036628511027800e+02
-4.037137294094923057e+00
4.227194808811615871e+02
-1.577570664073482760e+02
1.035505502550501831e+02
6.636542895887027953e+02
1.408842740263322071e+02
4.306122832550726685e+02
-2.306083186186318699e+02
-1.455297672947153558e+02
-4.400792881711110454e+02
1.300802257346071258e+02
-3.604084028282941290e+02
-2.539179805664604146e+02
-3.602218341589765487e+02
-2.955318271981445122e+01
-3.675778600201629729e+02
-8.274752660726589681e+01
-4.470235082065957499e+02
1.466574006029581199e+02
-1.514351538214941968e+02
4.058152168815644814e+02
-2.616192261267897479e+01
2.629584371035683787e+01
1.327570826674611624e+02
4.274895982237551095e+01
2.455077140106247953e+02
-6.182098720660499112e+02
4.937635043144441056e+02
3.300792338575597569e+02
-8.499221825004367403e+00
-2.084963095236855395e+02
8.055801321863994247e+01
-4.693419317099077261e+02
-1.906217699991589996e+02
-1.341183403289659815e+01
-1.388023714016124472e+02
6.232587982895831402e+01
-2.361472603794165650e+02
-7.625319012414470876e+01
1.108248762808486703e+02
-4.072859318097803083e+01
1.303403436731476006e+02
6.083737326512783739e+01
-1.227735578716491460e+01
4.321379809927902897e+02
9.049638475377222449e+02
1.900144541813396017e+02
-4.824894466025359065e+02
-6.859323928194436348e+02
6.814022786086339067e+01
4.505606979473906790e+02
6.808101777744509775e+01
2.249507659955638061e+01
9.204363233290088431e+01
2.504518411087062475e+02
2.166947162317281652e+02
2.581716063965051262e+02
5.460402641056147104e+02
-3.274383495671192463e+02
5.861907977070195557e+02
-1.924930742060389832e+02
4.399460727647152112e+02
5.700178872099409944e+01
-5.653080227068116983e+02
-1.846019566604338422e+02
9.292353336431606436e+00
-3.984258626982374949e+02
-6.657245250755678967e+01
-6.490402750132192367e+00
-8.892484880605682918e+01
-2.051361739345416026e+02
-1.058381166494580725e+02
-3.035479564236504757e+02
1.627490170473879232e+02
-2.210720971952609943e+02
4.540736344835779050e+02
-1.483002588378229802e+02
-2.977848274942405737e+02
-4.610717056352419831e+02
1.309126625789148477e+02
-3.292956900046758051e+02
1.011224637368902535e+02
-1.736676376749086046e+02
-2.499504627926166052e+02
5.222385362911633138e+02
-1.872351820705391106e+02
9.545788882639571682e+01
2.812513420350442743e+02
6.479212228274067797e+01
-2.698213929249084799e+02
-1.269248003351789151e+02
8.668692107447644446e+01
-2.968229849455265708e+02
-4.543814325676108297e+02
1.891749173087577560e+02
1.068424931539005769e+02
1.164766410766785896e+02
5.001930911015194425e+01
3.306490476598964534e+01
-1.086228120822848098e+02
-1.077583409587873220e+01
4.757796443361202705e+02
-1.428617472688101202e+02
4.105533088639991490e+01
-1.730136591839108178e+02
3.657853924739519869e+01
3.877450874485484178e+01
-6.432408231172183832e+02
-1.562843353866641394e+02
-3.964269514149538765e+01
1.371193229712829407e+02
-3.157406619359237538e+02
1.908118375204088863e+02
-8.342253156971570149e+01
1.238861289279571878e+02
-8.096448815604308180e+00
-2.963362805919459575e+01
7.561301946315168721e+01
9.895584716260438540e+01
1.561544797194227563e+01
3.648424307800724620e+01
-1.619453586758786798e+02
-2.573513036700294947e+02
2.070307353622504536e+02
-8.441764280215106453e+01
-1.582123185274676587e+02
2.889066538927851298e+02
-4.155584626054544515e+02
-2.048974502247820055e+02
-1.974038257767036839e+02
-3.671622701715283199e+01
-2.558518565162561345e+02
-1.345706385710825543e+02
3.443947818359887947e+01
-1.925016079435799554e+02
-1.963795874556857655e+02
-2.334061040183501063e+02
2.610252668495026569e+02
-1.540104889554085332e+02
2.753490602715957181e+01
-4.539797565601202933e+01
-1.697870445240844788e+02
-3.170680431610559680e+01
2.924314744863223225e+01
1.448870390819993759e+02
2.077961550274552849e+02
-2.742375270448405900e+02
-8.211318712547743814e+01
-4.053231595015140556e+02
9.494637573472110148e+01
-1.430273696153092544e+01
-1.872756070072067303e+02
-7.454067256615314818e+01
2.957295332448736644e+02
1.324913201274063681e+02
-3.764539732904525522e+02
2.463703916817129027e+02
3.966488728288704806e+02
-1.653944987016072901e+02
3.441898834536639242e+02
-9.422714177706158978e+01
-3.246698293113065006e+02
7.826329661689074157e+01
-2.824405478137737013e+00
8.052830887567684215e+01
-2.621922901673913771e+02
-3.397829456483676154e+02
-1.329312316281065876e+02
-5.165219105950208167e+00
-1.053419143722125852e+02
1.041561540797713548e+01
-1.701230068404958331e+02
-3.185449872261915516e+02
-1.048862273610603069e+02
-3.822772877159474003e+00
1.379075409976486810e+02
8.200710208172164073e+01
7.287004766401439326e+01
-1.341171070933036162e+02
-1.922678993423028828e+02
6.349824371879030593e+01
9.072665470551416433e+01
4.541176015754765558e+02
-4.438013554584105691e+01
-6.285220045321562310e+01
-2.699022103471294827e+02
3.250441750813955650e+02
5.281599630059367456e+01
3.636646910191374360e+01
2.608643164396161751e+02
-2.118800851394838389e+02
-2.582267635388060398e+02
-6.392020391157462456e+01
5.494445115839859284e+01
4.811329961558119983e+00
-9.220418312788621051e+01
6.803360532266829352e+01
6.134600444274173725e+01
1.236408590096731217e+02
1.261015096942256406e+02
1.744425766230564534e+01
1.304759635208269799e+02
-7.500236976220871554e+01
2.612741361354570699e+02
2.764230323777373499e+01
2.571220645155938200e+02
2.263373606743921584e+02
2.196041632991578467e+02
-6.049217030718053678e+01
-7.701158301668490935e+01
-3.618090806274656188e+02
1.558023967710293611e+01
-1.018434392154914008e+02
-1.491047913943237546e+01
-1.228872645191559876e+01
2.401942472199496024e+02
