1.208563882801724048e+03
-7.143923025876791826e+02
-6.753376322446124504e+02
5.897380059384255446e+02
-9.289961195870462234e+02
-8.309538192058341792e+02
-1.189406162154859175e+02
1.623078704478165264e+03
-1.081209041320156757e+03
-1.353392788087522376e+03
-3.571858708381186716e+03
-1.887584808356173127e+01
-5.934744661702867461e+02
-1.105248107929732441e+03
1.333689760094839357e+03
-1.196838852366526226e+03
1.698317739434413852e+03
9.130494407785203066e+02
-5.261180766551037777e+02
2.793949533669223229e+02
-2.107628663986776701e+03
5.374445283889313032e+02
1.668355615774708895e+03
-1.249157423911469778e+03
-4.891119620076866568e+02
-2.276406524013616490e+03
-1.940414587055294533e+03
-1.344368426048678884e+03
-1.021699437425717065e+03
1.618427391171112049e+03
-1.433203641012710477e+03
-1.529964810776224567e+03
1.035387039033245173e+03
1.984889862332728171e+03
7.489763447467842070e+02
-3.687623319436342513e+02
-8.179870487570203750e+02
5.199907110994292481e+01
-8.785445618709957216e+02
7.520187612815476541e+01
-1.742015164569955630e+02
4.480662979465116678e+02
1.555350461963246289e+03
-7.354406439011203247e+02
-8.377709327021121908e+02
-1.622084729499589912e+03
-1.702333906617065793e+02
3.484555534770911436e+02
-1.918715504763575836e+02
1.739936764001051017e+02
5.327494196007254459e+02
-5.766787725287697413e+02
-7.915473443494339563e+02
-6.623692401457923324e+02
1.145582243177859027e+03
9.485062020932156202e+01
-1.042901986040175643e+03
-6.790541341725466964e+02
-1.154559411576523473e+02
3.601803906775879227e+02
-6.379763323062612699e+02
1.757688677585716448e+02
-9.152848072843280534e+02
3.472472079041799020e+02
2.743644472310926972e+02
3.597292811738144565e+02
-6.530078100489281496e+02
-9.317369827605955379e+02
-2.508248332948816710e+02
2.801671153578864448e+01
-6.246330793955814897e+02
4.250028697885446718e+02
7.781990573272677238e+02
-1.940826703762643888e+02
-1.479096248642414821e+03
5.399064339196258970e+02
-1.599495152744116524e+02
1.018755610646258674e+03
3.809950275850937942e+02
-1.653992752130051258e+02
1.802173659432562260e+02
2.604865378558332054e+02
5.902398082269245378e+02
-2.764579910877666862e+02
-8.108842551992124470e+01
5.118489402915531628e+02
-7.478090235319560861e+02
-2.461084237257497307e+02
1.742356895015458917e+02
3.156504356353550520e+02
-2.712401681448980071e+02
2.935895774562814040e+02
4.831594840855547659e+02
1.143894459558439252e+02
-5.332165684702266617e+02
-5.429888636409407354e+02
2.853889584201304501e+02
-1.472251866969472758e+02
5.586948583774525332e+02
-3.152729570646317825e+02
-3.314585810376420341e+02
-2.657988856658613486e+01
-1.757193023875085487e+02
6.520617236420082463e+01
5.040795561743327085e+02
2.555919534555718826e+02
7.779669953078459912e+02
1.169252988666078323e+02
-9.790930802252469789e+01
3.688116784610155605e+02
3.858912638331520384e+01
-5.253488367949097437e+02
-1.474595523727635893e+01
-1.004590763231370261e+02
7.843233221766446661e+00
-3.508622096232208776e+01
2.967983030710328762e+02
-1.799915052438375085e+01
-9.623017515676895783e+00
-3.583906931515659835e+02
2.192427469307383348e+01
-8.001858070361166142e+00
1.183754759026879242e+02
4.769860814168924890e+01
-2.011674557479723831e+02
-1.600723533831562762e+01
-3.632829508196002166e+02
-2.126457797661104507e+02
-1.692352370634163661e+00
-1.276914812518841558e+02
-3.110512575785925264e+02
-1.955733332028083851e+02
-3.484130135885937989e+02
3.239891323435215895e+02
-2.603306525487207779e+01
-2.982082474971868464e+02
1.028778591741315722e+02
1.489582629047319529e+02
2.806212363462278176e+02
-7.030021165609660727e+01
3.177162718470547134e+02
1.392791489863571144e+02
-4.881137485049447378e+01
2.177733337836494627e+02
-1.728907681197157444e+02
2.021873332663368217e+02
-3.156350377271714933e+02
-1.097343447643212215e+02
-2.987934474069811017e+02
-1.746004684281815287e+02
2.780069773262964077e+02
1.021182527455276556e+02
-2.399312548242030516e+02
2.269323084060791302e+02
-1.889387515322287925e+02
-2.313962499864049107e+02
5.331756056117931308e+01
-4.333694085843085020e+01
3.351823114316051999e+01
-7.340586502278327430e+01
6.851227096294306307e+01
1.951613330275981468e+02
-3.040813873322693794e+01
2.496665264928857653e+02
-3.125294206656968754e+02
1.052985782332743980e+02
3.433310074250236710e+01
2.019813864785686519e+02
-1.809290805891290006e+02
-2.273190864349705294e+02
-1.972250119766881653e+02
7.392881003248336924e+01
-3.719874100295821222e+02
-1.973312508999514137e+02
1.216348081656146718e+02
5.054483858644309890e+01
1.581891785035533644e+02
-4.935779682007697033e+01
9.791307021815900669e+01
2.672931056318848277e+02
1.841030814295591256e+02
-2.892892862285606714e+00
1.997791901285423535e+02
-2.832630587006817535e+01
-1.577915577832945075e+02
1.880389112358438979e+02
-3.250608585627506955e+02
3.291089075126576802e+01
5.174455253250155238e+02
2.525398184249707469e+02
-2.165293045196169714e+02
-9.071546038547789692e+01
-2.935365916128319341e+01
5.311498870885396428e+01
-4.568700397308147032e+00
-1.473645739344497372e+02
-1.254586423556477826e+01
9.393948639343035723e+01
-3.148029630338115226e+01
-7.663025615660191647e+01
4.927121172244281411e+01
2.964770948758650206e+02
-1.005056980899873622e+02
-3.357646547337074026e+02
-1.976900901563731452e+02
-1.668133557754170937e+01
-8.766473402903118028e+01
-6.825999340147633632e+01
1.282620122644529772e+02
1.380254499342266286e+02
-6.529334079162588012e+01
-1.844728289603952476e+02
4.882114805719567130e+01
-4.292985769167378152e+01
1.073162999752135107e+02
2.089320989486990356e+02
9.329469671557386334e+01
-3.065241585584449240e+02
-1.458149011987892862e+01
-1.077746754937033273e+02
5.377735436195891339e+01
4.599624981138514812e+01
-2.889261994979871773e+01
-1.257911403244658146e+02
4.979450236767539906e+01
-4.766040055774080741e+01
-3.087621774796912888e+01
2.159037908617608252e+02
-2.187698123005952766e+02
1.734937643156208935e+02
-7.655014003879750950e-01
3.162455458181784529e+00
-6.854011012985885998e+01
-3.877240109455836858e+01
5.468197797780401004e+01
-2.190613150062317800e+02
9.406977118417083616e+00
8.307238467447140806e+01
1.522661064118148886e+02
-1.073205223744832040e+02
6.996783401526167268e+01
-1.528257199253261263e+02
-4.626673922168538411e+02
-9.225064402116767326e+01
-2.910825880836259216e+01
2.315917617722647392e+01
1.138557540228243710e+02
3.340545238004187354e+02
-1.115393268282883277e+01
-1.560363635899775261e+02
-7.255374847119304604e+01
6.028860209471887543e+01
1.442692725675148324e+02
5.335159125307490768e+01
-3.714673166320374520e+01
1.090641988576621912e+02
4.837145456013536915e+01
6.561872570502674762e+01
-2.340262269841273337e+02
-3.527277954985827080e+01
-6.424371841868931199e+01
2.102337031425726650e+02
-1.463224311530700277e+02
7.637566105392114935e+01
-1.785165369886553677e+01
-2.363124488644113086e+01
1.790934004899621357e+02
5.769292352035678562e+01
2.110484159843178134e+02
-6.193687488792377849e+01
1.135949813563471764e+02
-5.789332586265570058e+01
-1.747746044269145216e+02
-8.192883400332408428e+01
5.245179838586716770e+00
2.731072814093234413e+01
-7.276920393070190585e+01
2.284962808364920761e+01
2.558712953619352604e+01
-2.039456955000549669e+02
-8.819257121166425861e+01
9.029400140045670753e+01
-1.762125607929628401e+01
1.120348675304159087e+02
-4.457512194866965416e+01
-1.477412631431666057e+02
9.529723033874124383e+01
-4.862117892782248418e+01
2.292848418658224148e+02
2.576552577107785424e+01
-5.921702718192282333e+01
4.366463158541713341e+01
2.533448681810979792e+02
-7.375797414950048392e+01
-7.440307202030268741e+01
-4.612082345523805316e+01
7.409424491121751544e+01
1.326302239933077374e+02
-1.066588015063892136e+01
3.796611456613867830e+01
