-2.374912891129172749e+03
-2.269865485690827882e+03
-2.826379542422709619e+03
2.487185955088218634e+03
-9.289851985794113887e+01
-2.320976669759484707e+02
-3.313459831003149702e+03
1.811518062671573489e+03
1.300555632407722669e+03
3.684587340058570817e+02
-2.030987863884499120e+03
1.434200179352710165e+03
2.419210824542728460e+03
9.335435756279292718e+02
-2.562348263399537700e+02
-2.689927123944228242e+02
-9.213999062598095406e+02
-5.700501490029361094e+02
-8.701816629809735559e+02
-9.207785933633675768e+02
1.389403456953094292e+03
3.007020753979421897e+03
-1.442140610099964078e+03
-3.916022691673401255e+02
1.008844324284911750e+03
1.157835828893485541e+03
-6.660941332512556983e+02
4.904654113951660861e+02
-1.319027816186571499e+03
-3.286517353997493274e+02
7.323679832268006749e+02
5.152717756858996268e+01
9.325301954636259438e+01
-1.375432078588099102e+03
-1.394433317686887221e+02
-5.347622558808881195e+02
-4.477195210425401228e+02
5.263468278464738432e+02
-1.054398980470062043e+03
1.505215412567371686e+03
5.633884482884986937e+02
-2.587050255284566447e+02
1.430410461914251528e+02
1.132882016947146212e+03
3.057466773721616846e+02
1.665933660554866947e+03
-9.602987941152540543e+02
-5.324980500437824276e+02
1.805332183162642536e+02
-1.759645363988027498e+02
1.182776515589645214e+03
1.071459518503988875e+03
-5.049119067724568595e+02
1.041182177437555765e+03
-1.115874884974160977e+03
-9.465478756029301621e+01
1.050135988064359026e+03
-1.029665422067899812e+02
-2.481327100477707290e+02
4.440761237101570487e+02
7.295664621985938538e+02
-7.552302381575045729e+02
1.900650990037721613e+02
-7.047814211818779313e+02
-3.974984653579628002e+01
3.060462103680596329e+02
-6.464830650414015167e+01
-1.945247869221453243e+02
-1.206904877595095229e+02
1.529949877059158894e+02
1.270755886762584339e+02
2.534582547755314579e+02
-8.093292438910235660e+02
3.089191360446667431e+02
4.599498007580831427e+02
-7.875234671194842804e+02
1.405108021820985584e+02
-3.383550578648598162e+02
-1.975511686221986736e+02
-5.604678867640316184e+02
-2.770133429895225845e+02
-8.796920319643318180e+02
-3.210701177182421588e+02
-4.960712999433724235e+02
3.375406005480458020e+02
-4.003734882290080321e+01
-4.631413804772462299e+02
1.238327221859237994e+02
8.506489699463537590e+02
8.347165595867252819e+01
-5.698738509614337318e+02
-4.733777174915768882e+01
-8.977555302483264654e+01
-2.399276695278421698e+02
2.342210735513635314e+02
-5.043817977175379497e+02
-7.807269545536781834e+02
-6.611812823592499555e+00
1.289519806019864632e+02
-1.665688065187779614e+02
-7.644230653485823268e+01
4.187796425047964988e+01
6.401128782864749382e+02
-1.183547120922334273e+02
4.041969897336912254e+02
-1.517258625297791355e+02
-5.327569492693049824e+01
-2.357789637051942861e+02
-2.217337582277732011e+01
3.215718142665171513e+02
-3.479190514747340899e+02
1.741916136818190921e+02
1.535568126665331476e+02
-1.750615711131835042e+02
-1.128017957755801177e+02
5.677247326112175188e+02
-5.616311318487914832e+02
-1.217336303825760808e+02
2.581877111308911026e+02
-1.987999466356227742e+02
1.304681991145003508e+02
-2.129348334519685295e+02
1.503360176081869497e+02
1.980915766808385570e+02
3.585971509671723538e+02
1.595084071123836509e+02
1.589465152997077269e+02
2.433728603783584958e+02
2.676691695227722789e+02
6.995904214554393548e+02
5.842356446979116527e+02
-7.744182140564906831e+02
-8.880860819685924525e+02
6.283321540213848948e+02
3.663997316756613714e+02
-7.709283407131908916e+01
3.643301871328215924e+01
-1.520231091539480595e+01
-2.121185881961467246e+01
1.665052695033588464e+02
2.622504978001097697e+02
3.875924500264411563e+02
-3.909805682689439550e+02
3.311489800902930938e+02
-3.884146429518718264e+02
5.332957757374359744e+02
5.937216575998812118e+01
-3.449431984180669133e+02
-2.051404419452103127e+02
3.863468815195731736e+02
-4.789436798864518892e+02
-1.509037338800002033e+02
-9.907862257660073624e+01
-3.808119056652325867e+02
1.727456913320444585e+02
-3.269936958078349676e+01
-5.760251529132528248e+01
2.212004004799153378e+01
-1.414082494082883272e+02
2.794548326545134387e+02
-2.656735336846255109e+02
-1.952445594226223875e+02
-1.424577257160235035e+02
3.002973871076096088e+02
-3.385380808793907477e+02
-9.777720921271711063e+01
-2.269238034790627978e+02
-1.920155238006372258e+02
2.747631448821216509e+02
-3.997373166900306529e+01
5.129311549929872172e+01
4.457451229347598769e+02
1.490476408394584098e+02
-4.279662898201437997e+02
-2.843089145926500692e+02
3.216873241113849957e+01
-2.142027956067468892e+02
-4.429065492786531877e+02
1.821209781706190256e+02
2.097453547442683686e+01
1.174501601523223400e+02
-1.291033678579660204e+02
2.092721612871367824e+02
-3.000066419867725287e+01
7.088753283573420561e+01
5.498185749965346076e+02
-5.243295524824215903e+01
1.027663168552566901e+02
-2.363405443094730458e+02
-3.338069467444896077e+02
-5.836654275849894447e+01
-7.485679745457105128e+02
1.172741249973555711e+01
2.203788652313636476e+01
7.360372852607316929e+01
-1.953404732936462835e+02
3.646770106148949253e+02
-1.033559329243213476e+01
1.664327349864365431e+02
1.393301976806692721e+02
6.462985402726319251e+01
-2.241559707269140631e+02
2.054665933717285213e+02
-5.592250684208696754e+01
1.052155396513345096e+02
-2.224310207985779186e+01
-2.362648012978135057e+02
2.850318811526644822e+02
-8.733355617847988128e+01
-1.368609003566735112e+02
1.769469767287635307e+02
-4.042365282904340233e+02
-1.651039723924098723e+02
-1.842077773522371160e+02
1.697044868512464575e+02
-2.313738677392673537e+02
-2.163001951854239380e+01
1.032077178452187205e+01
-1.412145607439708499e+02
-1.735225097277322845e+02
5.641280997568578925e+01
2.897376437006048988e+01
-1.306179006666098701e+02
-7.074205495979134639e+01
-7.635031796773584745e+01
-2.996719273662499745e+02
-1.561567625435746187e+01
2.411293363236140053e+01
5.016159851856667728e+01
2.005943238507338720e+02
-2.142963932352578809e+02
-2.495475192218606821e+02
-2.933509448344371435e+02
1.162731790365594549e+02
-1.351990481526048313e+02
-1.938450970391707244e+02
-8.765994736785837915e+01
2.019747047046300281e+02
-5.813498795292180610e+00
-2.850237453744043705e+02
6.140164665140908795e+01
2.348390948212776834e+02
-1.277834381348210258e+02
4.247890316703642384e+02
-3.615009979636358253e+02
-1.675523039304915756e+02
-9.925607487021896702e+01
-1.235828641318689733e+02
2.708772934318292869e+01
-3.168542874907723785e+02
-2.976869831654213385e+02
-4.851776833962448165e+01
-1.014088322908957451e+02
-6.179703545281205379e+01
7.626743891285025612e+00
-2.581635342508987492e+02
-1.964778681341560400e+02
-4.531160238252306272e+01
1.263976432330710225e+02
1.675132347106329860e+02
1.994062596502167821e+02
1.531654915955391800e+02
-2.632371265092574504e+02
-5.970059836676443155e+01
3.853815503293731126e+01
1.006312587638610978e+02
2.904504403403255992e+02
-7.175495579266554103e+01
-2.426808058130050583e+01
-6.347044693660119918e+01
2.064160430666466084e+02
-1.462759092125695837e+01
9.462611276428197016e+01
2.016754872051685368e+02
-1.305517097245570710e+02
-1.016362437245508374e+02
3.375093428347891944e+01
9.477436724357098941e-01
9.920687925899945014e+01
6.400662736352599325e+01
1.290878251446411014e+02
4.050736708933663266e+01
1.190479031663938514e+02
1.150016593503362827e+02
-8.955023678529688169e+00
1.348696610972041583e+02
-8.287101717166139281e+01
1.691098013209726219e+02
4.301304064989037812e+01
1.553128546961598317e+02
2.909330255921988737e+02
2.227370385874368708e+02
6.521342461452801054e+00
4.537497063210934556e+01
-3.192945946078367001e+02
-1.629192355657145086e+01
-2.109915849351410202e+02
-1.908455963971309188e+01
3.620043315105934312e+01
1.952066109905882456e+02
