-5.724643446216854500e+03
-3.563128324367076857e+03
-3.602042224187779539e+03
-6.239413381508438761e+02
-7.035659814753205410e+02
3.924026363922853875e+02
5.704174375541590507e+02
-1.474944061257622707e+03
3.042196468743770311e+03
-1.375528971641535463e+03
-1.265745377020603200e+03
-1.612534224732950747e+02
-9.162937953963657947e+02
3.888304991654242144e+02
-6.696335085564708152e+02
-2.098220546487551474e+03
5.589342183621726008e+02
-6.456637159748950126e+02
1.367497047080471702e+03
1.537594477450200884e+03
4.110060594523133091e+02
-1.590293114704674508e+03
-1.237381114460922760e+02
-1.430992723855297072e+03
-1.253903023524069766e+02
8.762301627098427161e+02
-5.158538163158217458e+02
-3.240167992246593371e+02
-6.157533341631502708e+02
-8.102349698868299583e+02
1.682900253690955310e+02
1.866540563112471318e+02
2.503078490591697573e+03
4.342155384621362373e+02
-8.571813232258716653e+02
-2.587236788416717559e+02
-4.242940379164195406e+02
7.997794331987844316e+02
9.816601734327008444e+02
2.086260268523554657e+02
-1.525685238006493307e+02
6.739585498503479357e+02
-1.572794842778994280e+02
-2.440735912911674745e+02
4.731315700704588494e+02
8.362282527529943366e+01
1.947327905424402275e+02
-2.124690872544774720e+02
1.706769856438257875e+02
4.167681700303601389e+01
1.882970554362908899e+02
-3.377388820939578977e+02
1.570905930272146236e+02
4.231897565369600329e+02
-2.705694149017714878e+01
3.783353604037709772e+01
-7.502585766629267710e+02
1.322976452069405298e+02
2.048534733268062951e+02
2.104542307642284129e+02
-3.522748037032579873e+02
1.633403136666478588e+02
3.995971076005264990e+02
-6.625045231169895033e+02
1.032736419967956181e+02
4.304033064211035935e+02
5.227099214822828799e+02
4.305280809581748258e+02
1.372776362095729610e+02
6.324233074507798591e+01
1.949412595973296050e+02
2.506333876190697936e+02
5.124630870534173255e+02
-2.592067489900327359e+02
5.571602645984395394e+02
9.109677261633220269e+02
-2.153299980138676517e+02
2.504998860934985885e+02
4.580945785072669310e+02
-2.945515935860282264e-01
1.950451903440237800e+02
3.101922526715370623e+02
-7.546465369445517979e+01
-5.715215117654655614e+02
-7.081113646167020761e+02
-1.079177387268717183e+02
3.625321973082759541e+02
3.654787921798608608e+01
4.486058859474211999e+02
-2.193867724867271534e+02
9.872413238505724564e+01
8.000240100650198372e+01
1.723152209932229084e+02
-9.386388484180967851e+01
-1.930529125670334079e+00
4.176475416555894640e+02
3.417023688901003879e+02
2.107877398504199959e+02
4.903071256113035048e+01
5.811854677471386310e+01
-1.330348834105974731e+01
-1.108637676052623533e+02
3.960084333876429952e+01
2.754361843282398468e+02
9.109464481776144851e+01
-1.283710555318297111e+02
-2.593985732473856842e+02
-4.942193415786526884e+02
1.160050484282149057e+02
-3.088843874494987176e+02
-1.314208328505964118e+02
-3.576958732720736407e+02
-2.028782678508611070e+02
6.366662360278464661e+01
-2.031592529049812299e+02
-3.229513055712689606e+02
-4.632647261463578161e+02
9.759110111833183510e+01
-2.007792349295558836e+02
-1.281935155748321264e+01
-1.923181859299006646e+02
-2.435858120146406947e+01
-1.272483741493696527e+02
-2.762361450132871710e+02
7.420315304579254700e+01
1.142652479905307104e+02
-3.164451783761898014e+02
-1.054726259190030220e+02
-1.242997305339810339e+02
-2.272715235991188365e+02
3.886758242501354488e+01
3.294461232942072115e+01
-4.113993109965788264e+00
-5.274583426004127773e+01
2.119347806940685643e+02
-1.850472891533560187e+02
1.244917198543464920e+01
-3.548872980452745765e+02
1.676862854254690092e+02
-7.238645261500554540e+00
-6.859929223288024502e+01
-6.981352428320737147e+01
3.955547437769669159e+02
4.209175965938612762e+01
1.171227424126735741e+02
6.610300123151948526e+01
-2.998048978799811835e+02
-1.603117139011981180e+02
1.030679799212569918e+02
-2.923033530265460627e+02
3.254699429796818890e+02
9.356098412474020165e+01
2.594090230558796293e+02
-9.178931166018674048e+01
-2.123789430388760593e+02
-1.014605227033662231e+02
2.220134968032699305e+02
2.424167268752042901e+02
-6.759343758639239752e+01
-3.831110478205723666e+02
-3.475106813055703725e+01
2.095080501746609798e+02
-2.800014373359417874e+01
-1.415554382327792666e+02
-1.866195193147270857e+02
-7.873591579465453094e+01
2.346217500466819388e+02
9.450193321788474066e+01
-1.332434392548078961e+02
1.657644116085316588e+00
4.247207760840488788e+01
-1.605748446937636231e+02
-2.035721527174796108e+02
-5.088860893197166035e+01
-3.852409936990180483e+01
2.552814719578162510e+02
-1.057491389042882020e+02
2.873213604404887747e+02
-5.882452190590637997e+01
5.041752340466096882e+00
3.111423888246325760e+02
-6.796411278647050302e+00
1.659735375516993372e+02
-1.603356285630006184e+01
2.386730507123780569e+02
4.040980853746224000e+01
-3.389242973392396152e+01
6.812297924344407063e-01
-2.599500988013873553e+02
1.714998194287824163e+02
9.632391985006780999e+01
1.923534601712532037e+02
5.551285729775003119e+01
-5.390786367506799337e+01
9.062958596526209476e+01
1.119099463597481900e+02
-2.712757237998225790e+01
-2.101393936566092293e+02
-9.681488454567661606e-01
1.861155730198839251e+02
-1.684277176559106977e+02
1.505485784519609638e+01
7.646246655550936566e+01
1.378811112698201491e+01
-7.579740857715510316e+00
7.655428863224967984e+01
8.678244603316751693e+01
1.329011021115517792e+02
2.309898323264070257e+02
1.112036789633488354e+02
-8.155905277609662107e+01
-1.135627109795929783e+02
-1.273544353716579565e+02
1.755027865086877625e+02
-9.817399028155917051e+01
7.404068760330894783e+00
-1.844611359473710195e+02
7.324703937213037364e+01
-1.160963638427779472e+02
-4.394596731783315846e+01
9.089198533859621421e+01
3.310923255207661242e+01
-5.903718820939343459e+01
-2.108193430642059809e+02
6.206972772329304888e+00
-2.387194552965154344e+02
-8.103492970920737548e+01
-2.586936908224636511e+01
-1.178798884633402935e+02
-1.698345306137697150e+02
2.652502068420210435e+02
-2.135161147298121520e+01
6.788629590922349166e+01
5.281793061655528732e+01
1.054618291934713739e+02
-3.413153714211657075e+01
6.744576372126442720e+01
-4.529668136017913582e+01
-1.458491882674199474e+02
-1.188540375500130750e+02
-1.087199177559827064e+02
-3.634476241885017345e+01
-5.112195651883316572e+01
-1.584858150267627934e+02
-1.005227202997093627e+02
1.030029370735435776e+02
-6.121948181598032335e+01
-1.362875112225634098e+02
-8.770128732114022796e+01
2.703632408589238594e+02
-7.678496868923107854e+01
-1.054256370945834362e+02
2.926773578085280647e+01
9.191128262579792363e+01
-1.633080816747378776e+02
2.099240759069394073e+02
-1.045026022015639739e+02
-5.608796555839751363e+01
-4.517040656650917185e+01
-6.063072049326904356e+00
-1.678624080300619426e+02
9.280615648787271255e+01
-1.513249264246759367e+02
-1.485385405982486340e+01
7.380636000120783535e+01
3.746398044936043448e+01
9.802615599973501048e+01
4.563641241055254483e+01
4.643180500765767960e+01
2.714849661855867069e+01
-2.148775313084593819e+01
5.366974181779843178e+01
8.914583237399567039e+00
2.482767419121779540e+01
-1.108627090255946079e+01
8.330814557322496228e+01
2.134606799562066612e+02
5.424841964481257151e+01
5.158581647175950913e+00
1.123047226420822113e+02
-9.016202772927501030e+01
-4.701579479503684666e+01
-1.520195826403671333e+02
1.129068138140218025e+02
-2.325521726409267131e+01
-1.711680451293074867e+01
-2.049544300341076664e+01
7.457513611468147019e+01
-2.075662947153865900e+00
4.610179060892928504e+01
-1.973916273292029473e+02
-3.080624302677273718e+01
-3.187256597268603286e+01
-1.850218432094324896e+02
1.411335724766735211e+02
9.443810258075882302e+01
4.979942502922902037e+01
7.240334123472531758e+01
-2.021203397162488216e+02
1.685682676033387111e+02
