3.077202788885526843e+03
3.170859503118534576e+03
4.101409881954234152e+03
1.452760653473617822e+03
1.508151455837056574e+02
2.227065929702027006e+03
1.134978691106057113e+03
2.466561999651108636e+03
8.690180138690302556e+02
-2.419816437404664669e+02
9.476735048485003290e+02
1.341559840358688916e+03
-2.966994269655525386e+03
-1.879367304729236992e+02
-6.383242171357768484e+02
-1.124793105961966376e+03
-1.079127471977686582e+03
-1.222063884736668115e+03
-3.641434392382042802e+02
-2.066413399948979759e+02
-1.644143705515768715e+03
-2.815121321653195992e+02
-1.268139815834537785e+03
-1.348596734450032955e+03
-7.413707746915665666e+02
-1.685100627649029093e+03
6.949658289805794311e+02
1.190606161545160688e+02
1.617007501906740856e+02
2.192189190770646405e+02
-1.280784645006708843e+03
-1.758042870237274428e+03
2.357555166267642903e+02
1.006303029894254024e+02
5.898811866025869222e+02
8.335368283733844237e+02
-1.644476902880517457e+02
2.631028136492018348e+02
3.274246418203568396e+02
-8.966159719847332781e+02
1.289290108484318580e+02
3.755321472398455285e+02
-3.580614096316862174e+02
6.701410398721345700e+02
-2.148086953700070012e+02
-4.841471198933124356e+02
1.157015283314038015e+03
9.630663536241949032e+02
7.163197437378415771e+02
2.546362722006381318e+02
-1.046336501196927884e+02
-5.268824954400109846e+02
4.424895578755637189e+02
3.320199061437415367e+02
2.916863614736957970e+02
-6.231413824785347515e+02
1.117252671520095788e+02
1.819605758502343633e+02
7.948663873184544855e+02
1.159624146216775564e+01
7.271372301718911331e+02
-4.625111881073818267e+02
2.631897338547049117e+02
-1.498231048082641621e+02
4.487978431794041398e+02
8.092757140892686039e+02
3.364359410365401004e+02
-5.318794288505316672e+02
4.257001692222111728e+02
3.346482711726768002e+02
7.355107825444481477e+02
2.654333365992366680e+02
6.816463168847348015e+02
-2.816399812016072133e+02
-1.234539675704453430e+02
-2.435338139511920375e+01
-6.733877133638363830e+02
2.528501858568109526e+02
2.500803697309103200e+02
-3.868310777920177657e+02
5.477920569753005111e+02
3.344103918879864068e+02
2.210087716272315959e+02
-4.764333450394138367e+02
-8.624467184025671713e+02
2.579527847868810682e+02
1.116698859888576862e+02
3.499805248382982086e+02
-4.062339487384350178e+01
-1.060438647419340867e+02
1.834899075236267834e+02
2.465560525226507878e+02
-3.718748705979245983e+02
-4.717778344484175364e+02
-3.877575144358029746e+01
-2.255981988805349090e+02
5.278719823347154971e+01
-1.869721816939789960e+02
1.669483113927983027e+02
1.629037610426178446e+02
6.100432945632511519e+02
-1.531420328315997779e+02
-1.610884831762761848e+02
-3.743155615087708838e+02
3.382343646168408213e+02
-3.011019316954607348e+02
-2.080468405710828108e+02
-2.282438194623499328e+02
-2.358728833167159422e+01
2.580395276195744714e+02
-1.486104233912807899e+02
-5.193951583986297464e+02
-7.744685904143191237e+02
-3.028213042631536496e+02
1.943119625203410408e+02
-2.414379659397714306e+02
1.527791386781835570e+02
-1.985503195231236759e+02
-4.206984609711707321e+02
1.446097732767790376e+02
2.631098991332382866e+02
5.164551727867958562e+02
-1.536288666048237985e+02
2.523055438635218763e+02
1.416326234512014821e+02
-7.208136983221200467e+01
-6.015006416360934054e+02
3.201294296698516177e+02
2.769893010491397263e+02
-6.574377036323298285e+01
9.008108956182245208e+01
4.544471364534095414e+02
-2.971759927896400768e+02
4.755192942743597087e+02
4.350872567534868551e+01
4.826371251661375794e+01
1.088536525038182390e+02
-2.483221249665668324e+02
1.844724887409395819e+02
2.574047721019669552e+02
7.916319817519918445e+01
-1.060530272009687138e+02
2.141689658272229337e+02
3.371033744829724697e+02
2.928398465638307968e+01
4.548311821757619100e+01
-5.969473385068966742e+00
-2.811758636133224059e+02
4.526526044126897546e+02
4.502677292994246159e+02
4.350585916542938492e+01
-3.489421138074162059e+02
2.941872516958418942e+02
8.407324967432511187e+01
-9.748197873026200000e+01
-2.839003355087801594e+01
1.344350127142497229e+02
5.659907231509682788e+02
-6.314536496853501291e+01
-4.432944109416433776e+01
5.595138486192928440e+01
1.879146609754780854e+02
8.266829388916316645e+01
-2.871192819252797221e+02
-1.836742272402652532e+02
5.965866116698944666e+01
-2.954295090034988789e+02
6.346966793078386360e+01
-5.204701708167709739e+01
1.322084090493544579e+02
1.111961536154007568e+01
-3.616697598921621193e+02
-1.510405068853774537e+02
2.409107824674363201e+02
1.690684897789576837e+02
1.704962316923778189e+02
6.788027105341618039e+01
-4.309135083893532396e+02
-6.269814449911146426e+01
3.277717681527120703e+02
4.483315071029812060e+01
-1.691312173258065172e+02
4.826176657385093449e+01
2.078736463995002737e+02
3.668186673463385716e+01
-1.646897945718091307e+02
5.242139409757392343e+01
-6.339347537365532581e+00
-1.295103624772643798e+02
2.441888152102317235e+02
-1.150057168383427069e+02
-3.044705407771072601e+02
-1.485700063596079872e+02
-2.838485585743137563e+02
1.774915055149467378e+02
-1.680420705063459366e+02
-1.405449591465617800e+02
2.224631827412923144e+02
2.115569303317491574e+02
-4.334552294864647592e+01
7.042536221120943196e+01
1.780034119462946478e+02
4.508112357195958566e+02
9.201667657893473518e+01
-1.052998489810114648e+02
-1.117962786877598944e+02
3.154537155404712578e+01
5.932001372922338867e+00
-1.490262905546387628e+02
1.490821740174400247e+02
-3.438811902624640311e+02
-1.951210648200606386e+02
-6.864446855899171851e+01
-9.952482891472840265e+01
1.453801572245341447e+02
1.908579851675904422e+02
1.810550912228990796e+02
3.246658724919296901e+01
-2.231059178745089255e+01
1.954338807178778268e+02
-4.369430820848874077e+02
-4.588977833288343078e+01
-2.121265873177706283e+02
-2.221501226739150638e+02
1.707385205346765531e+02
-4.026042165349150537e+02
-2.319435892818889613e+02
2.101574676429081734e+01
1.144864985495415368e+02
-1.698323497975765122e+02
-1.833813977782652671e+02
3.274996420754480653e+01
-3.259199788480706843e+02
-2.180428493147303826e+01
1.307975852846099372e+02
-7.364910243275215862e+01
-3.691342532105409191e+01
1.289997115936498915e+02
2.652826626529816068e+01
1.676151839675880240e+02
-6.780213935983371698e+01
-1.934588857872398648e+01
-3.466372379341418082e+02
-1.750017674025098700e+02
1.392633676772155411e+02
3.387622427435809414e+01
2.950446703796676573e+01
7.087105848161228039e+01
-6.855751052244080768e+01
-1.019517738982933608e+01
2.257114284100763371e+02
1.939565101826500495e+02
2.249852761362199374e+02
6.188171576459929923e+01
-1.408514563558243893e+01
-1.504115313776530911e+02
2.411467524115984418e+02
-2.369346030271660553e+01
-1.280951633968432475e+02
2.173494220881898968e+02
-9.315900291114954257e+01
3.298008005290104165e+02
-1.028845345346894504e+02
1.558698188383770855e+02
-1.957870826355549525e+02
9.377092183285796523e+01
1.721968555020511360e+02
2.022888139820233278e+02
1.572280772221655809e+02
6.188827834281822149e+00
9.866746629179004913e+01
2.941384844915309031e+02
-1.631898408930528888e+02
-1.092453473088582143e+02
4.000096003924116417e+01
-5.995174481429534552e+01
3.602891868403212072e+01
3.653613142402634129e+00
-5.460050258445259885e+01
1.717420532024040725e+01
-1.812068699077779570e+02
3.251402543734183723e+02
4.339074749864505520e+01
1.005265176559370985e+02
-5.121281869403694742e+01
-1.154316678376907674e+02
1.815232184733507950e+02
-5.593274684603529323e+01
1.725344664256110434e+02
5.620502944905601339e+01
4.562622822416042112e+00
6.476550130696760732e+01
1.108603093579222332e+02
9.370686485382583442e+01
2.019535410967240097e+01
9.403553442950449437e+01
-1.043025706707877873e+02
1.383760158408756524e+02
-1.017029339132271559e+02
2.649063962475963763e+02
