-5.018413372966583665e+03
1.581530460752244416e+01
-3.904359874662562220e+02
2.411012891739223505e+03
2.913479877794905406e+03
-5.006875122370877875e+02
-6.007838872415024980e+02
4.442798698158015327e+02
1.628248819006964595e+03
-6.278661057691185761e+02
2.659799274477093604e+03
2.620933383933102618e+02
-1.976967164880707742e+03
6.020646783311214278e+01
-1.475534477402168818e+02
-4.608707207966750161e+02
1.583492022708394984e+02
8.841775605327596566e+01
1.121626552085759613e+03
5.625800112972169700e+02
2.185485290699959560e+00
-5.992276408230522975e+02
1.144455631371192567e+03
-2.374100867647297264e+02
-3.633047886328386085e+02
1.396777051955715024e+03
1.085955583473750039e+03
1.204480521273094837e+03
-2.442535340862086457e+02
1.144750122175773640e+03
1.036649147306189462e+02
3.686142648768907293e+02
6.652859730751285952e+02
-2.968637003664384224e+02
1.922715278850373579e+02
7.653310589094443230e+02
-1.092848050313495605e+03
3.333283135550334464e+02
-3.489361781537920706e+02
-2.854031939325921599e+02
6.899662792287253978e+02
3.570828848600412897e+01
2.601610943546664885e+02
-2.380176475444937978e+01
-4.458810943804707563e+02
-3.194716213092314661e+02
-3.718915450205544744e+02
4.172774344758688585e+02
-1.268603502419969971e+02
1.067057178498757963e+02
6.762559263932907925e+02
-3.414046733383256083e+02
-5.998327450210663301e+02
-2.590310786830507936e+02
-4.748160730682009785e+02
2.183007107510796345e+02
-6.781935254966268189e+01
-1.257893743205150514e+02
4.065013476736569373e+02
5.005812757379015920e+01
-2.977968077098890944e+02
2.117527898850397605e+01
7.729743833555991728e+01
1.915516102305679738e+02
-2.797415877187636966e+02
-6.974087263608657850e+02
-1.568312990061365326e+02
4.038934621269408467e+02
-1.240593633122621213e+02
2.415478552174820379e+02
5.599525004870503153e+02
1.119891443394402160e+02
3.425687342631966317e+02
1.370568851602771474e+02
-2.370370546425089628e+02
2.915387364519220910e+02
2.016009959927312423e+02
3.049459410861621222e+02
5.540956401946091603e+01
4.896545599997571685e+02
3.016957257535040071e+02
2.661097087702827366e+02
-6.908918846620721297e+02
-5.033118299313509283e+02
-4.836012678402888696e+02
2.836427561011750242e+01
-2.556498112015757727e+02
-4.102392998003622893e+01
-4.764090396214277803e+02
-1.610648694683084727e+02
7.913430643868453274e+01
-1.709884614314976830e+02
-3.216990524437458987e+01
-1.941834667129317040e+02
-2.206595667742921876e+02
-7.620847965110029065e+01
2.654047353180284290e+02
-3.216552951368914250e+02
-2.966294488218647984e+02
-6.094211878942212479e+01
-1.048863115913370763e+02
-3.188335254668589869e+02
-3.122906156490132616e+02
4.661133671427008807e+01
-2.818874343090944876e+02
-2.393988205675016161e+02
1.158444122775312763e+02
2.894147393749441477e+01
-1.127976563243237251e+02
-1.653041359566849167e+02
2.347639234978945524e+02
-1.250845582201910844e+02
8.497717824658211327e+01
-6.232574556744466321e+01
-6.326766092261151897e+01
-1.196744357329697834e+02
-1.208410410759421012e+02
4.346898494994797346e+01
-5.314485776915397963e+01
-2.992669290906382003e+02
9.352056010266358044e+01
-3.325621156380310417e+00
9.842451049846030031e+00
-8.006080841806146964e+01
-2.598833396290634035e+00
-1.048806126267091514e+02
-5.378425824576230241e+01
-2.582530103178057246e+01
-2.835008571133097917e+02
-2.949989660627874173e+02
6.857293918171812663e+01
1.655096805484591300e+02
6.275875801998676451e+01
1.016446069443167204e+02
2.639411076739055062e+01
-8.563785471111013692e+01
2.566881942115074935e+02
-2.134924551624261824e+02
2.883096014438538077e+02
-1.341680254935002665e+02
-1.131570806378305889e+02
-2.698837004036697067e+02
7.748243499764974729e+01
-2.380671837487447817e+02
1.964606648235680808e+01
-1.934640185609688672e+02
-1.313297317402922033e+02
6.130485980694631820e+01
3.151179385949631762e+00
1.716885365693266010e+02
6.287974338396858087e+01
2.681584187822918253e+01
-4.284256266091359322e+01
-2.653850958454276920e+01
-1.160727083722831594e+02
-2.044300482012730527e+02
-6.839960182725994287e+01
1.070835787608026664e+02
7.753706449907538456e+01
-4.624355707594035039e+02
1.125482737431402427e+02
2.402754097029436764e+01
9.226129056529568118e+01
-4.936947351402515949e+01
7.151935539687886489e+01
-1.064422670501263184e+02
-1.633591854055852721e+01
4.566762483659573491e+01
-1.576176746049535815e+01
1.222398177804950166e+02
-1.122278336867809259e+02
-1.742673786354638210e+01
2.943564960083063511e+02
-6.987491130113974158e+00
-2.483018807301843722e+01
1.968353986726465266e+01
1.792167839417927837e+02
1.269514872407565491e+02
3.338841036938281093e+01
2.083233190123262659e+02
1.714914117278908350e+02
-9.099577249555794367e+01
-1.557700811308437849e+01
-1.129276052633716461e+02
-7.428295928784389712e-01
2.211517163910127426e+00
-1.945698994213622655e+02
9.944697330996577023e+01
1.599160984714322922e+02
8.879314650131290421e+01
-6.294939269612795840e+01
3.878837158776542537e+01
-5.436894239856172817e+01
-4.717359156175537471e+00
-1.382752957092880877e+02
-5.920747734672692530e+01
8.010640456378657959e+00
5.128153456604338345e+01
-1.532472771709515200e+02
-1.275030910756074718e+02
5.974160052369154528e+01
5.125121977799580719e+01
1.347693796353401865e+02
-4.988931605335093167e+00
-9.061777806023756909e+01
1.453445767111055034e+02
1.074556374701520838e+02
1.650926607986154124e+02
7.784255841943983967e+01
1.432153090469547010e+02
3.002924867346862925e+01
2.303124002144687044e+00
-4.847575948163243709e+01
-3.098932189138813698e+01
1.109896375541877518e+02
-9.536084827188821222e+00
1.025601830504867706e+02
5.132471419262827794e+01
-2.030153976232210411e+01
9.356733884227240594e+01
-4.801034661729664066e+01
-2.679304632021149857e+01
5.897564373285906214e+01
-5.909273683767668217e+01
-7.538386292655845011e+01
-5.501465945167976912e+01
1.622652573400588594e+01
1.603183932689627795e+02
-4.546789983480147868e+01
-8.868691876949674224e+01
4.963736345326292820e+01
4.709448051196032381e+00
8.736427311276781893e+01
1.436458457892434240e+02
1.294732836387235295e+02
-1.855319116377491895e+01
9.966409015748178035e+01
1.852322004802136490e+01
5.713756395993986814e+01
-1.288683489236652413e+01
-3.157458833522628794e+00
1.038008924174736762e+02
-9.543937935418360041e+01
-5.045777032582128641e+01
6.121942457867650234e+01
-8.106505623554502549e+00
-6.039376362772710394e+01
6.000289938158798186e+00
-8.699869833836139321e+00
2.004262036190217344e+01
1.690727611877657921e+01
4.424339195621664089e+01
1.268186205715495163e+02
6.077864364206394043e+01
6.501488113052708684e+01
-8.813493833499288144e+01
3.560724454214521728e+01
1.776262927299744554e+00
-3.414219848892576792e+00
-4.317103928823014769e+01
-1.782102609023768380e+01
6.291090248818597352e+00
8.214748221414643581e+01
-4.264166860547815219e+01
-7.643643414914360790e+01
-6.046637270582237278e+01
9.204861190251570235e+00
-4.977618605836756416e+01
4.306733796165068640e+01
-4.747886433280773133e+01
5.820369230835227370e+01
-1.396358624312083130e+01
-3.235902320421354261e+01
1.052086660509712317e+02
-8.577110263032064097e+01
3.949517598355941317e+01
-3.172844105849727825e+01
-4.258171429207528291e+01
-1.679414053716591582e+02
8.950780737496788930e+00
-3.159479840914062976e+01
3.823192879826983415e+01
-2.906460673674979489e+01
-1.242240021568187203e+01
-1.269926708569736888e+02
1.396918270863912603e+01
1.249946219986780349e+01
-3.158439718209689051e+00
2.394666849400384834e+01
-5.099814777989606362e+00
-1.472357146424194241e+01
-5.650356993403408268e+01
-4.351818366188251019e+01
5.768722040467061163e+01
2.366743280285738393e+01
-2.184094063681442321e+01
3.396222993661798029e+01
8.384960613312553335e+01
-2.914772375370124635e+01
6.695505017972232054e+01
