3.550924306972846807e+03
1.163495234996948057e+03
4.247530053742570999e+03
4.814453002628578361e+03
1.148322276947469845e+03
2.005441312271468178e+03
3.801805844007322435e+02
1.284142922368976542e+03
-7.129519725814534468e+02
1.573626463571886234e+03
1.062287552393836449e+03
-3.548203840268018325e+02
-1.261318529573391061e+03
-1.692279824344351255e+03
-1.911430549502952545e+03
-2.138436489944447658e+03
4.123915396182223390e+02
-5.808066107001160390e+02
1.046731511965749633e+03
-2.497865531897939917e+01
5.194890744534603755e+02
-3.024708528727272210e+02
-6.656475076643584998e+02
4.087476745672370839e+02
-2.915886546347669537e+02
-1.937156241720021228e+02
-1.162620770171132136e+02
-1.160032213086957427e+03
1.374110075993657176e+02
9.456152393772797315e-02
-1.004230276197102285e+03
2.317399788582491382e+01
-4.109099646304474049e+02
-1.425255709807657468e+03
1.095040324098808782e+02
-8.076832390031437399e+02
6.687552763916627896e+01
7.745026721465330866e+02
-6.304836781711908316e+02
8.731804660604382207e+02
6.428420037538970746e+02
-2.584889246340998739e+02
-4.327208662929618868e+02
-4.128626613127029259e+02
4.128227690799683813e+01
6.313073386938264093e+02
-7.990484826359327144e+02
-1.991243788787531912e+02
-8.370983327570390884e+02
5.634397624825576401e+01
-4.590645725992986854e+02
-5.330712099893784170e+02
8.210734333976109838e+02
-5.984280595610443925e+02
-1.791651273069967658e+02
2.614757534268026262e+01
-4.067263658386140150e+02
2.925187664627263757e+02
6.652759165114558755e+02
-4.125266162126646918e+02
-2.788870230957537046e+02
4.118763052456631613e+01
-3.856477085870623966e+01
-2.012779611963125888e+02
-1.760542482205896704e+02
1.313826673664416091e+02
3.129872918628511798e+02
6.783216260442106886e+02
4.780573294582862900e+02
-6.201749794717130726e+02
-3.360303160266374789e+02
-2.229790967228088903e+02
-3.387156509803902509e+02
-2.703205281592369946e+00
5.962985940002963616e+02
1.370501229031917489e+02
2.855033944568983770e+02
-6.771991932617150951e+02
-1.607209293572372815e+02
1.293806010697421982e+02
-8.387127367732610139e+01
-4.422409739190002256e+02
-2.197653976225776375e+02
2.521573141098048723e+02
1.554442605937110500e+02
-3.999712537155378982e+02
-3.667637334319554725e+02
-1.852733477361939549e+02
5.334383103325150159e+02
4.168881145797978149e+01
-1.925037821400197231e+02
-1.286580684025647656e+02
1.880625622101989691e+01
-1.355273206147372775e+02
-3.201896218149183824e+02
-4.156916141752112708e+02
9.804982017455515120e+01
2.104342826962792401e+02
-3.380729153745900248e+02
-3.982102036516014323e+02
-7.629863726949155023e+01
9.128533337794581826e+01
-2.680632928095267786e+01
-7.157219821952901384e+01
6.188099347752665835e+01
1.206359591172589063e+02
-1.197495180442120812e+02
9.699399896222934103e+01
6.347885403983788422e+01
-5.393616133984277639e+00
-1.286400188621605309e+02
4.189534445847900770e+02
1.095793072042886394e+02
-1.159149971294523453e+02
-9.875249959141224565e+01
-6.964457282027632701e+00
3.681164299738841805e+02
8.317074993020455054e+01
5.658235210287969039e+02
-3.501216185424140122e+02
-8.247744533277146672e+01
-2.943749147638548607e+02
5.668478272416873409e+01
1.095953070355064796e+02
1.228491278367975781e+02
-1.964923699945791213e+01
1.035646869791094957e+02
-2.475037832852063104e+02
-1.589413352060534201e+01
1.809846302454235456e+02
-8.290922367567482354e+01
-1.533218587642362536e+02
1.861967705483467910e+02
-2.070519954748292548e+02
1.594685317901943833e+01
2.002700832832404743e+01
-1.475044531539266472e+02
1.577161133934784800e+02
7.334851770478337585e+01
-1.708350295868314959e+02
6.433302391381680252e+01
7.310640644209021488e+00
2.443252991228139592e+02
-1.255032052962827294e+02
-2.634945938435909341e+01
8.184462558370459817e+01
7.347008222860441151e+01
-2.100838229639018451e+01
6.040942629913731565e+01
3.861118557928767103e+01
-3.127562784041644477e+02
2.276993176697001502e+02
7.730913261530356806e+01
7.844272812341915824e+01
1.097396856728642689e+02
2.573302391951946220e+02
-1.555488907859663250e+01
-3.259782226641231517e+01
2.131074908251283375e+02
-1.583920692405175430e+02
1.402971653275674555e+02
4.524013211950371272e+01
7.592296628001248848e+01
1.901079244957333856e+02
-1.317192228839728045e+02
-2.055816230545258918e+02
1.410773075264829117e+02
-2.235217591660678238e+02
3.446238048327659840e+02
2.460847856187497129e+00
-4.489093211966576291e+01
5.565106887050605167e+01
-5.557879422332059960e+01
2.510282288384127014e+01
-2.368381194769913805e+02
-8.371600708695690685e+01
-1.406521421082241829e+02
8.115614226582634672e+01
5.912847003795198475e+01
1.099913633877494874e+02
3.971065676707308967e+01
1.906153292890198259e+02
8.940950039007873329e+01
2.316428792063921094e+01
-1.149448849072965686e+02
7.945129999103697571e+01
1.020197439364747538e+02
1.565949960792116569e+00
-1.636178978172983705e+02
-4.008448196901775162e+01
1.066543256396763155e+02
-7.246516734355009248e+01
-1.848750303301313735e+01
1.945813488248809335e+02
-1.249749980079465494e+01
3.479492569730047791e+01
1.683180709799158876e+02
-2.467315402450055473e+01
1.471123745801279092e+01
2.097607091941497615e+01
3.782144833915408011e+00
2.487247696250410556e+01
-7.622522585550549934e+01
-4.634648339048128918e+01
2.357844694050838896e+01
1.033579613321415707e+02
3.955455281959039127e+01
7.254759046528856459e+01
-7.589126364917658130e+00
2.188795499769929975e+01
-8.343923353747578986e+00
-3.194835596984517423e+01
4.728158776543921249e+01
7.092685113570416888e+01
-6.676218736037293411e+01
-2.506791752150913339e+02
3.946591520468523129e+01
-5.905474146384165346e-01
-2.031817332255461963e+02
-1.698664273538632301e+02
1.962472025648747547e+02
2.409122078362452868e+01
1.405535205732427357e+02
1.379730812360104331e+01
2.183954553559569334e+01
-2.275667945596043040e+01
8.269962649710963376e+01
-6.371328677337454849e+01
-1.224415743505718552e+02
-3.215606106883517334e+00
-5.776066093211206720e+01
-6.275493226546268488e+01
-4.252467791545004872e+01
1.297904285603337655e+02
-1.182495637776552542e+02
3.779492926599343861e+01
-7.675929653883193282e+01
5.727752206986080097e+01
3.257378980949111735e+01
1.029537314932773562e+01
7.889978416749030110e+00
8.789033241890788872e+01
1.023926020558927092e+02
-4.619712260728968900e+00
5.000606140965272317e+01
6.087672497022289519e+01
2.497678762146176368e+01
-6.058838668089768476e+01
-2.813450753127657933e+01
3.056622707666397787e+01
-5.313486637736398421e+01
7.111091695510124566e+01
-7.023017462351218398e+01
-2.034484120213238967e+01
-7.864036333609529095e+01
-6.828910868739448858e+01
-5.359886482096089111e+01
1.840026874942618917e+02
7.066476650789218716e+00
-9.399417894836734888e+01
7.134534665345901772e+01
6.175219084409457793e+01
5.112536643015980431e+00
-2.490535948501074870e+01
1.162052694056282292e+02
1.455884597225989125e+02
2.809832068851160258e+01
1.646379425096877114e+01
-6.309903007887226067e+01
-7.692269086587559457e+01
4.254621015142842744e+00
6.585878680828633946e+01
8.421695099953642227e+01
9.939424276376371381e+01
-5.620289209624841220e+01
9.025779962831117587e+01
-1.274895884998514077e+02
9.602826154242494194e-01
3.830038075590147173e+01
-3.330089351707490408e+01
1.863363619605225452e+01
-5.611065526718721941e+01
-5.489420696202697236e+00
3.349940593472695838e+01
9.448151655726246645e+01
1.082229524991987830e+02
-8.704234799608475726e+01
3.258207544379847942e+00
-3.633867494642069040e+00
-4.878213420664793354e+00
9.587488649608793878e+01
-3.390861205300307546e+01
-1.570345331029882452e+01
3.831010365747556534e+01
-8.842366959006331228e+01
-6.056555970654900989e+01
2.007019953217474395e+01
-5.093762275340289847e+01
-2.890314248972513056e+01
3.984390881749880720e+01
