-8.332615900762770025e+02
5.708277783905710976e+02
-2.242325320946083593e+03
5.407477532099407654e+03
4.770387403450091369e+03
-2.176927762572194297e+03
1.178896401199702495e+03
2.179198228255111644e+03
2.351644460750381427e+02
2.995772476011354684e+02
2.860401281610180391e+01
-1.406632104258264008e+03
1.253628260823132905e+03
-1.295097138651708519e+02
4.330244787972869744e+02
5.989469844842918747e+02
1.273018405799608672e+03
1.084156782331228214e+03
1.675715170602031094e+03
4.342481493622941571e+02
1.312796218285106079e+03
2.043694479979432117e+03
4.422918532712990327e+02
1.971078193894672040e+03
-5.082635216548022754e+02
1.419670460818932270e+03
-9.148390355593346612e+02
-7.381925774131137814e+02
1.098117365464070872e+03
-3.365166558550651530e+02
6.255389173630918549e+02
1.007292430067881696e+03
-6.478918278421842842e+02
-1.002892473389156436e+02
-7.686837288163446829e+02
-3.749491730512201002e+02
9.718321399278316903e+02
4.043283340245478286e+01
-1.680133838924150780e+02
1.138930363484328836e+03
-2.346834340975284761e+02
-9.078735911766713116e+02
1.054542377301713259e+03
1.244006553103589340e+03
1.512085238572399248e+03
1.185891919345494898e+03
4.175384635873919024e+02
1.206446342632819864e+02
-1.311303375459506526e+02
8.499062723246252915e+01
7.521553122480553100e+01
2.374407984265313871e+02
2.287923933428619705e+01
1.991677884075186000e+02
-2.834325520415885080e+02
8.663740276637014404e+01
1.013264945535863717e+03
2.661437874770305712e+02
7.164008744235323434e+01
4.673188544276763423e+02
3.842718301716781752e+02
-1.823695127576215555e+03
-3.490872924028232660e+02
7.751130888886683223e+00
-1.056856274084171048e+02
8.604509659875850502e+02
3.783313533355328673e+02
4.329139346073586694e+02
6.214236982443317174e+02
-5.260023594773557676e+01
5.601612024013456903e+02
5.920948241036956006e+02
-1.838804747605290970e+02
4.685376062204770164e+02
8.526809076361413418e+02
-1.087196767711966913e+03
6.157016486143264729e+02
-5.250984165806548845e+02
1.591386489788127179e+01
-2.262040211872414659e+02
-9.987403662621609612e+00
-9.357170733854988498e+01
-2.187314482887100837e+02
-2.121149951319996205e+02
4.564030512353552922e+02
2.389494573929525529e+02
-2.227573876045073860e+02
1.324213112933688024e+02
7.344146504542314347e+01
1.118357085854593720e+02
-3.332931697982014896e+01
-3.103437433326822656e+02
-1.154734483563293423e+02
-8.014072632125123619e+01
7.217135559886419287e+02
-4.784699760031426052e+00
-3.599473996816656722e+02
-5.992310231202092297e+01
-1.854806456272796993e+02
-1.944023829303644959e+02
-1.014367189872891544e+02
1.764543416657140540e+02
4.437165094170261455e+02
-3.675549967589273024e+02
1.448240217140898949e+02
-3.668504049590571867e+02
-3.473024233170212369e+02
-3.339044903446091439e+01
-6.514899494508999567e+01
3.149039729108560692e+01
-3.170517136286905497e+02
-1.575202055419302667e+02
-1.532824832438403746e+02
-3.062733947691459093e+02
6.135075613130341310e+01
-1.266597892475480691e+01
-5.339358703150516021e+02
-5.705427903396476950e+02
2.209881195084784622e+01
3.643035495843864169e+01
6.581786056281761432e+01
5.380209892043767468e+02
-2.962964635090423826e+02
-1.298199195284457197e+01
3.277632758616389310e+02
1.669130593045970556e+02
-1.734610633581995387e+02
-2.687038319369671058e+02
1.297780819045631233e+02
3.327072450572773050e+02
6.682388331614642141e+01
-3.293212025982579121e+02
-6.481229109683997649e+02
6.950011087196562585e+02
4.299776934387306824e+02
-2.847457359423789214e+01
1.006538081313760813e+02
-4.658768139655196592e+02
1.696420186922601943e+02
1.761615171331037573e+02
-3.041257725245166625e+02
1.961871596468865846e+02
1.127708324500936925e+02
3.819557181400516583e+02
-3.704465210886207274e+02
3.504959310008794091e+02
2.530471743371771822e+02
-5.048281079549747830e+01
2.898356500556494098e+01
1.713644385818312355e+00
-2.451494303385517242e+02
1.627896298591573654e+01
9.142479915573463245e+01
-1.550842787852408264e+02
2.231638782098145839e+02
1.619119706471740585e+02
-1.656853332208424234e+01
2.126439935759236377e+01
-2.860949314988368286e+01
2.414948131951155403e+02
-2.003735585573850813e+02
-1.578248151358208418e+02
-6.591067305115657859e+01
2.238272950653959583e+02
-1.832578452324400757e+02
3.531232450043867743e+01
-3.920725486758232403e+00
-3.878829001677181054e+02
1.753073104185191653e+02
-2.132916301672978250e+02
8.842170515437929623e+01
3.956186598477386269e+02
4.012175275362507705e+02
1.532365019707125668e+02
-2.340182233796840308e+02
2.364015668092370959e+02
-2.434069774104210637e+02
-2.405358142147387923e+02
-1.341511960718603973e+02
-1.905839640884826025e+01
2.251312074148497970e+02
5.432316562553308614e+01
6.134507204025732108e+01
2.268461797735524588e+00
-1.166594657271887741e+02
1.321761354916534685e+02
1.920677120814210355e+02
-2.038736341864724295e+02
2.941896553021030769e+01
-1.685327611842728288e+02
-1.814042179668041754e+01
-4.567999126055860870e+02
-8.495727913157569589e+00
3.460066516798963221e+01
4.497186086608024169e+01
-5.197423778772223102e+01
1.114427044093384040e+02
-2.033330939591030244e+02
3.666756266840969829e+02
1.312548993045333248e+02
-3.041450341581806160e+00
-1.224543821598826696e+02
5.038448039254225250e+02
-3.398538553108945592e+01
1.809689489185105913e+02
-9.392739778616825674e+01
-5.085982034902335869e+01
2.028275739381315645e+02
9.043295723442115630e+00
-1.321072086695065551e+01
-1.443045287218984924e+02
-1.661288119122551166e+02
5.065223411685865784e+01
-2.319332838937260277e+01
-6.934595876154334348e+01
-4.134283815030594837e+02
-1.729939236635838427e+02
2.122617530793377512e+02
-1.898530536623663636e+02
-3.518354804653957046e+01
-1.173949800172412949e+02
1.838276454086385741e+02
-6.073936528848390282e+01
8.503867031968040280e+00
-4.346369722542797263e+02
-9.732469559252979252e+01
-3.467573244189238721e+02
-7.740038323095419059e+01
1.264001342344779601e+02
7.559546237852140393e+01
-1.466342395247750972e+02
1.505310539491291593e+02
-2.754113244366106983e+02
1.331183116174615293e+02
7.357153740224617877e+01
-3.022453130415920555e+02
-2.360190793727970231e+02
2.808941510881673480e+02
-1.054160712636362405e+02
-2.341852888684558991e+02
1.600502762594290918e+00
1.438991092099873015e+02
-8.949605190461473114e+01
1.470502328923751634e+02
-6.378780849096800409e+01
8.119185287124167871e+01
-1.093828291589512105e+02
-2.076514010818690110e+02
-6.354757011308864634e+01
-1.956848536663625282e+02
-5.186053389008174719e+01
1.151676500588798007e+02
9.617341460311246593e+00
-2.134176378876548483e+02
1.355289838879022852e+02
-4.103269254886597606e-02
-3.213633411001616196e+02
-2.089305503026367035e+02
-5.276991905364192093e+01
-6.741604560934477774e+01
2.255048297330772016e+02
3.953475324456265128e+01
-1.673713192346955836e+01
-2.791752944616736727e+02
3.109632540001600205e+02
7.151736846262947722e+01
1.517881280808506403e+02
-9.586322459086470360e+01
-2.886481340363102959e+02
-1.193429245355246167e+02
-4.419175230509122798e+01
4.752545122217791373e+01
2.304598590843457657e+02
2.520171840680201001e+02
6.212645420649710815e+01
5.948429016213604115e+01
-2.335155601303783328e+02
-1.126358460898914018e+02
1.528377447348759972e+02
-6.419158888612284386e+01
-2.460498457338007583e+01
1.341167129919126921e+02
2.310031723299887005e+02
-6.519802283919169383e+01
1.969236756909518249e+01
1.911695661739585148e+02
-1.552619452664833375e+02
6.593671796799293361e+01
1.563039053003946321e+01
1.724919065762605328e+02
1.596798903193898127e+02
1.418667747637761778e+01
-3.984583393788992112e+01
-1.679785139667586407e+02
-3.745040284028218025e+02
-6.678527909530241402e+01
-1.165258405569749272e+02
-5.232963673271601834e+01
-5.371582741509018177e+01
1.812111062465965574e+02
