2.732908832222015576e+02
-3.686961585258437935e+03
-7.447825819247277650e+02
2.375632130728152333e+03
-1.505407828867061198e+03
-1.066701411908847952e+01
-2.085963053272560046e+03
1.027934533685475117e+03
1.419408691722280992e+03
4.031763381633970312e+03
7.469784104694741700e+01
4.288222055131419665e+02
1.294745596743734268e+03
2.565238391965954634e+03
-5.500758143770024162e+02
-1.029731514332563620e+03
-1.805867778874894384e+03
9.533186724031750146e+02
-2.509614408100366134e+01
1.849125896700436726e+02
2.278678663521163344e+03
4.123741668769896933e+03
-3.030322751184827666e+03
5.652997386034842293e+02
-1.168618506125355225e+03
6.181901972662260505e+02
-1.522287309927982051e+03
9.713630393811077965e+02
-2.071640537437487183e+03
5.645070651838965432e+02
9.286664196485334060e+02
2.295366012559498813e+03
-1.492810159012219856e+03
-4.309181954829775805e+02
8.820443012984648590e+01
-2.960502480637348413e+02
1.879063651817981281e+03
7.702414134402989703e+02
-8.068544595746442383e+02
1.785561324256504122e+03
2.389539812103137422e+02
3.803441427457553914e+01
-9.969672778915677824e+00
2.333875269272342848e+03
1.054752588375568621e+03
3.943972265733552831e+02
-1.258933256963319309e+03
-1.053464333804859052e+02
3.552150524050981630e+02
9.487908929074079367e+01
-2.128427348848947986e+03
5.396857631955316492e+02
7.308688814022928000e+02
-7.495316036789401437e+01
-8.284413667722810715e+02
1.043487075193146211e+03
5.197797020701018482e+02
9.410636505780947800e+02
-6.376589434955376419e+02
1.375159571816532889e+03
6.181819152130743760e+02
-2.377644035266266656e+03
-4.936125083099967696e+02
-7.063448620453386866e+02
4.732361108435183041e+02
4.651713258767836123e+02
9.575628791581530095e+02
-5.626393400566970371e+01
8.232959517287430629e+01
5.439690926420124697e+02
2.529593615176169976e+02
7.901684264888859843e+02
1.276613612732327852e+02
5.597352440518710637e+02
1.230503764621749724e+03
-4.642594625039822063e+02
3.592735156513797392e+02
-3.375984242561666520e+02
2.563089910521344450e+02
1.792516748559640121e+02
2.241701884376415137e+02
3.632725745289838528e+02
-3.835713887117679519e+02
4.543303788534270780e+02
8.235920932456665469e+02
2.321596133103140289e+02
-7.690545442630267416e+02
-1.151692143822423375e+01
3.074912751725876205e+02
-1.323033262838554265e+02
3.981803137842310889e+02
-7.664397314134395174e+02
1.605220058116960047e+02
-5.075823398910632704e+02
9.678893588046528293e+02
-1.025412030342926215e+02
-5.543001990084693489e+02
-7.361539753430605959e-01
2.021808255344094505e+02
1.274849415187988910e+02
5.213482688424566192e+01
-2.164668824371676408e+02
3.343258326568499115e+02
2.074079508543228201e+02
1.702897099403666061e+02
-7.084499529994441218e+02
2.314919249380538986e+02
2.072860055250394851e+02
3.587391740328490641e+01
8.520751093116871289e+02
-6.560599348266318884e+02
-2.558819279549791759e+02
-3.811429872753250692e+01
-1.350061020177006981e+02
2.883593040060211479e+02
1.859387310506380402e+02
-8.812901191610544629e+02
-6.753282952327025441e+02
-3.425147198974041203e+02
-2.727220295462720756e+01
2.704224143423114128e+02
5.429076508585947636e+01
2.167348276582744120e+02
-2.533299399138139729e-01
4.544534922542477489e+02
3.377001102219566064e+02
-4.956108042547167258e+01
-4.682598088439352182e+02
9.973156431632935437e+02
1.009442807279559474e+03
-2.945558128315338990e+02
-4.280169026295842514e+02
-1.154804738611085895e+03
3.870900870896402921e+02
6.354243695962712764e+02
7.135504549641473204e+01
1.702091645122336843e+02
-2.163710758047319018e+02
4.916047998252317370e+02
6.515835534456276719e+02
-3.453481495818827511e+02
5.856428057662240008e+02
-2.557583552025623419e+02
5.749743166438393018e+02
-1.016597820511704640e+03
2.164297408440301069e+02
1.703956382712042625e+02
8.272047222036528069e+01
1.863121004974579762e+02
-6.382636443295655226e+01
-7.309683204711947724e+01
-2.381748951407439279e+02
-8.127477528967797582e+01
3.857267932461714821e+01
-3.550729526221516039e+02
1.184561227185552070e+02
1.397756564819547123e+02
2.745599983132260604e+02
-1.166821215820351370e+02
2.076273637125223388e+02
-3.302509825973489228e+02
-1.645810800786948960e+02
-4.644276404107050666e+02
2.013959496651434335e+02
-3.227233695183101645e+02
1.024048353841720740e+02
-8.787622558721265875e+01
-7.572181996352841793e+01
7.291540093661029687e+01
-5.406895906868087422e+02
-5.979937354141417138e+00
4.577872424481148528e+02
4.536680347934490101e+02
-1.730960295332303644e+02
-2.718512021213767866e+02
4.380757535063183923e+02
-4.134648401518712149e+02
-2.572807992668285806e+02
-1.306874128662259977e+02
-1.979135994510675118e+02
4.514495531122001921e+02
7.167178929141466881e+01
3.641630738309251569e+02
-1.991771148006796466e+02
2.283121135650221447e+02
1.614089663651749049e+02
1.561226733636373467e+02
-9.207889574714856451e+01
-2.440010899641487470e+02
-2.114582109979781421e+02
-3.665945498852495632e+01
-6.791151790716337473e+02
-2.565319516751613094e+01
3.603391287501901985e+01
-8.489416751988383680e+01
-4.198806860172871325e+02
1.373203802941573315e+02
-2.717291436194111043e+02
2.531287737188855402e+01
2.462684423292152474e+02
-8.448637001913103006e+01
-1.852447411762858209e+00
7.628242457186809133e+02
-2.105375009849153116e+02
1.079546961397356064e+01
-3.578991472627881194e+02
-5.097605174117446580e+01
2.410554371837402527e+02
-8.339336758368985159e+01
-1.266730945398176189e+01
-5.833437886386771254e+01
-1.350009097391964303e+02
-9.298727799605624966e+01
1.997480122906215172e+01
-2.450411273997536057e+02
-4.307246819665527937e+02
-1.275563412983039484e+02
6.186650271479658159e+01
-4.496597394304879458e+02
-1.510139762917332575e+02
-1.585933753588971911e+02
1.702650041761791329e+02
-2.901818658918935512e+02
-3.164443899278370509e+02
-5.508533746348218756e+02
-1.461115875169981564e+02
-1.713920639072304084e+02
4.999274028864444119e+01
2.098161760496826105e+02
9.375625186724953153e+00
-1.443813036949960633e+02
-8.307292083293441465e+01
-4.687816070802950321e+02
2.860715851266665481e+02
3.186237401578680206e+01
-3.381256777283136330e+02
-2.176335234946076866e+02
6.034847983608162849e+02
5.588904566115159867e+01
-4.354428225631234000e+02
2.127096627096121324e+02
3.796956481975762472e+02
-1.751908159955826534e+02
2.397721005715127944e+02
-4.519596889040805081e+02
-2.749966170088293325e+02
1.060564142277441846e+02
-4.896895830890148460e+01
2.170826807398546876e+01
-2.444514643956567284e+02
-1.097267363892672449e+02
2.920363720070755562e+02
2.746154562803742749e+01
-3.278425523506095374e+02
2.105571406848735876e+02
8.327889068923902016e+01
-4.269064992299676646e+02
-1.853317176542277878e+02
3.762363195164160601e+01
-1.908095216955803721e+02
3.925169686561192179e+02
2.804350038586012488e+02
3.290004035710332175e+01
-2.125458368267066476e+02
6.121580444866242487e+02
1.813796022054250727e+02
4.240195201312826612e+02
-1.966849521097667832e+02
-4.508714848383792173e+02
-1.820735962333731948e+02
-9.354934703970069165e+01
-2.148870513192347005e+02
3.318857578202024001e+02
3.842588422585147327e+02
-1.569900701829465390e+02
-7.884593038220052108e+01
-1.298936257424055896e+02
1.436140703965796206e+02
3.732501609236957165e+02
4.338129853341342823e+00
-1.363446269023505693e+02
1.539659497477419734e+02
2.193600629678590224e+02
2.194867459542179802e+02
1.559661335317666442e+02
3.302532353865437358e+02
-2.556209797302504967e+02
3.553750746925713884e+02
-4.279423168152465706e+01
1.123818821910780343e+02
3.198887205173026018e+02
-5.132178298825866847e+01
-4.101379000045027112e+01
-7.360639877177823109e+01
-7.051617987294275736e+02
-4.023713126606541834e+01
-1.281786600358097985e+02
-6.217105181721490936e+01
-2.448337152473554283e+02
3.738835979214680947e+02
