-1.785423463235400732e+03
-3.883666999808695891e+03
2.565804625400356599e+03
-1.554437973773858403e+03
-2.331773841538958550e+03
-1.457079075695446591e+03
-3.885158067299727236e+01
-1.761141841846456828e+03
-2.822045363564184299e+03
1.792074715558471098e+03
2.154250627590905424e+03
-6.494085321956541748e+02
-1.387178590379531670e+03
-5.778642309722546315e+02
-1.215424334971035705e+03
3.395054850639536426e+02
6.548162683726441173e+02
3.086149006333205307e+02
1.016715871880034570e+03
-6.519823547350122226e+02
-1.381379219156423687e+03
-1.151078584522294250e+03
2.676896941521976714e+03
-1.862087179729040542e+02
-1.412501164794579154e+03
-9.660754622276941745e+02
6.856136708135124991e+02
-1.145038289797668767e+03
3.662101310442542399e+02
-6.409864423931190913e+02
-6.024281203670386731e+02
-8.024850675547977517e+02
9.955571762152223414e+01
-6.259992312923027384e+02
2.254252048545937441e+02
-1.950841135191400122e+00
-7.321209056823989840e+02
-2.285594144381901515e+03
-1.757337483172903490e+02
-2.664461340730713346e+03
5.838094346471167739e+01
-7.787606547077413666e+01
5.471451211158254182e+02
2.307655795112615920e+02
3.129649586233992409e+02
-1.816623680897587974e+03
1.112286393134560740e+03
-5.554835674439148079e+02
3.896941428242870415e+02
6.719472333792873542e+02
-7.421189100240394509e+01
4.813462935614212483e+02
2.558735310889581456e+02
8.559179987734468114e+02
2.796946087518005584e+02
4.977447072087127822e+02
-4.049059496371062892e+02
-1.614835623500875386e+02
-2.713279285629707260e+02
2.354524892592509673e+02
-7.177801912800110813e+02
-1.359706691262641698e+02
-2.961431957196788858e+02
-7.852292138444662442e+02
8.812377500826669063e+01
-5.914735110789486043e+02
1.706895544437640524e+02
4.173459786963521196e+02
5.358255140111248238e+02
2.561724028879295361e+02
3.740851983176216322e+02
3.958720436853018327e+02
7.564982352930856635e+00
-2.118004978154044693e+02
4.321390746223206634e+02
6.665616929350564988e+02
-3.962316841994904735e+02
1.367805765083899132e+02
9.359534273622300589e+02
2.989729000792779061e+02
-4.527323381660729638e+02
3.346146172108591941e+02
9.042645891476978193e+01
-3.119943653525959917e+02
-4.012365069907518205e+02
1.954814685199475832e+02
2.814929806199292557e+02
-8.573314385255054049e+01
7.737374856015358660e+01
1.598228594704283978e+02
2.630688617325965950e+01
-4.864099975245520291e+00
-4.815847017191280770e+02
-2.128091800189554874e+02
1.889768904784314714e+02
-4.440571276957259101e+02
-4.170595630410299464e+02
-3.047324127535831053e+02
1.774897689619324694e+02
2.311346589276466261e+02
-1.804041420726818501e+02
1.303759272385569545e+02
8.588195694269201113e+02
1.727121157498454238e+02
-8.594744912349908006e+00
9.822525867545392941e+01
-4.715452546676827978e+02
2.535124822340318929e+02
1.764457528296892121e+02
-1.257016727430535070e+02
-3.980621641965349795e+02
5.768151620686681014e+01
2.522718036584410299e+02
-2.545582088225284849e+02
1.870285355252349007e+02
-2.562071187856873280e+02
-1.104224489252557362e+01
3.773953528423935921e+01
-1.562050987838570677e+02
-2.206776973759764928e+02
-1.790363193423821144e+02
1.716904752211434015e+02
1.154243057357849693e+02
-2.690123943790707131e+02
1.489515935050385735e+02
1.775351324887255089e+02
-5.129340206946268665e+01
-1.466016721571633070e+02
5.329763698846273883e+02
2.903116157272100963e+02
8.355451469589051783e+01
-2.160187719628043794e+02
-4.278621507195246636e+02
-8.544583779102289611e+00
7.685959626408523704e+00
1.511761255254892546e+02
-7.387697639100441904e+01
-1.537960865576752951e+02
-3.879606214069963812e+02
-7.884173143737946532e+01
1.323082953634143735e+02
-2.367487629122678072e+02
-1.371871874966585949e+02
-7.462066969740577349e+01
-9.295167756414592475e+01
2.375175025093004137e+02
-1.767091948979504537e+02
2.288165941140541122e+02
2.664205829686941343e+02
-8.523360086452470341e+01
1.111818379927772185e+02
-3.815808427729140107e+01
-1.138168320240751683e+02
-2.400347004204900259e+02
5.745739286607750529e+01
1.178946793812530558e+01
-1.552821977020804809e+02
7.784118919001264203e+01
2.429503446040974950e+02
-6.420931586487927234e+01
-1.350077512653508336e+02
-2.914237546668858414e+01
-5.752249665725645400e+01
-2.757576069616866334e+02
-7.464137630273230073e+00
-2.831498027893623259e+01
3.055151281556522846e+01
-6.330911920990045161e+01
8.138452433983793810e+00
-1.895762936433917787e+02
1.017013391214079654e+01
-5.097631521562022527e+01
-3.992181985042461356e+00
8.812322688063439102e+01
-9.214456358728089924e+01
1.409823829160250455e+02
1.765958703449763334e+02
-1.579830552241531905e+01
-4.685180382145796329e+01
-9.974118750491028607e+01
1.996742306830444704e+02
-1.810046141795517656e+02
1.796684729676769052e+02
2.143596459100822216e+01
-1.026406933860133392e+02
-8.599013133957645039e+01
-3.544099519980097313e+01
4.553093824105391008e+01
-1.979713147627788317e+02
-7.873933595971955413e+01
-9.657910331853314290e+01
2.893248127189686159e+01
-8.159287778354202203e+01
9.747567445515731777e+01
-1.050946399064959422e+02
-1.628554495976770795e+02
-8.517132173574719900e+01
6.217378549507815677e+01
2.120469631747729977e+02
1.148922283800661717e+02
-9.179273152074211239e+00
1.653552847884150765e+02
2.069529372297954950e+01
-5.896991610659535610e+01
-5.823228586611992341e+01
-1.648687141230979307e+02
5.202176894060900025e+01
5.916585535262608175e+01
-8.953239215895419534e+01
-1.084877007451736688e+02
-2.238559217274857929e+02
1.672582738602850583e+01
1.148199778914257934e+02
2.338087315338520256e+01
-1.086949046666035201e+02
-3.592762023255042436e+01
-1.224927137985414021e+02
-6.178128282321516451e+01
-9.469996168183507734e+01
-1.499695638015779586e+01
-1.290084170344646850e+02
-1.150444540771060105e+02
-1.495023693701635921e+02
-5.651187291392460565e+01
-8.904950229789310612e+00
-7.601442329292673605e+01
7.625647677453504514e+01
7.263484500102952879e+00
1.677623014281591907e+01
1.573671355104486338e+02
1.172745668062545832e+02
6.375537309395029606e-01
-6.342567510363790717e+01
-1.057201495027300666e+02
1.372048327675315420e+02
7.389782538864464811e+01
-1.198605775852051494e+02
9.896342200584828674e+01
-3.151118813089980009e+01
6.482277936130473961e+01
2.940302352006658282e+01
-6.275887072036218939e+01
1.175944490180896196e+01
-1.400798764619030123e+02
-1.266220714131663101e+02
-6.576692846916087376e+01
-1.668263335465449302e+02
-9.043158337354815046e+01
-5.224483677204612775e+01
-1.118520796841646359e+02
2.453520698317799713e+02
1.515535969850557763e+02
4.992410049686839812e+01
3.213628488997029109e+01
2.047294207246948758e+02
1.831252262133483271e+02
-1.593952797800533574e+02
2.389539396519089465e+01
-4.024848768373807673e+01
9.522835149960248202e+01
-2.594176028283805735e+01
2.892070189878010567e+01
-6.372532822507263006e+01
-1.498892999421749295e+01
-4.020172301533565928e+01
-1.112797310876630092e+02
-1.020827500673335351e+02
7.780980071635541151e+01
-2.063864545811901863e+01
5.265754752724804177e+01
-1.195124232610707651e+02
-1.847381395349485445e+01
6.288151996102918417e+01
-1.036436360693076324e+02
6.495633534573370582e+01
-4.618749362080368570e+01
1.084295600883251893e+02
-2.496909730340478006e+01
-1.596960635077289403e+01
-1.649493151271617819e+01
-5.536778101538350683e+01
8.830659508443456218e+01
-8.585106976214227359e+01
9.336623784736667986e+00
1.281616248697246192e+02
-2.278377963484631152e+01
2.345489287971473757e+01
-3.557661262074016406e+01
1.349613312601112947e+00
-2.330121605641328841e+01
-1.392714645358187227e+02
-2.155159051177746932e+01
3.755535909323771193e+01
-3.311855596279688996e+01
-1.229979518083460448e+02
-1.262605836323463535e+02
4.735060393910639931e+01
5.319973260582333552e+01
7.828556876973451040e+01
4.355920912362687147e+01
