-8.451286402854596247e+01
-4.840904263509976772e+03
4.047509988287119995e+03
1.358488784209605228e+03
5.774647135255845569e+02
-5.115400525271513288e+03
2.092345200437522180e+03
-1.562045442734266544e+03
-2.619800380918590690e+03
1.307679851319108820e+03
1.833618609896856697e+03
-2.851031714733667286e+03
2.078924503190660857e+02
2.006598824800035345e+03
6.517355853429853596e+02
3.932604619845778302e+02
-7.832826881126234184e+02
9.090520814917375674e+02
4.901485195826339947e+01
-4.715514209971263426e+02
-4.293645607793170029e+02
9.292295227925402514e+02
1.642883086395447890e+03
-3.772793486535007901e+02
-1.013694355512445782e+03
-1.910138652445728553e+02
9.037520424357968807e+01
9.039177073569604772e+02
1.268989661411302677e+03
-2.762814326732951713e+02
-5.693566274114879207e+02
3.489464358092390626e+02
8.108835963068129331e+02
4.911436952562810347e+02
1.163035665365029701e+02
-1.203648018977205766e+03
1.354464092416534868e+03
-1.065451434584227400e+03
-7.684542744746080416e+02
6.365144512361737270e+02
3.144189745146339305e+02
-1.425419501028664172e+03
-9.516147629339940295e+02
7.746087684842901808e+02
-6.044995043783965230e+02
2.012921631300853733e+03
3.092375666946483648e+02
-2.284568444095760071e+02
-6.040897092783324069e+02
-4.380068158511096499e+02
-8.538845618817782679e+02
-4.318326657414489773e+02
-5.256894579109801953e+02
-3.332479761076342584e+02
-3.513156546406708571e+02
-1.258042525751287428e+02
9.100210753741974941e+02
1.791990584950743255e+02
2.713606503491429933e+01
4.623627319235287700e+02
3.941121837631578160e+02
-1.048340979326810839e+03
8.054923952866735135e+02
6.001567936346480110e+02
9.730260393142832243e+01
1.035408983326761017e+03
6.824222267639653410e+02
3.973231223815540147e+01
1.472666697040131680e+02
-4.325186424866362813e+02
2.827691116916699912e+02
4.068284534896625928e+02
-3.496199810523794440e+02
1.292791261330847021e+02
2.783065877593243158e+02
-9.970914962499819012e+02
7.509756102723530375e+02
-5.142467467788517297e+02
6.825743921098273859e+02
-6.131465642251165491e+02
-4.230747685556534776e+01
-1.689894481985057340e+01
5.118463537003786996e+02
5.906260062856142135e+00
8.567767936746367923e+02
-6.661597505947916886e+01
-8.112045686426105817e+01
3.608872026899717298e+02
-5.337979568380030315e+01
4.180438812107801709e+02
-2.666083245373715158e+02
-3.580631255276093157e+02
2.159515910899502842e+02
-3.322334380541515202e+02
8.560560771062857839e+02
1.034365333246557128e+02
-4.581380485265291327e+02
7.463517710946335626e+01
5.545742849554834493e+02
2.274592667926149829e+02
2.007132511992039667e+02
-8.905401559737716966e+00
1.609179959375128703e+02
-2.288994264577629281e+02
-5.295529138641863653e+01
-1.776354381611073663e+01
7.410510311815465379e+00
-7.844678875288243489e+02
1.707546024101119144e+02
-6.528125159022691548e+01
-1.886435184375623066e+02
-4.601646220204358997e+02
2.646543874417305915e+02
-1.393762918185705928e+02
-1.767389057738583062e+02
5.400443316530976290e+02
-8.287902719915304033e+02
-8.173503049783225833e+02
-3.883577996815486699e+02
2.809259389313054953e+02
9.604689099154236942e+01
6.256868788528455383e+01
8.009298594208274835e+01
-2.045735713959865052e+02
4.284355980016125613e+02
-2.773107406511067552e+01
-2.780822378163988446e+02
-2.196733629977489386e+02
5.472122726718613421e+02
1.902636640175052776e+02
7.623708179681956665e+01
-3.641932171138164449e+02
-9.782822987196259419e+02
4.567124610077591456e+02
3.588671393846913702e+02
-1.597115585947567240e+02
-6.001086555863403049e+01
-9.533550332923103099e+01
-3.179280282444619488e+01
3.638964038568176420e+02
-2.546932339909764664e+02
4.385095768773185654e+01
3.452070394372717601e+02
-2.305452085764071626e+02
-1.572350581503660294e+02
-9.477528383383099708e+01
-3.310533945044407744e+01
-3.446349372840058578e+01
3.012984733875396870e+01
-1.942336262337359187e+02
1.603620555656833062e+02
-3.158434000710420833e+02
-1.174880984374568555e+02
1.226100058943854663e+02
-7.588343480628846294e+01
-5.294205660616043474e+01
-4.497076345365078254e+01
2.257945537023633733e+02
-2.585030290478493953e+02
-4.082736999926432304e+02
-7.095791628978425081e+01
-3.012794909985104823e+02
9.060707072626686909e+01
2.493042757841924697e+02
-3.396669622605040217e+02
1.972717173953539600e+02
-2.884833554774011191e+02
9.175561291049523049e+01
1.986875362476775422e+02
7.290913247770278360e+01
1.472243462546374246e+02
2.472638798132785780e+02
1.378523269479537703e+02
-3.379700297060255139e+02
-4.967368375710758528e+02
2.635728064040307004e+02
-5.698419561138864964e+01
3.273738370927884489e+02
-1.475224058350974019e+02
-2.646826503059619426e+02
3.284339871221295653e+02
-2.028695300017409124e+02
1.542542505991642656e+02
1.594520530496778576e+02
7.277029286781828432e+01
-4.524198116830229566e+01
-1.215912570117785947e+02
-1.553571198694150723e+02
-2.186896970088267835e+02
-2.561577556272438301e+02
-2.875110653087401147e+02
-1.952846354009778054e+02
1.836839524920777649e+02
-1.915801513926981841e+02
-4.972807301737262975e+01
-2.946390615129315620e+02
-4.262940650936550924e+01
-2.176383953957664232e+02
-1.296453109461604214e+01
1.531719362086764704e+02
1.340519296573818053e+02
-9.789555934749334654e+01
7.035656634648474892e+02
-8.551368038798875304e+00
1.643201967534022288e+02
2.997835593663916143e+01
-7.747877961502997834e+01
-3.934664451695100240e+01
3.129391380050423876e+01
1.560363472722955294e+02
5.657828855051057104e+01
2.062637160590024905e+02
4.455886077157126124e+01
1.081955667409886530e+02
-1.739961123456960763e+02
-4.680782655838575579e+01
4.983301582123717566e+01
2.137796248817464289e+02
-4.144184055474063939e+02
-3.309053135458956945e+02
-4.894504108940761000e+01
8.577801513882728557e+01
-2.130021943754211122e+02
-6.907761642670747904e+01
-1.624610076067860973e+02
-5.879949732474171498e+01
-2.122668196003704395e+02
1.021267931436448038e+02
-1.743185255137458114e+02
2.197147891525990104e+01
-2.319096879689746231e+02
-2.268253746824224208e+02
-3.348553848650759619e+02
3.393431573747914740e+02
-3.939264712470758489e+00
-1.124261684223771169e+02
-1.394318079903176510e+02
4.136283286481257164e+02
-1.329098427191312055e+02
-3.991693583084057764e+02
1.478603044561383513e+02
2.247765810605638137e+02
2.124470859934285372e+01
-7.144292446853999934e+01
-1.530267129414796443e+02
-1.380374639815393607e+02
-1.064418015019269887e+02
-1.462366475021462975e+01
3.549341354377270363e+01
-1.097385286510427562e+02
-8.264034205294109370e+01
1.646975922542948183e+02
-9.722372499378386124e+01
-2.519236408574238908e+02
1.248048442122692165e+02
9.017286875613041275e+01
-1.454219723709587981e+02
-6.729515665494876941e+01
1.608001001459757973e+01
-3.932258639248254184e+01
2.401861319518980622e+02
1.075979218503105841e+02
-2.343004878098982502e+01
-1.765107448149405229e+02
1.178295734458339155e+02
8.262570178259264253e+01
3.383945311657407160e+02
-1.395259135936199186e+02
-1.755085264135055638e+02
-1.890677256400867918e+02
-6.227097180491569617e+01
6.441270704846536432e+01
1.112307262359778264e+02
1.981191001283523576e+02
-1.764179568338116724e+02
6.746766380041519540e+01
3.294110340437919859e+01
3.778370998089511801e+01
1.810275132051603464e+02
-3.250104227086835351e+01
-2.596415151931332730e+02
8.327347502279705793e+01
2.210903249875853049e+01
3.093497132212210659e+02
2.002914939698621311e+01
1.427822729371790160e+02
-1.326627558150973414e+02
2.209080451154351294e+02
-4.205918760058790440e+01
8.201058271827766077e+01
5.136285915280788572e+01
9.907841801137104198e+01
2.540427991279955933e+01
-4.085635165804011137e+01
-2.457466793730202710e+02
-1.195342296268305482e+01
-7.999999933177970490e+01
-8.625642055441518607e+01
-9.337859233068813580e+01
2.865995081150001056e+02
