-3.571712886253258148e+03
-6.495257619976836395e+03
1.404478602638453140e+03
-3.623207591631354717e+03
-3.309070824131865265e+03
-5.490038549100255523e+02
2.824788139894095821e+03
-4.175424204868520974e+03
-1.936826056906701297e+03
2.281344589403794998e+03
9.679514124376818529e+01
2.053452479848135681e+03
5.747198200755858579e+02
-2.484074526525917463e+03
-7.574617013717302143e+02
1.805631198174721703e+02
-6.446626199255190386e+02
1.137252532740296829e+03
1.387074300771145090e+03
-7.080531841131759165e+02
-2.498569668441011800e+02
-1.354790074953609178e+02
9.998308232534421904e+02
-2.245568922364680304e+02
-4.192770450134651583e+03
-1.744645500792858428e+01
-6.489450908689857442e+02
-3.383373679615738752e+02
-1.077713478914477037e+03
4.354849475370917276e+02
4.172503777478905249e+02
-1.818961775938201527e+03
-9.471549745600001415e+02
1.659643716769239052e+00
6.903394914718338669e+02
2.393777871778339659e+02
-4.965696565521326420e+02
-9.643240279596759592e+02
1.373805990191872525e+03
-1.197200750371894856e+03
2.598716130327878204e+02
-1.229182625518580920e+02
-1.080640922943093756e+02
9.607687990761169772e+01
1.318923957536423814e+03
-3.416646665893754289e+02
1.783149496200986050e+03
-1.684959103480555996e+03
3.462072397459073159e+02
-2.145072922083215872e+02
-1.049055009010027106e+03
2.206093224088597253e+02
5.897773818104415966e+01
9.924719908344130772e+02
4.706890301398471479e+02
-3.338274369265611767e+02
-1.228101061704874382e+03
6.864426286215881419e+02
-1.052371619726584868e+03
3.124876433794442505e+02
-7.612760014310981660e+02
-4.776908081517427718e+02
3.470181007669438031e+02
6.331702238781454071e+02
2.275159779661132973e+02
5.595697908302995529e+02
1.443435213443525527e+02
3.767417516653800362e+02
-6.375182327479629976e+02
5.049666962799778389e+02
3.127603534703033574e+02
-3.559931393145122769e+01
3.121909455790912489e+02
-2.863645295555051007e+02
1.009077109874262305e+03
5.908554325703144059e+02
9.097524793279295636e+02
-6.472086336205159114e+02
1.043573669691118369e+02
1.610742636820212965e+02
-1.813906534113620523e+02
7.706389626438520963e+02
-7.253119456802217258e+01
-1.333275985621485233e+02
-1.356411206600562025e+02
-5.521615770856433159e+01
-1.660291677997618009e+01
-1.466088683756616717e+02
2.522740380586024855e+02
-2.392437878330080139e+02
2.531595661400679376e+02
2.651207069732286641e+02
1.084550326813879764e+02
-5.273641949424679751e+02
-3.825040868752760161e+02
-3.618413555651021625e+02
4.248050022655312432e+02
3.687451863845003430e+01
-4.746663070458615152e+02
-2.289637678479066949e+02
-2.547892671593316436e+02
6.098978223924102338e+01
6.898829256483634254e+02
4.810610404938944384e+02
-4.695174384194443462e+01
2.062409979624773655e+02
-5.989120839114865902e+01
2.261532448796033918e+02
2.526866447692757163e+02
9.939594869097041396e+01
7.950204102448076071e+01
4.883744832959508386e+01
5.051669264700428386e+01
7.818576279495832893e+00
2.010065391025629822e+02
2.530212959445505021e+02
-1.091183492259857530e+02
-1.471602586447116323e+02
6.579332933258881155e+01
-4.338934097752891716e+02
3.506433291908932119e+02
3.425792964053844116e+02
-7.917822265002914151e+01
-1.576530476014617648e+02
-2.685566156140159819e+02
-3.553670446153897728e+02
3.749320073770307431e+02
-2.443937900206622089e+02
-2.090358543293335458e+02
-2.888778648815817363e+01
-6.663269874850375629e+01
8.208859926668685603e+01
-3.843032313505715365e+02
2.159954491300394466e+02
2.216645184293993225e+02
3.255247150436865695e+02
8.253794381916343070e+01
-1.176854842270280272e+02
-1.861184949100565689e+01
2.269577793405102000e+02
1.566495718369071994e+02
-1.711147326887114843e+02
-3.512345798895109397e+02
4.112270632605250853e+02
-1.862665511185038625e+01
-1.107309378937547422e+02
7.250567322270504178e+01
5.249944656477124028e+01
1.895349707143337241e+02
1.481259243471630782e+02
-6.883004522557884286e+01
4.709874558391960342e+00
6.732807845306234640e+01
-2.375819134038422931e+02
2.943890642367947308e+01
-7.395494279990853670e+01
9.807357963075247653e+01
2.863413999685041063e+02
1.096456918488645442e+02
-1.966125232944382617e+02
1.129245147019713187e+02
-4.234928305191237996e+01
5.870664110271583525e+01
1.168489597475476103e+02
1.506900306279139556e+01
6.585839615728960439e+01
-1.347556002732001446e+02
3.824009576217104467e+01
2.247979555326442664e+02
-8.886222280261326034e+01
-3.198964193027551914e+02
-2.312227741808048620e+02
2.499838628566847376e+01
-9.749753781075976633e+01
-5.817040190848985759e+01
1.797734606786065683e+02
-1.814792137480152121e+02
5.454971604731841239e+01
-1.451331164421787037e+02
1.020087140125184391e+02
2.107097188228435982e+02
-5.946589447537368045e+01
-4.431521310500942690e+01
1.931273880939104117e+02
2.021421973362280085e+02
5.135026611655423068e+01
-9.443265872748250445e+01
1.751748780366440599e+02
1.002351759093037629e+02
2.898740124697971865e+01
1.196577503089283852e+02
7.935611476955555688e+00
-1.401760133905231669e+02
6.085647014889519113e+01
-9.844902664269993409e+01
-1.877844794298052733e+00
7.493508517113608036e+01
1.675952234163384276e+02
-1.009522507723508369e+02
2.279510270767966418e+01
-2.309605486373705574e+01
1.075227989683523333e+02
6.177145865607453601e+01
-1.229300156051986477e+02
1.338384714766498860e+02
-1.173957507869116768e+02
1.352476787880260156e+00
3.280881363718923183e+01
8.101036420772642543e+01
1.491439839344832308e+01
-1.041914307193735993e+02
8.446255334753628574e+01
1.120685984821756733e+02
-1.194668006101715889e+02
1.469279729142000406e+02
-7.091258694168807608e+01
-1.365145908400006647e+01
5.275606387115826124e+01
-1.043402191795699707e+02
-1.242718228976283683e+02
3.342079880537394843e+01
7.531141234206886281e+01
-5.883479739082778082e+01
1.045680858122351111e+02
2.885491585856768282e+01
-3.987960379632387031e+01
1.317077850619808714e+02
2.233236400592718951e+01
-4.548905104179366887e+00
-1.244324919916784609e+02
8.335986267147843520e+00
3.773952304396762969e+01
-3.166894936345556388e+01
-4.607630919428014238e+01
-3.843494637024089400e+01
-1.245838462146359120e+02
-7.927251700227057540e+01
3.502204485668886491e+01
1.517932476063908709e+01
3.971837373990076259e+01
8.162193932699528531e-01
-9.925353706654641783e+00
-4.460553700468322802e+01
-9.309648536453205736e+01
-2.046505951057423545e+01
3.130897705126561803e+01
2.302811550407101748e+01
-9.075978088707996960e+01
8.718660129753286014e+01
2.940520052210881374e+01
-4.897573741958560767e+00
1.007008801327841070e+02
8.110199622695026278e+01
-1.292461337142891011e+02
3.574285000888784936e+01
1.658300113061021364e+02
-9.005689057205383108e+01
8.579077140788804456e+01
-8.169620735386124011e+01
1.839845988786039044e+01
-3.560317973320687202e+01
1.019058482588255998e+02
1.358470394282756502e+02
-1.012042291699244601e+02
-1.987721977514063454e+01
3.885642701456501480e-01
1.703975383331080025e+02
-5.234757198291246283e+01
-4.382621871040124795e+00
-1.539777643506479876e+02
8.538642611715660280e+01
-1.037822791785839058e+02
-6.046936211622580259e+01
-6.634312351513995054e+01
1.301626338757605765e+02
-4.962172150011129901e+01
7.350725551745597386e+01
2.317562403797683857e+01
-3.225492538909070106e+01
-4.386279216098047584e+01
-5.721974191538243559e+01
2.938268974389912636e+00
1.429974246459678078e+01
-6.406762321372168856e+01
8.693943945121237959e+01
-5.231042536405181131e+00
-2.427187672678450525e+01
2.442377762086600512e+02
-1.136908770999735054e+02
8.443580731001657114e+01
-1.203584092532851599e+02
6.308593562678704814e+01
-1.742924710532365395e+01
-4.318223674357608566e+00
-6.872693794241951082e+01
1.200313272792177060e+02
-2.978430931346236932e+01
5.443905462594361921e+00
-4.036570671266374433e+01
-1.570465215209387821e+01
