-2.787584367731009024e+03
7.992121472011473315e+02
1.646170271811860744e+02
2.944739254020979843e+03
5.819109319081646390e+03
3.811075355708743473e+02
-8.023370412250069421e+02
3.198846986460485368e+03
6.682235102668325908e+02
9.031142591250770124e+00
-1.639686204746051772e+03
-2.868061842430129673e+03
1.406102795996269606e+03
5.368114856322964670e+02
-2.541763825542321911e+02
1.371206119652063308e+03
-1.454474724879161386e+03
8.766044607068030246e+02
9.482039804830471894e+02
-2.295765044984223664e+02
2.196972185234812969e+03
7.747556747519101918e+02
-1.012432720977048916e+03
8.345783731304829871e+02
-1.166457919135780458e+03
-1.995539607013123771e+02
-2.692029672645021492e+02
1.061552066056977765e+03
1.017838180420621711e+03
1.080298695726470896e+03
-1.479229934879592292e+03
-4.370192470532952598e+02
-1.468170069807043774e+02
-6.653910385525387028e+02
-9.205614585805387833e+02
-4.369379665547927516e+02
-7.695347733711914771e+02
4.616271076894369685e+02
5.338796124820946716e+02
1.127327616484713872e+03
2.770334413803101370e+02
-1.589092812620812083e+03
3.476144156568965968e+02
1.425169696888530325e+03
5.836194068013068090e+02
1.230926379330758209e+03
-6.130061567344592959e+02
6.119671206141599669e+02
-1.086883513194409943e+03
4.532887860768994983e+02
-2.581867227320581648e+01
-3.373865381837509290e+02
1.709387357312791664e+02
8.397256882445000770e+01
-9.412394441141441348e+02
5.211054349557101659e+02
-1.042891529058176587e+02
1.036341094104629519e+03
5.636941152516707234e+02
2.894140146110935916e+02
7.974305213524914961e+02
-6.245333436254081789e+02
-8.513980683001307170e+01
-3.289161357771589564e+02
4.111178130220720846e+02
4.686137205162408463e+02
3.193025424110007293e+01
7.408931998302094826e+02
-3.772992675973915198e+02
-2.332577660454541615e+02
7.271084638732828580e+02
6.838514450551792834e+02
2.096625609256474121e+00
7.506168029279956500e+02
5.165025423937519236e+02
-3.742565065854471413e+02
2.993339365336817082e+02
-1.388565411749379791e+03
6.268836913034870122e+02
-5.778933348910840095e+02
8.463861158343421209e+01
-3.391922135418961943e+02
-2.732760100946523494e+02
2.380762141764471096e+02
9.859126265586397722e+02
-1.551968789428051139e+02
-6.267613843364707691e+02
1.543761607343747073e+02
2.021221010012779828e+01
1.547352289116071802e+02
5.937553128833681058e+02
-5.684113386141402771e+02
-7.495698306586938315e+02
-6.102664575419792072e+02
1.393520244069246701e+02
-2.652997308920526507e+02
-5.901617804475055209e+02
-1.795980197650150956e+02
7.957026164126118601e+02
-3.577552038429087702e+02
1.226973790706309231e+01
-5.134649214261647785e+02
4.896123187464887678e+02
-1.986584843953148720e+02
4.752498564313721374e+01
1.284185421480300420e+02
1.483360710161885265e+01
5.883688024480677825e+01
-2.681160321028455087e+02
2.658909651979834052e+02
-4.716990614305282179e+02
2.100700523550197207e+00
9.329081129676563222e+00
1.847171679534767179e+02
-1.828568043951053426e+02
2.396017249143072547e+02
-6.626912901178037600e+02
-5.350357812611001691e+02
-1.287655141285595732e+02
-5.724992539819593418e+01
6.349479423461315974e+01
8.908430097941040060e+01
8.505150789526614119e+01
4.535389819566108116e+01
-1.490365460344940374e+01
-1.036624242630673507e+02
2.155467752896696823e+02
-1.260547766743955407e+02
6.858687144990121851e+02
4.750825137434252383e+02
-2.791612256632839362e+01
-2.516050308421909847e+02
-7.970955633626388135e+02
5.869930234501580344e+02
2.016589904825852386e+02
9.522392409373141220e+01
-9.734618996445318828e+01
-3.870655177273889080e+00
3.319927150148776605e+02
3.230893935899242706e+02
-6.099767403886080785e+01
3.086564676039806159e+02
-3.054343803017553114e+02
2.994239980823138580e+02
-5.563292564668088289e+02
3.592179949378549395e+02
4.232501074313743175e+02
-2.001361280257494002e+02
2.651011359947529655e+01
2.232018923682015554e+02
-1.894998821126419841e+02
-2.462455066305184346e+02
2.343096269381081953e+01
-2.359720051107122458e+02
4.733211558459009893e+01
-9.734920568654665374e+01
2.332531674029946203e+02
2.689854261990825535e+02
-1.917780054114431891e+02
3.085272013778812834e+02
-7.234286153190551261e+01
4.555083135745655198e+01
-4.759396144657839614e+02
3.877621025477143490e+01
-7.924471696516216523e-01
1.363547079356245035e+02
-4.757955982638815584e+01
-1.615446776624976621e+02
2.234583517904252403e+02
-1.440848425661617682e+02
-4.440953049547419340e+01
2.201216035708201844e+02
2.617093490797350341e+02
-2.766695733268088588e+02
-2.737722660546685205e+01
2.124808814497695835e+02
-2.683649299409748892e+02
-3.498995448018214347e+02
-1.736983242119079023e+02
9.115082438729233516e+00
-2.973407478896549883e+00
2.273954871566348288e+02
2.468575672854152288e+02
7.583859910007318206e+01
1.220763976683691965e+02
2.713043434683037844e+02
1.666649887070109344e+02
-7.457551863052310637e+01
-2.317750272036428782e+02
-2.099878614987749756e+02
-2.234626319869444160e+02
-7.291488172755715595e+02
1.808941886446028775e+02
-4.252553309143797833e+01
-4.180513505182637601e+01
-2.845052571193520663e+01
6.369950576992690117e+01
-2.964823092411400580e+02
2.471024180060531137e+02
9.687932228008692448e+01
1.231628191872286209e+02
-1.747079071182369603e+02
3.348304830574862763e+02
8.592282784980865173e+00
4.340901791983763474e+02
-2.468872059089992490e+02
-2.813391466508536354e+01
1.077040653895254820e+02
1.654227508890432716e+02
-7.215478490284404245e+01
8.016745660656246741e+01
-2.255755150516019398e+02
-1.057759990336990654e+02
-4.220001375798980803e+01
-8.615491349643133390e+01
-1.386493290095290263e+02
3.559607786942693508e+01
1.405935319831740173e+02
-2.111134138502247879e+02
-9.213862833733537627e+01
-1.404475370332542070e+02
1.089623580797629927e+02
-1.139203903522596164e+02
-2.253040241783171780e+02
-5.284688899696038789e+02
-6.031960056720189556e+01
-2.502271284875967581e+02
-8.166612157957649742e+01
3.212245764275330657e+02
-5.331840020465365093e+00
-1.306625978151311074e+02
-4.733804451088945342e+01
-3.256186065767482205e+02
1.301910477377513757e+02
8.405570648418814983e+01
-1.059777234309503626e+02
-2.681072540645265434e+01
2.685020573710411895e+02
-6.424895616168464585e+01
-2.275058072610388535e+02
2.415519284816748780e+02
2.815510007841833158e+02
-9.065849188538547310e+01
3.344706279662848374e+02
-2.129509949984199579e+02
-2.219504943179504721e+02
-1.244784432488670660e+02
-5.631648700356610959e+01
-3.081741251435963136e+02
-7.547468806476767611e+01
-2.171562100763177909e+02
2.388978758345444930e+01
-1.455879291830591349e+01
-1.283723954929612887e+02
1.281529688718076727e+02
-1.345070894532696570e+02
-4.208806293881841043e+02
-1.883031546168706143e+02
1.105747103140758441e+02
4.395932812474956108e+01
1.539209395701069525e+02
6.616477418725563098e+01
-7.499233795533534419e+01
-2.515545527494186899e+02
2.635956557700161511e+02
-6.616185394412542564e+01
4.097612867562364158e+02
-9.548751493273390167e+01
-9.205013207697004418e+01
-9.149475501533116528e+01
1.044044272834393183e+02
4.952430394359478782e+01
2.685304376807416702e+02
3.123000628061085990e+02
-7.808624497890457405e+01
5.800317164098521516e+01
7.114436232127323478e+01
8.318220999271449045e+01
7.948387206183932108e+01
-9.778679191662263293e+01
-4.738392927454719938e+01
2.785739020291846941e+02
3.130742647102324554e+02
-9.873778282907001369e+01
9.183580110122828444e+01
3.374914269152895230e+01
-7.832069627967095471e+01
1.902546490796346745e+02
7.887699726330174599e+01
1.081649793164536817e+02
1.216280695054923484e+02
-2.157954577910304650e+01
-1.135700272074607682e+02
-1.714762527641881604e+02
-3.226285630717270578e+02
-1.839015113410141566e+01
-2.256558664121231743e+02
1.456669291011984768e+01
-1.165379798112227832e+02
1.437193937616152652e+02
