6.034540123867919647e+03
-2.733033727552049186e+03
-1.354102016267249155e+03
-3.049806287407141554e+03
7.901636973917250089e+02
2.302622960884309123e+03
-2.758526712108963238e+03
9.047862255199406718e+02
-8.986651055362049192e+02
1.775891136633819542e+03
7.316920902144219951e+01
2.661662738633252047e+03
-1.826129836452420022e+03
7.101732280651741576e+02
1.467229240392085998e+01
-4.020945860576517816e+01
5.343917205259905359e+02
-1.272677342176509910e+03
-4.431339834579730450e+02
-8.911372714268765094e+02
-1.553395750129577209e+03
-1.525575856585552685e+02
1.654453202473954150e+02
-4.582305024279792178e+02
5.255328443278340274e+02
-1.695924340848797328e+03
1.814454004331574197e+03
2.171145473382858029e+02
7.283890768510439102e+02
4.214177905862212015e+02
2.471579132593944337e+02
-1.424200981951737504e+03
-2.868898178409673960e+02
1.511562907526466972e+02
9.623272871267292885e+02
-3.654039681015232759e+02
6.114173792173367019e+02
1.171386611157874086e+03
-1.022060901015205587e+02
-3.337929169025980514e+02
3.609216622685362381e+02
2.926179542523687473e+02
4.107028635263092156e+02
1.148085131999111184e+02
-1.084339740466582640e+02
2.067911730257246177e+02
2.839049923390564345e+02
-7.650640438894165527e+02
2.656472010605105538e+02
-8.237971330916867885e+01
-9.192298281771017798e+01
-6.049505513576442581e+02
1.714701633494648547e+02
5.350100018848330592e+02
9.390782877570264020e+01
4.051704963871438281e+02
1.853575425652203421e+02
-3.844488977121135918e+02
2.829622031962609867e+02
-1.580347671174197046e+02
1.597270474193661869e+02
5.248800529410486888e+02
3.138779863685197142e+02
-2.523945764175696524e+02
-2.152677278197456587e+02
5.652247045381599264e+02
2.302924485476334553e+02
-1.810215237158591250e+01
2.511776316056396468e+02
3.087868074175786433e+02
-3.482796547853297398e+02
2.400223006399502594e+02
2.513291975790293407e+02
-4.076299648281874966e+02
2.936341288523930189e+02
-1.892044469277391228e+00
-1.975005777014349917e+02
-3.429155549167805361e+01
-4.534740843252992093e+00
8.853829273198307703e+01
-2.641904611371926137e+01
-1.036974186203828623e+02
9.115790177743942024e+01
-1.829727030298229806e+02
-2.892228706442159591e+02
-8.194255698145964573e+01
7.649860349972511813e+02
4.104404506057204003e+02
1.125572666278056602e+02
-1.586769740203979495e+02
-7.362890900019580442e+01
4.310210801882269749e+01
8.781994928993057670e+01
1.547062597119735301e+02
-2.585883315974683114e+02
-1.840346192236043237e+02
-1.392431833956452465e+02
1.836071736438217954e+02
4.770942175917648598e+01
1.275043320881488711e+02
2.794756486709912906e+02
5.683598595868014769e+01
-3.171471172364973086e+02
-3.759691818845850548e+02
1.931979757735415717e+02
1.972504550143846416e+02
2.381219239443201161e+02
2.692419335132809692e+02
8.898235078277755861e+01
2.947899792706085123e+02
1.109224850174730790e+02
3.169498956571744088e+02
6.892579784851474756e+01
1.231271318328657856e+02
1.808743233155294377e+02
-1.127233915083644149e+02
-6.340890412298877266e+01
-1.524696644140265676e+02
2.796342604044696145e+01
2.317727315512202324e+02
-1.140951559093207237e+02
-1.341281213098327818e+01
4.107011538003414586e+01
7.757814869916461475e+01
1.188877427574840198e+02
-3.055126897236173704e+02
-3.681265151695236568e+02
4.136470733108856024e+01
-1.319047201791355235e+02
-3.038981987794297766e+02
2.627177308314293782e+02
-7.493080201779841332e+01
1.865668684016678753e+02
1.779913457941940464e+02
8.641319952553060091e+01
5.031570829428146041e+00
5.790452935450738181e+01
-1.832668471373151533e+02
-1.681844196252060328e+02
-6.354155282094325230e+00
1.036495375904192571e+02
4.266010829174465613e+01
1.315432775925777662e+02
4.923157071599028711e+01
-7.953587505893021614e+01
9.174599314725361054e+00
-7.577489333281576478e+01
-4.849100637743219977e+01
-2.102053907930820031e+01
-7.469978848868397847e+01
-1.236911396592416708e+02
5.768635554720103897e+01
-1.054304277615155030e+02
-7.682200030107480870e+01
2.406003789219439284e+02
5.038907328205920777e+01
-2.176988452832098062e+02
-2.686586299351597873e+01
6.423028531363819127e+01
5.524729664482546809e+01
-5.294500527048533201e+01
5.618987853218784068e+01
7.663448662986442628e+01
-1.146763304115393538e+02
1.780324414644362108e+01
3.081590732498629848e+01
-9.479829305839083986e+01
6.872351192826248223e+01
-1.119095815671598757e+02
-2.336433915568749455e+02
-1.473078396068331131e+02
3.695075990035720537e+01
-1.694547768161945811e+01
3.730059662074937421e+01
4.362593073674783994e+01
1.136147196543599733e+02
-5.920784009299048734e+01
-6.650656295662999540e+00
3.069642403315050672e+01
5.521381455927289039e+01
-4.116966688323066137e+01
8.813300138753634716e-01
-4.564841450391313771e+01
2.461207167608069568e+01
-1.276861362667802382e+02
-2.540027634849943095e+00
8.238004043012573163e+01
5.804091342067794557e+01
-7.339296190472839498e+01
-8.844947772481084769e+01
-9.011476443958950711e+01
-1.349305648917571432e+02
-4.580949018800043682e+00
1.476473347460250807e+02
8.208629110077617952e+01
6.435144716418093935e+01
-3.639607614060431207e+00
-6.656223977673255376e+01
-4.465501264196660713e+01
9.405626048758138325e+01
2.893420313080534001e+01
4.389470614140935112e+01
6.242783770408698985e+01
-2.588691926081234129e+01
3.752726384241083513e-01
-1.821414109127915708e+02
-1.300663288361585046e+01
7.610739224331464925e+01
-3.642133499201953128e+01
-6.102177643208030844e+01
1.012517539993515072e+02
-9.458384356601365539e+01
1.110379765913533561e+02
5.207044763774624663e+00
9.385998815137012841e+00
8.785508946265283114e+00
3.613648962597475389e+01
-3.417949218532929478e+01
-3.684887229833780697e+00
-4.856894795752818794e+01
-3.116249296712405581e+01
-4.568844258645190948e+00
-5.218777762161725065e+01
-2.004333570450642696e+02
-6.413287802358391332e+01
5.380704428819341523e+00
-1.087298550326942888e+02
1.691037098078524181e+01
-9.719073468079764666e+01
-3.463995113441631446e+01
-4.328632248435523167e+01
9.303741860138131869e+01
3.482939114401703051e+01
1.690794824143058577e+02
1.225384286771411126e+02
7.163058802077879150e+00
-2.829122597621952906e+01
-2.996015762296404716e+01
3.607099463275345386e+01
-1.046016840360988169e+02
6.379745053904825625e+01
1.180146928249972262e+02
1.020905503093499789e+02
7.530162071570778437e+01
3.763941250198026012e+01
-8.727936918126123089e+01
2.104699754210886198e+01
-5.989191227441234133e+01
-4.140986084811436285e+01
4.430275516200279640e+01
1.056090406500095469e+02
-3.947515866181785782e+01
1.030894058052994637e+02
6.271641854391641857e+01
1.444668419591286579e+02
-2.742924376794062979e+01
-1.908263017874972718e+02
4.346588512100392165e+01
-4.761356805060314201e+01
2.106239347435603548e+01
1.048517039247154798e+02
8.676783340350461060e+00
-1.500550338259768779e+01
2.438166448457810276e+01
-2.626134430293301492e+01
-2.522379453351099343e+01
-6.176768405278087926e+01
7.119765604991805219e+01
3.824367609855465133e+01
-3.889311654062964863e+01
3.916777146460175629e+01
3.888743105683418122e+01
-2.472191194563658811e+01
6.376893532596200487e+01
-1.586122269717772504e+01
-6.357733774736588295e+00
-1.124409103311656466e+01
-1.584177298688521773e+01
1.408667817686036017e+01
2.575133919450737352e+01
-7.175866385686008186e+01
6.080068168415991181e+01
7.746786729287966011e+01
-4.728450923813312556e+01
-1.595143981026127911e+01
5.063110673544188955e+01
-5.313353940333266223e+01
2.863249807451564521e+01
-1.550235738996136980e+01
1.808197801475814259e+01
4.715240692206256767e+01
4.853154723293511807e+01
7.628219977783848549e+01
-2.959741063283250639e+01
-1.108146588442666847e+01
3.646176196928782076e+01
-1.388838785482287541e+01
-1.891603999019393356e+01
2.320780918209247901e+01
3.658360520638139946e+01
