-2.959771306024735168e+03
5.198968994322844082e+03
-3.986428290090310043e+02
-4.656402560805317989e+03
-3.027619919808494231e+01
1.871820893965603716e+02
-3.720689845125641568e+02
2.438887065328015524e+03
1.897103276709525232e+02
-1.301481040711300238e+03
-3.060656769038292850e+02
1.239132996894368119e+02
2.662510824340383806e+02
-8.343005975636048106e+02
1.357468722490905748e+03
-3.169349111766875353e+02
-2.467872601256059966e+02
-8.825940674722066888e+02
-2.760109238910467866e+02
9.513598464415531453e+02
-8.915691715292421122e+02
-1.239341854011009218e+03
1.018767504601202631e+03
-1.184486300878580323e+03
-9.725577422972838804e+02
-6.356150352746012686e+02
-2.080673725460579817e+02
9.097377482662782313e+02
-1.777578913605408388e+03
-9.727496189959600770e+02
2.008710846165260477e+02
-1.273803261301270368e+03
-8.492636896353628799e+02
-3.111323568952254845e+02
5.606637607167619990e+02
8.286362090346119658e+02
9.486992833358118560e+02
-3.760806552512793814e+02
1.543760067333702182e+03
-7.497042524474982201e+02
-3.508913832127186652e+02
1.136469800194104778e+02
-1.709238714154149408e+00
-8.503113185178431195e+02
-7.667220046193202165e+01
-7.793561835224642209e+02
1.180690283968168842e+03
1.521413857720431224e+03
3.104035931341341552e+02
6.264889694997795004e+02
-6.426866071363854189e+02
1.421946123940948610e+02
4.753225223847090319e+02
-5.365568116314252620e+02
6.739716658636931470e+02
1.993971285033964875e+02
-4.533584726277479859e+01
1.902854960438410785e+02
8.223430296315429189e+01
5.687954855273073917e+02
2.795354492930274546e+02
-2.727686537425211100e+02
1.194923230393206040e+03
-3.404420050117074652e+02
1.272923766172143360e+03
2.129427134707198910e+00
2.639370910518073856e+02
-2.566324719519413833e+01
4.520672230981370490e+02
-7.294214150147492148e+01
3.507541577741534411e+02
2.346466539216896479e+02
1.197223388307785115e+02
6.801465649297503546e+01
-8.468780196610468920e+02
-4.461656584887838051e+01
-5.046951223963216648e+02
5.624418457665444748e+02
2.047510442299058582e+02
-9.220247390514472272e+02
4.357009657415011361e+02
3.135788253759515669e+02
7.302637908505037956e+01
-7.039018274888462656e+02
-2.176650973184682414e+02
2.345932485396227207e+02
5.547330935936538054e+01
-2.011470546382308839e+02
-2.696233159288740353e+02
-2.434038657252020244e+02
-4.705402068865488445e+02
2.989553410052159848e+02
-6.959332440455341384e+01
-1.233571670280823440e+02
-1.055758255411155204e+02
-1.585272630564399208e+02
-1.169228261573810528e+02
-2.854093663227220645e+02
-1.177950944645260876e+02
2.200952136863505189e+02
8.563530939897104872e+02
8.018907054674903634e+01
1.164816217618394631e+02
-3.156917029217465256e+02
1.877940799807053907e+02
-6.489922666944917182e+02
-2.151179938390279460e+02
-3.591143596901321189e+01
8.907846715300736662e+01
-4.475850177210272562e+01
-2.320828758302924086e+02
-4.920343376304948606e+02
-6.184239411747448685e+02
2.336684855496324786e+01
-6.326722326320031442e+01
1.714751608286979945e+02
1.814120120856327034e+01
-7.520272012169735376e+01
-2.411465179473978822e+02
8.228997772401394286e+02
4.035365771094611773e+02
6.920560927508334998e+02
3.673063635365662094e+02
4.110328818033036669e+02
3.255606226885517458e+02
-8.263392957790472337e+01
-5.767537562886045635e+02
3.730891536243395876e+02
6.817725641170950439e+02
1.406209572298824639e+02
-4.570726671698817540e+02
1.510587591552938193e+03
-3.931643852186990102e+02
-1.940524362421753040e+02
4.291142273129102591e+02
7.838538303566548393e+01
-5.297310691844620578e+01
-1.871163025655862953e+02
1.577410085487947811e+02
1.344451049642069336e+02
1.543375333930397630e+02
-1.453551808238477179e+02
6.133135080473558673e+02
1.694520760755028732e+02
5.637457808280789777e+02
-1.396599445686644003e+02
-4.383660658569596649e+02
6.299080745727987818e+01
7.184935386774236576e+02
3.424480504939653258e+01
3.934696253335299616e+02
-1.341925397273011811e+02
1.882701863073511390e+02
1.421839915061913473e+02
-2.021452193113917417e+02
2.459404580090372150e+01
2.814189227409416389e+02
4.919218152337419951e+02
-2.205305930852965446e+02
-7.995616419739567391e+02
5.660594723312730139e+02
1.177744054902313842e+01
3.656331816208919463e+02
-2.728860908345855023e+02
1.230691441439086020e+02
1.628946051016578167e+01
2.034130374251623437e+02
4.036111495826591522e+02
2.120722410117137997e+02
4.644707859292307717e+02
2.093729648416275211e+02
-5.857285007535047043e+02
-5.907135793542736337e+02
-2.590428299268673982e+02
-3.321318432408121879e+01
5.803033520894412050e+02
2.093442534100409773e+02
1.199428775722706746e+02
-4.406341300239515135e+01
-4.293339480907187635e+02
1.685549917422383430e+02
-5.895480708089580446e+01
2.960396902769973622e+02
4.568636225639023110e+02
2.938682932436018973e+02
-3.516709420373676949e+02
3.056006327577228490e+02
-1.045915689396983197e+02
-5.617304808639371458e+02
3.096998011847495036e+02
2.254541132926545117e+02
-1.052922337320182464e+02
-3.452953026816427382e+02
-3.985850288979918901e+02
1.098472043109002811e+02
-6.891779717709162867e+01
-5.127085536521914264e+02
1.988634834715526267e+02
5.265983941305711369e+01
-2.026603213621883626e+01
-2.081130283562885097e+02
-1.038062226141139774e+02
8.392471878279951625e+02
-9.250447757827592454e+01
-3.946846457091792360e+01
-1.832065671976909584e+02
-3.017883270778504539e+02
-7.183923167545163135e-01
-2.741065209985314368e+02
3.505341970015938386e+02
-3.391781838562265534e+02
2.317315883095686786e+02
-1.618817457209795236e+02
-5.992536958873134267e+01
-2.371716094028673183e+02
2.675214424454444497e+02
-5.972058876815992079e+01
4.973240300072599496e+01
-5.240258684784353136e+02
2.338768826618034495e+02
-7.690856222007438419e+02
4.230843013497996452e+01
-5.422058173964110210e+02
-2.929377191908802729e+02
-8.128720632588252215e+01
-7.555985601012641837e+02
-6.677135136776566924e+02
-2.649137596874645624e+02
-1.414634422523796502e+02
-2.164349847586151441e+02
-2.272889644287573105e+02
-6.899447349981960542e+01
-2.048676909981332130e+02
-3.881002147320347149e+02
8.076091444615799730e+01
-2.059316077865653938e+01
-4.154795455459542950e+02
2.641123492872034006e+01
-1.403560062369831201e+02
2.280938815343402268e+02
-7.247223197303742204e+00
-1.918550903841319766e+00
-5.045846354294291132e+02
-6.089429967737062270e+02
1.841672175421178110e+02
2.192599597993157374e+02
-2.947700819780865800e+02
-3.079680248200460255e+02
-3.160808331309227697e+02
5.869293283002654960e+01
4.568705883845740345e+02
4.016655957084797706e+02
5.985703481410808990e+02
2.979858477842349629e+01
2.735044096845129502e+02
1.829525247107085590e+02
8.376657879510601390e+01
5.697707983257197384e+01
-4.684227182674405867e+02
2.897735384070742839e+02
1.203815755095146756e+02
9.551806889839544112e+01
-2.088132361042068226e+02
3.172850568547176522e+02
6.862272866616005729e+01
2.377801071699761621e+02
1.586727551045912321e+02
5.138399327554499223e+02
-8.993993834938197551e+01
1.192602736851675438e+01
1.558708253076054540e+01
1.462743561291642038e+02
7.060967370165144530e+01
-4.429861939349859199e+02
1.501019562643453469e+02
6.622773127416064654e+01
9.702568715804615351e+01
1.991433328781923251e+02
-3.090923618273357647e+02
-9.764425493919671339e+01
-5.618326688352608471e+02
4.088352291749404799e+02
-1.254502743587221580e+01
2.006920019263468475e+02
5.107586265966162387e+01
-7.095243977592983242e+01
1.730680329163081694e+02
5.061497631851860080e-01
-2.721663344602883399e+02
8.873946947180657219e+01
-1.834289593493462576e+02
1.315499937861454782e+02
7.148262387685964825e+01
-6.749875249136954380e+01
1.287630590311624985e+02
6.805170001019340020e+01
-2.452171494912226137e+02
1.768606270574285588e+02
-3.594464280797376432e+02
5.705906431398862111e+01
