2.316743754119369896e+03
-5.630703375064347711e+03
5.383787035936875327e+03
-3.887281592714194176e+03
5.303903670340157532e+02
-2.893630961453114651e+03
9.444942148203869010e+02
7.964593314679248124e+02
-1.726549790444923474e+03
2.794316766193185231e+03
1.252006578675881656e+03
-3.056397238525340072e+03
-2.223121998926286324e+03
1.894167725271004201e+03
1.539962337668013561e+03
-5.478600115109454549e+01
-1.548136836768732337e+03
1.202097468671885053e+03
8.965457423784823732e+02
1.881463638499355284e+03
1.854807846786453410e+03
8.338103265312173562e+02
-1.095347655591565854e+03
-9.180097441236808891e+02
1.809311701636205498e+03
2.749955076727543656e+03
-1.940430510859166134e+03
8.992478367218735968e+01
5.559000942010256949e+02
2.568996378136224848e+03
-2.708628774139212965e+03
2.656097108370557862e+02
-1.179819969992398910e+03
-7.345342564417957192e+02
-8.895941967890780688e+02
4.066028160729605361e+02
2.727080248647364897e+03
1.555701983882478544e+03
-9.137333494984176241e+02
2.808506992295284590e+02
2.679556576495996865e+02
1.735534993420224055e+02
-5.155787690794842320e+02
1.758985054658819536e+01
-5.469838266945316718e+02
2.557013211018621860e+03
-4.656545830139554027e+02
2.420183779879082238e+02
7.487718231647417042e+02
6.855566039046483411e+02
4.256112851026519195e+01
5.018087278221053680e+02
-9.138570097784087238e+02
1.058419967343786766e+03
4.076216761254958101e+02
1.670437214861589155e+03
7.919561926385239303e+02
1.322201195114176699e+03
-9.706877843991543386e+02
-7.193269341485436144e+02
-6.718041985433992522e+02
-1.139979588281835504e+03
5.779167361575579207e+02
-1.008374987972717065e+02
-8.753404317022388170e+01
9.268090521331845366e+02
1.418732999675352858e+03
1.158226760621269477e+03
7.953033756628399260e+02
8.421919812242050511e+02
8.117980493181238444e+02
1.502926135000153636e+03
8.425694149992123130e+02
8.026633970485255531e+02
6.009259783239696162e+02
-1.212100292504019080e+03
6.501621024561545710e+02
-1.479829330314685478e+02
5.469049901262542335e+02
-6.080234293155173191e+02
7.110685353768019468e+02
5.426056721630635593e+02
6.924173708048607523e+02
1.050690979280923329e+03
4.843559607792926727e+02
4.909017775523151954e+02
-1.371608706195702553e+03
-1.758391896818285147e+02
-9.489038803201528935e+02
3.888805823841814231e+02
1.635995528683824602e+02
-7.797436735069902625e+01
-4.811166058477612069e+02
-4.030128303515912762e+02
1.002663973255495989e+03
-1.341715345712148633e+02
-5.654693052284463306e+01
8.171869706948011753e+02
1.145570441247868985e+02
-2.282337028004528179e+02
3.902124823590459073e+02
4.215620546957943020e+02
-7.103043039077541643e+00
-1.757491903118032894e+02
-2.599945032805956089e+02
-2.363393266370146648e+02
-4.218803592413766523e+02
-6.193336194482072870e+02
-4.107341696869659700e+02
5.228809028419302649e+02
-3.057570101168316796e+02
-6.227271137713105418e+02
-5.697736676438989889e+02
-4.872608517160920769e+02
-3.375171657645731926e+01
-4.416251554743803922e+02
-7.573844251037355662e+02
-9.123717234574588701e+02
-5.025912198961171384e+02
2.951026333862281490e+02
4.412529531311902247e+02
2.266962317857923495e+02
-3.075377999662224511e+02
5.175604519252938474e+01
6.273753193480187065e+02
5.109447079566678553e+02
-1.554200286253110335e+02
1.704177112661249680e+02
4.902013013728269470e+02
2.193818185811115313e+02
3.098715099701339568e+02
-2.942706139999591031e+01
-5.234250457208141825e+02
5.205431799912731776e+02
7.650879661156698148e+02
-2.754873960604325021e+02
1.363890004708244135e+02
-4.177805755556181566e+02
1.329087241327058848e+02
6.733918567104759632e+02
-4.239120961552516746e+02
7.881068194804039706e+01
7.672646744207073652e+02
3.733564148028737151e+01
-4.463768882716400412e+02
3.911272891159378560e+02
1.795176879810207424e+02
1.292345664532778926e+02
3.650830591703280561e+02
-2.329028678089693756e+02
2.565565889332998495e+02
1.349835544700670198e+02
1.538740162300265695e+02
-3.645594039968580660e+02
-5.353881155797537303e+02
-4.037864861217827865e+02
-1.144553919726645574e+02
7.999139087126542336e+01
3.241269100627976627e+02
-2.580383808367158167e+02
1.461055636668256454e+02
-1.386094485741986659e+02
-1.612729951912871798e+02
2.412460621519001620e+02
-4.793611944143066808e+02
-2.362022934747585339e+02
-5.132725169245675545e+01
-1.792267787552206642e+02
6.500937025322602381e+01
-3.681336272273053112e+01
5.836567515841711895e+01
2.916999417113632376e+02
4.256978824720508783e+02
-1.164202716780984446e+02
-3.864891990708199501e+02
1.673478667249181058e+02
-8.552937885283872887e+00
-2.970950569077646364e+01
-5.395875541568049130e+02
-2.511567808371923434e+02
5.178426853507945680e+02
-1.007648340326486647e+02
2.663164939334239989e+02
1.441501502252296696e+01
2.118276328844894181e+02
-3.767097073272365151e+02
-1.833130789698555363e+00
1.054139301364485704e+02
-6.606326447063565865e+01
-1.751297987121924677e+02
6.430414180462187801e+01
-2.660626018827229018e+02
1.416590766619998476e+02
-9.803325119850815383e+01
-1.297036930392281917e+01
-2.646911307873927512e+02
-2.044653879141895345e+02
-5.097167589394297806e+02
1.297894254951311552e+02
3.826582677651038580e+02
-1.496252170484555677e+02
7.204425732401493754e+00
8.972178565586098102e+02
1.201863020005606302e+02
3.182599326972904707e-01
-3.225172081101291042e+02
-5.978987957076709847e+01
1.461523549285643924e+02
2.979748644636213157e+02
5.999607169447216393e+01
-6.657694569372618787e+01
5.673274978155002657e+01
-3.265951836760140168e+02
3.062596814739351885e+02
-4.615285246832907973e+01
-3.820064562526835061e+01
1.322379865860858672e+02
2.703396982821010965e+02
-4.115905446152656282e+02
-4.308261653811483711e+02
-9.410309353763076956e+01
2.107925692656181980e+02
-2.651951193187429112e+02
-2.231846816659229091e+02
-1.480956784203119128e+02
-1.453316707410836841e+02
-4.365452326428784602e+01
2.178065289001938254e+02
8.264976881628402339e+01
8.364010152214835614e+01
-8.630930893829624040e+01
-1.850774791671893382e+01
-3.102198222367519520e+02
8.433313822247828284e+01
-9.080570391530123686e+01
-1.868982445155191385e+02
-2.210121494451596220e+02
3.345556566916650922e+02
-2.841065230024312314e+02
-1.898264584246477966e+02
1.057086739455592692e+02
2.796197794693377432e+02
-2.409718321658792490e+02
2.360402996156702926e+01
-1.641014394407506529e+02
-9.585310190420260312e+01
6.006414301412367962e+01
-7.497757372030337208e+00
-3.425130987379434799e+01
9.167017318961930528e+01
2.094620894715152133e+02
3.808505766106384840e+02
-4.838523081514183133e+01
-3.144478272369453862e+02
7.642011098006184966e+01
5.349875479448309790e+01
-2.744574307125377004e+02
6.060179789554047858e+01
1.547904316188843410e+01
4.761557396104215911e+01
2.250317749905507299e+02
1.480420217011649129e+02
-1.672455076132833085e+02
-1.601336936154548027e+02
4.191085711583920101e+02
2.815319638530459088e+02
5.521828040778327704e+02
-1.973110700718484622e+02
-2.004561377190735811e+02
-3.861789403956392448e+02
-1.571959233714389939e+02
-1.009422170833105383e+02
2.156124073392891773e+02
2.956963618885527012e+02
6.507119210384301766e+01
1.951177784878065324e+02
2.201120267648369975e+02
1.084625867686934697e+01
1.797359495841063222e+02
-2.305951559280033791e+01
5.518706345310953765e+01
1.339474189137171152e+02
-8.584700784337973900e+00
2.675384424901479861e+02
-9.785087087392462024e+00
2.548126611526286069e+02
-9.515577558901009070e+01
2.619889531591053924e+02
-2.986703031594299063e+01
2.129231678916492569e+02
3.848792577938262980e+02
-5.520746215703484694e+01
1.363975069871899564e+02
-1.565575652237624382e+01
-2.546756791182949655e+02
-9.601413644486981980e+01
-1.429249452326227185e+02
-9.879550846742378667e+01
-8.368115642889038952e+01
4.654541423149199773e+02
