-3.679109450677406585e+03
4.064234199336842721e+03
-7.525081504196958804e+02
2.408852587419906115e+02
3.527374402950330932e+03
2.596760520351866944e+03
7.339400288411819702e+02
8.579980588136895676e+02
-2.269821418177716168e+03
1.186601005643185999e+03
-2.349265015521807982e+03
-8.183601907848745896e+02
-1.717635665828854826e+03
-1.705891014668712160e+03
1.406193669558615056e+03
1.925354807228918844e+03
1.523935186575337184e+02
-5.205547747138512449e+01
-1.144829795940024830e+01
9.200469825936652342e+02
1.492254014272990617e+02
-1.373561561927768707e+03
-5.070322752660717924e+02
1.695673062295971022e+03
-3.033114805247824730e+00
-1.573327540307685126e+02
3.905555048566548066e+02
-1.181476897712532264e+03
-8.227905325345316214e+02
-4.944863933851805768e+02
-2.162721272804334092e+02
-6.034630989614320242e+02
-2.136012258703596842e+02
7.956852123248090436e+01
2.196895778633372061e+02
7.390455111475914691e+02
-7.469963438051594551e+01
3.810226320537476141e+01
-5.255810559233442518e+02
-2.962011485297611557e+02
6.071370010344356842e+02
-5.378442275376571615e+02
2.436934517123077626e+01
-4.588010100830372267e+02
1.767008801419709698e+02
1.066421422728619518e+03
-5.513939477605179036e+02
7.020820269603930228e+02
-8.050433918078713305e+02
-3.948930521861397551e+02
-2.287769611575835427e+01
5.768701485215797220e+02
-1.361304772321752807e+02
1.215301739166579580e+02
9.516186159995254457e+01
-8.466138455604001365e+02
3.499709222612124790e+02
-2.257407938158458904e+01
-1.270322297118194825e+02
1.430770837571692255e+03
5.342124716413185297e+02
-6.846553332734177957e+02
-7.653332648198805828e+02
2.031510928949356014e+02
-2.020393060450692957e+01
-7.640070369181753449e+02
-3.935787892439955726e+02
-5.499432295931169392e+02
-6.516474163873082261e+02
3.886420230839274836e+02
7.291340672113814492e+01
-4.981454423629983808e+02
-2.632888307550314835e+02
3.525990961190998405e+02
9.835342123075356824e+00
1.102530409370921376e+02
-7.548267901761387577e+01
1.378186366155001963e+02
-3.617841247601259624e+02
-2.192210414262326879e+02
-4.410563708525642710e+02
-2.350709473822978737e+02
4.562687433554109475e+02
-1.416671010660460581e+02
1.816162689090680260e+02
2.369085524909670823e+02
-7.712154908991590219e+01
8.442093435719807815e+01
1.321912899912661317e+02
-1.030083265336266152e+02
2.851243973157522191e+02
2.566853909300023702e+02
-1.519736687057290681e+02
7.647067561641047462e+01
-3.867495102425914411e+02
-4.197695127935919572e+02
-4.203765286946788393e+01
-3.880364808907925180e+02
2.086952112520218918e+02
-7.945918851145986395e+00
1.404300162200378850e+02
-3.076508503893564352e+02
3.740449575539591933e+02
-7.443913523417953684e+02
2.847538612737903350e+02
1.614613122661144473e+02
-7.138873242923425622e+00
8.582066087092978535e+01
1.584469366290439609e+02
-7.318832357218322926e+00
2.610300095493217327e+02
1.421658358606507591e+02
-2.609589130314737560e+01
2.503224077443870499e+02
1.332902808368631327e+02
4.269735460835700103e+00
-1.305515887034861748e+02
-3.341964982255375958e+02
-1.501842296827391579e+02
-1.050990188644296239e+02
4.245298914618116370e+00
2.328418793990352640e+02
-1.442808202302050518e+02
-2.980497215109318176e+01
5.220674311091175213e+01
-1.212621955478266926e+02
1.328070656594640866e+02
1.012209584423126429e+01
-2.116275428130834655e+02
1.453563511057286632e+02
3.071145300727449126e+02
3.303476924650977935e+02
-2.282206639439493756e+02
-7.215676647794140308e+01
-1.579520390131073952e+02
-6.223390663286359370e+01
-7.763633087972321789e+01
-1.620488656362892641e+02
-1.495166132848683276e+02
1.351833234878048415e+02
8.729814436182276438e+01
1.942032072572700088e+02
1.858151865865570187e+02
-1.124382255326131599e+02
1.503546906731891966e+02
5.341820811362018695e+00
2.973624745480045917e+01
5.857556761875898843e+01
-1.060063284119072478e+02
5.580245435613121430e+01
1.815050684436536415e+02
9.286855830049887572e+00
5.713182054267940657e+01
-7.556331267010446595e+01
1.066661080336181868e+02
-4.552785150260866089e+02
-3.431489732449635621e+00
9.930098477047134509e+01
6.795223695582646428e+01
-1.609689830381584486e+01
1.550627763079019132e+02
-2.224880279752225363e+02
1.474270706026525772e+02
-9.224182301123498462e+00
2.343159447801131137e+02
-1.310544301865161856e+02
-9.822229406370612992e+01
7.589762749098504457e+01
-4.773264083309742034e+01
-1.412320490504282020e+02
-2.279599757488234957e+01
-2.951405471634339150e+01
9.544118079839792657e+00
1.068668893361635384e+02
3.544459172044995654e+01
1.075245077860821752e+01
-9.439971573001437832e+01
-2.070182239011333181e+01
7.680627429048487897e+01
1.227984051326997132e+02
-1.048252943782475057e+02
5.862656659239199541e+01
-1.903589994001825403e+02
1.102284949588760981e+02
7.226689473148610432e+01
7.912528979712853072e+01
-1.233802445616788077e+02
2.211165602508106076e+01
-7.977021980432182602e+01
-8.747841357681424768e+01
2.144643310196035770e+02
3.533864861359383269e+01
-2.194228539064867434e+01
-2.768071839274255819e+00
4.444523263461029605e-02
2.585098656505275017e+01
1.500193293633186009e+01
-2.718965369879417153e+02
-1.686717464666253719e+01
-1.090746894706956311e+02
-3.233395244245242139e+01
-1.549791015754271939e+02
-1.539768025782395853e+02
-6.142531254631490611e+01
-1.525147387813745468e+02
1.970562080534266514e+00
-1.983195488874546086e+01
-1.034152770202803566e+02
-7.626856116722521506e+01
1.665037814197432908e+02
-2.831290272130079302e+02
8.560918774946121346e+01
-1.997217560761064306e+02
1.523527551346510336e+02
1.087861792556980411e+01
-4.564012235024619457e+01
4.701958913803644435e+01
-2.823285250559272086e+01
1.573086892621888211e+01
-1.913748359579308556e+01
1.429235822964779246e+01
-1.661081518110806599e+01
3.251169267729800083e+01
5.406593726716997139e+01
2.261609325781178725e+01
-5.495171566385522510e+01
-1.465587703850268895e+02
-1.066406018404023115e+02
7.032618928526039781e+01
9.368959279699454612e+01
-5.990752524222946818e+01
5.254004586587344505e+01
1.520371808272239207e+02
5.211155195878083646e+01
-1.214270563307893838e+02
7.723352149729455496e-01
-1.107146413574272827e+02
-2.302690449299942088e+01
8.516114049984777523e+01
3.511669449986496971e+01
1.775758957800344433e+02
-4.783574671033182568e+00
2.366211753462168232e+01
-3.958144338437429610e+01
-4.477171586784731261e+01
-6.070694342235449881e+01
7.483927573160393365e+01
3.034457377816336532e+01
-2.309067764341600437e+00
5.088150808118453483e+01
7.569318413985971006e+01
2.288359288217391452e+01
1.219349033318514870e+02
-1.150385855962203721e+02
7.823260694066270560e+01
-5.972597939794233923e+01
-1.289030392237413594e+02
1.358819339042265995e+02
1.505379496194222533e+01
-4.896452829866362322e+01
6.646475343216269493e+01
-2.265035602294537043e+01
-8.705750911660148006e+01
-2.496235763277592241e+02
-2.119265432871538124e+01
1.715365712546868693e+01
7.343074881494817241e+00
-1.714446128382443746e+01
-1.868726639614192209e+01
9.902342075766648932e+00
-1.143936540197217084e+02
-9.691210305245780887e+01
1.056073157326441390e+02
-6.925892070078990770e+00
-2.291658391934632988e+01
-1.583197334664720017e+02
1.576801289362979119e+01
3.541619606473305026e+01
2.167766036608879432e+01
4.684717916151267758e+01
7.631927002959685069e+00
1.019817835791153193e+01
3.489253807397209073e+01
-1.019660473341235303e+02
-6.456237309327293339e+00
2.040643785485185546e+01
8.683453413877771254e+00
1.028855445754242623e+02
-4.640337953037167296e+01
1.162331468527649747e+02
-2.298111537320303199e+01
-2.912275548561002125e+01
-8.114624844521770797e+01
2.097729332919984913e+01
1.346173793334774302e+02
-1.265835140582404073e+01
8.718387932221588699e+01
-3.183009242706507180e+01
-4.306837297233924744e+01
-3.251083655222753777e+01
