-6.421783741846638804e+02
-4.318035981859678941e+03
-2.312562889369413824e+03
-1.063804202773257430e+03
-1.177769800926344487e+03
3.157142123244234426e+03
-2.025929052759822980e+03
-3.357538815743490431e+03
-1.366167580894997855e+03
-1.661218834958604930e+03
-1.787492043549285199e+03
3.852693919672944503e+03
2.928994996229670505e+03
-5.917928666803055648e+02
-2.869645735212745876e+02
3.504896115831828638e+02
6.551683358650013815e+02
-4.277608911532810794e+02
2.480679538172979335e+02
-1.370156999415263954e+03
1.286521280726258965e+03
-9.140682498593012042e+02
2.084637073130856606e+03
-1.930636188975520781e+03
-1.638952090142084444e+03
-1.721487752195471330e+03
2.095298375389163255e+02
-5.154949316429815553e+02
-3.169666967180433517e+02
-4.320186490490859654e+01
-4.617497197579785393e+02
-1.734963896177351899e+03
6.624354799929064939e+02
1.943048441215378489e+03
1.368628815922249032e+03
2.532522768496780543e+02
6.593705982338327658e+02
7.616697681856981035e+02
1.834119967510050628e+02
-1.720802167646103726e+03
5.310542569913270654e+02
1.431639964851219702e+03
5.519956605239207192e+02
-1.113642626539663524e+03
5.631484111282840104e+02
-1.570206266546031884e+03
1.921727592986675518e+03
3.100367008443713075e+03
1.024836676310878374e+03
1.915505207827463252e+01
-7.443219654534867686e+02
1.474169145209077669e+02
-5.341984212027335843e+02
1.069549198341534066e+03
-1.460954297808194042e+03
-2.007055054808395653e+03
-9.226115347310187644e+02
-7.980141560451094129e+00
-2.621128959301694863e+02
-1.603200756574094839e+03
-3.564456938441995959e+01
-2.139347659729530449e+02
-1.167926331896651817e+02
1.461915640812804895e+03
-8.753578201779748724e+02
-3.572704505026947004e+02
1.706577285146855047e+03
4.257618499366477067e+02
-1.128868355116568637e+03
1.915481331817714761e+02
1.090914170225632006e+03
2.486640831377342522e+02
-5.294275732720311680e+02
-9.785407102297656934e+01
-1.127959819670300874e+02
-4.829530156861299162e+01
-2.366246125519372526e+03
1.705492030942119300e+03
-8.966668824561265865e+02
-1.231273163349535025e+03
3.619880227264184214e+01
6.870350142716119990e+02
7.407032493262013304e+02
8.341278527103310125e+01
-1.427956546278862106e+03
-7.018638104218266562e+02
9.692031729948749899e+02
3.849821896441322906e+02
-4.770217211157711859e+02
3.470057993723191316e+02
1.198351376656050178e+02
-6.656706655120027563e+02
6.765489577993453167e+02
-8.574894952197666953e+02
1.062481131011814597e+02
1.457760618913592623e+02
-7.625038463056040428e+02
-9.247623459348906181e+02
-1.446194640657086893e+03
4.411752459284477901e+00
6.916391466717799403e+02
-2.557303060431771371e+02
1.143527938515121001e+01
1.375577063096205563e+02
1.096891887291026478e+03
-8.578702110782185173e+02
-3.477061055279109496e+02
-1.869551566412558259e+02
3.084746488481433744e+02
5.219845827896632500e+02
5.196302110102092229e+02
-1.075492859133866887e+03
-6.845401984017446466e+02
-8.336623795476879195e+01
3.284460807224332939e+02
-2.775692300429063266e+02
2.427661509144073477e+02
5.657640601362564894e+02
-6.097044871331300442e+01
2.505106459845443112e+02
-3.583710113613947783e+02
3.734501591666191871e+02
-3.616564980701466538e+02
-2.723836005865578045e+02
5.844916623701823966e+01
5.404653936238026546e+01
-4.421019646677123660e+02
-1.379710243067749218e+02
6.314402629472666604e+02
-7.912872573449730851e+01
-4.655503984286557539e+01
9.411555017442307189e+02
-6.174923176124493693e+02
7.435367788284703465e+02
-1.688547207667253929e+02
1.576161936020578764e+02
4.197959265586640640e+02
1.703926452453314937e+02
2.806785909402802304e+02
-5.357250180135712299e+02
3.461195303369517546e+02
6.241080218142705149e+01
4.224990602675364926e+02
2.081263698353495499e+02
-3.642516591136860029e+02
-4.759236823038344255e+02
-7.091954969209036790e+02
7.758320300642341749e+01
3.720871251558671133e+02
-6.912553547581661917e+01
2.915898118989802015e+02
1.493155689676964357e+02
2.990244503029627481e+02
3.619075408890993231e+02
-1.274721882447305319e+02
-2.080513102747607093e+02
-6.227155040275767561e+01
5.052277665319863900e+02
2.264348866625701362e+02
-7.192800544963452012e+02
-3.713609229896749753e+01
-1.267410066713254793e+02
1.423741983498439501e+00
-7.203563052191896077e+02
-1.312228540692830165e+02
-4.483229532636480599e+02
-5.899453912185284032e-01
4.352394697371000234e+02
2.152149712535298534e+02
2.400267409664274396e+02
-1.365653191149997099e+02
-6.771809064107095537e+02
-3.745807662533738380e+02
-4.095037147736737779e+02
-9.389285839747891771e+01
-7.695103357819497170e-01
5.562855815150313532e+01
3.226975724504720233e+01
1.277330122897572409e+02
-9.237655445437390256e+01
3.796323120556178310e+02
-4.028758468753682109e+02
6.858146495000895584e+02
5.135107286664991761e+02
4.303746989466110051e+01
-8.791736557542190189e-01
1.826995190973672436e+02
-4.173460788166620432e+02
3.284679583896189570e+01
1.580446622446167204e+01
-5.483578033147613695e+01
-1.193731262499164529e+02
-2.149036654280656933e+02
-1.031285496803844381e+02
-3.601986890562311032e+02
-1.610374148306541997e+02
-4.459988934622068655e+02
1.883877230288123314e+02
3.664398828003316311e+01
2.200481604308517660e+02
-7.342432871532209049e+01
3.508312033904231839e+02
9.283597012968458557e+02
1.106438556636625350e+02
1.807540489680535245e+02
5.951354406347422810e+01
-2.170281343479829843e+02
-1.991912746900594584e+02
1.137683016385472143e+02
3.114121807180710562e+02
-1.265470503947954768e+02
1.687323252117560202e+01
-2.762382300030980105e+02
1.107405502950697382e+02
-1.671673443123772813e+02
9.407161750256533139e+01
3.541908843856738827e+02
-1.588260950005403345e+02
2.340556812651594853e+01
-4.630756338321368162e+02
-2.055048100718165642e+02
5.167526850587880745e+02
-4.342271103072185383e+02
-3.025078168319004135e+01
3.300477988830767799e+02
-4.433215446154071060e+02
-3.601272660519476858e+02
5.103923521251410023e+01
-1.985625939400941604e+02
-1.785241416769958676e+02
1.092479197333464498e+02
-1.046767097724238909e+02
-5.168582908298669736e+02
4.517362661474059848e+01
-1.966974323279863199e+02
-2.217661773451006013e+00
-6.863626039155454350e+01
7.184900889746134567e+01
-2.415944920653953432e+02
-2.399439496736542594e+02
1.452712714040437731e+02
-4.242642934865634885e+01
-6.365448314370747767e+02
-3.933937317836412717e+02
1.520584304360772876e+02
-1.110195133415665047e+01
-2.000128072000196369e+02
1.308390160285707680e+02
-1.535775538963244458e+02
-4.727257881791443594e+01
5.288783436425624132e+02
4.938193171368981211e+02
3.647280323061825129e+02
-3.030182981026140965e+02
2.651764599739154846e+02
1.374690154979894317e+02
-8.398071241813562438e+01
1.846636172912083040e+01
-1.074707899521669390e+02
3.698436722357219537e+02
-4.582169909360010251e+01
6.479804099430067481e+02
-3.121944032400907645e+02
3.763808277770168615e+02
1.146084193740631179e+02
7.924496615124425603e-01
5.308565516873683237e+02
1.879497311077719246e+02
-1.336783670965153448e+01
-6.444858262083818090e+01
2.852554705600815765e+01
3.185993638986873862e+02
2.360006479374460753e+02
-2.008905607877751436e+02
2.897221281682988092e+01
2.177073644368510372e+02
8.213207549708754129e+01
1.088042515480537844e+02
-3.452008116404343809e+02
-2.031344974481599479e+02
-2.523251025428047001e+02
4.075931314037028983e+02
2.705277795220796406e+02
9.617963450855332042e+01
-7.672374736765859460e+00
2.911166535890757956e+01
3.075210242297199557e+02
1.989850631435298851e+02
-2.771948846724821465e+02
2.296201822440482658e+02
-1.110599457904530709e+02
1.352197601279810328e+02
1.477292592126669319e+02
-1.705120364269322977e+02
1.719957428126744787e+02
4.401344736478966979e+01
-4.657635338518515056e+01
1.105992628789943666e+02
-2.947586465002774503e+02
1.787380958457227678e+02
