4.181274132337850460e+03
-2.691476405599402824e+03
-6.658375201235213581e+01
-2.290147203486469607e+03
-1.866416414502177986e+03
6.392519947618367041e+03
-1.941765381378248549e+03
-1.648201871160780456e+03
-1.466889419763642763e+03
1.335197161599600349e+03
7.502800074055750201e+02
1.983253932797744255e+03
-1.926964275804073395e+03
1.515641605678285089e+02
2.914292155423413533e+03
-2.218106461837448933e+02
1.155658464228431058e+03
-4.594249381359137487e+02
1.129477249519561838e+03
-2.568014060359173982e+03
2.092559923926709871e+03
-1.313826874592572494e+03
-3.694999886937702058e+02
-1.656561558779605548e+03
3.462710470856974325e+02
-2.656747538959231406e+03
2.486313472984725337e+01
-1.337763879565029015e+02
2.457755096974438857e+03
1.141033619511919369e+03
6.044799427650605139e+02
-4.287237849710198248e+02
6.215820862336547634e+02
-5.201533140999320040e+02
1.524536502360908116e+03
1.698818321466305179e+03
3.881551807568841923e+02
-2.166452559845466794e+02
7.791366151535986546e+02
-5.205705684027871030e+02
2.103837751563406187e+02
-4.164398298714262410e+02
1.032949235876322746e+03
-1.863481679477404668e+03
8.152316848506060296e+02
-1.881265507511488295e+03
2.772182035484829044e+02
1.026648474209858023e+03
2.447498769851708005e+02
-6.508567268407830397e+02
6.660133598282051253e+02
2.571235914251813597e+02
-2.726258972317130542e+02
-8.307058300469765300e+02
-8.991999928167358291e+01
-6.120530206803467763e+02
3.842934845781031186e+02
-1.157314099114433930e+03
1.491222395598661876e+02
-4.283813335383065919e+02
1.964795549048213275e+02
-8.809262195116842520e+01
6.840578391040321549e+02
-3.877686848209838217e+02
-2.930800440050904285e+02
1.194065006916170205e+03
3.807981066116346938e+02
-4.440852818734352923e+02
-1.244021108403666886e+02
2.043977737612679562e+02
3.792945953368398477e+02
1.245278900113432599e+02
1.234049972685282341e+02
-2.914905848349359871e+02
-7.457693773655912537e+02
-8.623257225817691562e+01
-2.117789068736750835e+02
2.793505054064291357e+02
5.295092023596722584e+02
-5.463956854334675199e+02
3.265675919212071108e+02
1.255484437633200230e+02
3.520441409392778382e+02
-2.365256606800716952e+02
-5.838360910078438337e+02
-7.327830819419601482e+01
1.092883412515552436e+03
7.755188458906576443e+02
1.991738483487375433e+01
-2.341455497360252593e+02
4.019227771516394228e+02
7.539546171699831802e+02
2.001869692821450428e+02
-2.126042503059369437e+01
4.136060035849163796e+01
8.073100237663516054e+01
-4.851886819218100300e+02
5.333012746062636467e+01
2.268352141449852866e+02
-9.406853307486588278e+01
3.096907272623989229e+02
-2.141316635225784921e+02
-1.405808670001250675e+02
-9.170930042325323939e+02
3.780224696099557491e+01
-6.923150086618669548e+02
2.512727158088420083e+02
-5.789449714395349247e+02
1.766994519635849201e+02
3.331223985403378833e+02
-7.182460543107475814e+02
-4.260802113667973003e+02
-7.232547115695392677e+02
-1.652697942776019033e+02
4.760147775343676813e+01
-3.110941009615883672e+02
-9.112930023712327454e+01
-8.977704812040371962e+01
1.378668042648037613e+02
3.852106930708218897e+02
1.819611042123725042e+02
4.367416702209832238e+02
-5.473287767459088400e+02
2.588341674233071217e+02
-2.492287984483904495e+02
-1.002505667188107452e+02
2.351288818074283071e+01
3.009961614804637975e+02
2.250833311713199691e+02
1.480100101022927959e+02
6.488178050393466378e+01
5.547426860717920363e+02
-3.575963064851841864e+02
2.827225075508766281e+02
1.027748464627278651e+02
-1.416166037827391619e+02
2.376634201215819076e+02
-4.443720822379065112e+02
5.209754245635836334e+00
-1.048111064132932881e+02
-2.955004426220398273e+02
-2.395859550692701703e+02
-8.626379163575583675e+01
4.235724626869060785e+02
9.221459339198113980e+01
1.680124138390653554e+00
-7.802127318444361492e+01
1.105382889445042736e+02
2.445928394368199008e+02
5.275025644248249819e+02
2.810638847387788886e+01
-4.211991727760955087e+02
-4.094530456328834589e+01
4.957512573887905205e+02
2.985103411196943171e+02
-1.105056520721409612e+02
-3.625921618885922726e+01
4.749053097340863587e+02
-7.138584663538763664e+01
-3.432307559638355432e+00
1.706133650439792859e+02
1.357407914737682120e+02
-1.699658060863542346e+02
-7.633278634522942241e+01
-2.518501734135238053e+02
1.248558724794764316e+02
1.439856127788397373e+02
3.978542026044240174e+02
-1.497226161813501619e+02
3.398812976820773546e+00
6.602623470482662071e+01
-3.294830129325731036e+02
-7.625226153945160945e+01
1.814394944888195198e+02
1.423817832947056274e+02
1.366609880405189017e+02
2.255778489040313843e+02
-3.557318374382039678e+02
-5.679070259173669655e+01
-1.312199286158085840e+02
-9.093064070092052020e+01
9.876592825713764512e+01
-5.093023770840680697e+01
6.321138510942263622e+01
2.199697719628459538e+02
-9.654932307055686636e+01
1.273254429376836896e+02
-3.858127981959391661e+01
-5.812939940288965346e+01
3.033729779630919552e+02
1.904585303105211267e+02
-1.710681885953707422e+02
-3.548281797530104882e+02
-9.482846973387421485e+01
3.870950551429164648e+02
-4.071041077579622538e+02
-1.409718606007884318e+02
1.969198176796038524e+02
1.894880371907841834e+02
-1.167526687003520749e+02
1.336415920850131158e+02
2.441157057159703925e+02
6.422424879303380294e+02
-1.063804260416906828e+02
-1.990382564701986041e+02
-8.046617120902620002e+01
-4.759716823004421116e+01
-1.336432450931727089e+02
-2.391909632379777761e+01
4.235243496259890605e+01
-3.373305187169813735e+02
-1.195248938479817866e+02
-8.157020543218746411e+01
-1.202939728211549522e+02
-4.636721943779393484e+01
2.741912474373136774e+02
7.099105164058676110e+01
-1.472804595408245802e+02
-8.366864969591736667e+01
2.647057502680922312e+02
-2.522631115547944489e+02
-2.407976097494778003e+02
-2.401270965715883108e+02
-1.844279111364458004e+02
1.372419867224386394e+02
-3.782655722114225227e+02
-3.822746292188801931e+02
1.359729929095747707e+02
-1.254474009474441090e+02
-8.571855729627226594e+01
-2.271848168274087811e+02
-2.620701260540231914e+01
-3.033800579697037847e+02
4.551749698248087839e+01
1.377286695789115072e+02
-1.292517938246090523e+02
7.541453431962020204e+01
1.028783735532980046e+02
1.764483479476465391e+02
1.646882294220403367e+02
-1.241500273978116837e+02
-1.311646625902616847e+02
-3.506011012969763101e+02
2.727447343653894762e+01
4.888744437177028317e+02
1.035652386906319293e+02
-5.070795808961228346e+01
3.750854667866411063e+01
-8.084122939723765455e+01
1.778691827095867666e+02
2.984926994247224457e+02
1.803748034507339355e+02
1.630842192572356453e+02
1.679722253483237182e+02
-8.982775846612240400e+01
5.174005953229777077e+00
9.481933188256800804e+01
-1.495126491466490677e+02
-1.069801510931331450e+02
6.961479215884074279e+01
-1.989990832008892596e+01
3.962299164352234584e+02
-1.769337891123039128e+02
1.575731837980758314e+02
-3.865801810723672816e+02
2.046187790002192344e+02
2.770270053638843137e+02
4.359284737821897124e+02
2.511469758735889570e+02
1.815720657465985877e+00
1.431544198829281989e+01
1.944890001812138678e+02
-5.804354904258270942e+00
-2.035131988122641644e+01
9.049710812018842887e+01
1.308636518126436101e+02
1.225191616558810210e+02
1.380866969778440705e+02
-1.936568636230706204e+02
2.900690578614031168e+01
-8.831155783315990959e+01
8.992131699874015283e+01
1.269791522068151011e+02
7.852121649159009564e+01
-9.601858593791500596e+01
-9.278518558974931807e+01
1.481425247981598829e+02
-9.963657229800806192e+01
2.407952357456595109e+02
-1.859989747563889466e+02
1.186952878126712676e+02
6.682366279496756079e+01
2.276766975786977980e+02
4.738548910473726750e+01
-9.458580117329820780e+01
9.267869076317118981e+01
-1.075434210015345400e+02
1.208133798211362802e+02
-1.178764425563769151e+02
7.784404082324800811e+01
