-4.061031382672035761e+03
-3.439107444062543436e+03
-2.816277689119418483e+03
4.681871387366964541e+02
6.782402373415117154e+02
6.966442982294064677e+03
-1.569029876047094831e+03
-9.229134339930898250e+02
1.816376931680166251e+02
9.419658465671838030e+02
-3.834151508778329003e+02
9.924803480237715121e+02
4.690953434723731334e+03
-1.092212739596398023e+02
-2.387322321122534049e+03
1.024732301947320138e+03
-3.655726937859686814e+02
-1.059740329238793777e+02
6.119159169281052755e+02
-1.156813336886161778e+03
1.988130769742943471e+02
4.070888195457325196e+02
-1.019671081825512147e+03
6.106498064500339069e+02
-6.137692377590559545e+02
-1.749617833628593360e+02
1.948964497742944673e+02
-4.399513232383881700e+02
-1.330776447565138824e+03
2.350107403043382988e+02
2.562069562495068453e+02
-1.010373509798333430e+03
7.961091004813893051e+02
2.110224132618844237e+02
-1.521281481644013866e+03
8.539893655604964806e+02
-9.116342839979895416e+02
4.363656473603681434e+02
1.207481665917952796e+03
-1.778308145799130216e+03
8.448746663621125208e+01
-3.243582836005950298e+02
5.161102940262762786e+02
-1.722297085894766724e+02
-3.972250717962008935e+02
4.683963343125328027e-01
1.557068479893722042e+03
-1.196702653487484440e+03
-6.372307619197749773e+02
3.263438843735599448e+02
-6.073533032642561693e+02
-1.009400210950519892e+02
-7.939299517614210799e+02
2.073376873470853354e+02
-3.053185266821205914e+02
-3.953221247210676097e+02
-2.500124355411042529e+02
-1.128805448426555586e+03
-9.867704724579746198e+02
-6.984320208652204087e+01
-8.888203360008238860e+02
2.217833680087537971e+02
-1.438173073740408654e+02
4.092888994735940855e+02
5.825372529652106550e+02
-8.284391516017279855e+02
-2.801818550232530356e+02
-7.103088422947409981e+02
4.692021007785056099e+02
6.798253326277109636e+02
7.215330571654898222e+02
-7.971138230801173563e+01
6.577344442721350788e+02
-2.318024224086369429e+02
2.843768645727499234e+02
5.045338237770405385e+02
6.826400915846755879e+02
-1.550870845389841008e+02
4.099451791213077172e+02
2.119318647885224607e+02
6.109166824901562904e+02
-4.900358283272693143e+02
8.593524192954942009e+02
1.488135818935716657e+02
-2.048265707582288542e+01
-4.566195474700205637e+02
6.267296505438617942e+02
1.455299126270126635e+02
-4.625326305786479679e+02
3.063830754191476444e+02
1.169897984005221332e+02
9.995536537276876743e+01
5.115022213995806055e+02
-6.835380022080887841e+01
2.317295063196536375e+02
-1.992412538355854110e+02
-3.663903976627062207e+02
-3.806320458564883893e+02
-1.961921640476302642e+01
-9.796775932217617822e+01
3.171668663389319249e+02
-2.023180172618291124e+02
-2.963285244354210022e+02
3.042568839614751397e+01
-2.707488405712927033e+02
2.072782701833476438e+02
2.430422068648135436e+01
-8.412971381158426709e+01
1.041179874154529870e+02
-3.566962154788171233e+02
4.350866068185695212e+02
-1.664316272295885426e+02
1.042906970072034056e+02
-2.351118825711369311e+02
-9.232277211308495168e+01
2.661187881609161110e+01
-1.355431668341563523e+02
-3.113877037623620936e+02
1.364722467010913931e+02
7.153920279771446644e+01
-1.247084343101920317e-01
2.913710884064149127e+02
-1.695721261583332478e+02
-3.183969463832162319e+02
-1.175074555889051169e+02
2.673586540534574851e+02
4.638613318743258560e+02
-1.662880111137273218e+02
-8.726758560441683699e+01
3.324576853438973103e+02
-2.240592513651306206e+02
-4.953172355862252516e+02
-6.175728621696255516e+01
3.163550650429619395e+02
5.619163557181524311e+02
-2.079154208502980055e+02
-1.271092086932191307e+02
-1.877359053506891087e+02
-1.744316437053062785e+01
2.177013454914374435e+01
-3.051112093826490081e+02
2.951911331577687747e+02
-2.597548218224468428e+02
2.365318134573939801e+01
1.200303629394897484e+02
-6.169981240976314751e+01
-9.662905080676604541e+01
9.534112225756894077e+01
-1.392033499413693107e+02
1.150416221786693995e+02
1.283538684709094646e+01
1.294427306996896903e+02
9.192059561836470039e+01
6.090999566790370068e+01
7.830190260649095535e+01
7.886764240356605171e+01
9.901789224065147721e+01
4.237716210225540294e+02
1.459590325383403098e+01
1.445820729965664668e+02
-1.240331888086287364e+02
-2.231128509312073618e+02
1.987464502028240787e+01
2.615929852889314589e+01
6.419794253314080379e+00
-3.494315551888379900e+02
-2.158174053032723236e+02
2.758749274693084175e+01
-2.435634163626356496e+02
9.073097463764865722e+01
-6.642237135326277020e+00
8.654279536938601325e+01
4.311462208303041166e+01
1.236895567138708296e-01
7.222729480029025240e+01
-1.906103620318974095e+02
2.338848840021147737e+02
-4.396208757327589467e+01
2.425026754405593010e+01
-1.426498437837297217e+02
-1.125337485086559752e+02
-1.206357135733565968e+02
-1.355901284066172607e+01
1.637206684779104648e+02
-3.152482000213504065e+01
-4.689744063453027678e+01
-1.115886623523321788e+02
8.220853715291993069e+01
5.827984649680399798e+01
3.246083869140063882e+01
2.757171685196443889e+01
1.526284604333758068e+02
2.170919093200277814e+02
-3.685154296506363636e+01
1.198604322181274853e+02
-1.357376747738498750e+02
1.433952348285679079e+02
1.720891515255966056e+02
1.446986574605016642e+02
-1.315706135211320316e+02
7.696176220448182903e+01
-1.414382686621588050e+02
-7.546949956658004055e+01
6.123146708774899594e+01
-1.179749620068750886e+02
1.311580912176912079e+02
4.458705832939875080e+01
3.704755193362020549e+01
-2.376811184558792149e+02
-5.602004522871740733e+01
1.498852956410171089e+02
3.053640484144314104e+00
-1.768953849258370781e+02
6.085794302261334110e+01
1.813894672335178768e+02
6.247323537217711475e+01
-5.564293779159238795e+01
-4.788827985907822438e+01
-2.862642038498253427e+01
1.096435090535305257e+01
4.044246156269996106e+01
9.998104370478652925e+01
-1.515111676648326124e+02
-7.541435742008488319e+01
-1.101296335345198116e+02
6.941363283806746054e+00
-3.821419050411370222e+01
6.578574563249414098e+01
-5.159310825843582649e+01
3.880403085471670721e+01
-3.548707293247065309e+01
-8.713268788420566580e+01
-2.426528375477095523e+01
-6.633154546394591478e+01
2.315471465700547427e+01
1.186786268646950759e+02
9.646580891799828805e+01
-6.278872414851270634e+01
-1.991748828873592103e+01
6.031528742277860999e+01
-8.578210754233531077e+01
1.215835950580720670e+01
1.055975673904772947e+02
2.542352294901880043e+02
-7.146054483768101306e+01
2.867537646438772114e+01
1.385830476031017611e+02
2.095434609302857254e+01
1.468955331517249761e+02
1.201635626231608285e+02
-3.818272964840389250e+01
7.573962632712385812e+01
-1.216356842753114442e+01
-8.384858888331804394e+01
-5.724038305597255061e+01
-1.846084758208901633e+01
4.892465976973062425e+01
9.017155207233271597e+01
1.856683951759648821e+01
1.941250885921021307e+01
-4.627429338904716616e+01
2.671359447479936833e+01
-9.196916995464692945e+01
-5.203068878833281019e+01
2.834140309218028264e+01
4.046737075529688354e+01
1.452800975628882796e+01
2.626780872119701016e+01
-4.752167274414374987e+01
-1.493086413896909619e+02
9.747217099003621854e+01
-6.507645340114659405e+01
-1.290555390530624535e+01
4.770447010493424500e+01
8.059979372163191158e+01
4.684026637907275159e+01
-1.223323100436751361e+02
2.250911303315683565e+00
-2.242378069808725893e+00
-5.858118804114452161e+01
-2.483405106056612865e+01
4.037708488762649495e+01
4.430734869027837419e+01
-8.079165505425821792e+00
3.913921273831733316e+01
-9.409440849282268005e+01
1.323338370862878719e+02
-2.820779566539209071e+01
1.137070337895275287e+02
-2.848222075176924051e+01
6.668205571538341303e+01
7.192178138911162932e+01
-1.392133416718525041e+02
8.289817305221113486e+01
6.193055689275942655e+01
-7.492848676719821022e+00
2.326511783883432116e+01
-6.019746677894988096e+01
-5.088296595187538429e+01
6.625474135716034141e+01
