2.151445827592437581e+03
-2.976548077905084938e+03
2.283047146010635970e+03
-3.800349299702249027e+03
1.336223964516922251e+03
4.069150553341871728e+03
-4.894272973423621806e+03
1.304793819752649142e+03
-1.409800674806243251e+03
3.467347951684782856e+03
6.270893313635511959e+02
1.599731759480528410e+02
-1.580322257772579917e+02
8.039086898905020462e+02
1.515746686997672668e+03
-2.386468794339489250e+03
-3.886840540805636692e+02
4.683999288921672814e+02
-1.348469780035234749e+02
5.827522018381694124e+01
1.367255971156915621e+03
2.619299061599007018e+03
-4.023641546518571204e+02
2.627171822779786908e+03
5.284374674798547176e+02
9.305259175744154732e+01
2.591361115566870694e+02
2.955483132567911184e+02
1.399173118537960363e+03
-5.558897797559169476e+02
2.694266692595000450e+02
8.374377336102397749e+02
1.165090083223397244e+02
-2.652235014757412159e+02
1.570405165096688734e+03
-2.182122798921893263e+03
-1.209101106084214280e+03
-3.173472890647447002e+02
7.910136474555818253e+00
8.482103365306256819e+02
-4.272271307556550823e+02
-4.772021740890036057e+01
3.045944043750420178e+02
4.682034474921939591e+02
8.523626292002149967e+02
6.300740711363770288e+02
-8.971730744691454902e+02
-1.506434972649953579e+03
-1.494867389800978117e+02
-5.433301930358976506e+02
1.097097434743340472e+02
7.931119101974676369e+02
6.164947763796706113e+02
-7.025872765576750680e+02
-1.217444561113719374e+03
2.206395104436959400e+02
5.753746017037240108e+02
4.168528467740749193e+02
-1.052479160970366650e+02
-6.286268019471386879e+02
-5.056511563288358388e+02
2.933682982411363014e+02
-1.054801947171314396e+02
-8.082939353937269971e+02
-4.483976456270157769e+02
1.577875422723170686e+02
1.012093636143571644e+03
2.199139004441167344e+02
-1.808983050301958428e+02
-4.414153155740456782e+02
3.966668183118932944e+01
5.669553015839998125e+02
-2.539228067159372770e+01
5.301920548139133871e+02
4.094292130420751619e+02
-2.849397546512397525e+02
9.331067232226091619e+02
-3.202346377609109140e+02
-7.049256047052788290e+02
-2.346754580216819477e+02
1.818193705816721888e+02
-4.040505360768678429e+02
3.054996388525882267e+01
-1.472667846383958761e+02
7.873219100437722773e+02
-2.455932486607460703e+02
-7.166595112647929682e+02
2.191986530687421464e+02
2.213461836994064242e+02
8.422086182264312129e+02
-5.031752798923382102e+02
8.646661327448997270e+01
2.997941312679475701e+01
-2.638747467988706603e+02
7.669970259008178459e+01
-1.537836527895806853e+02
-5.212115294517966504e+02
3.688989887879621392e+02
-9.731482520646254386e+01
3.319221226705128203e+01
1.884867505967158934e+02
6.040334484591171815e+01
8.672117856504345923e+01
-3.968284615169938689e+01
-1.408967548599032398e+02
-1.075950881643725694e+02
-1.677776466356226024e+02
-5.775004728860808001e+01
-1.363658750619498505e+02
-1.237909380639400894e+02
-3.512333040197690934e+02
7.676138543684911610e+02
7.259065083801557421e+02
3.116387863099761013e+00
-2.872234572366947418e+02
6.698270595802070204e+01
1.842824959166547671e+02
-2.987148203789834042e+02
3.353602082242022107e+02
3.242814989528467891e+02
-1.018141365830029912e+02
-1.046587650643984375e+02
-4.200421251866389127e+01
-3.753179625433162414e+02
3.904854819047567105e+01
3.830681897960081415e+02
2.195166990689914428e+02
1.264002385023920141e+02
2.812981238116748273e+02
1.288678274537093671e+02
3.599079241617378671e+02
1.086413632575492016e+02
-6.586739825855966401e+00
-6.419771142154543213e+02
-5.146114737280579021e+01
2.630835642771718881e+02
-5.750158301518651198e-03
4.774894209063421613e+02
-2.709561714295378465e+02
-2.237072845596457427e+01
9.595967340521545452e+01
1.642269470924058510e+02
1.572001854723304746e+02
1.279394227004713613e+00
-1.101502518976471237e+02
2.618056577217791414e+02
7.452437149350058121e+01
1.962946879093836401e+02
9.951261810940462738e+01
-1.493590577003145725e+01
-5.653278118971704203e+01
5.812361181843551776e+02
8.003645325896839324e+01
2.339396433509810720e+02
-1.360513397967943661e+02
2.218364677812095636e+02
-1.767172454859737059e+02
-1.928424077897113875e+02
-1.497035977286393518e+02
1.928707707045402344e+02
-2.784633942446481569e+01
-1.670870326335288780e+02
-2.028979470257324067e+02
3.216234110261797241e+02
-2.153149964824292795e+02
-1.141273671614830931e+02
1.353671297846736010e+01
1.162282340384825261e+02
2.797728322233556923e+02
-1.429545497421584059e+02
-1.393641020876945618e+02
2.652324527704345201e+02
1.066223923082568632e+02
-3.038734708884271640e+02
-2.206682069606868311e+02
7.236414744068169647e+00
-1.890844254687615660e+02
1.587529853253419105e+02
-2.019480618003081247e+02
-1.356193113523860028e+01
9.415971647148380441e+01
5.045185250627825724e+01
2.010728575699089333e+02
-2.054169438816010107e+00
-1.747372345177654438e+02
2.259124083882718708e+02
-8.864856681566305951e+01
-8.361535173417823330e+01
1.242133629092272606e+01
-1.425104851187137740e+02
-5.193905446939277226e+01
-3.346037487080548090e+02
5.729930857344030848e+00
1.440368729502521035e+02
-7.946584139588817663e+01
-2.392291311881566074e+01
2.833477494015831439e+02
-2.485555663907293535e+02
1.809455802092079466e+02
3.007410831544600569e+02
9.858746249891119362e+01
-7.674867631153801995e+01
2.272157273891469629e+02
-2.757697909351396959e+01
-2.961381358017170484e+01
1.228793287470803790e+02
-3.581934655935244649e+01
6.716916062170732005e+01
-7.020540294271680182e+01
1.220127515163487715e+02
2.224982813415786040e+02
7.220067972824764979e+01
-1.355460513510089129e+02
1.218419810220353696e+02
-1.458682120749485875e+02
-1.242971343158336310e+02
2.877134859040260118e+00
1.887367333563660168e+02
-2.820548760267080866e+02
-8.880475353735566557e+01
9.733071242314572658e+01
1.082940302348418129e+02
-7.481394816193098052e+01
-2.286143977927491733e+02
1.118880800620748595e+01
-3.129344022053034564e+02
-1.472710258734455238e+02
1.547784453996807663e+01
-1.781105292055782741e+02
1.057467953331698993e+02
2.111949760287904265e+00
-3.500692095480527399e+01
-1.756587476814749778e+02
2.500687896838306870e+02
-2.005378000118496402e+02
6.350069548675187292e+01
-2.386375396463209313e+02
1.636935280161121966e+02
-1.091094824611593310e+02
-1.940585763539972106e+02
1.546147419090185053e+02
3.459769101502940316e+02
1.089281456412432050e+02
-1.693928726139904484e+01
-1.909418876988085572e+02
1.732595122755157888e+02
-1.374906866567743577e+02
-7.540384335793997650e+01
-4.534612372993231588e+01
7.442496861138731212e+00
-1.065744943156852713e+02
2.297451226526266623e+02
-7.037069931634685638e+00
-9.511102061409332009e+01
-7.937584088010689243e+01
-3.682902695415056371e+01
-1.784826381868891758e+02
-7.209985667999973202e+01
1.971267328756440520e+02
5.024596004460148890e+01
1.046961335610161825e+02
5.836890603020978574e+01
-1.141088954809548568e+02
1.581404511008053362e+02
2.531171021035206081e+02
9.460173918517432412e+01
2.589590772160019014e+02
-1.366180524042298394e+01
-1.430464539121162488e+02
-1.921645033389336561e+02
1.484195732092070728e+02
3.120654496286714163e+01
1.073150276131382128e+02
1.439540366062178407e+02
-1.278991418723303752e+02
5.870902331449380540e+01
-4.729968000601418510e+01
-1.327809676826618102e+01
-5.854437409034272832e+01
1.200460928525285027e+02
7.780694983525569342e+01
2.419860870471574970e+02
1.327627458468139992e+02
2.856247770394832841e+01
1.713227014202117573e+02
1.643542930960731212e+02
-8.712909995865723545e+01
7.713733796966327816e+01
-1.275617908690396689e+02
1.546311895670884269e+02
1.011740953036579924e+02
-6.042232217268627181e+01
9.882516244846133446e+00
1.516290873803552586e+02
-7.743739095417035401e+01
-6.618292283329314785e+01
-1.661496662258064703e+02
-1.892382773775102578e+02
-3.323532862272885779e+01
9.026720947752815860e+00
