3.083651110641735158e+03
2.971420266527730746e+03
7.515783410855195825e+02
2.133023293443046441e+03
2.387555371012651904e+03
7.186616787173226157e+02
3.889012639807102687e+02
1.851761539898990122e+03
-3.566848086373694855e+02
-7.397605595041179640e+02
3.136057837011657625e+02
1.219933922167997480e+03
-1.868296564341376325e+03
-8.178707719412427650e+02
-7.397690298127859023e+02
-3.237177774373971033e+02
6.970877509659087536e+02
1.672839049369454756e+02
-6.530197077091566271e+00
9.428879097149559811e+02
-7.870712445312312866e+02
-6.683350082821046954e+02
1.936731022899445165e+01
-2.564607155994622644e+03
-1.799469388726547322e+03
-2.639434334411245686e+02
-9.893723473214030264e+02
-7.249764983002938834e+02
-1.514516199992160182e+03
-4.526749344897824585e+02
-1.248480972227337134e+03
-2.109312549185067382e+03
4.124696237712196023e+01
2.397242277075217771e+03
6.432360699388797229e+02
-4.582765090876447971e+02
-1.201417925897568693e+03
7.409150884174172234e+02
-7.462309558235257327e+02
1.029288561773877149e+02
1.131547702088298593e+03
7.062402780267681237e+02
1.092799232180938816e+03
-9.368523517299933019e+02
-2.193762469876838281e+02
-1.497770955478414862e+03
5.945298954553907151e+02
1.526420441653674970e+03
-3.779986600006645290e+02
1.467739968325843414e+01
4.634424955057127704e+02
5.912945617091463646e+02
-1.123154512460465867e+03
5.464447149044008256e+02
3.062092345624239798e+01
-6.896891379576819645e+02
-4.660253651813749229e+02
-2.647099205926969603e+02
3.950391935676093453e+02
-1.857752522661667456e+02
4.288382663361118716e+02
2.631409970740925814e+02
-3.290943616617758494e+02
1.489217888506200040e+02
3.036677991627066149e+02
6.722994515224406769e+02
-8.669364668181405875e+01
-4.173954392989761004e+02
-3.810220118728043985e+02
-3.408698217022231347e+02
-4.058146477697300156e+02
-4.954381833775803301e+01
2.709653790795815098e+02
-1.021154772260607274e+03
-7.932248259891871385e+02
4.113112794062098487e+02
-3.062419111054369978e+02
3.492186923082636554e+02
1.890421234836867370e+02
-1.543172692306829390e+02
4.286235129443907681e+02
-4.980856435686737882e+01
8.502377893111093954e+02
-4.083142021294945607e+02
-3.075211832827903322e+02
2.985276286421317309e+02
-5.249524731070748658e+02
-1.680142921539802501e+02
5.608510822638969273e+01
-5.290207180906097619e+02
-5.614109925632662907e+02
2.359523181171150554e+02
4.532035149248420112e+02
-2.811448397807889137e+02
1.023282802412397103e+02
9.295299611296381670e+01
2.280757987087653191e+02
-2.433271666792921053e+02
4.402314516048241444e+02
8.866116675581933748e+01
2.111109492276227968e+02
-6.434994776695722294e+02
-1.194585194055589454e+02
-3.808815523793442992e+01
-4.344853037609983204e+01
-4.019082107875411225e+02
6.113098152396627256e+02
2.566228099631171631e+02
-1.177093239612836406e+00
4.955193254123739734e+02
-1.970659179184636116e+02
-3.761706315264411273e+02
-5.501877911136613193e+02
-5.191649484877731311e+02
-6.145393795621538402e+01
1.052476160665728173e+02
5.797143376704487991e+02
-3.694791003258595765e+02
-4.723958739387387595e+02
-2.491850806450922846e+02
3.061318089052537061e+02
-3.901363860184111587e+01
1.455442187814589090e+02
2.068777205995176018e+02
1.953028544118549803e+02
-1.929855469898603246e+02
-5.082529839570487979e+02
-1.969514571583802010e+01
9.135089783233221397e+02
-3.576133869667532394e+02
-4.067081336615060394e+01
1.248632285869458087e+02
-7.491913188173463141e+02
4.961155398306863162e+01
2.531782519033134236e+02
-1.725977554256023154e+02
4.981008726217158369e+02
-6.418905447787059870e+01
2.673179471722212597e+00
4.129894325193121176e+02
2.343817875848672259e+02
-3.378137067661756276e+01
2.584829902629486398e+01
5.669868974320582993e+02
1.281826823607354697e+02
1.016569443163192545e+02
-1.418028771585653658e+02
1.054061765502878529e+02
4.757303894639551345e+02
1.063785255579193887e+02
-3.481669832090179284e+01
-4.600530380637941334e+02
5.382501687131982493e+01
9.448907908754108576e+01
-2.651272931570950959e+02
-3.001178668877717541e+02
1.681125506001732788e+02
5.250171449695734509e+02
1.418290479049190935e+02
1.229039575430784197e+02
1.130172140232417064e+02
1.484811556944976587e+02
1.963035332057089022e+01
-1.376282836065226149e+02
-4.748213637991120208e+02
5.316836111670379061e+00
-1.015196245592640736e+02
3.980342198764569162e+02
1.655226695640738797e+02
2.436398291779923966e+02
1.411119645972199237e+02
-9.902598418634302391e+01
-3.953201094805551463e+01
-1.648843387942872596e+02
3.218053314847566071e+02
3.089352456169376069e+02
-1.965051977368289071e+00
-1.869590817634534403e+02
1.639395992304323357e+01
5.321495795772550963e+01
-2.823678943882347880e+02
-5.592277051505163854e+02
3.158198569945248551e+02
-1.890742956719476524e+02
2.416934390643919812e+02
-3.128706673543160122e+01
-1.711569858647884530e+02
-9.582278623287204766e+01
2.168634205286294048e+02
2.631764878910465768e+02
-4.279900183883206211e+01
-3.655297589667518992e+02
2.639915768968403427e+02
-7.399188120579988492e+01
2.362700932325710141e+02
-3.225528547883580472e+02
-2.794022407186908481e+02
5.384564915204062885e+01
4.855872912014281439e+01
-3.194943725386497704e+02
-5.924537476926273882e+01
3.592691469840946752e+02
7.363211910087140666e+01
-4.786965840697850894e+01
-1.248550618473551168e+02
-1.684153960775037149e+02
-1.318914717102707073e+02
2.216058183263614865e+02
-9.784244723776032515e+01
4.181482935789531297e+01
-9.231936920664647062e+01
-3.304352399915262595e+01
1.548372444815623510e+02
-1.262394937670326556e+02
2.965326865429007626e+02
3.807434071129120525e+02
1.920434846927672368e+02
-2.031273777961776261e+01
9.743124407549339594e+01
6.830789166385818589e+01
-2.199051703825598167e+02
6.395931160323673481e+01
2.343899799273522788e+01
-2.852956101170773877e+02
3.326404204532133804e+02
-2.753050905247936271e+02
-4.610219395618388205e+01
-3.290402063770283991e+00
1.774851190490453803e+02
7.674802974646031117e+00
5.621934553287946557e+01
-2.313082339256735338e+02
-3.823983128504575575e+02
1.765254564621336613e+02
5.676657075698249955e+00
-4.931690751966361574e+01
-9.747443422091394893e+01
5.081807169211538877e+01
6.174604807423629893e+01
-5.993761834294324586e+01
4.026665340250639957e+01
-1.408288366818471218e+02
-4.091006071368701669e+02
-2.330770343546750496e+02
1.071329431710986171e+02
-1.503180848336285464e+02
4.016119881160556560e+01
2.825860030449348415e+02
-7.775204553215294823e+01
1.754674703456482519e+02
2.737393877608808452e+02
2.173054845118771823e+02
1.887838075699372666e+02
2.474520251787641314e+02
-1.866498209304445055e+01
8.515180747181985055e+01
1.291973825105235676e+02
9.832382382449492297e+01
-4.793774927769475624e+01
1.938745601940142933e+02
-7.438452209504998791e+01
4.635830119646429921e+02
-1.639114893151206616e+02
9.059074256977667972e+01
-1.589244567175731788e+02
2.968900433224533231e+00
2.934739209026748199e+02
1.163387130586751681e+02
1.380792241390320783e+02
-3.136168624876519573e+01
-6.274357410583606054e+01
2.711020852193906876e+02
-2.305125206643581848e+01
4.300939629756360461e+01
-4.347210006890654199e+01
6.973112409777560572e+01
1.484603164352054705e+02
-5.416137107900910763e+01
-8.017738063277654703e+01
-2.527096216207561383e+02
-6.795710505877342200e+01
2.255569386130835312e+02
-1.475501544857984584e+02
1.304683752099310254e+02
-3.279842764129143973e+01
-1.154715036422103367e+02
8.023477170326337671e+01
-4.169886982948546716e+01
1.519957227890387514e+02
-2.260745171955025512e+01
4.180993280102973131e+01
1.397381481174493842e+02
2.625373187766184628e+02
2.427071526928068934e+00
-1.184937204137230822e+02
3.179921459153332819e+01
6.635597759555994912e+01
9.036961170428197931e+01
-7.004295950949624228e+01
8.063622178376320448e+01
