1.398705889318890513e+03
-3.464090433705176565e+03
3.865784033523227095e+02
5.077144772644955992e+03
3.806322880955539858e+03
-1.070750508267916530e+03
-1.727368028393031409e+03
2.006810900026383479e+03
2.010732778797683409e+02
2.307120590848905977e+03
-7.892092071481356470e+02
1.381283769339760852e+02
2.178519259295222582e+03
-6.592257939858251348e+02
-3.986888859571020589e+02
5.383600553444282468e+02
6.659191861033797295e+02
2.651252511167032253e+02
5.689614031503430169e+02
9.453664955580004516e+02
1.097877741485753177e+03
2.914609886433365773e+03
8.575622418123783746e+02
-3.472028864800340671e+02
4.597668938865277823e+02
-8.191451846996602626e+02
4.165921275383158218e+02
-7.865768295130945944e+02
-9.675239113343117481e+01
1.052535016816132611e+03
3.605779095379782575e+02
1.024530097922395271e+03
2.215964536668797393e+02
6.598163597336827024e+02
-7.176634558952248426e+02
-1.163515974548049826e+03
-1.793895778920467876e+02
-5.023747015689033333e+02
-3.525505893656154512e+02
8.827499540547239576e+01
-8.158727928994618139e+01
-2.760582604690014250e+02
7.443157587171126579e+02
1.788373172694597770e+03
1.155490754506255826e+03
1.155347208184288320e+03
1.392287513428776435e+02
1.200613206314628059e+02
-3.735736132850962576e+02
-1.699111154896237963e+02
-8.868941775290101077e+02
1.829694568544227593e+02
-2.836027428251833271e+02
-5.937684787670696096e+02
-3.615238018962816824e+01
6.289712812638143902e+01
1.484400882859682952e+03
9.463970654543529690e+02
-7.271357246364062803e+02
-6.022954758601284766e+02
8.895910633242139056e+02
-1.500440788809993819e+03
5.190798286102175325e+02
-8.935666109140927347e+02
-8.355417804178392771e+02
3.820691324676104159e+02
7.630977783534799528e+02
7.105324397457567898e+01
9.224573423208654503e+02
7.469141728254365376e+01
9.649787340504332178e+02
4.515774502078347723e+02
5.672981995596638853e+02
2.383182291168419624e+02
5.946653749723724331e+02
-6.052657846048268766e+02
2.757881718774317648e+00
-2.665472993117757028e+02
8.983815858243551702e+02
-5.164660652971688251e+02
3.034541820909025773e+02
4.773686976976234746e+02
-4.256232981004270073e+02
8.535674228527446985e+02
6.320239303137628895e+02
-2.741199211201152863e+01
-5.329415072729875646e+02
5.901443359882568984e+02
-3.661166760424831068e+02
-5.354534916072994974e+02
7.144200387368083511e+02
3.357830047910609323e+02
-6.884012443790768998e+01
-7.541557319549589238e+02
7.277391056956025750e+02
2.984263049149515723e+02
2.148867929604880089e+01
5.022564393056891277e+02
6.506393083899061480e+01
2.346084058560452945e+02
1.962966110425373927e+02
-3.004326760378592098e+02
2.374026151111068828e+02
-2.899192915271396487e+02
-1.887445618026064835e+02
-3.269966873550372384e+02
-3.160119372948113892e+02
-7.073563922463614517e+02
3.458763222580585648e+02
4.126601724999559906e+02
-1.867279246784162439e+01
-5.931542359421619039e+02
5.753789076769143662e+01
-6.519336390838124089e+02
5.312747579899897801e+02
3.084473542812180114e+01
-4.428474295132784846e+02
-7.177208332189015891e+02
-4.522688818916254831e+02
3.187934313305541991e+02
1.737424929651242849e+02
5.573733134794857591e+01
-4.587846326893311470e+02
3.324545275520125074e+02
6.464052283810015069e+02
1.889852888529565860e+02
-1.912465850123990663e+01
-1.985398379057448608e+02
1.757040364736238303e+02
4.131965628158087043e+02
1.679212251524473345e+02
-3.712896840413211521e+02
-4.061790441705116450e+02
5.669542417978726689e+02
6.527864752026653150e+02
1.704418319550176264e+01
4.229727151041245037e+01
-2.587508072457859498e+02
-2.538929741118642198e+02
8.501642380492379516e+02
-2.483444610287478156e+02
1.995517677555978935e+02
6.582629799566664133e+02
1.011647123949959308e+02
-5.293129428433333032e+02
3.423225860596000985e+02
9.458429023888967890e+01
-1.443309057710916363e+02
2.617515994539606936e+02
-1.481419809775830174e+02
-1.102498140135465690e+02
-2.986307529437413564e+02
-3.450235017461567395e+02
2.760547918879276708e+01
-4.261570120036879530e+02
-4.603481600445467734e+02
-5.200352822032205324e+01
2.680961409370538036e+02
6.370037903689626546e+01
-4.027940796836530239e+02
9.145426703940485424e+01
-6.837914750027405830e+01
-3.211782013085951348e+02
1.775721475411355925e+02
-5.957838413226956931e+01
1.490607168557353361e+02
-7.495584484493562627e+01
-5.607979771724379816e+02
-2.756952942647803084e+01
-3.226150816957168104e+02
1.476555789718149114e+01
5.269595974926378403e+02
3.240567186201690220e+02
-2.620089335249052169e+02
-1.025980431547919380e+02
3.865180931641243660e+02
-1.779522383409405251e+01
-1.807454336958197985e+02
-1.984492142902838623e+02
-2.786838972076749315e+02
4.671862778230932349e+02
2.166245357445646391e+02
3.518300178907696250e+02
1.033575995270589658e+02
4.221684723995830524e+01
-6.300659500636196064e+00
1.955636624559563757e+02
-3.200083443992829757e+02
-4.217293401512861095e+01
-1.697656202047059537e+02
-1.158882867944119397e+02
-1.833803555810622754e+02
6.900387070311997206e+01
-1.273717011995575348e+02
-1.394057279944724996e+02
-1.082665167392066508e+02
-2.661746227583058158e+02
-1.378758495778391762e+02
1.124099751797966746e+02
3.299784435173770589e+02
-3.068422297989327490e+02
-8.987582248006816599e+01
8.015444047546169486e+02
-6.619516998232678873e+01
3.987192914889303097e+01
-2.786324407758735333e+02
5.807554884553972840e+01
1.299644900121595299e+02
7.561670277641607640e+01
2.605870256247761745e+02
1.062664490123595726e+02
2.364815505835285023e+02
-2.456262650615011864e+02
1.733940855715234193e+02
-2.161838030236565373e+02
-4.472110236227686642e+02
-1.304914056358746279e+02
2.889418650555211343e+02
-4.947196992710616996e+02
-3.012290999787846317e+02
-1.285946711010208219e+02
7.135754549016247950e+01
-2.526305808256375940e+02
-1.091266871447607230e+02
-3.118074429837389516e+02
2.674918456861993832e+01
-4.639645870320175618e+02
2.911590331295971978e+01
1.039209430833520855e+02
7.830406818117191392e+01
-3.342300906097799640e+01
3.203295646076895764e+01
-2.252415790383543879e+02
1.319739876393264524e+02
1.822410383802773879e+02
-2.310278180250327864e+02
-3.394788810526857787e+02
4.662587970702238636e+02
-2.922716062462422428e+02
-2.836694318600124234e+02
-4.883812029753774198e+01
2.664881835355183739e+02
-6.132562411103464228e+01
-3.091564737844624844e+01
-3.209209979135389403e+02
-2.432772276514480225e+01
-1.309190747118675802e+02
-1.979657158205005203e+02
2.251765818033404116e+02
-1.200979613871354985e+02
1.209669625028995767e+02
3.993736266174158231e+02
9.566551790547455880e+01
-5.582819497581430142e+02
-5.177854442115080502e+01
1.663361024527646919e+02
-3.732918664966449001e+02
-1.195029586672869328e+02
1.159634796734299869e+02
-1.815808992957782664e+02
2.628676964820381841e+02
-3.775273953377543990e+01
1.140407983482439960e+02
-2.762274246735332213e+02
5.001993043805041452e+02
1.247459259073676634e+02
1.894835175373155494e+02
-7.024987138931778929e+01
-6.206180168744940602e+02
-2.237830923340309823e+02
-4.164639016769091882e+02
-3.535406255248999230e+01
2.823860922132848827e+02
1.836441427222083291e+02
1.582632567712711023e+02
1.306623783317044740e+02
-4.679111906640159191e+01
-1.493293834742973445e+02
3.930738578003518455e+02
-1.161829611203276613e+02
-4.846346582273692860e+01
6.802832156532546692e-01
1.635794054110517095e+02
2.189025038060061092e+02
7.146697727255173049e+01
4.419959452640485438e+02
-2.398676096194586478e+02
3.102604958502598720e+02
4.111936409708898310e+01
2.476124201101711719e+02
2.685107117976149880e+02
-1.007205577760306170e+01
-5.961039245194773173e+01
-4.968652803826157083e+01
-3.500338666985003897e+02
-1.655406357365194481e+02
-6.277105983678593049e+01
-1.269532828503989919e+02
-1.434771649398686009e+02
3.174854364423486572e+02
