6.024526868911019619e+02
2.709719186957388956e+03
3.556737503008282147e+03
2.983867145723342219e+03
5.886694417604354612e+02
1.615571400554137199e+03
-2.633309031131214510e+02
2.444369439636858260e+03
8.932147656716997517e+02
-1.441563144426897452e+03
-6.331452623031061648e+02
-1.734709248847373829e+03
-3.577430516029117371e+03
-3.641592037858000367e+03
-5.280630286842326768e+02
-9.882147510876432079e+02
2.718224181893424429e+02
-2.143089014999777646e+03
-2.456587274716272873e+02
1.722080433656801972e+02
-1.999395439707326886e+03
6.935687852772152837e+02
8.344890778897259054e+00
-9.074924139769826752e+02
-1.701562228621873828e+03
-2.644350947538483183e+02
8.377910924368615042e+02
-3.701419852991964490e+02
-3.435306038244386286e+02
1.882466573630753999e+02
-8.901006679208913965e+02
-1.514046668558426973e+03
-1.395989235916605935e+02
-5.275194081676182805e+02
1.150436439350795808e+03
-2.321503553042625470e+02
3.469069321345678532e+02
-2.307559777446448663e+02
1.121320416755235101e+03
-7.656630440664804382e+02
-3.823435277886831614e+02
5.859580587004526251e+02
2.512516059241604438e+01
-1.174376293904663044e+03
9.603544347120175573e+00
-2.809609896354012903e+02
4.937894413688413238e+02
9.320043371600369255e+02
5.228812914377911056e+02
-4.154284860125333694e+02
-8.662868520233631671e+02
1.848344669271953080e+02
3.552236249513136954e+02
-1.273168748994962414e+02
4.224319451056335311e+02
1.130683188386484517e+02
3.055676888260756527e+02
-4.604734820738375447e+02
8.089885950498934619e+01
-2.109641793242552126e+02
4.340798383365031441e+02
8.267262505089445312e+01
6.831727061452294265e+02
-5.525663215961998276e+02
1.047657555918403602e+02
-4.849347069084008126e+02
2.507233691227402517e+02
-3.628200032065223581e+02
3.138111671117341643e+02
1.945295772343019678e+02
-1.018024333587675869e+02
9.564067241870559428e+02
2.757186915403679563e+02
-1.649887692419941914e+02
1.247203191603469463e+01
-1.668065895050492031e+02
-4.242034741322758578e+02
2.479808017848224893e+02
3.961557993294819653e+02
-3.443460269627112780e+02
6.242461589967049349e+02
3.708894735135002065e+02
-4.342079958247793456e+02
-7.877213448748849487e+02
-6.708807804535852028e+02
1.488915713065052060e+01
5.950890640597789627e+01
-5.969457922420789373e+02
-2.287125151488982056e+02
1.507907369326648848e+02
-6.156246328880524743e+01
2.506791090135633624e+02
1.348011033292320349e+02
-2.702170035471111191e+02
3.309401584270569288e+02
-2.200548326687499809e+02
-5.271990689729104673e+01
-4.436369709933323406e+02
8.286898810162499274e+01
-1.569178665109750170e+02
3.366821688234338694e+02
-7.762192535536793514e+01
3.511473110519140164e+02
6.245384748054680557e+01
3.643759026886658035e+02
-2.542310511562439217e+02
-5.390725709956696221e+01
-5.369804592263423615e+01
-3.779187260150887084e+01
2.033671820118356095e+02
-1.396307752785513685e+02
-3.324846385033293927e+02
-6.400685212969709710e+02
-3.419905364376005963e+01
1.665150545444831494e+02
4.567756928179201026e+01
-7.770089260709471546e+01
3.587378073634027231e+01
-3.056132663976020467e+02
3.859220266593472388e+02
1.315312493632401925e+02
2.038869017500454106e+02
2.179006634590051590e+02
1.757239142073833591e+02
1.340205793617289487e+02
8.136036383368247016e+01
-4.634555743829862422e+02
1.184170171443080193e+02
4.581085557698717707e+02
8.132085602878832731e+01
-1.726310850885808179e+02
4.739911275414983152e+02
-4.956892037136375961e+02
3.317037956452278991e+02
8.844350784265564869e+01
8.362281193801850421e+00
1.347947722728553117e+02
-2.272740126135721539e+02
9.387356740529439492e+01
-1.004633476209501026e+02
3.450801011694733234e+01
-1.611313761896740573e+02
1.157208943040005664e+02
6.784804785319354892e+01
8.126244562499708479e+01
1.068598626389999424e+02
5.126549339924650184e+01
1.449605478524215982e+02
3.913233825640134000e+02
2.782737841628394335e+02
2.487825425754803632e+02
-3.113495821670509827e+02
1.449694822243627925e+02
6.367888478892781023e+01
1.248277846366200805e+02
1.393381014894225132e+02
1.075795015654674813e+01
2.774200305013608840e+02
-2.716887833089969106e+01
-3.884800068878936941e+02
6.439315893696596049e+01
-1.547314192157197787e+01
2.021227169963071049e+02
-1.642524863505951487e+02
-2.147632320570781772e+01
-2.055470756753542219e+02
-2.841786589236944565e+02
3.389037371379545220e+02
1.728554019432907296e+01
1.744625899032885741e+02
2.622872992949189097e+02
-3.298410613872463841e+02
-9.450781432800614823e+01
1.418012743939585221e+02
-8.391461297387827756e+01
1.055059234918997078e+02
-3.724242643379771067e+01
-2.417709840939927517e+02
-6.627698562923676207e+01
-1.494100908247115944e+00
9.011636438344798705e+01
-1.284189081642984149e+02
7.619550385879827559e+01
7.637949328162137874e+01
-2.122252680339986242e+01
-2.395711794152406924e+02
2.520648255514265657e+02
4.257294533686335480e-01
-2.636263344787287792e+02
1.148449520319003483e+02
1.137356897640204494e+02
-9.756498164067068046e+01
3.013575025624172454e+01
-2.762318535634336172e+02
8.038733887120433508e+01
-1.847809085073764663e+02
-1.903571202475854989e+02
7.633543768925342476e+01
9.332490524512582653e+00
-1.400042635375212967e+02
1.250396653173380486e+02
6.969307923252634396e+01
4.159585580991307552e+02
-1.354850143773530249e+02
-7.690424702885722752e+01
3.070268230339545568e+01
9.216665747639109441e+01
8.475304929668470777e+01
-8.956254425669376573e-01
9.100157808543622195e+01
-9.327636489967468947e+01
-6.149091867287546620e+01
8.003948884114026896e+01
1.391366608664627513e+01
2.918121653585350472e+01
6.552639197328251441e+01
-2.955766772813027909e+00
-8.650466633781799430e+01
-5.424206301957684673e+01
1.563301479599489419e+01
-2.838143723094921143e+02
1.032869606786681658e+02
-2.142892485409469998e+02
-1.710645558047271777e+02
5.936375975450773979e+01
-3.055616587161491680e+02
-1.897076182132375095e+02
1.230713295923946049e+02
1.073435041996323314e+01
2.894460973149155336e+01
-7.527171908415002122e+01
-5.291311962063833363e+01
6.177766284432187405e+01
-3.092278191023370937e+01
1.573677164112179696e+02
-1.063779220878682850e+02
1.432676006264754243e+01
1.234065444389855628e+02
-6.891877604702588656e+01
3.023636571105071980e+01
-4.528282061191959862e+00
2.467371238020512436e+01
-2.993452353987194670e+02
-1.199513227492839604e+02
-5.431212925692147309e+01
-2.016691013720043557e+01
-2.126927539975310921e+01
9.073182334395134774e+00
-2.857292566625615038e+01
-8.630694029331272077e+01
1.983048590992274001e+02
3.408926373783889971e+02
3.229406284450685689e+02
-1.193124663726008663e+02
1.477204919418955740e+02
4.050252097635416249e+01
1.141573907892494049e+02
1.421041566001963830e+01
-1.508036663852771255e+02
9.047806151027917565e+01
-1.224501460467696461e+02
2.917574628136301271e+02
-1.811594423959423068e+02
1.897899972133096185e+02
-2.435995061524686989e+01
5.032209913873867890e+01
6.615924812789567966e+01
2.226431101506059065e+02
6.364811551264993028e+01
-1.030686613825386075e+02
-1.211935018913069939e+02
1.308205864648656700e+02
-1.353494699300740844e+00
-6.487545049754318427e+01
6.269208142822004248e+01
4.702639248779005499e+01
1.748744140741780306e+00
1.876057126170751417e+02
-1.235813654751813004e+02
-7.817246002628475310e+01
-1.814612588294872353e+02
3.208374797255207227e+02
1.529246446978381080e+01
7.836371507567790218e+01
4.774601163749479404e+00
-9.633779723300696674e+01
-2.482491828935109623e+01
-1.761482209083702912e+02
5.186825507090657794e+01
1.057334127612263330e+02
4.247111664867205816e-01
1.231419089263846303e+02
2.091964163284630160e+02
5.250381334941388900e+01
4.253976134895572869e+01
1.008347935384516774e+02
-4.989691163373047544e+01
1.150498965526574722e+02
-6.475356453622919162e+01
1.589882926557618248e+02
