-2.936805404551413176e+03
-1.463812476329597303e+03
-1.158229568693603142e+03
5.008192708580474573e+03
9.978188363237276235e+02
-1.387377935115576975e+03
-1.663823153154650214e+01
-1.487925821825200501e+03
-2.623614571651282859e+03
1.218405527781777664e+03
9.241263404498415639e+02
-4.964706404462822888e+02
2.745285893925305913e+02
1.266104390373816386e+03
-2.595101194626906818e+02
6.609084064129403941e+02
-9.204899078883845505e+02
9.900982109562553433e+02
5.072207676674207733e+01
1.492338880298719005e+03
2.163875309256307901e+03
-6.548920275470596835e+02
-6.035149417407805004e+02
2.246402887271185591e+03
-2.396835462045444558e+02
2.421367024891521851e+02
1.050745701658895996e+03
-4.731598299862100134e+02
6.999706250740706537e+02
1.132018487904957965e+03
-1.394342230122472529e+03
-1.389082768027077464e+03
-1.117553213522599663e+03
-1.184460249250539846e+03
-2.130422983696222218e+03
-4.732382498334536649e+02
-1.154450642643529648e+02
7.324051787517778394e+02
-8.976114876863503014e+02
1.777110803335260925e+03
-2.001754372140630096e+02
-1.550081129434177228e+03
7.755367477905022042e+02
2.160637538640237835e+03
6.971237106298483468e+02
1.170520674782425431e+03
-8.368126012631614685e+02
-2.536471608505886763e+02
-4.606287754608463842e+02
-7.539270605071413911e+01
8.724731520813210182e+02
1.244178170623482174e+03
2.195753956087580150e+02
-4.699541337871730207e+02
-1.107027296215143451e+03
-6.405139189022262372e+02
-3.116080062178134540e+02
-3.561811699951754804e+02
1.259498662794599397e+02
7.065389537431148028e+02
1.168053072469516849e+02
-1.695545294456438796e+02
2.058171251101470034e+02
-2.470426909748367734e+02
-6.161096766119203494e+02
-3.525118771702323670e+02
3.963490795711260262e+02
-9.119282987062771895e+01
-3.078411152631641912e+01
2.384345131001797427e+02
-3.058932829868696786e+02
3.165008037880627398e+02
-9.540987190231345494e+02
1.963405297112482515e+02
5.162680947136244924e+01
-2.074775689147996616e+02
5.035257554855746776e+02
-7.983249568167708503e+02
-1.769149867094273532e+02
-8.145880041910413638e+02
2.219855868692025638e+02
-6.366048217481923075e+02
-4.325201861593345143e+02
-4.275027754514835721e+01
1.528595311839257818e+02
9.171243930181172743e+01
-5.637588617159281057e+02
1.864316557626042368e+02
7.412404075604978289e+02
3.578939213641185120e+02
-4.964827180761392356e+01
-3.297997298080616133e+02
-4.443099503703118671e+02
-2.581850140683887389e+02
-2.807709998389951238e+02
-8.407003878909277717e+01
-8.320444806158349138e+02
-2.162817071455033897e+02
3.709005186201663378e+02
-4.011821311700837782e+02
1.301892437092365995e+01
-6.935410255920120903e+01
2.607136121604412438e+02
7.856222035220579869e+01
2.400780445106157117e+02
3.651727722225089678e+02
9.229156620005103662e+01
-4.118623397477801973e+02
1.422497632120484070e+02
2.453575779616523675e+02
-2.135349003761829749e+02
4.075495055805201332e+02
6.275976076958507122e+01
-3.368775606078316400e+02
-1.451239932532205401e+01
2.201702977676089859e+02
-3.259208678259714134e+02
-3.536263034739669706e+02
2.930886042021521689e+02
-1.242016489932679519e+02
8.356887271007630602e+01
-1.157918561383514628e+02
-2.025287232321168460e+02
-1.390690663150778619e+02
3.525786616568071850e+02
-6.541714836976394998e-02
-7.050759044999571756e+01
-8.842476671820848821e+01
2.879540220206898198e+02
3.449283390632222677e+02
3.303607546016482388e+02
-1.551404675371177291e+02
-4.858984609747755030e+02
3.172892309514273279e+02
6.105425259593562259e+01
-1.850453463465332504e+02
1.358179747760848954e+02
1.296195553619795646e+02
9.524321591276465426e+01
1.323249205621814326e+02
2.650116568845768938e+02
2.925689648917999079e+02
-2.892866634878724312e+02
3.750569100178090025e+02
-2.199822915395808707e+02
1.664771172858475552e+02
8.377906650869240934e+01
-1.772422507312444679e+02
-1.589147814324339336e+01
2.449117886406755531e+02
-2.523990456985625883e+02
-2.301171955045718391e+02
3.666236454338966411e+01
-1.606400665568405657e+02
-5.074554600395094184e+01
3.504614178340609669e+02
2.242470906446975931e+01
8.690446005903660875e+01
-2.816814035699416081e+02
4.292468320501554899e+02
-2.455723025437943079e+02
-2.923029004235504544e+02
9.073528923308722938e+01
2.273443493936904645e+02
-4.779275563890109311e+02
1.276932204268022097e+01
-2.041181913374640828e+02
-2.321829775444774384e+02
3.025071026476716085e+01
-4.043167030762760419e+02
1.203767398509011883e+02
3.252829144582599952e+02
3.496043934799267277e+02
-1.888225059011472808e+02
-8.398824424049745119e+01
-5.167433894850028508e+01
-1.089496213791874055e+02
-2.057424650388745135e+02
-8.006990044418520824e+01
1.348950752398866939e+02
-3.727504316520988681e+01
-4.234105183100705005e+01
3.143500272181300943e+02
1.533723785092669800e+02
7.370926250164606586e+01
2.685267077475909332e+02
-3.029168251351115160e+01
3.933662894713216929e+01
-4.262751171861422606e+00
-4.465086690373799456e+02
6.247537015227405988e+01
-6.207491209502086349e+02
-5.110251030858310628e+01
2.726452038673158427e+02
2.724792268566451412e+02
-2.676274930707815543e+02
2.839842806456051107e+02
-8.815022040730769959e+01
1.816273581352359940e+02
1.346570230208849637e+02
1.329643646213848740e+02
-5.594903626049369194e+01
-4.738526993510102869e+01
1.452745603556980747e+01
2.553311186777111459e+02
1.330456502342956071e+02
-4.484600532878567236e+01
9.568386256352906116e+01
-2.302573305493006828e+01
-6.745880420793926646e+01
-6.642592787373217789e+01
-3.489890854691147410e+02
3.069067573648943181e+01
-1.499483973937196311e+02
-5.316492133717744650e+01
-2.325085442573744388e+01
-8.728757899154718558e+00
1.208331361795649599e+02
-1.054159097505358318e+02
-1.005075124075706015e+02
1.234258322261594572e+02
-4.413403671835809661e+01
-1.291101622545606631e+02
3.623201069905411487e+01
5.221329095845588597e+01
-1.452896948918396447e+02
-1.573889277450630573e+02
-1.611902381050757924e+02
4.481655461223812864e+01
1.487126604017809939e+02
-2.569414730927695132e+02
6.850523378661084628e+00
-3.108937465963540490e+02
1.355636820654146106e+02
-5.872832053721235468e+01
-2.814645243674706876e+02
-1.320246356651714166e+02
2.701936457705535872e+02
6.765662979776159602e+01
-2.247346685705078073e+02
1.595299637975864471e+02
2.449754027049577871e+02
-2.874831822562622392e+02
3.107012311423378037e+02
-1.226079789737834460e+02
-7.608009840982911953e+01
7.246803477047259889e+01
-2.430528629006412977e+00
-8.213743400944349560e+01
-3.055995727957763961e+02
-1.764245172159922959e+02
-1.113370162884911423e+02
5.370124203068832713e+01
-1.027108320422674126e+02
-4.593659027301475106e+01
-2.499602235964367480e+02
-2.376452106257784749e+02
-7.278720641029561023e+01
1.734897468379323016e+02
2.378836873421268905e+01
-4.739756958554261246e+01
1.778823267210153176e+02
-9.699979914306528883e+01
-5.316946275494399998e+01
1.036588949416540970e+02
-3.945582808533266217e+01
2.045295478951245798e+02
-1.102502616231458177e+02
-7.148579309237808843e+01
-2.056517010455054333e+02
2.709916751374389605e+02
2.315872855864304114e+01
2.767364711084439932e+01
1.429333630747303800e+02
-1.696098975500240726e+02
8.572959244970965287e+00
-5.299843922342921587e+01
-1.094405645883360023e+01
-5.315068810334757643e+01
6.493570670610498041e+01
-8.246065185011782717e+01
2.894812095098371856e+02
1.471859893731835598e+02
9.405748464371166051e+01
1.120533214855097697e+02
2.016109501567005680e+01
-1.572779790069060653e+02
2.269280170639673315e+02
-1.747373736759125862e+01
1.941640557883243048e+02
1.436604816613529749e+02
-3.107643367997350481e+01
-3.318097192706384391e+01
6.574400048272336505e+01
-3.637510240611223367e+02
-2.687919676388258239e+01
-1.589816535620440447e+02
-2.301450275495759712e+01
6.415221460857205216e+01
9.036329544317428031e+01
