-5.004615073230821508e+03
-3.532258160894991761e+03
6.286116197812222417e+00
1.089776884306968867e+02
7.061499513020539780e+02
-1.617117354925167774e+03
6.468805917882419863e+02
1.322194171236771787e+01
1.467429919766770126e+03
-9.629906648098226469e+02
6.357015424381195317e+02
9.478690998547373283e+02
-1.849120800049747686e+03
3.276653409422342065e+03
6.671903276547161568e+02
-7.284973397247871389e+02
-2.826010301844426067e+02
1.244709357603891817e+02
1.794849025384721244e+03
-1.409359754266577966e+03
-2.852556503068910843e+02
3.802915275859067634e+01
-5.256913600267955644e+02
4.752684334392678807e+02
2.454598027572309960e+01
-9.729046486339684634e+02
-2.017106794393488940e+02
-1.736904732123405438e+03
9.214136335283110668e+01
-4.186267858321619997e+02
-1.136104388454090440e+03
-8.338030294213562001e+02
6.992886511671190419e+02
-5.032002681099339156e+02
-1.170534935955518137e+02
3.844236613972892656e+02
6.886876615463658702e+00
4.643641219108953777e+01
6.500153180727502900e+01
-4.614918845466394259e+02
-7.544383811575484060e+02
8.993302665800047180e+02
4.552265087213114043e+02
-1.546307509857434184e+02
3.754298156065056560e+02
-9.882434258871533075e+02
4.754298236447238537e+02
4.990338812456220126e+02
3.459731242945742338e+02
-2.105381720777474754e+02
-1.233820496656670826e+02
4.076045250365034462e+02
-8.633934471462129068e+01
-1.618876151024492174e+02
-1.321421017942701326e+02
6.823564022546122487e+02
-1.626274516216179933e+01
3.961277119334729946e+02
-7.465604993881204621e+01
2.222151315172029484e+01
-3.461766862997066028e+02
-3.700153018337957747e+02
-2.567493842910057538e+02
2.498790980988977992e+02
-3.601241071346721014e+02
-2.433861182366425169e+02
1.103469506989459035e+02
4.963355147334559092e+02
-2.760676920346911061e+02
-8.373634051950034518e+01
-1.159788789665500701e+02
-2.230761841998826469e+02
-2.546481060157843217e+02
1.757803283925091478e+02
-3.426458708313954276e+02
-3.210356390345568229e+02
3.151262680135016581e+02
-8.990920078334649190e+01
6.280508992706687721e+00
3.455868997400260696e+02
-2.398192576177870876e+02
2.736479477392522313e+02
1.419420242317000316e+02
2.131282328423137074e+02
-3.236655745096624059e+02
1.143409233508743483e+02
-1.973016935549131006e+02
-6.780635948628990661e+01
-4.132466687975907327e+00
8.129531490992471277e+01
1.823714526542117369e+02
1.869077085249960533e+02
-6.911356515830946456e+00
-5.030601467728650533e+01
-9.662022974213873283e+01
-1.812857754990384080e+02
3.002875355661425516e+01
9.658092496137827254e+01
9.555863061957779792e+01
1.542295314318594990e+02
3.059095678304348667e+02
-2.628977817746998653e+02
-9.314139531795532889e+01
1.610747086296911732e+02
-3.922542540033500558e+01
-1.620013639053270182e+01
-2.634323214733566942e+02
-1.826339139297443026e+01
-1.698808078001585500e+02
1.723645403834854051e+01
-7.712959395579927957e+01
-3.702817830500274709e+01
7.980915587905330710e+01
-5.611037687207794278e+01
-1.073044271221092032e+02
-2.248280874951447856e+02
8.743669453420714888e+01
5.634316515964800232e+01
9.420170308021229744e+01
-7.441279064107159513e+01
1.015644843367345374e+02
1.036510073300472783e+02
1.690136007710006254e+02
4.148094864017376153e+02
-1.328220956185943491e+00
2.312601429746820543e+02
8.894445138198108225e+00
9.424162191695774737e+00
2.097734949856061633e+02
-1.812306866663786309e+02
1.984190194442137454e+02
-1.835419144935330138e+01
6.993463038650192232e+01
-4.489384915316692570e+01
-9.268310697808642828e+01
-2.652392570856786946e+01
-7.367927612676753668e+00
-4.907414563692371701e+01
-4.621778403097053456e+00
-1.063029358402197602e+02
-1.311912777541772073e+02
-1.763517213002828328e+02
-1.268903362663525911e+02
-1.228531325197038626e+02
-4.703538972938300589e+01
7.773424439468677782e+00
5.888622505434459242e+01
1.111795481920518966e+02
8.275484866913629389e+01
-1.273379538251404313e+02
-9.128573875499034784e+01
-1.506548497141025393e+02
-9.813172854395146771e+01
7.469870902298652027e+01
1.634650821083978371e+02
-2.496689964051068245e+01
1.757868917275583840e+02
2.078528079171462650e+02
6.700892843927576337e+01
8.292114210995696055e+01
-1.061545706396964306e+02
-2.450782507885467965e+01
9.891684843018987294e+01
-1.863744004422251876e+01
2.205932407152423878e+02
-1.118199851425205225e+02
1.447956524357889663e+01
-1.265954912042830216e+02
-3.519248574220769399e+01
-3.056122022540207794e+01
-9.184942319913044173e+01
7.483256983069331625e+01
-3.448435206474449899e+01
4.943950013201040861e+01
-4.749039437215444792e+01
-1.346949635309427720e+02
1.675301483903316324e+01
-1.237696995715986787e+02
3.735874244936116639e+00
-1.501677599058863279e+02
-2.206182426507855041e+02
1.118288148915845142e+02
4.074334320448220836e+01
1.089476220692954627e+02
-1.088808304302685315e+02
-2.116394100189640994e+02
5.565542250003385760e+01
-3.115498934964623245e+01
4.663174723308504355e+01
-8.605342436546025908e+01
9.771847929985092662e+01
1.268321929823378582e+02
8.705112965323250762e+01
8.419989275432605780e+01
-2.026058718430863621e+02
5.641995369490802403e+01
4.743763318314933741e+01
-3.769088385472441161e+01
6.087491552057520749e+01
-8.039988109918590453e+01
9.718555976553746589e+00
-1.338360300688758286e+02
1.446834405381257227e+01
-3.419782594565332801e+01
5.654376973441986820e+01
1.752177348771403445e+02
-1.812594012162754495e+02
-2.627208266059047403e+01
4.968474710926976678e-01
-6.986088755055332555e+00
-1.652703950032658895e+02
-2.864765085767253794e+01
1.967187294163221623e+01
1.695133986602307630e+02
5.261747013775209325e+01
-1.160289229434924074e+01
-6.055230576029340028e+01
-4.736981133822938261e+01
3.334391136910914355e+01
4.754637103896064332e+01
6.982327657587718761e+01
1.096983620089980782e+01
1.413769492069530429e+02
-1.020200479533057347e+02
3.164809913595787805e+01
-1.907524366278611438e+01
1.092722349402295521e+02
5.023774831004216423e+01
-3.016107151888722626e+01
-1.003809978410059216e+02
-5.031360740125452224e+01
-4.357319367641446917e+01
6.046535900269133634e+01
-1.382061530781050465e+02
1.762157153085596306e+01
4.723029573284032168e+00
3.248189932626991094e+01
-8.892297942062661775e+00
-4.694354049354388714e+00
-5.437107027839304152e+01
7.151651963288856884e+00
-8.366301014663902436e+01
-4.130072395018989795e+01
5.005956218674646152e+01
-4.233617529272896007e+01
3.318019511454880188e+01
-3.854780503672591951e+00
6.950006908334991351e+01
7.082283408763262855e+01
6.537519298453636907e+01
8.053057976937850526e+01
-4.396269926860630228e+00
-3.776782697786104315e+00
-6.750343731294796612e+01
-1.590900713424644586e+01
2.111386524408841936e+01
3.263426517626740520e+01
3.832360734315157913e+01
9.862042812078756882e+00
-1.526936492021385661e+01
2.315251438024716890e+01
-4.936071757452617703e+01
-3.003287275994771832e+01
-5.898757480653414831e+01
9.696773574176479116e+00
-1.070462366088871704e+02
-9.957916447876073107e+01
-8.509926888849132354e+01
-1.944077910217071903e+01
1.205647541719937834e+02
-1.300419534365487095e+02
4.800435595316636039e+01
-3.681452311899301666e+00
-7.294518195718431741e+00
-1.169936472587212783e+01
3.052874582362388978e+01
2.074672441221634855e+01
-3.210069193600192250e+01
-1.499474748102189103e+01
5.302681277812210325e+00
6.652959926192313844e+01
5.821476722936166937e+01
1.536730175701893852e+00
-6.386333936594187577e+01
-1.796278238574620190e+01
2.068150464550369438e+00
3.250119370638979177e+01
-7.414167611792581170e+01
4.782668433187321000e+01
2.330365654641317263e+01
-6.882315982105129137e+01
-1.809106759928543084e+01
1.110058775200443080e+02
4.623493223141248620e+01
-3.960274805267796516e+00
-5.654085489246516971e+01
-2.314586127379910252e+01
-1.255976076913332662e+01
2.049013092324918617e+01
-7.279878062278947937e+01
