7.209946781574856232e+02
-4.635453580158166005e+03
1.935112963956353724e+03
5.118863853543410187e+03
2.936642339438419640e+03
-2.109880404812912730e+03
-8.990022705640950562e+02
1.111862230311507119e+03
1.442118709618355751e+03
-2.136465603240450946e+03
6.058251738334425909e+02
7.415988739218645378e+02
8.190594603826403954e+02
-2.180482449846573161e+02
-4.422068091327722072e+02
8.870920770340658237e+02
1.829230408683636369e+03
6.778548367184694143e+02
-1.055307095210090893e+03
7.053439407742062031e+02
2.995707742221571152e+03
1.429261126659473575e+03
3.806597721265314505e+01
1.320053987658998494e+03
1.174142979085582056e+03
-3.216199786662354541e+02
8.754061877166712975e+02
-1.001055538460993034e+03
6.740801912572093215e+02
-7.280095665730772225e+02
6.563268364568685911e+02
5.278003384426580169e+02
-7.981388977800153270e+02
-2.494144731435791869e+02
-1.074792031226276094e+02
-9.175437656209501256e+02
1.014306700003087144e+03
6.670306612313519281e+02
-4.449666876279923713e+02
-1.078893811463463805e+02
-4.603707815033929052e+01
-8.980391756425559606e+02
-7.990435348678064429e+02
2.944599270756024012e+00
5.335705892112205220e+02
6.817514333106266804e+02
1.106801581239693860e+03
-4.389625800222183898e+02
-4.642244371433361039e+02
-4.687594385093397591e+02
7.127466423075181012e+01
1.276451173507186780e+02
6.413130309703609555e+02
-1.386454479489292737e+02
2.206366692318862590e+02
-1.447481799731784058e+01
5.939662840018221459e+02
9.579744628121400751e+01
-4.396295348452867415e+02
-7.911266726184055642e+01
5.785825479034076579e+02
-1.254595742820089299e+03
-5.618192281583092296e+01
-4.598203753540511229e+02
1.839299532278445497e+02
6.447675685397364305e+02
5.650288574846888423e+02
-2.176450585783188671e+02
4.640247228951849934e+02
-3.058960068896198550e+02
4.289353753880838553e+02
5.389352119713338425e+02
-1.569888704337015106e+01
4.166786680787217847e+02
3.775284893197487577e+02
-1.556204803041584341e+02
-3.922816006389737140e+02
1.299401026981960854e+02
3.590513717565647767e+02
-2.139508936517200652e+02
3.973835632135919695e+02
-2.541320250397758969e+02
2.571556836161733486e+02
-1.158324596609623427e+02
-6.393425561346826669e+01
4.957440972345398791e+02
-1.684445008188355928e+02
5.968583126061466260e+01
-5.462064869247614070e+02
2.043464646389038535e+02
2.489791853894722351e+02
-1.822494465126921455e+02
-1.411086575481962200e+02
-1.742903758734241819e+02
5.844212282961002529e+02
3.776227892284610643e+00
-2.363356881259794307e+01
-1.181133651263546795e+02
-1.014200713751703944e+02
-3.466513041767750281e+01
-2.866163373768321208e+02
8.841040896338472521e+01
1.962278390514305215e+02
1.182774838378162485e+02
7.538748664432743851e+01
-5.364145705017458567e+02
-3.278538062544996592e+02
9.320419944420011404e+01
3.097901067120915286e+02
8.183131918003242689e+00
-2.355223835399286543e+02
-1.004334718406698634e+01
-3.095729919958735650e+02
-6.051796564488390686e+02
1.224806660624150823e+02
-1.565813394710212414e+01
-2.283642990652786864e+02
-3.855472878056795594e+02
-2.548970735697973851e+02
2.805720398292509898e+01
1.575261566947725100e+02
-8.363392660906161780e+01
6.178235047678135317e+01
-1.900914797137181154e+02
1.296589290302624704e+02
1.349056678149337927e+02
-1.153498852458350683e+02
-3.305754579530524211e+02
1.868591608475380497e+02
2.787253969711514969e+02
1.781377419389457373e+02
8.586268864477219154e+01
-2.756614211553624045e+02
6.520101130969223959e+02
2.240289470813888215e+02
-6.563709418927921035e+01
2.608968951411408099e+01
-1.871087950791936692e+02
1.575241968758519135e+02
-4.697831532064845561e+01
-1.454597085912820091e+02
4.310373061493144320e+01
2.167400870164020432e+02
5.845299447516394764e+01
-3.983412418803666810e+02
8.549889265626248402e+01
1.245668738620103113e+02
-1.914543780541962690e+02
-9.683259157748461021e+00
-2.797634425819491071e+02
1.528419534190579654e+01
1.786209497118861123e+01
-3.185394635511376578e+02
-3.130668324486475740e+02
-1.086392068004448106e+02
-1.339245946060264885e+02
-1.093081882060749308e+02
-3.192533006999621614e-01
-4.457135653861451630e+01
-2.912697207214724671e+01
-1.168798013839041872e+01
9.919085493981849311e+01
-4.892704221808668876e+02
1.766944047755814395e+01
-8.240750797193982180e+01
1.657750247398273871e+02
4.612714992364168864e+01
-1.556148808564751675e+02
4.436817856189988163e+01
4.296300913988499448e-01
1.766307891579936609e+02
2.527127091955880758e+02
3.203077510383493518e+02
-9.664742758330550743e+00
-1.734172345118009062e+01
2.108572907370238454e+02
1.275821726555127640e+02
7.574585612001710899e+01
2.131952445482456682e+01
-2.036316915073202836e+02
1.164070053367036763e+02
2.822718558514775395e+02
5.499415820281566880e+01
-1.087879390107849815e+02
1.383350997948025167e+02
1.140028448342912526e+02
2.450606613665720204e+02
6.981152921044564152e+01
1.756919250505881109e+02
-1.809613472128221474e+02
-1.064737391870183245e+02
-1.964830114378405312e+02
1.582307273167041330e+02
-1.296730180958244318e+02
-1.680727221187164133e+01
-1.796846111955458127e+02
-8.128481635845494679e+01
-1.764835188344248138e+02
-8.338934900887924329e+00
-1.230489460067099294e+01
-1.017569894605944825e+02
-7.020151840592851045e+01
1.894500343769745712e+02
5.364716579378282502e-01
1.527550126822593484e+02
-2.291879137428312276e+02
-2.865468033633020468e+02
5.950149724236109705e+01
6.193781436027355625e+01
3.177547737191041932e+01
-5.041868518265206944e+01
1.446727567302374382e+02
3.596763252271031774e+01
2.183168601422265542e+00
-4.112843198056610561e+01
-6.676405494641129224e+01
5.967789374492227239e+01
8.209711900041379806e+01
-1.227600923973750469e+02
-6.873899054266405528e+01
3.466846984999733650e+01
2.715364219656587252e+01
-1.556044829535711358e+02
1.068379037342276519e+02
-5.297847909682860745e+01
-1.200864418984325823e+02
-1.679140734867757772e+02
6.177962790521220882e+01
2.043133393733799608e+01
-6.362484368190541772e+01
-5.048496994967808149e+01
6.890587503398791114e+01
-8.133427428797070036e+00
-2.621017629514908620e+01
-6.462987482936281936e+01
-7.138972468728886156e+01
-2.256972894523709101e+02
1.823294581742675007e+02
-7.644788091452386425e+01
-2.255920767208317201e+01
-5.863842396509324040e+00
6.897990005022704452e+01
1.502104376667321617e+02
-1.585500697486503974e+01
-1.939378280780262855e+02
-8.631291711998946425e+01
5.885911712860286826e+01
-1.462859254779221772e+02
-3.231798931015315901e+01
8.128090086563443606e+01
-1.750303466936143479e+02
-8.646803008158260084e+00
-4.897747519264135718e+01
-9.945857216734880524e+01
6.196979974899705645e+00
4.235619311665806919e+01
-1.407085418261466714e+02
-4.512966801072941792e+01
3.033097689516552364e+01
4.986932311631335324e+01
5.592925345161616235e+01
1.501566720216524864e+01
9.451375752788234763e+01
-1.148727233240300336e+02
-6.853095119655272516e-01
-5.131430170462638074e+01
7.751765067785575525e+01
2.818081591878839376e+01
-2.040656983989801745e+02
5.745405151264893817e+01
-8.363158658497172837e+01
-9.889675695578787895e+01
8.416743834858581863e+01
8.353686879550974709e+01
2.111678870623038762e+01
4.002145082463542280e+01
6.865782488666627614e+01
-1.701255008496207495e+02
1.002742715119167514e+02
-7.258834056287619774e+01
-1.338826662329493047e+02
-1.053802372861691694e+01
-3.863561627181636737e+01
3.903056919314632012e+01
7.915297667004163884e+01
2.825243420074637868e+01
-2.524684295990834926e+01
1.699028741129314994e+02
-5.918261750240981200e+01
1.868978329386205814e+02
1.005701639314420248e+01
-1.318077818998459705e+01
1.539943974523677817e+01
-1.620194727191392303e+02
-7.646422189884486897e+01
5.999251038088141996e+01
6.393288638839226934e+00
-1.769534935884781532e+02
-2.618042445702877785e+02
5.065440534285979624e+01
