-3.365400183145927713e+03
2.561745627762442382e+03
2.876388311623815071e+02
6.389321596824534026e+03
3.189668025609301367e+03
7.530376945119344327e+02
7.193696292096317393e+02
2.641968575601083558e+00
-1.477415233060593209e+02
8.227953692669126440e+02
-3.945265628275533345e+02
5.102162561046632732e+02
3.066138693921036520e+02
2.293622817639227662e+02
-4.029411057548935560e+02
1.038568772542323586e+03
3.563969997086182389e+02
-1.263578431776163313e+02
1.745040935546105061e+02
9.572800088562379415e+02
6.475672624884592778e+02
-2.837292887235592698e+00
-8.810496539500447852e+02
7.514397233178581246e+02
1.926597625969923229e+02
-4.147833418366742535e+02
-2.531442942048645861e+01
-4.650263251251299721e+02
1.865290038395677584e+03
2.093401895889566276e+03
-1.046871536286654987e+02
-8.629229114265112344e+01
9.199182447540462135e+02
-8.870476609052085450e+02
-1.195905463404166813e+00
-2.334827108395681137e+02
-6.390621499044542588e+02
3.624276929490916928e+02
-2.631738306394758524e+02
1.141838302751549179e+02
9.065705446067976254e+02
9.357015831069811895e+01
1.737227645731299219e+02
7.858136900679327255e+02
6.194006177496761438e+02
2.733247590855479858e-01
-2.713535377134160740e+02
-3.214323984165508250e+02
-1.007666693060876696e+03
3.018175091052751213e+02
-8.775198919201164927e+01
2.765408051445606361e+02
2.622308714590226941e+02
-1.650455210383821054e+02
-2.357644189221967963e+02
6.373509455776692221e+02
2.119598888452868835e+02
1.043037707796164341e+03
6.223076357709954891e+02
-8.142047510745211412e+02
-8.329348864767402461e+01
6.360064321889736760e+01
2.061207129157329803e+02
5.046490600472942134e+01
6.966268323117945727e+01
-4.233711983352736183e+02
-1.710016598143989341e+01
-4.041582081947564689e+02
9.662546749989880368e+01
1.926838510731409713e+02
6.797381475610993107e+01
-8.795807321022685699e+01
3.057538130176423010e+02
1.932784761673802052e+02
1.485077441431591012e+02
1.999601131782174548e+02
1.553842716625137825e+02
-5.848992399804868683e+02
2.572939959627136730e+01
-9.431672355133397190e+00
1.241089309625085235e+02
1.290421544410945103e+02
-2.869926980983107683e+02
1.640543239400068956e+02
3.104554974729356900e+02
-7.487529818360881109e+02
-1.719075405781032657e+02
1.648679996168104083e+02
2.525103723749419942e+02
7.410070864267909201e+02
-2.865397161050754349e+01
-1.066333443959001670e+01
-3.664137068003080344e+02
-1.519744536967402837e+02
2.502882021399217933e+02
2.244652733902057662e+02
-9.532394877511956111e+01
-1.314797744497362331e+01
-2.449998869897719089e+01
8.140549164424878370e+01
-1.189026820227095840e+02
1.796265966666323095e+02
3.021529129862007039e+02
-3.777002031248160279e+02
8.239576746100594562e+01
2.393076165961649906e+02
-2.987289087479712748e+02
3.230260047358445945e+02
2.268727384551729642e+01
-1.567796535524033175e+02
-1.479350224803677634e+02
-1.901389170770086992e+02
9.990977450172086094e+01
1.753840853717222501e+02
-2.856164478318980855e+02
3.469290997401754453e+02
-2.416171436068025287e+02
3.494583191380451836e+01
4.443021271840420923e+02
4.957272957206510711e+01
1.992136295590211716e+02
4.241110343367789248e+00
-2.475196035641036190e+02
2.811551594096628151e+02
-1.471626269079535803e+02
3.308239495507641550e+02
1.398445751315542509e+02
4.828702046587753216e+01
6.560640898773880281e+01
7.106454201326781117e+01
1.837016160336627024e+02
-1.665742308226612920e+02
-1.935023568280367670e+02
2.049997977420606503e+02
1.103108804771602678e+02
2.148452305415454688e+01
1.141196874400422843e+02
1.696706681943373667e+02
9.784989763472782442e+01
6.409699221655381507e+01
4.901084944151843814e+01
2.659785256553198565e+02
-1.703251642916845867e+02
9.782238803142195849e+00
2.694011950551901009e+02
-7.747413365643090799e+01
1.537514226166783828e+02
-2.729611094156314834e+02
-2.129031395364032733e+02
-1.655208856472422951e+02
-1.809938791014004948e+02
6.229120049860305208e+00
1.382828196338241469e+02
-5.821047657779396189e+01
5.285741916281131836e+01
1.419644208309934470e+02
-3.378359728567274178e+00
-6.806353601132617825e+01
1.430474521842662661e+01
6.356128011936608573e+02
-1.210945905696932385e+02
-1.477431925273615718e+02
9.297495899278790432e+01
1.418341414623345997e+02
5.590677827028476088e+01
-9.528004334079282600e+00
-2.046081148957362643e+02
-1.907375755658759715e+02
5.575280617543219819e+01
-6.649935154783322844e+01
-8.774331416249268045e+01
1.056303418180886666e+02
8.952480092058142702e+01
-3.782442230955270190e+01
-9.979157419638738702e+01
-2.252607482396657304e+02
-1.952447298230888748e+02
-1.237795372204258371e+02
2.778495481612789035e+02
1.866022137004936212e+02
2.788624166920418546e+01
5.419352469245968962e+01
-1.049683341428920080e+01
3.466103871919978019e+01
3.123069330346853789e+01
2.088258967479294483e+02
5.090110169966821729e+01
1.179655600124333148e+01
3.133625040360179526e+01
-8.303262863936764404e+01
-1.331170954417751489e+02
-1.726658362526625581e+02
1.460650430966339286e+02
9.836652257443152791e+01
1.470562471045913071e+02
1.094094570135778888e+01
1.471128058510344871e+01
-1.254595106023142392e+02
2.752699602716008371e+02
5.122946427237625500e+01
1.443505562300628924e+02
1.258236157297726621e+01
-1.986265613859384871e+01
6.203964222639908854e+01
2.325766428291387911e+02
-1.355215353883721718e+02
-5.439118786367961178e+01
2.047381672815336628e+01
2.511303165968513085e+01
1.712271820985928628e+02
-4.531049780388129733e+01
6.581045252053988293e+01
3.749921746206644002e+01
5.567526006265500627e+01
8.612309396831770414e+01
-4.487068577082474086e+00
-1.175014642410345260e+02
1.314304986427346478e+02
1.094319437777312203e+02
1.752381086651961937e+02
8.888375402631700695e+01
9.327581528772203967e+01
1.694098302098924478e+02
-1.769203791471642830e+02
-1.204929607776831659e+02
8.348933545644980825e+01
2.885105777272829641e+01
-7.344776266292480926e+00
3.751257044588452061e+01
9.257632445185097936e+01
1.811515311969143838e+01
7.243289633969480690e+01
-1.315560248525883651e+02
-5.625156220187834322e+01
-1.022928406676537492e+02
7.249882302294255965e+01
-5.125072649278335746e+01
-6.137097449037177910e+01
-3.050357557685201115e+01
-1.821479004362597038e+02
-6.251133096377487419e+01
1.607467764133968160e+02
-2.202607871697625797e+01
6.352691355309002574e+01
2.052424536784627662e+00
5.256285327065160118e+01
-9.368948995296796056e+01
2.101998823918132331e+01
-1.102516003507458997e+01
9.567328706409152517e+01
2.513781796665722013e+01
-8.386041663231810617e+01
-2.453433735033479124e+01
-6.581171767887384760e+01
-1.155280320131899430e+01
-1.945995595781749046e+02
-9.650545443137417578e+01
-5.232020975135699814e+01
9.337514673204165661e+01
2.422283441981721097e+01
-4.762602459672139332e+01
3.826190723661242998e+01
8.850519016811327333e+01
8.165017716242904555e+01
1.029904580751790633e+02
1.077415034678355141e+02
1.230353872157682460e+01
3.215789978983099928e+01
6.012649147166926156e+01
3.368537682360818408e+00
1.524109872927250251e+02
-2.002463840450798926e+01
-7.008827115896505688e+01
9.740893355568653078e+01
-1.996891677243436902e+01
1.158786535138352924e+01
-6.624609229848148573e+01
-1.113031517747688923e+02
7.132410378273692508e+00
7.656013727933429891e+01
5.994059188787635861e+01
1.191633954420591266e+02
1.579070123894425421e+02
-2.229026758605064629e+01
5.817429163868310837e+01
1.532705520491188800e+01
-7.000707745726218434e+01
-1.086901521264113910e+02
5.426056691999732351e+01
1.083324585216217315e+02
4.385078658358855819e+01
-2.422091653156151025e+01
-7.277635643119467090e+00
-4.555822191076259031e+01
7.067352535315770012e+00
-1.186450448168095733e+02
3.498790855784694287e+01
-3.300855561361176171e+01
1.049219957602822149e+02
-1.609324403042430163e+01
