-4.168168970674186312e+03
-2.321608121241655681e+03
5.746559572877413302e+02
3.028253270570429777e+03
1.863337741290971053e+03
-2.325121438482007363e+02
-1.244467343969920194e+03
9.453074805102481832e+02
2.803600233934511834e+03
-3.526066786619584036e+03
2.282171273243870473e+03
3.188967126217249302e+02
-2.035039798116158408e+03
4.660025179070277659e+02
4.322209949144823895e+02
1.662803631191286968e+03
1.367713282544951653e+03
1.722886601480584432e+03
-1.175728214103708979e+03
9.544332613627775075e+00
8.965596534188882742e+02
-5.126721158578773156e+02
4.808472301852584678e+02
2.937224451061695731e+02
3.681745748402728964e+02
1.143871982726275746e+03
1.299383333368716194e+03
2.091419856456733442e+02
7.222675130027512580e+01
8.115412625404741220e+02
8.445614405156798057e+02
8.563561754828766652e+02
-1.315498522044678964e+01
-9.123969152450865749e+02
3.621583513122798195e+02
2.537248819867364773e+02
-5.868848014292663038e+02
8.021880442074816528e+02
-4.479128943880280076e+02
-1.188120851986404460e+02
7.425123217324968437e+02
-1.707774314944344667e+02
2.220311943264889010e+01
-2.673221843462184211e+02
-3.122227624922350060e+02
-3.808444697879274941e+02
-1.219771414245285683e+02
3.909374816271501913e+02
-7.401323057391827831e+01
8.938062620033457506e+01
4.197003476948613070e+02
1.386039347933224803e+02
-1.706036735212000792e+02
-1.487990681909567741e+02
-4.437505706878421847e+02
4.899505927731830752e+02
-4.986560148882028898e+02
-1.656565151766999122e+02
2.253525545818958449e+02
1.330633655318090689e+02
-2.569570603376168947e+02
2.918110581186403465e+02
4.701055359201341730e+02
2.857948213026230064e+02
-4.306134875021697894e+00
-6.731845496214951652e+01
-4.816113712087353065e+02
8.997599164682478659e+02
6.901243565880848791e+02
-1.277206785798840940e+02
-2.005701514465782225e+02
8.826477166548362163e+01
1.944661466290455110e+02
1.010560590751711516e+03
-1.443965396444714600e+02
6.005264938247520377e+02
1.284211327235384381e+01
4.352031197042904296e+02
2.420442710138008238e+02
2.226852814237307427e+02
-1.572170349236675975e+02
-7.875673332701494189e+01
-1.107815032611355974e+02
-1.483767550223238345e+02
-2.492520002457557950e+02
-1.551948770069333250e+02
-2.636560090633181517e+02
3.039587990111848512e+02
-1.023293424109800981e+03
4.653321998921822455e+02
1.106013677334569110e+02
-2.335056694452735826e+02
1.046588147442917816e+01
-9.593598923929658895e+01
-7.495466185784657682e+02
2.049396255506560749e+02
2.891495382161863859e+02
-5.343628741453323983e+02
1.714970652892331771e+02
5.927891980147725448e+00
-1.448110803691348565e+02
-3.261300401362798311e+02
-4.016041140535061231e+02
2.603975100689829674e+02
-1.445119237059496697e+02
-3.028848939227866026e+02
-1.646776359360019057e+02
9.175156493225328802e+01
2.019369231481083204e+01
-3.433570090532986683e+02
-8.521683816555220403e+01
3.776131213314623380e+01
-8.644356992924555527e+01
-2.535002668634964706e+01
-2.722372798960802243e+02
-8.659086735626240738e+01
-1.492509443708823085e+02
9.211897376185314101e+01
9.806686345841713148e+01
-2.016458296342665335e+02
1.669851788506994410e+02
1.279484101692212334e+02
3.514198310437511736e+02
-2.056673532405222886e+02
9.024680014957280605e+01
5.761029289449542290e+00
-1.813142387285096504e+02
-7.382307552762308944e+01
-2.396062150055787754e+02
-3.947889644394916786e+02
1.474404798465107831e+02
2.417378630248968818e+02
-2.344527570140222394e+02
6.861163199114735711e+00
1.500880334775981453e+02
-5.572756151645207012e+01
2.935469743118002270e+02
-3.752900522638662437e+02
2.300817307594522845e+02
-2.441099885496857382e+02
-1.911052770594771175e+02
-2.374696396993284395e+02
1.322835696953031288e+02
-2.894261883424550206e+02
1.632250462979233703e+02
-1.663206199258074207e+02
-2.193179399750270875e+02
-1.476934014978483845e+02
-1.038523820631732946e+02
-9.719801308532801443e+00
5.325766799021536713e+01
-7.012682884073988987e+01
-2.173772794825621020e+02
-9.121699241600573771e+01
-4.472889409745599920e+01
-1.816173286461360306e+02
-1.303651261637187702e+02
2.262255891854434822e+02
2.498497064011393221e+01
-1.987328332455095961e+02
-6.683520967659738687e+01
1.399856418065382684e+02
-3.160447297495489494e+01
-1.663246669753528124e+02
1.878282156541084760e+02
-1.307863856324239009e+02
-1.137848617813179430e+02
1.188251079398337851e+02
-1.392997251666403180e+01
2.160863461519062980e+02
-8.302362488703799670e+01
-1.484771612577357587e+02
3.468112311304363402e+02
-4.907845372948396800e+01
4.476323715789471080e+00
-2.576205476265561742e+02
1.645761309190421002e+02
2.025728533112506398e+02
-1.528224270341118540e+02
5.427044812909087312e+01
1.848379138357116176e+02
1.870713087120529110e+02
-1.796097490904750771e+01
-2.085186369181475641e+02
-2.159078431546744170e+01
1.084866446949230436e+02
1.151361065458638109e+02
1.676193412441916735e+02
8.558577752365309266e+01
6.360046896492373492e+01
-1.332157017738086324e+02
5.848235893186670609e+01
6.503152023110197888e+01
-1.474939382726954484e+01
-1.436024577351441280e+02
-7.953586383695194684e+01
5.064953481170135063e+01
1.783018971535093442e+02
4.306445402359477725e+01
1.920306808235513429e+01
6.672380718675655942e+01
-2.758720022712608611e+01
3.136050706542759059e+01
-4.502435841477426948e+01
-1.531344461405525976e+02
-1.816887098372561695e+02
6.872566010265597924e+01
1.124688164620782516e+02
1.187796870198173060e+01
5.066512257777564798e+01
-6.003947203287326317e+01
1.251234326281336706e+02
3.736916050070217210e+00
-1.283533739897658599e+01
1.479297298399819169e+02
-5.257940651697349210e+01
8.396528696475790809e+01
5.691069882621633269e+01
1.150958369718115364e+02
6.993196865322806843e+01
-6.101796678063472257e+01
4.353819638255512103e+01
8.613381056625186716e+01
7.895062331255393140e+00
7.857812441093714995e+01
5.054266919618765286e+01
-1.276356302184247404e+01
1.728431520194020266e+02
3.980509888377489602e+01
-7.696524448435005183e+01
3.744357208611105392e+01
4.786937413104602967e+00
1.250801323645476373e+02
3.311294754326652878e+01
8.283311462545458426e+01
-1.147208044915439444e+02
3.130654613116420393e+01
-3.469794457278644728e+01
-5.218450734946809177e+01
4.053744589333086168e+01
-1.029813154674156976e+02
1.588781713036435974e+02
-4.069835168328184949e+01
-5.035864083043776418e+01
-3.006159583296879845e+01
9.469715884229124470e+01
-4.995055976201731340e+01
2.198831511259638827e+00
1.845437261176648036e+01
1.369274714433194049e+02
-5.692578366905753029e+01
8.618655105197950661e+01
3.202238451262699925e+01
1.289469823595121412e+01
-6.123482328686999487e+00
-6.256919763978861226e+01
4.610790304008113338e+01
2.665025020224947738e+01
1.672022532970855195e+02
-9.689419399702778435e+01
-5.512414071285701311e+01
-2.873677369751453980e+01
1.391638864079872064e+02
2.267223778513365318e+01
-1.369207080275507735e+02
-3.866720820447932994e+01
-5.901378512189280912e+01
-8.226821966652580898e+01
-2.226099320816310367e+01
-2.079387355680672727e+02
-1.399506900037908608e+01
-5.278590533220194914e+01
-6.204237495750658837e+01
1.266012856588728397e+01
-6.557350725992360196e+01
7.040448597547667475e+01
-9.702432928677198731e+01
9.125812258252923925e+01
2.528174552025283361e+01
3.663817751871091843e+01
-6.947595902486245478e+00
7.401994817087071965e+00
-4.757912519627470971e+01
-7.834078944574149261e+01
-4.286324251492935611e-01
-2.885325204811804412e+01
9.166238911759809582e+01
-5.045270012721108088e+01
6.080979610739483121e+01
-3.230952680521301801e+01
-1.178788825173976846e+02
2.944103193874246216e+01
3.907650576848241286e+01
-5.229508018209392617e+01
1.137781909552257531e+02
-3.840254204882286082e+00
-1.827971444463770245e+00
5.842741986548711708e+01
-1.435751647959759936e+01
2.616937545088930150e+01
