-5.771880198349726015e+03
-1.511909055792850495e+03
-1.424216533294851388e+03
5.695823858730097527e+03
7.016579214075883328e+02
8.061521982328202967e+02
-1.813758939584416567e+03
4.502250478548476167e+02
-1.914574209694966839e+03
-2.077761668768443997e+03
-8.638838454849782238e+02
-1.904384536651818962e+03
-5.262709212610759550e+02
6.729141767133014582e+02
3.003661051758446774e+03
-1.392674077118710329e+03
-1.945214374657740109e+03
-9.958170848346622961e+02
-3.559371069382410155e+02
-1.179690850725728524e+03
2.642967949692035745e+02
1.485336371630391568e+03
-8.744760201492224496e+02
1.967381228272855154e+01
-7.305527448369130070e+02
1.148057566530396798e+03
1.186360478805792127e+03
-8.410810460605270578e+01
-1.253204101047812856e+03
1.946105408870291740e+02
-1.193927827541609190e+02
-7.385742698196939955e+02
-4.809920550787203979e+02
-1.653293030265886273e+03
-7.818941191135476174e+02
-4.072674849837762281e+02
-6.528577687876863820e+02
3.130194454835311717e+02
5.230823957006638238e+02
3.270128216589637304e+02
6.530918989787090823e+02
-1.085079057317647644e+00
1.214068376194853727e+03
7.114628469353865512e+02
-1.111575403500047514e+03
1.644889550050130822e+01
-8.300183069133406661e+02
1.597029865975266887e+02
-4.557538030363786561e+02
-3.913921693125521415e+02
-5.483875208500304410e+01
3.895958977661725271e+02
-1.735651204829994754e+02
-2.468227000348449849e+02
-1.532530307275204109e+02
1.826313010731892632e+02
5.828250593992495396e+02
-8.191071749664844219e+02
-4.964556161216814303e+02
6.322831849642325608e+01
2.249944502548949288e+01
-6.299433674427549477e+02
-6.346342511589421065e+02
3.791797063643447530e+01
-4.367235393463121795e+02
-6.595540494826187796e+02
1.304682603510388503e+02
-5.071774546267693609e+02
-6.551468573294199587e+02
6.753964808350143301e+01
-5.590296482171555681e+02
4.043799725180787163e+02
-3.026401523028969223e+02
3.400711410914571786e+01
9.202396903766897367e+02
-6.279955078187333584e+02
2.026872308944949452e+02
-7.896342659353605313e+02
-2.536825760250396513e+02
4.387631464826422416e+02
-1.139355595936425374e+02
-1.188652799158653828e+01
2.360849101490273938e+02
1.980619244940013175e+02
2.124497426333679755e+02
-2.392384670509333944e+02
1.022963856536852063e+02
5.275008560593343532e+01
5.165135647050731222e+02
4.601423295260973987e+02
1.412050588452385114e+02
-5.067243903970869496e+02
-3.870427484452859517e+02
-1.230020436922786473e+02
4.824650649033591776e+02
-2.351244054822605563e+02
-4.403098689902147953e+02
-7.474323322137925061e+02
2.202669094603676569e+02
-1.431582232357779674e+02
6.196060202842056697e+01
3.178246018496323018e+02
-3.827932481354270067e+02
3.792679438544636810e+02
-2.298092523594798564e+01
1.301338259223214777e+02
1.022050812616745787e+02
1.035670853365602824e+02
-4.367959543886198048e+02
-2.724501788699521967e+02
5.270739883916746749e+01
4.062800366616716587e+02
3.727829759288370610e+02
4.270857944335637626e+02
-2.408521253593202971e+02
1.539923163834906177e+02
6.470491470026673824e+02
2.290420092302806552e+02
2.548663870545272232e+02
-2.722072884635122136e+02
3.794650517060752577e+02
2.633162061285158870e+02
-2.450817466857280280e+01
-1.415941318942349767e+02
1.887979201167461838e+02
-6.575382246030672206e+01
2.572768856343350876e+02
-1.712258230270864878e+00
1.048330780168705019e+02
4.630837450325522013e+02
4.043368191344102343e+02
-2.761150849325952663e+02
-4.206699878931490844e+02
4.015933370686714738e+02
2.904895421847738248e+02
1.601550569378191256e+02
-3.016330260452311336e+02
2.572710016417136103e+02
8.942124060763420346e+01
1.338968498195636982e+02
5.029225179479677621e+01
2.048141522551178184e+02
-2.236291646625096803e+02
2.134959542488795705e+02
-3.410695358904224577e+02
3.675522581550720247e+01
1.289926576577084063e+02
-1.755464141210339619e+02
-1.205085770560957883e+02
5.244419260525867230e+02
-4.093553749549647591e+02
-2.439173213265083859e+02
9.533943277953159168e+01
-6.189780010797194336e+02
-1.322498446811756878e+02
-1.223847930838850999e+02
-2.944119401979467625e+02
1.141759569683655400e+02
-1.640466014886684150e+02
6.351072772633840486e+02
-6.461535906341657665e+01
-3.561846923332831238e+01
-3.051671922295138302e+02
-7.157079191832303877e+01
1.862735423883682984e+01
-4.190265647840424101e+00
-1.839772367817859333e+02
-1.164264622433849894e+02
8.382195082869571934e+01
-2.977748932842431486e+02
-3.553220361945096073e+01
2.314925194970139444e+02
2.168968389624249653e+02
-3.796726316290679506e+02
-1.901862745559255075e+02
-2.830860579824915817e+02
-5.593287926693097489e+01
-3.155259773581903460e+02
1.691642668680908059e+02
4.360104852739758030e+01
3.189829739419648291e+01
-1.825674221038741223e+02
8.479374863590713574e+00
1.363691992730186655e+02
2.177216624272314505e+02
2.332879919113070741e+02
-3.044675323692187519e+01
1.124924252470473078e+02
2.064506312022591601e+02
-4.758460231121559758e+01
-1.086179593416201925e+02
-5.072411653308063819e+02
-8.237580151026979536e+01
-1.827095813087225196e+01
3.844695300660906128e+02
1.318485765630044853e+02
-2.019680808089001189e+01
1.182880489379027580e+02
-1.043615675159668257e+02
-2.124439788027374618e+02
1.642846024517934893e+02
9.805748038445175041e+01
5.324953786254015853e+01
2.066366864534446535e+01
-1.152835661216170564e+02
-1.173025160854378157e+02
-2.734770013671095512e+01
6.509962916098528751e+01
7.459884090406454504e+01
-2.479032460558535433e+02
2.104515122265637501e+02
-1.989927562176752645e+02
-3.662452398921685415e+01
-1.025871640297046952e+02
1.583351805744454168e+02
2.903045117660745689e+01
9.017027492790337817e+01
1.997482028482554597e+02
-5.770362967046327185e+01
3.936094320962574500e+01
-1.844893460893481674e+01
-1.521020183547665816e+01
-1.144696512087492550e+02
5.079940012779012193e+01
-1.043909136046199393e+01
-1.682080597536949540e+02
-1.214401441078084964e+01
-1.961487930243967526e+02
-1.690107150647683909e+01
1.046741631822274314e+02
2.356503864574087892e+00
-1.823752552428591400e+02
-1.613969240731786670e+02
2.739545230977220172e+02
6.007406095117586631e+01
6.440827665174225558e+01
8.004990988086250070e+01
-3.253611470933733152e+00
1.511756932288104167e+02
3.461147537663291729e+01
6.468516618419360498e+01
3.301175660300171444e+02
-1.464709917652813260e+02
1.681172466857632912e+02
3.220761898160220937e+01
-1.657996948128730139e+02
-7.472103424091655199e+01
6.367298738456910456e+01
2.065587060907641899e+02
-2.779478060968086197e+02
-2.530165579932715332e+02
-1.447025348497102755e+02
-3.964226459543511538e+01
-1.543032182215020214e+02
-1.041234171784511062e+02
-1.652378762164337047e+02
-8.987459589953620309e+01
4.841765811441965184e+01
9.547975137950761848e+01
1.988331424495196416e+02
-1.811391577225180072e+02
9.997967517289843897e+01
-1.877859962992832834e+02
-6.503535169420394668e-01
-6.605065828181540866e+00
4.018445324149133313e+01
1.885519958575050055e+02
1.295348901715433385e+02
8.232555203307228453e+01
-3.787671694819803747e+02
3.426589352017598458e+02
-2.647558208789294554e+01
-1.162600243120873955e+02
2.433289597010176664e+00
-1.831726264132987012e+02
-6.816635162180823215e+01
1.675279849405835009e+01
3.479041718003701078e+01
-2.662009597225923585e+01
7.741257313763293268e+01
1.371114095668252162e+02
3.109247106234766420e+02
-4.345549792919966592e+01
1.117054621830940562e+02
-1.163534796612217725e+01
-1.295513544970389717e+02
3.649326054595317004e+01
1.099365498554810188e+02
-1.299714499565619406e+02
1.052473999084472496e+02
1.682977449157691865e+02
2.609590820355331289e+02
9.508914436708110429e+01
9.281573170578845122e+01
-5.273973861653320228e+01
1.745289694022505600e+01
7.018691115299954220e+01
-5.121955809157675787e+01
2.984389594612966157e+00
2.346822524995394232e+01
