1.137115744139447088e+03
-4.460454569066936529e+03
4.436227879695052252e+03
6.542375346853942801e+02
2.974182118896574593e+03
-2.569200912433781923e+03
-4.286175311355765189e+03
1.965227913728751673e+03
2.812531911184199203e+02
-2.630789954953946562e+03
9.694992803723908992e+02
-2.332748790577446698e+02
1.540256850439055597e+03
7.092654625524027097e+02
-9.830332563846089897e+02
1.196915804923209180e+03
1.194978904140456052e+03
-8.508668357605324672e+02
-1.508539018397430709e+03
-2.718161499402825143e+02
2.768454836480694667e+03
1.139418383159847508e+03
-1.925226230636021398e+02
1.009186167604819275e+03
3.191490630086817646e+02
-4.149960489584768766e+02
-3.203010160169692995e+02
-4.483424134020180674e+01
7.247624719418261066e+02
-2.813953063501902108e+01
8.320049095719787147e+02
6.008107422131922704e+02
-1.477824536492891411e+03
-3.265941008754940071e+02
-1.198053388997832371e+03
-5.319641108537757646e+02
2.419123448329834503e+01
7.873508347231781954e+02
2.978814775430897157e+02
4.200479466065027623e+01
1.326676030829305830e+02
-5.092329832543594534e+02
-3.929172192785939046e+02
-2.272373491425248631e+02
8.839614897911366143e+02
2.014415520307472605e+02
9.427570741113822805e+02
-1.683669212432378117e+02
1.725709950663123777e+02
-2.642052657990935813e+02
9.144988928512313464e+01
2.763427436000089301e+02
9.114879494266333495e+02
6.424467394457119553e+02
-3.415678989455022574e+00
-2.126684965618665615e+02
-3.119757140931258164e+02
-1.388727416333085500e+02
-1.778278182861309062e+02
-3.207873216788731270e+02
4.105310813045905434e+02
-5.174459199013857642e+02
-6.584265320746070529e+02
2.508153936033996558e+02
2.573609130440062387e+01
3.102138632792257908e+02
-1.332660859837684484e+02
-3.172087879266102277e+02
-9.905037643108055079e+01
-5.506414931096983310e+02
2.595738678920401412e+02
2.675268290931661568e+02
-7.698205629886111865e+02
-2.331150745523258934e+02
9.581789852261479723e+01
-2.753710590618683227e+02
-1.186644038046070619e+02
-1.904245060775848231e+01
6.480804536584851121e+02
-1.326954419524035984e+02
4.002523881798448429e+02
-3.433972170645152460e+02
-3.671382162569596375e+00
-1.277032132281701564e+02
1.667562478080245469e+01
7.203967441339677862e+02
-4.724172628320468448e+02
2.565945771916261720e+02
-1.926159357060377602e+02
-4.417833796192787332e+01
-9.982190506941654462e+01
-6.015710604738296041e+01
7.448483572743161574e+01
-2.279828263589402013e+02
-1.168126393815442299e+02
-2.430307998605883881e+02
-9.701577150737634991e-02
-4.760333032713411967e+02
-2.601991431081069663e+02
1.406751006993436590e+02
-2.993830768311344741e+02
-4.428414794850669409e+02
-2.736097125406265604e+02
-2.267480899256544546e+02
7.781870429067609507e+01
-4.095006691119488664e+02
-6.671508093259437828e+02
-3.717337631119586661e+01
3.662244329764499753e+02
-1.363767576120477543e+02
-2.948427020429589902e+02
1.190612303131051419e+02
-2.942094729425591595e+02
-1.694726652702497347e+02
5.252616074143849119e+02
-2.667717467838770773e+01
-1.516477070466735029e+02
-6.972621015339478845e+01
-3.129107382340903882e+02
-4.710781024663980077e+01
1.501146493509525612e+02
-1.537557453429797079e+02
2.652151334091141734e+02
-1.773103939193991891e+02
-1.492415527304126215e+02
-1.963753649976612508e+02
-8.344347878319589995e+01
-4.122578143024628616e+01
2.706844623507413985e+02
-1.679452969039933237e+02
2.006740160550297389e+02
-1.864741254904106711e+02
-1.552784233537604166e+02
1.542327376862615722e+02
3.035611262501825536e+02
2.147553103034474375e+01
1.319993743498598704e+01
-9.644744522667885178e+01
-1.034126174945420473e+02
-7.810912802973818714e+01
3.532597726301126784e+01
-1.020210139918750798e+02
-8.100164023332662566e+01
1.930512553022785482e+01
-2.884658441274544316e+02
-2.861498150873449049e+02
9.994786591298803557e+01
-4.415665193564600344e+01
-1.062847146011590667e+02
7.563159436341979358e+01
5.342608894572484246e+01
4.522246852762913960e+01
4.092459740539172941e+01
-2.689130409979747469e+02
1.376040359568199563e+02
-7.390961213667445406e+01
1.069347312707711524e+02
-2.818096796202498311e+01
-6.321285258642481608e+01
1.298661644379048319e+01
-2.318544622250910550e+02
1.760806750745511096e+01
2.968302824507417625e+01
-1.183006801216761801e+02
-1.512706355629728989e+02
-5.809229020162108981e+01
5.750034592870742500e+01
3.159722385635574824e+02
-1.109557178728336879e+02
1.029204645097178599e+02
-2.411754283828163636e+01
2.963598827170744188e-01
2.910116651118770505e+02
-2.686618858950834632e+00
1.893698988649688220e+00
-1.290296890295579999e+02
9.695809654028342095e+01
4.894488896744944384e+01
-4.111819087086781899e+00
-1.059684205531160472e+02
-5.869122552586030217e+00
1.363084190667118207e+02
6.811435517140944285e+01
-6.143947005132699957e+01
-3.851550846935351302e+01
1.832298858318077635e+02
6.924104885561006029e+01
-1.338017255056824126e+02
1.193656889097982514e+02
-2.128215257089123611e+02
7.046168422549511945e+01
2.614799575127748099e+01
6.572838771642048528e+01
-1.052029195261746253e+02
2.653778650271732431e+01
4.910353384813053168e+01
9.984064357926101252e+01
-4.335003130339261901e+01
-1.577146700260743728e+02
1.505615778852214532e+02
-2.211897464548074197e+02
8.375615420272515621e+01
4.367056528806340765e+01
5.449903472347653377e+01
-4.845489079844327307e+01
-1.478299128610380819e+02
-2.191859397070399780e+02
-9.000410485137868122e+00
1.693536766891102445e+02
1.314335989895445778e+02
-1.830353936185081523e+02
1.178482103746972598e+02
1.408966092986479737e+02
-1.269256141618007234e+02
-1.399728133906242817e+02
-9.675809458152390619e+01
-8.993599601273392352e+01
-1.330070216798815750e+02
1.204161010877195395e+02
1.130730906211017306e+01
-1.993427908608498100e+01
2.977292416930630452e+02
-6.622922028296697761e+01
-4.640286618176897093e+01
6.981984010090950221e+01
-5.024509282519631626e+01
-1.706496663541264525e+02
-8.811021354581053799e+01
-1.262232778664341559e+01
-1.121701455744445042e+01
6.073253829297994599e+01
1.522381461463845476e+01
-3.223444919998880920e+01
-6.149580383197994138e+01
7.673526776865386978e+01
-6.140916861776895530e+01
9.105202834864022066e+01
-3.603202979036215226e+01
-6.274885021396293894e+01
-3.012427286720228992e+01
-1.156046613298708436e+01
1.629083701046918264e+01
6.105077546691495627e+01
-6.111457459310834395e+01
3.490579411984367653e+01
1.134036517581508008e+02
-2.501568541466966167e+01
1.091723349913117573e+02
-3.813961957998337482e+01
9.130222777322512684e+01
3.815050688200286544e+01
-4.760712258813710207e+01
-9.393316289687176912e-01
-1.344408470704536285e+01
4.175973642496695248e+01
-6.892980091687313404e+01
-1.132411156420708238e+02
3.912452548675420871e+01
-2.264812784750296260e+01
-1.781111241286195934e+01
6.936418331169045359e+01
9.935101258585389061e+00
-9.483551584713808325e+01
-7.476439523793012576e+00
-4.200741797485305540e+01
-2.961733481535907586e+01
-8.970562276739121543e+00
9.592287850068858646e+00
1.968130542139121886e+01
7.336900853211655260e+01
7.344536671471227862e+01
1.342217342125047885e+01
2.442793593156658360e+01
-4.212921238850891115e+01
1.184314625919669908e+02
8.772621395162083502e+01
7.670349429492310378e+01
7.305002349334702494e+00
2.010327948715745094e+01
5.859025853158146901e+01
3.358715076339047556e+01
-4.855692331283024998e+01
-3.923649731279333697e+00
1.139662477815678976e+01
1.334392866956751789e+02
-7.461064074918363076e+01
4.125042798762791563e+00
-1.334654508349589186e+01
-2.961783051372976772e+01
2.267071254212736164e+01
-1.366240807966639750e+02
2.227832793719461790e+01
3.797362891209549218e+01
-2.487351886412609758e+01
1.885235556517606170e+01
8.746438492792641739e+01
-9.584525659900918981e+01
1.256034277380388318e+02
-1.173690873589744967e+02
-7.912941362924368605e+01
