6.926013804870750619e+02
-1.438851854218826702e+03
-2.008723656454517140e+03
-7.982392472413948781e+02
1.663878009913540382e+03
2.778002807320621287e+03
-1.496637247929064415e+03
2.015817177593105725e+03
-3.768070804807131253e+02
-3.886792289314373647e+03
1.738439231772670837e+03
5.301211878635396033e+02
-3.838836918566707027e+03
8.554952177041941752e+01
-3.837788836531645416e+02
2.614154772780050735e+03
-1.332059848739974655e+02
7.536332896300235689e+02
-2.057041802327746154e+03
1.887646968507809333e+03
1.937628617638058586e+02
-1.066245304269892813e+03
-2.490383102396985748e+02
1.088238982472718362e+03
-6.935656650746321361e+01
7.517383884098813951e+02
5.650878164294246631e+01
-1.178299287920442566e+03
-4.611433671132649010e+02
-1.219779757342167386e+03
1.581969522203140173e+02
-9.747303524833981783e+02
-2.205746046568856684e+02
5.604136497045669074e+01
2.205367279411350978e+02
4.129336022563102802e+02
-1.367354339964594203e+02
7.447731971608433810e+01
6.910120165862273325e+02
-2.998400498983033913e+02
-3.301581944795910317e+02
5.190535393386088572e+02
-5.100847848295628069e+02
-1.462603757408051251e+03
2.054830648566080527e+02
-1.153801954441229896e+02
8.097503663221478973e+02
5.099157204655492137e+01
-2.458834949259518154e+01
-3.025519856533959029e+01
3.543578961432962160e+02
2.992991271895510863e+01
-6.330507882901790850e+01
7.261181864982861498e+02
5.853266712406401666e+02
-1.305316389042328069e+02
-1.074484011455421296e+03
-5.159432377081042205e+02
7.334172007739523380e+00
1.500981211535889202e+02
3.293886825481796166e+01
-8.642343451439602120e+01
-3.366808837561313226e+02
2.383562888469142251e+02
2.002899959007136488e+02
8.726416435958976763e+02
8.305860248637900156e+01
2.212512659683497986e+02
-1.336615863679434142e+02
-2.054903026683623182e+02
-4.126750327081608702e+02
3.746526643130803080e+01
-4.285424147310428680e+02
5.075077012616583829e+02
-1.441438597223762486e+02
3.520514510428403696e+02
-6.913994544208516118e+02
6.809564551980666920e+02
3.485800752810667973e+02
2.454556397268079877e+02
4.586097694532497826e+02
-2.431772485801997448e+02
6.970775468644129660e+02
-2.950217891321230468e+02
-4.600388598219126379e+02
-2.506101661480852272e+02
-4.039831739926484033e+01
4.661926640662051682e+02
-4.741995171844566812e+02
-2.940555685809439979e+02
1.445209092862292266e+02
1.476682428470227819e+02
3.746707288107828049e+02
7.163838776791067176e+01
-5.816159597672594828e+02
-8.484710577261806463e+01
3.678302002824495958e+02
4.852540211038250817e+01
1.881617271330436267e+02
2.188565847031485134e+02
5.926314025948733466e-01
1.817101385007828895e+01
-2.411390044384224609e+02
3.350879071753235507e+02
1.995206035454773996e+02
-6.152845472759724998e+02
3.874912479808069747e+02
1.952338533611721800e+02
7.071018671712587889e+01
4.227438177012385978e+01
1.436907139592795204e+02
-1.767163259937485407e+02
-3.124790335835003248e+02
9.623705846146572185e+01
3.617876560521156080e+02
-2.193295871505395951e+02
2.841632447717860543e+01
-1.082143252566837930e+02
-4.829105468029914050e+02
-9.537987979908362490e+01
-2.152102632262842121e+02
1.503265180703252213e+02
3.594169070530922454e+02
-9.628032813747132934e+01
-2.250134847021654849e+01
1.976902979620533785e+01
-1.164354658058935854e+02
-1.636396602061894328e+02
3.963900561346300577e+01
2.991405813766328592e+01
-4.679656930037189255e+01
-2.242237870594601645e+01
-5.380908070156549456e+02
1.911927831056652565e+02
-1.312697583512916140e+02
1.356610456315778102e+01
3.315328495079254481e+02
-3.895130355391727335e+02
8.805287008786486069e+01
-1.766368816081661635e+02
-2.490977195874316692e+02
7.435559067232538233e+00
6.802605185558802248e+01
1.635928881802608998e+02
3.381302187355634601e+02
5.113624984992647171e+01
-2.065341011758527827e+02
6.942124672112757366e+01
-1.688182203124985108e+02
4.377049191427575181e+01
2.124633235369640261e+02
-2.324100627398156149e+01
-2.353415410375469889e+02
1.717916264230211141e+02
-1.167931667256773665e+02
-8.358238126752756614e+01
-2.581715031875268664e+02
5.233435136628764894e+02
-1.794256679536948695e+01
-9.075779682761694289e+01
-1.968152234714500821e+02
8.298754075052264056e+01
-3.009515629047446055e+02
-3.185414656214170037e+01
3.948839704676790774e+01
5.951800399890454685e+01
5.853730173552397531e+01
2.970383476717486815e+02
1.571119618955342219e+02
-8.422852965325314756e+01
-9.968877811559924140e+00
1.031399278311802874e+02
2.161709522312209799e+02
3.664732824677147960e+02
9.540588002593675299e+01
-5.884849843138979963e+01
3.396839292349586259e+01
-3.429739786482182353e+02
-3.774107451528038268e+02
4.334197963298115610e+02
4.136246076468580668e+02
2.159315690251096953e+01
1.081225005436319435e+02
9.270658888450995505e+01
1.241248825247626968e+02
4.529934200952172318e+01
-9.959823818375535609e+01
3.157035697709148536e+01
-9.390966154493950446e-01
1.622581405121679268e+02
-1.034781532571856673e+02
-4.170738690803197102e+01
8.853528437557811515e+01
-3.146594236057150340e+01
-6.303137799210479386e+01
-2.064847013246213123e+02
-1.522842309197815212e+02
3.490023773184829992e+01
4.129025729438583880e+01
9.055904504362224827e+01
7.226297803430495037e+01
1.289155669993139384e+02
2.324924751690714402e+02
-1.385763393444376277e+02
-1.797567096419646759e+02
-8.743904448381626082e+01
-8.853645192844072653e+01
2.788322623584999249e+01
2.333017908849094546e+00
1.794165165755420333e+02
3.128522288581874378e+01
-3.530822893021878883e+01
9.359803923674218140e+01
-1.227597932261419942e+02
5.343967146655931799e+01
1.199999432995965698e+01
1.522107404213822122e+02
-5.756941651333671928e+01
-2.173988619594545213e+01
2.485516854026002420e+01
-1.338567538796940539e+02
1.935518037312438651e+02
3.321346470262675155e+01
1.814508735030795208e+02
6.881757366854786540e+01
-2.813522175976748940e+02
-1.481031377925215686e+01
1.308858730170981914e+02
-5.109180742831556188e+01
-7.283589936881944027e+01
-2.258055327933398715e+01
-2.871479782506148837e+01
-1.551801785611496030e+02
6.150294085638810060e+01
2.168165610948152278e+02
-1.720297665694940861e+02
2.298226605179323485e+02
2.379434973198004002e+02
-8.750989550555637209e+01
-5.700406632312163602e+00
4.428110099806024635e+01
4.622186776446121570e+01
-3.754207494313212692e+02
-3.878254550551129398e+01
-2.756899601862228621e+01
-6.480559440644185543e+01
-3.399532936694576790e+01
1.998290187034411076e+02
4.879772398744852246e+00
1.575892416291253824e+02
4.939179805593069794e+00
9.973191258292989403e+01
2.010095047278206835e+02
6.562872068430367278e+01
-1.154281748105362908e+02
2.952521033105400861e+01
-7.201671413215366613e+01
-1.471752054103141205e+01
-1.160573130707062575e+02
-9.160447765256527930e+01
-5.731017458642119777e+01
3.244780092413104171e+02
-1.008496272631008850e+02
1.326933913275858288e+02
-1.401275505325147890e+02
-1.339433584293364845e+02
2.368655185264203737e+02
1.038124714652041263e+02
1.163632649628019209e+02
1.194235753858530025e+01
-5.048463667444718972e+00
-3.451521630968253618e+01
-1.443285590414355113e+01
-1.801719701553533071e+01
-1.030682079244098617e+02
-8.200593005405050206e+00
5.357588413458138632e+01
1.319319702930190488e+02
3.475853743961692999e+01
-4.028052791546730305e+01
-4.066275378232565174e+01
6.607852274987315866e+01
5.669002988397541465e+00
8.742145989299706343e+01
-8.642287302967218920e+01
-1.225828296926206349e+02
2.160615300396384839e+02
-2.821064895299555531e+01
1.472621053262810733e+02
2.610980928233004050e+01
5.022430735555130354e+01
9.916460331709330944e+01
1.755810167152149290e+02
7.668616149555843720e+01
-1.629852142176158054e+02
8.167146918689441293e+01
1.648210807862744431e+00
1.371506415576070310e+02
-5.819044852601201967e+01
1.008703291155002830e+02
