-3.218849772141278663e+03
-6.825993343925730187e+03
-1.354322598354233378e+03
-1.420120114525283270e+03
-5.207068990772424968e+02
-1.167145700647822082e+02
-5.649756344796572876e+02
-2.538368867857624082e+03
-1.786118540939833338e+03
-2.555630281057383854e+03
3.007246046194495193e+03
-3.642361368124442151e+02
-8.859435313979447812e+01
-1.847418470834264554e+03
1.333712330244776012e+03
-5.834078242181859650e+02
7.689887897663331842e+02
7.304282120525864457e+02
1.300341455780200931e+03
-5.743501394807285578e+02
-1.528140429269161814e+03
-5.315803685502738745e+02
-3.173862039430934601e+03
-1.277098164476215288e+03
-2.245498672604439435e+03
-1.177716043643709099e+03
-4.461936331756925824e+02
5.640108186402119372e+02
-1.701310447806358070e+03
1.077111896767666622e+03
-4.033115257425267828e+02
1.219423922944297146e+03
1.545604934445917706e+03
-8.534348562993744736e+01
4.172687573782940262e+02
5.950902282325255328e+02
6.600268715395579022e+01
-5.893210373299475435e+01
-1.972534142267897437e+02
-3.849724464361353284e+02
-4.764399541588078932e+02
6.134774565755409412e+02
-1.098308471526594985e+03
2.068213642869295086e+02
-4.572168007384324717e+00
-1.642747456813536928e+03
1.692784738324715761e+02
-1.205916336136163181e+03
4.321586479794873412e+02
1.256950119270626601e+03
-9.664429625249476885e+01
-7.539789537807885154e+02
2.668158839829398516e+02
9.655698512527303592e+02
-5.272105723756008189e+01
7.156463222748640192e+02
-3.884733271890730748e+02
-1.364395383051660701e+03
1.603045661716301424e+02
-1.571878531748346859e+02
-7.607322275636282711e+02
1.090458149715258742e+03
1.867995786722916876e+02
-3.036383391244957579e+02
2.261411272083560959e+02
7.768110808077850606e+02
6.584673268241459709e+01
1.459867402077684950e+01
-3.649750124297584364e+01
5.177531586366541205e+02
2.316346574250633239e+02
1.016179493253200121e+03
2.411998030304688356e+01
-2.393444082044293566e+02
-7.014894307344476374e+02
-2.659188700461254484e+02
6.348602707608409901e+01
-2.053769370060446420e+02
4.264863783021865373e+01
-1.308864068977345028e+02
-5.679736289872433872e+02
-2.651357571797136643e+02
-1.375479290446431264e+02
4.409635939353090066e+02
-7.516912244258704732e+02
8.738075227967771070e+02
-6.977487658004676518e+01
1.889009797534965287e+02
-7.144703715995754010e+02
2.743977259934688391e+02
1.125348014548933179e+03
1.626939041149589968e+02
-1.500735000265771646e+02
4.024428901405249235e+02
6.951222301189105792e+02
4.661150928013040584e+02
-1.175925277620424225e+01
-1.166868545644774571e+02
4.443990356120478680e+01
1.021768277217190416e+03
5.353528429630285856e+00
3.116287496322070183e+02
1.805772838098346824e+02
2.041325366882148273e+02
4.288881134198837799e+02
-9.450428199647242309e+02
2.312533542312368979e+02
-1.069853672465955157e+02
4.241872617518406514e+02
-3.915249009524057442e+02
5.464519898286696389e+02
-3.438466606596720680e+02
-3.118880854118612547e+02
5.951870382828511907e+01
-3.208419991393374460e+01
-2.785209999382884121e+02
-3.790191876311312740e+02
7.733088931534805965e+01
3.651900454961671016e+02
-2.220444600593328630e+02
3.583169348368370066e+01
-2.558361326054911729e+02
-7.123439043985416674e+02
2.157823260822780185e+02
2.290133410947195500e+02
2.894581071192231434e+02
-4.111912852513693224e+02
1.467365525319657138e+02
-1.266711289897612431e+02
-6.143656201357936197e+02
2.385052187632705341e+02
1.111298620386821767e+02
3.838646153382005544e+00
3.174293892941132071e+02
-1.574457246440730103e+02
-3.951605044524932708e+01
-1.194214934083886845e+02
-4.618166800619318906e+02
1.109431829336252129e+01
-3.060155440975286751e+02
-4.511009841958897937e+02
-1.293118267350834572e+02
4.194620303592487431e+01
-1.030896309803740394e+02
5.972646312477709216e+02
-5.990070013033163576e+01
-1.146716154539503929e+00
2.341006667034142197e+02
3.292477657145795433e+01
2.528347628166455650e+02
4.945307822602978831e+02
3.090841711189005991e+02
3.363038326246530119e+02
-3.755412772633922600e+02
2.378288635088273750e+01
-1.158612329828297618e+02
8.194928187344443415e+01
4.061318231723333838e+01
2.191887012932657228e+02
-4.426576668862043675e+02
2.897433920385610122e+02
2.740047091630892169e+02
-1.606598921963784221e+02
-8.600649707805743560e+01
5.972341299729521324e+01
1.391725429475606859e+02
1.158332723248542919e+02
1.651275089636098699e+02
-6.103370722745731314e+01
-1.492963832974951117e+02
-2.003462276589669386e+02
6.480253341874848694e+00
8.944299083888867585e+01
3.296480533009869873e+01
-1.342240197279566019e+02
1.246505653554494728e+02
1.930613040166143435e+01
5.809010913216257421e+01
-3.690033876961677493e+02
-1.637221377789452674e+02
2.030031411270105366e+02
1.627046742388168710e+01
1.041539539627969475e+02
-3.326440538328176331e+02
-3.252753418528376983e+01
7.668592052816035221e+01
-1.979064628567749367e+02
-2.788221896004579889e+02
1.068302715935622444e+02
3.220647930682638957e+02
-1.416557469539655756e+02
6.781076921184467210e+01
-1.725237348017948236e+01
1.234972943986007436e+02
1.819292899428959913e+02
2.256371933692647644e+02
3.170247906543454164e+01
1.855244666084252003e+01
3.006708824191507290e+01
4.802954105366783466e+01
-3.478755052653740165e+01
-1.546283146637286521e+01
-1.579791332760380840e+02
-2.752634443145947785e+02
3.321973649963350113e+02
1.992914866275023940e+02
2.771240028210488617e+02
-1.006631300439701846e+02
1.811964350387046068e+02
4.460540515303829778e+00
-2.858205422743557378e+01
-5.792735401128011574e+01
-1.661682880961603530e+02
-8.043649075181838271e+01
-5.900431888186753326e+01
-4.618931729050294166e+01
-1.232023013721009335e+02
-2.097943160414905606e+01
1.480825854123723957e+02
-1.455484073269513203e+02
-5.243371965529737722e+00
1.102151435322739985e+02
6.131263147732236263e+01
-1.910772541256741022e+02
1.572637762985544612e+02
-1.132303998091861530e+02
2.261308094358651601e+02
1.357357647439456514e+02
2.113603950893007664e+02
-1.242786591365883737e+02
3.195411249719848570e+02
1.459263693040721250e+02
-1.186474688238824626e+02
2.830581919488754465e+02
4.899334554130290087e+01
-9.065127109936230454e+01
8.737762985027619322e+01
-4.598483300774694271e+02
8.300646120389295390e+01
1.872312110600088886e+02
-1.846805685747385439e+02
-1.039720436067072882e+02
4.802441023065900794e+01
1.374780360516689939e+02
-1.453545820386900687e+02
1.876730782849996899e+02
3.946564383000283982e+01
2.501893420025473702e+01
-1.398782708934000141e+02
2.732424646001072688e+02
-1.019613747557387740e+02
8.507889412735518420e+01
2.071144213256876014e+02
8.328120136173139398e-01
-9.283399183475776795e+01
6.696886113082869940e+01
-6.354733212947675902e+00
9.799864438648549481e+01
-9.403381614013206047e+01
-1.014571811868532478e+02
-1.502429416925376700e+02
-7.656542566422389484e+01
-2.396905088265982542e+01
1.102713876227568157e+01
1.121307946150197807e+02
1.158798203506927109e+02
-2.315248740657613382e+02
5.922919095799288414e+01
1.532710811610242843e+02
-1.615042525387825378e+02
-2.332013031913160148e+02
1.188229616061884464e+01
-1.328201455207432389e+02
-1.439877100867322497e+02
-1.354432988069158306e+01
2.119498791907884705e+00
1.235562356954921341e+02
-2.504331807196737003e+01
-5.869362543883862315e+01
6.926720692761359999e+01
-1.675599218604441887e-01
-3.391098568174646033e+01
-4.903656675906567131e+01
-1.320531239388763254e+02
-1.233581860141325421e+02
2.722783940649245338e+01
-7.580836847868511086e+01
-1.025991584129071441e+02
-7.416992133868409098e+01
-1.953862618192785305e+01
-1.667493339582626177e+01
-5.675378804234276231e+01
-9.740083275550377095e+01
-2.873153695020395659e+01
2.548015403052093291e+02
5.421018940658792928e+01
-7.865395182843431421e+00
-1.961048012927577133e+02
5.965171044103306563e+00
-8.672510432435515781e+01
