-6.360052183956192493e+03
-1.521081473767147145e+03
1.604322845790752012e+02
-2.699433196108586799e+03
2.338033444831589804e+03
2.908474606828680407e+03
1.571707957139411747e+03
-2.364622725710331906e+03
-3.241520546339837438e+03
1.935968994678226863e+03
-1.778017776171454670e+03
3.719069396566270598e+02
2.663476979379775571e+02
1.837164066291680456e+03
1.607547278361084409e+03
-5.446601190461245778e+02
5.474569347956153251e+02
-8.638072122104944128e+02
1.470966395830828787e+03
-1.616408796866376179e+03
-5.947679962371280453e+02
-6.637044086628762898e+02
1.494005067625814036e+03
-4.879167043092876952e+02
-5.735817740087004495e+02
-6.007787301919632910e+02
-2.074314739259662019e+03
-1.174327820456552217e+03
-3.632082143467467716e+01
-1.028553607580407515e+03
2.125675729556512124e+03
-1.983299126672344244e+02
-3.314437726180372579e+02
-8.512572286085160158e+02
-7.793334583430338114e+01
-1.570610199810520726e+03
3.299301711553984546e+02
1.361399566324638783e+02
1.359725860031222282e+03
-2.923449937514747035e+02
1.279623036803171090e+03
-6.143224778511141722e+02
-3.444812998134249824e+02
2.323453237511814677e+02
-2.792244992773615877e+02
4.655048872425305149e+02
2.746290456364698116e+02
-5.759015563166951068e+01
2.987415525576839315e+01
-1.445084578288173986e+02
-9.383400575709214309e+02
3.329056430233036963e+02
-7.392806293517356835e+02
1.402553105272342009e+02
1.804136096163309446e+02
4.943855956205526923e+02
5.042182295269979022e+02
9.491383599641142155e+02
9.599105175897105937e+02
1.978745290862007664e+02
4.074425414268989130e+02
3.342299786418998906e+02
-1.552164275071842781e+02
-1.912862185484991357e+02
4.161172883205900348e+02
1.037201398322983778e+03
-1.824974923587603257e+02
-1.000501849179853707e+03
-2.835646944994701002e+01
-8.915896041055513024e+02
1.527105367835705181e+02
-4.911573004410620946e+00
1.585500550583214263e+01
5.801464575827639010e+02
-7.394782332500591338e+02
-3.727700966621404177e+02
-6.849669744024417639e+01
3.477656368115459031e+02
-1.186095527385707328e+03
-3.031821556539890707e+02
-3.260576050109700645e+02
-1.856152518643557983e+02
6.744405854461166427e+02
-2.443637242281793931e+02
-2.693685944812791604e+02
-3.847313197840578596e+02
1.060646681634395634e+02
5.092552088051707528e+02
-3.691135119768423465e+02
-7.488773791049497959e+02
-1.310351804014146069e+02
-4.431675213904647848e+01
2.667494485210923472e+02
2.518323831314562824e+02
8.314713594785548878e+01
-1.845118812459247692e+02
1.131012254858971346e+03
-4.658888175114490338e+01
-5.255435781862420441e+01
-2.284770093237312381e+02
2.381071205704419924e+02
5.914734082537474080e+01
4.503797458569717094e+01
2.089861552065427190e+02
-4.848819788935257691e+01
1.952643256285587654e+02
7.314367672879963322e+01
-4.087629179239910968e+02
-6.162163631277317677e+01
4.111227582729585492e+02
7.791083366246034814e+01
3.068603382155579311e+02
5.310937868068439371e+01
-6.535384322106906438e+02
1.993637357263740739e+02
-4.325055756611081392e+01
1.809911168630757743e+02
-3.451968565233672734e+02
1.611576436930136254e+02
2.059482261540818726e+01
1.362416680613515041e+02
-1.491573744674095678e+02
3.320247732892227077e+02
-2.107913688309639042e+02
-7.713094762897421219e+01
4.248650021338042961e+02
1.707773163946986585e+02
9.777189189801849523e+01
2.494147924606782283e+02
5.155189565849967721e+02
-9.117215773674273294e+01
2.960125262097697600e+02
3.836810262458462262e+02
2.427101497991352801e+02
1.024833643899079192e+02
1.542610902161660817e+02
-4.169753937107483353e+02
-1.128931215591018429e+02
-9.590955302339222044e+01
5.177968433020976846e+01
3.135014721824408070e+02
-2.568353188244237231e+02
1.314588430736752684e+02
-4.317979780513927039e+02
-3.038207579647401531e+02
1.122581562724463424e+02
-1.072857582945673443e+02
-2.409837713430330552e+02
1.535986402315107568e+02
-6.903972483858568410e+01
-1.522581152562313207e+02
-7.859565083732756818e+01
1.286515869323243919e+02
-1.681273159110119479e+02
1.416953700036524140e+02
-3.036532235383720604e+02
-3.865429992229773148e+01
-8.205757395540603127e+00
-2.451722700761872602e+02
3.985104391940208046e+00
3.264035451190503636e+02
-1.723017806439920321e+02
3.037942006750906216e+02
4.328186031331986214e+02
-1.929040702428057443e+02
-2.005893702227366475e+02
1.139905247532486214e+02
-5.170453424124247022e+00
3.282470556218821116e+02
5.176610930788106657e+01
-1.021477936982914940e+02
1.740300861542740165e+02
5.925629102339775045e+01
-5.512093300045093791e+00
-5.621841925351232305e+01
1.458572957465868214e+01
7.456357952901448982e+01
-6.472787764546927747e+01
9.402293402159530444e+01
-1.434416347081387073e+02
9.915952395306327105e+01
-2.782351016311282024e+02
4.027613561306991841e+01
1.527716156903473745e+02
1.334738273905706762e+02
5.096231215603634013e+01
-2.799608053226713267e+01
-7.329243454914423239e+01
6.265770718850626508e+01
-1.356996351365550879e+01
1.184893309203821303e+02
2.464671198616220593e+01
-1.361684282092594245e+01
4.263753165769229980e+01
2.811502857567091240e+01
3.356109818914120524e+01
-2.537145280647175483e+01
2.275913241548458075e+02
6.438186489579845784e+01
4.288879703766115625e+01
6.898716828744888119e+01
1.484815461360008726e+02
1.599492743665056480e+02
-5.012223417225280997e+01
-1.303705385237701648e+02
-1.133091872785742460e+01
1.902571968568619809e+02
-3.130687104246629247e+02
-1.927193919194568821e+02
-1.742147632939548600e+02
1.544049214030717678e+02
3.282612681870770075e+02
3.014800903325220105e+01
-2.854755352630211718e+01
1.397264297147635226e+01
-1.123626849934064325e+02
3.820240591899101190e+01
-1.576199576430547040e+02
6.831480656599518397e+01
8.457894126415806113e+01
-1.281917843769411292e+01
8.131091698956116431e+01
2.195570588713447364e+02
-2.591767477924283192e+00
-1.389258298155639295e+02
-6.766103391415970236e+01
5.714515082740673080e+01
1.771629041309593617e+02
-1.409711521411023512e+02
9.722739806728942114e+00
-1.910525758231384543e+02
-1.140842632939654493e+02
-7.664064096077527211e+01
-3.832432484198854894e+01
2.161811076158853595e+01
9.907165987646155259e+01
4.043044254176396635e+01
2.289435137982217583e+01
-2.079754163708054548e+01
-2.463990675196965796e+01
-6.566200460535569050e+01
1.672214210585981107e+02
-7.628133370186994000e+01
-2.817712531250512953e+01
6.851126825680719890e+01
-5.249186993798218737e+01
1.112655654464770407e+02
-1.177798851251744239e+01
-1.174121108972058813e+01
2.623004496888798087e+01
4.527816754767672336e+01
6.658005044232925229e+01
-3.878694314043939784e+01
5.751473208854042696e+01
1.445756925212984356e+01
-1.304127293981706259e+02
-3.349958002349176667e+01
-1.318698210663949055e+02
-3.459974339869944515e+01
-3.523886595141974709e+01
-9.582851395469921840e+01
-4.573648028869938287e+01
-2.213633290163678069e+01
-1.921392088531505351e+02
1.140178151216624940e+02
-1.034099230765185382e+02
1.532201687960115599e+01
6.794330933248439841e+00
2.907227079589053531e+01
4.809849275808847580e+01
-3.390179128605598891e+01
-1.871960432996729367e+02
-5.268443756286495017e+01
-2.232938418074306952e+01
-2.183540275827036936e+01
7.644791063927094399e+01
3.476780698416530413e+01
1.514368431726211384e+02
-4.928166498612476687e+01
9.413578636039108005e+01
-4.396145536365352058e+01
6.318331590631679262e+01
-9.335667820620210833e+00
1.511880090094673967e+01
-7.240030486734440274e+01
-1.791298844494756537e+01
1.828019352179229173e+00
-4.998711659952611797e+01
6.860827949735586628e+01
-1.297676977242717555e+02
-7.503833605316928868e+01
-2.468372483246083249e+01
7.454253233676318757e+01
-1.498515860068229131e+02
-5.764417550122735179e+01
-2.326740638267690997e+01
-3.779973521729505848e+01
4.219177280238174177e+01
9.123239857174758072e+01
-5.394877278907485874e+01
