2.009055312600288971e+03
2.339204427600107010e+03
1.854706782255172584e+03
4.739326244656317613e+03
3.016656786575363640e+03
-2.286387010064139758e+03
1.351957129306864999e+03
-1.928572260048146518e+03
-3.003938818182841260e+03
1.041853733051575830e+02
-1.452332163252092187e+03
-1.181639610773282357e+03
1.575283303983131873e+03
1.495823191904955138e+03
-8.687233063521612166e+02
-1.651742026183300368e+03
1.574368695254403519e+03
8.680088545196718997e+02
1.672699822286935387e+03
-7.203938352629373867e+02
2.149840496893099044e+03
2.740116453902829562e+03
-1.129522389147391323e+03
2.588797697157954190e+03
3.785059930119016940e+02
1.116204276354473450e+03
-8.104058422621839100e+02
2.244963291372229151e+02
-9.169353528432868643e+02
2.738412585042830756e+02
1.390950408624453530e+03
1.249445122962912365e+03
-4.984226367962368158e+02
-1.924573642635998795e+03
-2.692902927079404662e+02
-1.372815269254269651e+03
-3.620361103655875468e+02
-1.118279049979305682e+03
-1.225115048223470694e+03
1.372243696053169742e+03
3.205969392917098162e+02
-1.513332108063128317e+03
1.620980469000391508e+02
1.066239409823690949e+03
-1.749611558138191754e+02
1.611268198771018660e+03
2.808909848197523615e+02
-1.015430147776509330e+03
-2.541379739963555267e+02
5.582132698705596567e+02
-4.133364595569219659e+02
3.208362756731191894e+02
1.041767925889328126e+02
-1.316207257876912422e+02
-1.315930485106114702e+03
8.496096491417476955e+02
1.327732432030708424e+03
-9.173518266314825098e+01
2.756580092648605174e+01
2.483471079319194530e+02
-1.793675505676756075e+02
-2.502364067043243665e+02
2.376309264609475917e+02
-8.013458687571352357e+02
-4.001379153772388122e+02
2.398235742890830693e+02
5.991883786240490508e+02
8.006641954752078050e+01
-3.904607110010683186e+02
-9.053787037990282727e+00
1.606591292679233618e+02
8.337897216781300358e+02
-1.221981788244218237e+01
7.764775241451892498e+02
4.238146280993349819e+02
-2.977679178735369305e+02
6.487850798512754409e+02
-5.811605331159234993e+02
-3.555281651627694828e+02
1.064159218346910336e+02
7.040353352374532960e+02
2.171678404067511963e+02
-6.429925643493417908e+01
5.164599022110890836e+00
-2.269668058471144150e+02
-2.171301581243307908e+02
-5.774758246412843476e+01
-3.024516348019514567e+02
5.930364359749149799e+02
2.319712124662140695e+02
1.507799784842202371e+02
-6.209008842268282251e+02
-6.879092531640708330e+02
-5.296930880600100409e+02
-2.902764122393551816e+02
9.071273098326527418e+01
4.467440172802236731e+01
3.740380345624098624e+01
3.605282925391236972e+02
-4.882122712699531348e+02
-5.373675248968833102e+02
-5.725888626699126149e+01
1.755682556957955569e+02
-2.627750442038022811e+02
-2.208139499428631609e+02
-1.903145465814766055e+02
-6.266219829912831329e+01
-1.051919458595368582e+02
8.543183709233287004e+01
3.443659457081078017e+02
-3.639378564859493395e+02
3.984446703696158352e+02
1.643068057355242217e+02
1.009726530876503148e+02
-1.482715028254999936e+02
3.264317612157354631e+01
-1.186931021117859046e+02
2.995653531135837397e+02
3.945331146611587769e+02
-2.473193239596962201e+02
-5.812536218641273678e+01
1.953249243315824515e+02
-4.939882833558912978e+01
1.427612154739613288e+02
-1.417914385440148095e+01
4.877647551138048954e+01
6.119881341999496271e+02
-7.379147786760641736e+01
-1.662717356993387909e+02
2.127275684070005468e+02
5.604131455074277710e+02
-3.995078185406435978e+02
-4.829548382570978333e+02
1.770544683823339369e+02
3.476541385326093518e+02
-1.209883088236499589e+02
2.306287852599434416e+02
-2.887165712242005355e+01
2.406489105385930429e+02
1.295914903679609438e+02
1.212505682758333450e+02
2.781124814993363614e+01
-4.197764696025607805e+02
-1.167273333585340964e+02
-2.760269160389651120e+02
1.076448651664488239e+02
3.594492815626737752e+02
-5.236023653455184501e+01
-7.842254166365832191e+01
5.293928495762065722e+02
-1.382096745722154765e+02
1.488813269982079532e+02
1.953949424548373202e+02
-6.310943669029311565e+01
1.027140317486116459e+02
2.261402662269360917e+02
5.259966265259496367e+02
-2.444601934304050133e+02
1.108053181660771997e+02
3.326754800519094601e+02
-3.153588297608635571e+02
-6.040740869383570271e+02
-2.164671785343726071e+02
5.599091211380514324e+02
4.500075498103876726e+01
-1.310846251800756193e+02
6.316595348851882363e+01
-4.248971660844911753e+02
3.023977016564413702e+02
-4.356330947876202231e+02
6.746462438941262008e+01
3.147785651755729646e+02
3.066175493901652089e+02
-8.245147632497729262e+01
-3.338296347683738077e+02
1.135164040198989852e+02
-3.880437314187153675e+02
-1.978825503125790988e+02
-7.029174815832156753e+01
1.218303459316639561e+02
3.017503198005207992e+02
1.130002030332152998e+02
1.873179329890828626e+02
-7.927665489037694613e+01
-2.234158011333816773e+02
2.582517787003708349e+02
-2.050149898299380311e+02
-2.737057733882306110e+01
-3.048697958225316142e+02
-3.175333715740478056e+02
-1.019888456000722243e+01
-5.618223070291608110e+02
1.132973419981832279e+02
1.383789018688357544e+02
-1.092799937198754456e+01
7.106122607878168651e+01
2.888748498367638149e+02
4.602691552064994340e+01
3.342313124439845637e+02
2.252235227380524236e+02
2.464983590780338716e+02
6.770350476704314246e+01
1.936207976314401833e+02
-8.996102534613235946e+01
2.115361957394666774e+02
-8.850379824852323907e+01
1.056293912644190698e+02
1.810466543963008519e+02
2.167423851327264970e+02
-6.014358431760324919e+01
-7.004413706873593526e+01
-2.787752721826126958e+02
-9.617859934812409506e+01
-9.414187011453620357e+01
7.792492081504158818e+01
-2.565295068407584722e+02
-2.090043712408021648e+01
4.414795919191976736e+01
-1.040475822830360926e+02
1.179647295882137996e+02
8.619153188799631948e+01
-2.032732198077459316e+02
4.007444459733779496e+00
-2.489933634091395334e+02
-2.697417278121344566e+02
-1.422540349670081810e+02
-1.175365476282929649e+02
-2.564061467146280506e+02
1.699434742116432346e+02
4.231739347068828039e+01
-2.116292209716166610e+02
5.492998274114513180e+01
-3.966770044937702551e+02
2.684459817223409459e+02
1.494633873934675137e+02
-4.661940540800392796e+01
-2.880733862390347895e+02
2.339388610069377137e+02
1.980276861469928562e+01
-2.717024733305494237e+02
-5.097624811928027100e+01
1.144527950326720287e+02
-1.220700709187143929e+02
3.628722775230659749e+02
2.694788056079860894e+01
1.659295526395844789e+01
1.831496767666398284e+01
3.977219874491530760e+01
-4.363175741259544793e+01
-1.474611716736064295e+02
1.998418933284213939e+00
1.421348905284680484e+02
1.284195276444305023e+02
-7.765691235655377511e+01
-1.116244056095470114e+02
-3.664117524388950642e+01
1.820748686711020525e+02
4.036033731632728916e+01
4.308808093551883189e+01
-1.517831146230664530e+01
2.278286347350414758e+02
2.067663628348712734e+02
-7.149167343460662494e+01
-1.793504781753388500e+02
3.285010116467830699e+02
1.933045785192904020e+02
-6.886365606020376617e+01
-1.267996008571742692e+02
-1.632618979496834868e+02
-2.727492186796695250e+02
5.903145966870719263e+01
8.546243384312057856e+01
2.070185795858724589e+02
3.139631810256392441e+02
1.022747864368607935e+02
1.553170980561810097e+02
-2.616559643406368423e+02
1.230242828064578617e+02
-5.580150491531843215e+01
2.475615344083427090e+02
1.252011596314640229e+02
1.771367311867877845e+02
1.925545583880017375e+02
9.470145493980868423e+01
1.031932259790670336e+01
2.535634410080020018e+02
-2.954824239994034087e+02
-8.685175201747307483e+01
-1.498524559971801295e+02
-9.870302333048346100e+01
3.337902832071624175e+02
1.030857245110460099e+02
8.302702752426729660e+01
4.503131164680745258e+01
-2.203326448177068642e+02
-1.958603287745987984e+02
-1.892935536724287360e+01
-1.079142458087461449e+02
2.264378488129923994e+02
2.542646443538069079e+01
