-2.030418972326746598e+03
6.182465361963327268e+03
3.759218191110290718e+03
-3.908823984055159713e+02
1.400657515866075073e+03
1.973923222220228126e+03
-1.299739726194056857e+03
-3.507128663721882731e+03
-2.523051375838929744e+03
-1.869973237814748472e+03
-1.880886588201939276e+03
-4.572595036156995434e+02
-1.507149712326167219e+03
8.266222901799421834e+02
-1.870493603581559000e+03
-6.651857256859456129e+02
1.013246327455699543e+03
-1.039869756042026438e+03
4.974682575273364478e+02
3.876080688713544760e+02
3.240307879139081706e+02
6.726705777059376032e+02
-1.428283563691201152e+03
-6.913607555867986321e+02
-5.987124577316287741e+02
7.732329871661140714e+02
1.329052145754156129e+02
4.268444748253684224e+02
-9.147321204195343398e+02
-2.206739912740662533e+02
1.292246117546462756e+03
-6.530104069862103415e+02
5.245548633735409112e+02
-3.349428160249699999e+02
3.540519811996125554e+02
-7.001628047676567803e+02
-5.286251609539496599e+01
-1.072150674747886114e+03
6.689709074245254214e+02
-6.914398301515075218e+02
-1.280031404719660941e+03
9.097614506562345014e+02
-7.336174995250006532e+02
-4.882896478896781787e+02
4.089888759018510456e+01
-5.467903163260706378e+02
1.586700462853116960e+03
4.426525758757456401e+02
3.964287384172596376e+02
1.300765382309755296e+02
3.568500303643904203e+01
-2.049894958381405559e+02
-3.302867022551794207e+02
-2.279015397385659583e+02
7.285252747886469251e+02
-1.823790458303697051e+02
7.890779295595183385e+02
4.734340312664064641e+02
3.086489988179185389e+02
-2.618061668350998730e+02
4.819126373813995770e+02
-6.712309629533235977e+01
6.994826961477134546e+02
-2.584988716989789737e+02
1.132551663872222662e+03
5.156201822431044093e+02
3.482565802458148028e+02
-2.832011257947735317e+02
1.265396120861182681e+02
2.623202062835484298e+02
6.642581133789603598e+01
2.270231514304736322e+02
6.155789429900195273e+02
8.842347361952941753e+01
-3.979268752759243739e+02
3.168908364515939979e+02
-8.292641342548446346e+02
6.527068707087598796e+02
-3.480703420867395437e+01
-2.000197372443915924e+02
1.127322615385272115e+02
1.879800398798863981e+01
-1.711722744923478103e+02
-7.342905940452983486e+02
-3.825619572872070648e+02
8.658657607933675138e+01
5.507829796163931633e+02
-4.921756187791242496e+02
-2.753350934091747604e+02
-1.011275441633206817e+01
-1.607455812566623763e+02
-1.155868127633535067e+02
-2.715941431255722023e+02
-1.507954283362204819e+02
1.285936004049331238e+01
-3.390533926275444969e+02
2.166609378485970439e+01
-2.585002042931584469e+02
-7.226631417448383843e+01
5.692222362823024184e+01
7.017390953399727778e+02
-9.183078711395577898e+01
1.627579030421423738e+02
7.566894984228677679e+00
2.669179378952972570e+02
-1.438956124403513002e+02
1.214253587722335492e+00
-1.350918508768947390e+02
3.803165200351713793e+01
8.128173997701776443e+01
-4.500487172752968377e+02
-5.945406079317833701e+02
-5.844777182212623075e+02
-2.960623412161029933e+02
1.784976199244759698e+02
-1.381317537331253504e+02
-1.744813609402188774e+02
-3.928951901649076603e+02
-5.779659300586407653e+02
4.201257578022979828e+02
3.222519064355963678e+02
6.796305246673505280e+02
1.269106385037523381e+02
7.908782591830127728e+01
4.503142801301302001e+01
-8.905396682761026739e+01
-6.591055641219454628e+02
2.152073041017916921e+02
5.698091708917089591e+02
1.609046541671890225e+02
-1.541080270695165488e+01
1.139259257399320632e+03
-1.906477561257619300e+02
1.604765617096708397e+01
1.325483730227698800e+02
2.560949536640632687e+02
-2.272201587964455030e+02
-5.594618357531494723e+01
3.266359741732028397e+02
1.346099195954411130e+02
1.662582517289548321e+02
-2.877465044305026254e+02
4.230714107438967062e+02
2.272552610850350163e+02
1.981344480990683223e+02
-5.248490728878572043e+01
-2.952341780805416249e+01
-7.722730198959784786e+01
5.241225764108097565e+02
-3.733787663301005466e+01
4.116595607134404418e+02
-1.238934690019742533e+02
3.495945752688933794e+02
1.164318076622543998e+02
-1.992798780325521761e+02
-9.958237084998632582e+00
2.210034368614296909e+02
3.498847528111397196e+02
-1.242830542907487157e+01
-3.306774184400174477e+02
3.464842554118438329e+02
1.090615158579839346e+02
4.335250129291532062e+02
-7.190153366878715246e+01
-2.531531571013007920e+01
5.031657962382989524e+01
-1.069645512016413846e+02
1.835026302349282901e+02
3.639172528099030046e+02
2.673008234875909466e+02
1.173970641291353303e+02
-4.101922571767971135e+02
-2.058602410775446856e+02
6.258504663484698938e+01
3.420218903506117414e+01
3.034504609794412886e+02
1.368556989287577039e+02
2.252051049003596859e+02
-4.389214878178858470e+01
-2.273567871660322339e+02
2.730925564340637948e+02
-1.154221071828883822e+02
5.868932674394398674e+01
1.273498007509390106e+02
6.769164279645522697e+01
-2.393780202850336423e+02
2.561881540337462866e+02
-2.154268174876186848e+01
-4.158791469641661820e+02
2.757387145031867135e+02
7.872143921986487669e+01
8.792281665624887665e+00
-9.920359746150457170e+01
-2.472688289372241570e+02
-5.234501407828998509e+01
-2.424715445770595466e+02
-4.838202865497966059e+02
1.082986314941830699e+02
6.520846488528256657e+01
2.489078344903816387e+01
-2.168925334319855835e+02
-2.384028724617650710e+02
5.910409377904300072e+02
-3.009891128115606307e+01
-3.816983706488528583e+01
-6.791299969795420566e+01
-1.327926527140974713e+02
1.341839394578425981e+02
-1.694903382851674110e+02
2.175552661097095211e+02
-1.768073677809497610e+02
2.692978231247816439e+02
-1.131801934240382934e+02
1.758318190603080922e+01
-2.486352413269116255e+02
1.615079436278491585e+02
-9.104402136838045578e+01
1.475588439782578689e+02
-3.015944062661727116e+02
1.248127241142084820e+01
-5.018297926955413004e+02
-9.191029108362995714e+01
-4.064693514190095129e+02
-1.729214729978077116e+02
-1.014436383552762635e+02
-4.217876058339040810e+02
-5.330218074789430602e+02
1.942671042879357657e+01
-1.564201141779563216e+02
-1.375938803361757721e+02
-7.045930294888857759e+01
-9.918857775881656380e+01
-3.389211314952870424e+01
-4.353868256855963068e+02
4.400346832626581772e+01
2.989178857868378714e+01
-2.300315948447472749e+02
3.345928578907061279e+01
-3.159425453290987917e+01
6.566090083981913494e+01
5.245370162918779045e+01
-6.502749179559997117e+01
-2.891586657755351553e+02
-4.423253849065255849e+02
-1.341209670164551504e+01
2.347906678626211274e+00
-1.644487354336011151e+02
-2.742386763277861519e+02
-2.756790770625976279e+02
-2.433985161667430219e+01
3.016372883195108443e+02
3.570508186663776655e+02
4.074612106947104735e+02
-6.538989679851826509e+01
2.246127805884232203e+02
2.481788256348245056e+02
-1.254585838252850181e+02
-7.532981043372934948e+01
-3.113174463442070987e+02
4.298737649289143548e+01
5.906309688886909726e+01
-1.365805818809715255e+01
-1.558844107337953346e+02
2.523778310487974750e+02
8.705593075197800346e+00
1.717768299642042109e+02
1.220359946558021136e+02
2.374477602346663616e+02
-5.358532849328103254e+01
9.006865265253699349e+00
-2.696837360336601250e+02
5.741693679939186268e+01
1.597028409121115367e+01
-2.834658941599191735e+02
9.279045115432957402e+01
-1.535121197422760986e+02
6.099875538437150624e+01
1.825328879430702216e+02
-2.064089210181028307e+02
-2.177982738144243768e+01
-3.908165533282245860e+02
1.858510698883640941e+02
4.071289456684983321e+01
1.156609587251941349e+02
-2.036731992867105134e+01
6.504804477037557930e-01
6.401650897138856067e+01
6.411139536367464586e+01
-6.843204094801555470e+01
2.179127257273422202e+01
-1.310390405029118881e+02
2.028397102780149339e+02
1.936507612781472432e+01
-1.264755797714951484e+02
2.247811170388941377e+02
1.559696911674792830e+02
-2.192966706738122014e+02
7.092775908031056531e+01
-2.211739608681035065e+02
7.485010653213728915e+01
