2.573152884799627373e+03
9.251312583336454054e+02
-5.695387389581277375e+02
1.602998360958101784e+02
3.572888962044973596e+03
-3.623520829056019465e+03
-1.563372934738908270e+03
-2.849246206523074306e+03
-2.217178713928137768e+03
1.370697816828262035e+02
2.640756066569018458e+03
-2.328228570770364172e+02
2.383264167986237226e+03
1.081340561693418749e+02
-6.792262869753888026e+02
-1.731302795501506580e+03
2.496498146173145827e+01
9.884645413526196762e+02
-6.434915803190340284e+02
-5.857798969788343584e+02
1.775827198717905503e+03
7.709669473515848495e+02
-1.551138583499719743e+03
8.647541459225352583e+02
1.541105905973384552e+03
8.436079711274382475e+01
-3.917277673384502918e+02
1.575079430037007569e+03
-3.286515668862757593e+02
-7.456969786155279962e+02
6.170030048674866521e+02
1.006221070055326891e+03
3.680315129616308809e+02
-7.676148327394588478e+01
-6.790440812805178439e+01
-8.388578523899348056e+02
-4.701962773275411109e+02
-1.648462036182675661e+01
-1.864837997239286551e+03
-3.851057295038139046e+02
-5.431274961161548163e+02
-7.789517742712844210e+02
8.757937363555826638e-01
6.111083512261486703e+02
8.737298101787088171e+02
1.433564485119092751e+03
1.693042332199007092e+02
-8.004730696790925322e+02
9.258399748232859565e+02
-1.042503440507134655e+02
-3.044709564819856951e+02
-5.420175639629891293e+02
3.789394789092144720e+02
-3.329089971600724311e+02
-1.099086663753464109e+03
1.510120999805208157e+02
1.075468764001248474e+03
-2.209910734754098200e+02
-8.632692721578054318e+01
-1.124698576951891908e+02
6.610335623773710090e+00
-8.615852605453131901e+02
-1.819016033708050770e+02
3.450196133647423835e+02
-5.016728871071218236e+02
-5.949456855068690402e+02
3.110911157923911219e+02
-6.240713458727209684e+01
-1.459750437038226210e+02
-3.991729106816949297e+02
7.535169749075073469e+02
2.198710103131136577e+02
-1.316815648286928422e+02
1.036695202573941060e+03
4.370899171342123282e+02
6.436388979584569370e+02
9.212886865677501191e+02
-1.257324867404610131e+02
-2.576325389550418663e+02
-2.329505825082457093e+01
1.899375852447008697e+02
4.409595097129833903e+02
-1.796516103266145308e+02
2.246164413091021004e+02
4.473850759909566932e+02
2.333152730503253736e+02
-2.144306630029637404e+02
5.492952656887368903e+02
8.510022920552668211e+02
1.933229829903844177e+02
1.891710442942136297e+02
-3.836838535121731866e+02
-3.296899531630733122e+02
-3.680771780730905789e+02
-1.858727051590988708e+02
-1.146266761481092971e+02
-2.789728474300303560e+02
9.074064391284893816e+01
4.038653125594626090e+02
-3.359055277087352920e+02
-2.827859749135012635e+02
-2.776594657406145643e+02
5.396268881056868167e+02
-3.345224485707217923e+02
-2.122424577730413091e+02
-1.487024037933233842e+02
-4.172768129820091758e+02
4.227713411649486375e+01
5.502669714299967154e+02
-9.903404826764190716e+01
-3.010297665239970399e+01
4.369466435449617734e+02
-4.590067909626034748e+01
2.522935763802819622e+02
-4.662833773095659353e+02
2.223027013549483115e+02
-1.134627544005198985e+02
1.725992687800218732e+02
7.367695701495833873e+02
-3.535117721524529202e+02
3.073969467863492611e+01
-2.155253000275562272e+02
-2.226271454993872396e+02
-1.313689479569664798e+01
-1.076020536946413699e+02
-1.197961601431717469e+02
6.009970499967369051e+02
1.705600543201064454e+02
-1.979912963670915076e+02
-1.235566765089116217e+02
3.897849614116083927e+01
-1.116517226956336799e+02
-1.665710678998442162e+01
-5.053914223453437415e+01
-1.666224257420622621e+02
-7.411158203652038878e+01
-1.166353281476780097e+02
3.649790743454062749e+02
3.601765902571159028e-01
-2.323659550962229048e+02
-9.564958496604812410e+01
2.758364519746261863e+02
-1.332262985767748091e+02
-8.950767991068173046e+01
-2.173444303921559140e+02
-3.680243262000157642e+02
1.495878225157732686e+02
-1.274546039617150939e+02
-7.624352372930595090e-01
3.673278724499217560e+02
-7.784086403248171848e+01
4.515957323429345820e+02
3.383953893408612998e+02
-1.571732474950364633e+02
1.821991318136535085e+02
1.134508004285802940e+02
3.053642802678966746e+02
-1.654157450581072055e+02
-8.872543740503114407e+01
3.241249755601851916e+02
-1.910084767341780037e+02
-3.728735464973391913e+02
-5.827106824641028737e+01
1.717833855760292465e+02
2.549839670483343070e+02
-1.497312920511182028e+02
1.049771234640484465e+02
-2.460964543489024265e+02
2.160900586893265825e+02
-5.296686846377814391e+02
1.090047566033649815e+02
3.519475566521683163e+01
4.291655011672243063e+02
-1.189927914117283052e+02
-1.913617135352068601e+02
-3.693167101047981191e+02
-4.030963098279503498e+01
-2.329403526433415550e+02
6.511023024032684248e+01
2.275122590983831401e+02
1.858475325582442679e+02
2.547599059094085590e+02
1.956326819533651928e+02
-1.268910669977935299e+02
-2.570817042650265307e+02
1.192442397153532596e+02
1.680133754894803246e+02
-2.983425305042318953e+01
-1.766155990825951676e+02
-1.766225317143331495e+02
3.696053196838943933e+01
-3.430987221707808317e+02
2.131067077978112536e+02
2.883138888715719190e+02
-1.784967568312636388e+02
1.904250092144611983e+02
2.373250224250544989e+02
1.382365062162172933e+02
2.381629542461633662e+02
-8.328966353001552747e+00
1.269562379992928243e+02
-8.435194660619335139e+01
-5.247479976624237707e+01
1.745343947145867958e+02
1.130509023361001795e+02
-1.998489380169359322e+02
-1.161022209939198575e+02
1.002691942569275056e+02
1.759017707888574762e+02
8.895416401274178497e+01
1.429222844545487874e+02
-2.083263996259754265e+02
-1.932401359180942961e+02
-1.594304659904101662e+01
1.923672752665050325e+02
-1.031612702234917123e+02
7.144083982081683359e+01
-4.620298515648241278e+01
-9.261301698536894378e+01
-1.861818630824344893e+02
2.702700462632456038e+02
-4.425634781804837559e+01
2.647006694668515934e+02
-2.479458540962993141e+02
1.151900974258865489e+02
1.670681532328830876e+00
1.843885239091868584e+02
-2.760526306744282010e+02
1.371116639484745008e+02
2.023527681217661467e+01
-1.964210695568315757e+01
2.206662376307662896e+02
-9.485989543902384469e+01
1.488787904901776642e+02
-8.923540236088425104e+01
4.235762060585674504e+01
-2.167390426131938170e+02
-2.532874568331330778e+01
1.347473975821384329e+02
-5.882584352396601268e+00
-3.411179216492622857e+01
1.416169837981771593e+02
8.939483984606651745e+01
3.200139391579915582e+02
2.833039592706160903e+01
3.628137401821254571e+01
2.879384183518620688e+01
-3.287421471339828827e+01
-7.531852425586561139e+01
2.484347971932767507e+01
6.700880055138170199e+00
9.700077796121874485e+01
-8.753034596294028802e+01
-1.000928112025507204e+02
4.038194278811362281e+00
-8.810999051284807138e+01
1.725921124682513721e+02
-6.636619715409831599e+01
1.126874182236037001e+02
8.678430738129323174e+01
1.211069318203922762e+02
5.832980849904433285e+01
1.266797677259620691e+01
-1.914048610782424760e+02
1.199018882439915785e+02
-9.000851406680585853e+01
6.118564448072496020e+01
1.061632894656512072e+01
-1.667897261838645306e+02
-7.555045441377804138e+01
5.857928982464549250e+01
8.231757756451136743e+01
9.610000853753248862e+01
2.074302865786355028e+02
4.085732016384997678e+01
1.374625570635274130e+02
-9.616525013962518642e+01
-5.890048395764232936e+01
-1.927914178630019819e+02
1.780034732438229526e+02
1.679426402612420475e+02
8.241891109410106253e+01
2.073665930469037733e+02
9.714962890300625986e+01
1.556495074310412008e+02
1.494055722931353785e+02
-2.054755990827920584e+02
-1.703400827354536773e+01
-1.108267770735075715e+02
5.463134605863319138e+01
2.935223142153768663e+02
-9.799174706244168931e+01
8.311412566922247436e+01
5.621360013913862019e+01
-1.170306966617199329e+01
-9.952107540923536533e+01
-2.842516537425445833e+01
-1.101785446345849806e+02
1.251528513730689269e+02
-8.907803555534709972e+01
