-4.850077920284371430e+03
-1.534576388626173411e+03
-2.512897381648095916e+02
5.705350051008789706e+03
-2.027144161919749195e+03
-4.415162656645014039e+01
1.880091683442846261e+03
1.535671540060978941e+03
9.978091894814801890e+02
-5.030724675150363510e+03
-2.959987256354098122e+02
-2.701316789524481919e+03
-2.590558470089894172e+02
2.247543365771551635e+03
8.523750724245294350e+02
-4.204049989921628026e+02
2.303816135912629761e+03
1.044202204401429299e+03
-4.761120764283247809e+03
-1.280883720661114467e+03
-3.842132239578752888e+03
1.597274384160466298e+03
-4.152959683697105220e+02
-7.720356948322420294e+02
3.095630887653442187e+03
2.823634086621226743e+03
-6.712236564883257870e+02
-9.214612322941189859e+02
1.707028433717137546e+02
1.572583294986553483e+03
6.254014214608100701e+02
3.838019741480808733e+01
-5.734662650679051694e+02
-3.630806488145906314e+02
-1.851624032763718787e+03
-7.509088426311354851e+02
2.408096707774930234e+00
-3.835097626795723613e+02
1.237976809575987090e+03
-1.413629423758738767e+03
-1.689197397937984533e+03
-8.835786115728379855e+02
-1.123572947571796021e+03
-6.321538237413029719e+02
-1.919958217436673351e+02
-8.266971824768581882e+02
2.890305208094534919e+02
3.112727141874719905e+02
-8.212105352364932287e+02
2.898369181314573666e+02
-2.728169826986257931e+02
-2.404688443756048400e+03
-9.097311213367478331e+02
7.946872519710207143e+02
-9.024604549458118754e+02
-2.192754093768588973e+03
-1.373687583719246049e+03
-8.489208966939809216e+02
5.066993054017773943e+02
1.454369376058652051e+03
2.711254039232745185e+02
5.644393867636339337e+02
-4.299597090731818412e+02
-5.242707131173286825e+02
5.133414040476296805e+02
8.778584893715892576e+02
8.950129525577435743e+02
4.798577434991225346e+02
-3.786623883683967051e+01
3.905970394514772011e+02
-1.369652439652408304e+02
5.179191211120473071e+01
7.789326276607422983e+01
6.231765864610911194e+02
-8.821753518616134215e+01
-5.697328606608768098e+01
8.121968109785034358e+02
4.814601380533176780e+02
9.592783552027399310e+02
-5.713120567399566880e+02
-6.502419263438491726e+02
1.013044755129501823e+03
3.289941747941797416e+02
4.304996317869054110e+02
-3.937286831168011645e+02
3.202211546226724295e+02
4.688983182784498638e+01
-1.036842296590115211e+03
-3.454116008503642092e+02
-1.552983469922116058e+02
4.852158671669934051e+02
-2.767912154373412932e+02
2.740282498662151056e+02
6.487069624431659349e+02
-7.291445932769790943e+02
4.371259057240096126e+02
-1.352372966010267419e+02
-1.595757001316110291e+02
-5.938144418709097181e+02
-1.647152265852943742e+02
4.106347013354608748e+02
-2.440214756395822917e+02
-3.465010715226832190e+02
7.614560427137466547e+01
1.340060743997616726e+02
2.860293556795367067e+02
1.508978079420548113e+02
4.341184809123974446e+02
9.457593826991410424e+01
5.497327091304764508e+02
-9.886984661146724918e+00
-5.309217023260507773e+01
-4.798629558844130543e+02
4.043893211188781720e+02
7.207368708908502697e+01
2.214336392044575419e+01
-7.710775980138353702e+01
-7.485716629262175275e+02
-3.263229407002071980e+02
-3.064395832379074704e+02
5.430274843061010870e+02
-4.764802412318642837e+02
-8.983397949730843948e+02
2.721048275025855219e+02
2.493344944660590556e+02
5.653482325765022551e+02
-3.081425484227619904e+02
-2.729069227146292178e+02
-1.430128746939486746e+02
-1.461720555176455321e+02
-3.455928161151445579e+02
1.808364245392178304e+02
3.756459924642187502e+02
-3.714896352210672035e+02
-2.024204695423875222e+01
4.576149004704670631e+01
1.822975832064430790e+02
-4.501848441707707593e+02
1.410168982437796501e+02
-5.731256732249300967e+01
-3.119466852585243899e+01
1.210317175130853684e+02
1.942582433254228533e+02
-3.452572855465775774e+02
-1.524176131747381646e+02
7.420352584547708830e+01
1.931811919819466539e+02
6.475956469451647024e+01
-6.255322493814525586e+01
-1.096480162566223271e+02
2.202980661948390306e+01
-5.828235389358412277e+01
2.869636402071525083e+01
2.783529001962170923e+02
2.390773396913735098e+02
-5.309489340470913987e+01
4.159725988376660553e+02
2.714740734686295127e+02
-2.869518706733505269e+02
-3.094062578403913335e+02
-2.210446044008898170e+01
1.358099270482663599e+02
-2.264629960972186780e+02
2.994118772901161378e+02
4.837118112246345731e+02
6.543685067682959300e+01
-4.577856406619761742e+01
-2.475302498919969878e+02
-5.287994143725218237e+02
2.610417545106719786e+02
-5.420751452817826248e+02
-2.321346722545758610e+02
1.186409288955077415e+02
-2.389703941557561109e+02
-2.659215287079571794e+02
8.367818797663073127e+00
4.835922361398891667e+02
3.579652061343724085e+02
-1.995717041409067178e+02
2.451702530555432133e+02
9.958125393719350882e+01
-3.733113088388213896e+02
-1.946961526931484343e+01
2.947085375472465074e+01
-1.126316476504133135e+02
2.276777839479076135e+02
1.363272467818589746e+02
4.199151574650293242e+02
-8.067979426234320783e+01
-1.043098114167081150e+02
-1.083873217981738009e+02
-1.800659566035989201e+02
7.400727811065988249e+01
2.647011495601896627e+02
-9.618112796883798055e+00
4.228412210038234207e+02
-2.771533856063779808e+02
-2.105547239433692823e+02
-9.310886730051984728e+01
-1.326323715897009095e+02
-3.076923370387624246e+01
-3.255352694695706646e+02
2.472632848308832081e+02
-8.609736099329862213e+01
1.272398486423731470e+02
1.514243256468919867e+02
3.698202006649010087e+01
1.611689992511991676e+01
-9.657350685632914988e+00
8.287067017222392451e+01
-1.481875693513971157e+02
-9.113657688651050748e+00
2.299105665025057874e+02
-2.352239332482966745e+02
-4.620456265366864557e+01
-2.373588457888224923e+01
1.896921326029842305e+02
-1.753378484925101475e+02
4.396608364850545314e+01
-3.170272363161359976e+02
-9.315616223526114936e+01
1.524404402970618264e+02
-2.266995238387870870e+02
-2.961938773083589922e+02
-1.346215876102673690e+02
-3.381867998691089952e+02
8.546816526467299013e+01
3.539333650540636427e+02
-1.586239781409196326e+02
1.115301097095038045e+02
2.327924571724084046e+02
-1.357721091761854666e+02
1.033592547168196347e+02
-1.541253680063537104e+02
-3.025311853440545065e+02
1.705766569735771725e+02
-3.626487604512221452e+01
8.699180978804307074e+01
1.230239418637064404e+02
4.856256318859741583e+01
2.415891132356842377e+02
8.493657330944094497e+01
-2.984613103675775392e+02
-1.182571907140201688e+02
-3.481143386794696539e+02
1.709624446946822900e+02
-2.557781020149961080e+02
-6.196871946858094304e+01
7.160076760632476578e+01
-2.119186534180116723e+02
1.077197763384751141e+02
3.051521073672543025e+02
4.287732343372960031e+01
5.082427019420856595e+01
7.861607666008694650e+01
3.697020859895583555e+01
-1.705007688942463631e+02
-6.742895063387467758e+01
-1.188581267339266248e+02
1.407343252492391343e+02
-2.134253170428102919e+01
1.238458175383151172e+02
1.746468574184192768e+00
-1.922184578090750406e+01
-1.550079184636344287e+01
-1.335453216369908773e+02
6.313840419252957048e+01
9.953606122664056954e+01
1.077378828220517590e+02
-3.095079202567246170e+02
-1.297152155574790200e+01
1.343785385213362247e+02
-2.182469613939997544e+02
1.328253294942416289e+02
-2.188390499796555844e+02
-1.505890501037762306e+02
1.300471992789274793e+02
1.019035842361829580e+01
-6.549215896377339163e+01
1.054563012336195129e+02
1.500664800567080022e+02
-8.039153175260153716e+01
1.839388278752596761e+02
-7.318023393092116180e+01
-9.580041441736220520e+00
-1.120528133097772212e+02
1.373106234138712125e+02
-6.162513675717527661e+01
1.487178261428000248e+01
7.578896063128944149e+01
-1.924494031710506476e+02
-4.020918887932035091e+01
-1.421255634161026293e+01
-2.795089885355384141e+01
-7.739432023054756371e+01
-2.690370901900142542e+01
-1.071981886942110940e+01
5.212584427496956607e+01
-9.369133190129241484e+01
1.000404304600017156e+02
