-5.270522265731549851e+03
5.036061161336313035e+02
1.206846762430779336e+03
4.609554500664001353e+03
-1.778149665457452556e+03
-9.085567725021012393e+02
3.239759308796642017e+03
1.583255356174866165e+03
1.637488530894997666e+03
-4.178640148100779697e+03
2.039884753783737779e+03
-2.044732864285261030e+03
2.155843764944380382e+03
2.310792041417576456e+03
1.265798425024827338e+03
-1.725124424761935416e+03
8.525816632190570772e+02
2.054607900156972391e+03
-4.798729806774410463e+03
4.710120409388664484e+02
-4.547151373643756415e+03
1.078821215431642486e+03
2.536998499591794030e+02
-9.654675949240601085e+02
3.131397995984655608e+03
1.864126546806252009e+03
-8.961769178365780419e+01
-7.328672783981991188e+02
1.027177534628846388e+03
2.823921391382646107e+02
1.640599518085608224e+03
-2.646203873496410779e+02
-6.389876784248482409e+02
1.562698006203155785e+02
-7.144699017914209662e+02
-1.080955421439567544e+03
8.859480055313716775e+02
1.469173687746820463e+02
-8.892796803787526017e+01
-2.150398499124040427e+03
-1.461521064722142683e+03
4.575181350826265998e+02
-4.720669822811664176e+02
-4.081672090805855078e+02
-8.502277482060418379e+01
-9.873392521348760056e+02
-1.132684315597675919e+02
3.750325584439049749e+02
-6.375865082893310500e+02
2.051936894136633498e+02
4.654382607780343051e+02
-8.583004080770106157e+02
-8.570641638397395354e+02
9.556553809206164942e+02
3.839678202338131427e+02
-1.300619619764965137e+03
-1.067535209772363942e+03
1.680089238993954552e+02
-5.249383134369887216e+01
2.109001347183903817e+03
-1.989070981336190869e+02
1.542917187436012227e+03
-5.110072943334978390e+02
-1.025073048338369475e+01
6.064997714539427989e+02
-1.564656550006328928e+01
1.108165010154880292e+03
9.455719064816760238e+02
7.147309352899632131e+02
-6.527938405695562096e+02
-2.514749632849348586e+02
1.028545746439807260e+02
7.242545233249456942e+02
-7.627781945049778187e+02
-1.751023569242951226e+02
-2.743479805531110287e+02
9.591120132719099729e+02
9.718066707780437810e+02
7.788011323780103794e+02
-9.226322328237448573e+02
-6.068885563833810011e+02
7.984506280990683535e+02
-3.235792874370952177e+02
7.366503549854273842e+02
-6.531478834593597185e+02
3.318360720811245557e+01
5.796563188509596785e+02
-5.290864044959403145e+02
3.136052859055167801e+02
-1.263237865453590075e+03
1.052456282787892860e+03
-5.302492038749745689e+02
-3.402341081038351831e+02
5.664352088090992083e+02
-7.064514407458569849e+02
-2.401815747720670799e+02
-2.076371551177655306e+02
-7.736387394744481298e+02
-7.967616857153652177e+01
-3.701902646281938303e+01
3.996812267378084584e+02
-2.120778648399127917e+02
-5.958660149213611703e+02
6.595855667940689955e+02
-9.159321637284406847e+01
-5.036260435240803304e+02
4.636835548449879525e+02
6.400924972102191077e+02
1.554025525937868508e+02
2.429483955299633919e+02
1.683825798129613460e+01
-6.396219768973762712e+02
-7.211022971003741304e+02
-2.187047991337202006e+02
-5.683226816677499755e+02
6.700546709031095816e+02
-4.225574235379214656e+02
-6.265183624857958193e+02
-5.822023943196131768e+02
-3.247911807109550182e+02
-3.221261289341466068e+02
-1.410576077889915609e+02
-3.495713501466764228e+02
1.146423515775606319e+02
-7.793340517783724053e+00
1.040242637432123956e+03
-2.686558489357050235e+02
-5.498881701826799144e+02
-5.553839449853447832e+02
4.614853578072336404e+02
-1.922711675436604253e+02
1.781055553634507191e+02
1.045089842591564064e+02
-5.129641841772656790e+02
-1.624689478219138650e+01
7.846124190608480831e+01
-7.031481097853777840e+01
-5.255138237165361943e+02
2.132702006688515439e+02
-2.700881689009330557e+02
8.920844623858140210e+01
3.542270325672069475e+02
-1.548910366443012094e+02
-9.087588205971368893e+01
-6.536319128913217646e+00
-8.421495593264047841e+00
-1.789797921386727069e+02
-4.332906023434966301e+02
-5.370517953384833731e+01
3.150175918688372789e+01
-4.180891778140994575e+02
1.489750775556504152e+02
-2.951162602203708047e+02
6.243716424655167430e+02
-1.717166956645276343e+01
-6.363343909871277901e+02
3.141532787582983133e+02
4.368129933530698281e+02
2.339161462868560477e+02
-4.749274779281084307e+02
3.159163759439113619e+02
6.661515660859288346e+01
1.123146464460800615e+02
7.641816867431452920e+01
3.035994058847159636e+02
1.748859053290684926e+02
-2.181436855092099449e+02
1.692287751722199687e+02
-3.608104155550102519e+02
2.276200436659775761e+01
-6.250483520975493548e+02
-1.240779970138245289e+02
3.673422617081722024e+02
6.649061004757224680e+01
-4.952321634564678448e+02
-1.487423762091124217e+02
1.035616040345441320e+02
6.895454627722841678e+02
-1.159255820187434693e+02
2.508446835082526434e+02
3.744716374288999106e+01
-4.285368978829567936e+02
-1.903036857013756489e+01
2.331814428299101678e+02
-1.939189843763163310e+02
9.534581205191269504e+00
1.710486791520471783e+01
8.996587904534580460e+00
-3.409026765982600296e+02
-3.184728318574707728e+01
2.880632205853716528e+02
-2.474980348373866264e+02
-3.077863939636101875e+01
9.889128024047391818e+01
-2.882134317642577912e+02
2.226693192486446833e+02
-4.808543684770086202e+02
2.518476624446439303e+02
6.569872736144094461e+01
5.182177545328627133e+01
-1.251913050826254619e+02
1.584051113499510848e+02
4.381865672139059598e+02
-6.516198659833059992e+01
1.232826182075569079e+02
-3.853731063452316334e+02
-5.757220371558883016e+02
2.199931699918732875e+02
2.838607979797465646e+02
-2.839285713146716716e+02
1.529543608048467718e+02
1.478767398062482812e+02
7.388228519282042939e+00
-1.213185042904186588e+02
-2.557105207783883998e+02
-2.479346102256024835e+02
1.294523177338132136e+01
-1.222874403863381758e+02
-7.645643343907214273e+01
-1.083981370420911503e+02
-2.938275800556239119e+02
6.411829644025358732e+01
1.020499137385955279e+01
-2.887075184691547065e+02
-2.173813450297276120e+02
-3.552763916427741151e+02
7.820162927645799300e+01
3.377558844755785117e+02
-4.255173687243529912e+02
-1.531817732045673495e+02
7.238217445823237028e+01
-1.065281876918843551e+02
-2.289468770533590600e+02
4.122105646956620717e+01
-2.367654386263512549e+02
-1.410143052638864845e+02
1.452659878481856310e+02
2.063814933536809093e+01
-1.359170601007883050e+01
4.028517210103804302e+01
3.270871314333598434e+02
4.029576601947940873e+01
-1.020072082283642487e+02
-1.435155353664963229e+02
5.945452989077929828e+01
-1.002553718980984456e+02
-2.336125368592836935e+02
-2.598452547299386310e+02
-6.118526523231906822e+01
-2.342138744953849141e+02
-8.380588381436909984e+00
-8.564215835732444759e+01
3.196945312981382585e+02
-8.580268790798342593e+01
1.447333744287048205e+02
1.709397758465327755e+01
1.776528522874950156e+01
-9.488694007926058305e+01
1.389414194741013091e+02
3.353386099842924750e+02
2.594870777526937289e+01
2.151084397657551222e+02
-2.897442499321477385e+02
4.384728027831073405e+01
1.595800185482847269e+02
5.349476451377238106e+01
1.833964935733908419e+02
-1.412904779478753028e+02
-1.670078912297870133e+01
-1.338492359346325600e+02
-9.381754481380116317e+01
-1.402576591328553945e+02
-8.462721664326313942e+01
-9.506472323577693828e+01
-2.017431267573809066e+02
-1.898379660725492215e+02
1.283661331158305074e+02
1.265385622250190352e+02
6.235528511498906745e+00
1.260362559286330537e+02
-1.371301643220297990e+02
1.152838317483974180e+02
-4.827754636524521459e+01
-1.383915817024754347e+02
-1.703998627824719279e+02
-1.144008224436414594e+02
1.620242288505824888e+02
1.067193890317129217e+02
-5.013868608668195748e+01
2.624378674027505554e+02
-8.170871082928999840e+01
-2.827645553740698148e+00
-1.005553171331753077e+02
-4.480848008418514894e+01
-2.468187287869407101e+02
2.039596181056485875e+02
-1.153724652569896136e+02
2.254089159444005475e+02
-2.116125255007846988e+02
2.997855421929095954e+01
