-6.779215389441646039e+03
1.212498021027468894e+03
1.843315001219404436e+01
-3.483477276903838629e+03
2.007437293549646256e+03
-2.773680363189412788e+02
-2.840279733060931449e+02
3.949457552002386819e+03
-6.543854354088327909e+02
1.386042194959794870e+03
-9.136840083859036667e+02
5.075465475010033174e+02
2.289515675447275385e+02
3.484838937317995100e+00
4.932265622041753090e+02
1.405540820713907578e+03
-5.018817055988415063e+02
-2.783817504488435475e+02
-8.490155055161266091e+02
5.216815932451111166e+02
-1.092744288922142317e+02
-6.015456592593058076e+02
-1.128821943875648685e+03
-7.890645073355245813e+02
1.619841129675671425e+02
5.365990062812670658e+02
3.027291696026584873e+02
-9.218890846514284476e+02
-2.122593681331817805e+00
-2.884097652469763489e+02
1.332832502058067803e+02
-5.341820831555943414e+02
-1.419279387248010835e+03
2.801610893430721916e+01
1.834207785218166578e+02
-5.213198780486355872e+02
2.052432276459928318e+01
3.845749713796251399e+02
-6.384501447549281465e+02
-4.649022430681084757e+02
4.310831444321131301e+01
-8.032589080154207295e+02
4.275081285037067573e+02
2.735046827330065753e+02
-2.791689591665528383e+02
2.405319912843958718e+02
-1.079888236238266472e+03
-1.153700892304404704e+02
3.481067688114462158e+02
-6.243908534031957061e+02
8.140425003486907372e+02
4.944706333925902300e+02
4.578851866752908677e+02
-7.147884515994654464e+01
-2.929193159128305410e+02
-6.162513556958465415e+02
1.006567572275252587e+03
-2.155426929526868491e+02
-2.574778110115523759e+02
5.737925083406285864e+01
-2.486092097242654688e+02
-1.391781760470376241e+02
-7.224231623731033380e+01
-4.340834489635244609e+02
-3.836331584209273728e+02
-3.701191987635696705e+02
-2.545532503667925894e+01
1.174670978031276150e+02
-3.251003299907535506e+02
-9.133701464839977291e+01
-4.809781592267843564e+01
-5.626741222396874491e+02
3.330937466623177556e+01
3.000624193585175021e+02
6.700487476402150833e+02
7.001178933252002423e+01
-2.743955486424794117e+02
4.374871785733201790e+01
-1.704646694592446750e+02
-5.032702842516870589e+01
-4.058808830334363620e+02
-3.409011321598657673e+01
-2.130268227214663170e+02
-1.070371461573371903e+02
-2.803496218081689335e+02
4.749342356569409844e+02
-3.727330851750446641e+02
-4.103900713941249734e+01
1.556311429837766696e+02
-1.581304570072446438e+02
-9.805518317442555087e+01
-2.936704140516508232e+02
2.952255228669376947e+02
-3.621614761088918613e+02
2.375321054859242338e+02
2.375218576219075715e+02
-5.351181930448715462e+01
1.808716181166942931e+02
2.751828152860933869e+02
-1.878230953258213844e+02
6.543263091127893460e+01
1.893883139159687232e+02
-2.767325624719095956e+01
-1.736649344656630660e+02
2.864650283541252520e+02
1.724048803617491785e+02
-1.476838329950317075e+02
-4.323964913905800813e+02
4.554129845199705784e+01
2.666585801671703280e+02
1.259700857738803137e+02
-5.675752633870697395e+01
-7.099242548189938873e+01
-2.451751979341553636e+02
3.759993887570851712e+01
1.150948303385866609e+02
3.486243095597793626e+02
1.363509897340716748e+02
-1.890475178398477567e+02
-2.246192475873285233e+01
2.358497004182958676e+02
6.113944120060457976e+01
-1.494322583252455843e+02
2.594675272419956400e+02
1.127119999727172370e+02
-2.820172680827080285e+02
-2.830232789427345352e+01
-1.470045741249074638e+02
-1.460868535840951097e+02
2.792767794179637235e+02
4.292098774581842804e+02
-2.242036486843371961e+02
2.134365195518250857e+02
-1.030417345955864903e+02
-1.083880208629825148e+02
5.912080168538452085e+01
-9.354689038200888263e+01
2.207967993408964276e+02
-9.375450936975821037e+01
1.640671953243868018e+02
3.070805736123055567e+02
-1.271247698395943502e+02
-2.137549692867760243e+01
7.867753150416952224e+01
2.047294471418383921e+02
3.383748971279482021e+02
7.190860266563828596e+00
-4.570652967327399097e+01
-1.152792376001427641e+02
6.739430726144394157e+01
-1.037708665953922491e+02
-9.974150883002522505e+01
-1.399539889576448104e+02
-1.582772148530429490e+02
1.619782278825965989e+02
7.073273056052028096e+01
-5.971912812877435073e+01
-1.371712031062481572e+02
-5.135008735617154940e+01
5.358283898051213612e+01
5.853884606510077759e+01
1.236613316991366958e+02
1.695123748455361863e+02
1.065825818678491288e+02
4.601099174723864138e+01
6.463023174208407795e+01
8.062590749351716113e+01
-1.557257345820690375e+01
-1.797053280800293180e+02
-1.474398231988799921e+02
1.632811950781898531e+02
1.324859993654727646e+02
1.680603297420719855e+02
-1.094387205713706557e+01
1.025832787755971935e+02
-1.833735166892835480e+02
-6.777289395281374595e+01
-5.094740391914957911e+01
-2.240325190796620234e+02
-7.399969298433509834e+01
2.492519414148164714e+01
-1.401325647524218994e+02
2.289667658271445418e+02
-2.243408719297475500e+02
-6.136610890164303278e+00
-2.271987076430934138e+01
1.318701379237823801e+02
1.106070583494767163e+02
6.771079215071759450e+01
-2.948911951648543095e+02
-1.262604915221254487e+02
2.918901964794558168e+01
-4.672030842037741394e+01
2.910385286820817896e+01
9.275077836852625524e+01
1.696634572325042711e+01
2.949242183868121856e+02
-9.448518743292108013e+01
9.834124311877530999e+00
4.630913525223117944e+00
2.429088119457800019e+02
-5.094048784208035130e+01
-2.022428344250493808e+02
1.975894776380726228e+02
-6.052497555820161779e+01
1.792550668368807010e+01
3.077210959208558165e+02
-2.969056228881084891e+01
-3.698520431322810254e+01
2.831120081547036094e+01
8.609404514010788034e+01
-7.305359392215400760e+01
-1.087745231776610311e+01
5.326941452490595452e+01
-7.421492261009499991e+00
5.531743883848252352e+01
1.171296218715138053e+02
-2.812020240070945576e+01
7.476240607810802885e+01
-3.548173980969397689e+01
-2.318285720121842886e+01
-5.389549966012952353e+01
-3.235179922638843664e+01
-8.936568822727808836e+00
8.596584303328229737e+01
-6.790395679779847171e+01
-1.110670826448254616e+02
-3.582704476574443220e+01
7.069323445187413313e+01
-1.322227538787505452e+01
-7.139744085474785606e+01
7.667909384398430461e+01
-6.672497320917545771e+00
-1.240945334208739155e+02
-6.087245748995346162e+01
3.785955708781071394e+01
-6.568146283647554640e+01
7.500103384185432098e+00
6.864912007542069539e+00
-1.683455199450953543e+01
-1.609734121694808895e+00
1.544595402774809578e+01
4.888452226994216687e+01
1.379499889837350395e+02
-2.566453562133435184e+01
-1.341643385899352552e+02
4.581275935083537831e+01
1.278476045912478014e+02
4.229503615998869037e+01
1.257855879539827981e+01
2.754208966993446595e+01
-9.575415421985807995e+01
1.034628200236013207e+01
3.687829509668129191e+01
5.086964598275695693e+01
-9.809842585084832933e+01
1.477210120209296562e+01
-8.579194144658096377e+01
1.187213614263350081e+02
9.291301166083395913e+01
-5.218124028269960490e+01
6.851924883705342495e+01
3.572559794915666487e+01
2.474882682008790624e+01
-1.732677171851590758e+00
-3.225365683875016654e+00
-1.598169143602088837e+01
-7.490300699438647314e+01
-3.919321747591454397e+01
-8.850534901601548654e+01
4.863386805385577816e+01
7.141776756684782868e+01
1.295862834585105716e+01
1.349124022808890402e+02
8.379375137364105797e+01
5.916751973904998607e+01
-6.388064291089845170e+01
-2.204312867832866374e+01
-2.397780708350641987e+01
-2.025582366145072921e+00
-4.599382186867281774e+01
8.162000328060369725e+01
-1.137750287611955144e+02
-3.864184437292932017e+01
-1.585810195112971321e+01
6.380871184878446201e+01
-5.924422518633951285e+01
-6.287261229174136901e+01
-2.731905917977376319e+01
3.122680633990946575e+01
3.845132659942749598e+01
-4.726760384606182441e+01
-4.839516662359904586e+01
5.118052824251040533e+01
-5.741872156454692799e+01
3.286043940704212929e+01
-1.643599526476650752e+01
5.835601722291426796e+01
5.452083873284119875e+01
4.173695779400715367e+01
