-4.651276222382370520e+02
3.045798053048877591e+03
-9.461340728692797484e+02
-1.531928547465732208e+03
-1.068065353663614133e+03
1.243515499564798802e+03
-2.060218496836977010e+03
-3.070211166323844736e+03
1.946404655561523668e+03
-3.619159392120479424e+03
-1.011118117105433384e+03
3.320283359915556957e+03
1.986697334849165827e+03
-1.844148010953175344e+03
2.248908102370150573e+03
-3.121288299724612898e+03
5.077790962411402234e+02
-1.843611086050702397e+03
-1.230179785759011111e+03
-1.205541378139253993e+03
-9.811460696565460466e+02
-3.476417364753851871e+02
1.427008764236641355e+03
-1.862811456276804847e+03
1.140420071395080186e+03
-1.451344455148682528e+03
-1.589964605489470273e+02
1.078399883579715208e+02
-9.289937637511902722e+02
5.928252473673693430e+02
4.681418324834310170e+02
-1.478637628938765829e+03
-6.111123794735190131e+02
1.402364522602758598e+03
-6.267213719543324260e+02
9.518200648115491447e+01
7.105636068040852251e+02
-3.036621376880917182e+02
1.099349924968450068e+03
-9.007662060148841192e+02
-1.286448356743255090e+03
-1.680711220746780441e+02
-1.317964815429036889e+03
-4.870773286772794108e+02
4.425473941696984070e+02
-1.305201132484045957e+03
1.577879872904522642e+02
2.258020303230057834e+03
7.940829948902111255e+02
-4.313061861242865120e+02
-4.293606075023521385e+02
-2.486089418740356507e+02
5.387648674705702661e+02
-8.572483511406957177e+02
5.472287086621644221e+02
-3.302171970538168466e+02
-1.789805408752975495e+02
-9.092722883785221200e+01
3.343227115694804752e+02
-1.550982492747251911e+02
2.621003472167224118e+02
-3.808644747950913256e+02
1.200025937610159303e+02
1.839812432615393902e+02
1.553661935792500230e+02
6.623220375344628792e+02
9.740254672279361330e+02
-3.439008804256927760e+02
7.150129481156916427e+02
2.256581508715684095e+02
9.723725643549968254e+02
1.059916538449046811e+03
1.610788595831610053e+02
4.570656588256218100e+01
-1.008578968174038209e+03
-1.566354338271665938e+02
-5.645189007078748773e+02
1.669206207670760023e+02
2.238673714107328578e+02
-6.972111129557742970e+02
3.645684048514493156e+02
5.473008789891330252e+02
-1.874128401675242230e+02
-6.197868205844378053e+02
-5.426772018565100097e+02
8.419465484330620484e+02
-3.044381807838901182e+02
-2.198148646701663154e+02
-3.564463902408583635e+02
1.099096731981654642e+02
3.076642099433350950e+02
4.685488176357040402e+02
1.446841606406094627e+02
-8.582092856670901710e+02
-1.561891425543813341e+02
-4.023509481450938665e+02
2.318770605239115525e+02
-3.983316954467123310e+02
6.755028132581570333e+01
9.809428709277598273e+02
3.671502795910380428e+02
-3.558320216312431512e+02
1.496989060147323585e+02
3.550388817388127904e+02
6.211260404896473801e+02
-6.709257704023693805e+02
-2.318310862350882360e+02
2.327460095262938466e+01
-1.441604854460498757e+02
-3.858777184092818970e+02
-1.628541968270330926e+02
-5.483619198512972162e+02
-9.494945702975445556e+02
-4.587600584921077029e+02
3.838006921822403683e+02
-7.532944933559966216e+01
2.828324377209099794e+02
-6.205189625842783698e+02
-1.663277133566795385e+02
4.090583076192508272e-01
3.515358266701280741e+02
3.595517885829304419e+02
-1.322854343097566598e+01
-6.012607119461709004e+01
6.076656411503527124e+02
1.955283033812065412e+02
-8.276699171729227373e+02
1.062371946157893632e+02
8.740946548248114141e+02
5.583119713439008365e+02
1.969102772617218875e+02
9.583108344451425182e+02
-3.427667905946069027e+02
-3.601451008447662616e+01
2.269200446873554995e+02
8.826362473781273366e+01
8.137362361756515838e+00
-4.512645900069772438e+02
-2.087527216770833434e+02
-9.598097955506884205e+01
2.880267365543033407e+02
1.852032527838843521e+02
8.742638670255524858e+02
9.682671154202417085e+01
1.410716624754885515e+02
3.968791899842045012e+01
-3.428530111785933627e+02
2.097759429525671351e+02
5.929394948093272433e+02
5.397018000762285794e+01
3.901976065402587324e+02
4.307451832022691462e+01
8.927618315556306072e+01
6.167532120647764060e+01
-7.022512614394205457e+02
-3.307196108820749032e+02
-1.449757545079524164e+02
5.935788627304551710e+02
-1.532848384127330803e+02
-4.529816934689977188e+02
5.252037264110923616e+02
4.630343906721466141e+01
1.621027649761229270e+02
-5.623805001601124332e+01
1.631072451748114247e+02
-5.252776120177684760e+01
-1.296798308724504523e+02
3.681881062339980986e+02
7.866825557740571639e+01
-1.544980082894477960e+02
1.315870169075501224e+02
-3.982770598940067543e+02
-4.548259573443128829e+02
-1.737329269675315970e+02
-4.407762728420050848e+02
3.472085096835437525e+02
3.000226103895462870e+02
3.106719598885690630e+02
-3.644113491757140082e+02
2.155336908140707664e+01
1.516573128802701262e+02
-2.052531961639394922e+02
4.870508738224402236e+02
5.180594597883907682e+02
3.649720167629794076e+01
-1.347617996095613933e+02
1.224781047244463110e+02
-3.021360477167049794e+02
-4.203650341295356156e+02
1.447680145915632011e+02
-2.826901747881386484e+01
-2.213584933732268212e+02
-2.065967896355537334e+02
-3.400276628755642605e+02
7.048621719021534204e+01
-5.754736467795793686e+01
-3.089236036206223162e+02
-2.766668372052628797e+02
2.338700593729006698e+02
2.131367325578257876e+01
-2.277003997567335603e+02
-3.217092762673439097e+02
9.417928088857458988e+02
4.110817078158668814e+00
6.841779826389833374e+01
-4.672977697953741405e+00
-1.395419642851969968e+02
8.355668475729883582e+00
-2.846006884667579016e+02
2.951456944760940928e+02
-3.287386517552073428e+02
-6.708091573202510460e+01
2.920437991744709549e+01
-2.951454823297301573e+02
-3.597364349831336483e+01
2.977176616490095853e+02
5.571628305264227947e+02
2.302613246346371056e+02
-3.581183539821950035e+02
1.212394193731624057e+02
-5.955469871995834410e+02
3.527040448325114426e+02
-5.618654057848934826e+02
-3.193715551380831243e+02
9.204201625594959069e+01
-6.059407220654240973e+02
-6.171638720950156767e+02
-3.748480989251649476e+01
1.164021176452703941e+02
-2.211905415834427515e+02
-2.377603706245557476e+02
-3.486171046403892149e+01
-2.287288544263229824e+02
-1.564653235966211184e+02
2.248883326524567678e+02
-1.522986243768466181e+02
-1.671963388503547776e+02
8.004860057720077293e+01
8.115376073505969146e+01
6.699150573838703338e+01
-8.761314528497122467e+01
-1.849862528634828251e+01
-5.111614421394457963e+02
-4.271922519363212700e+02
2.109423666390194398e+02
-5.856983966802014407e+01
-2.113383564945993669e+02
2.732177714847293259e+01
-1.867577845262680114e+02
2.352968758422880313e+01
4.549079015753305271e+02
4.167172593869676120e+02
4.386356845954608161e+02
1.492802567918527075e+02
-1.174075845407579948e+02
1.822832163930189040e+02
1.411484129135503167e+02
1.004129223620773814e+02
-3.337889553371813918e+02
2.870534953286438622e+02
1.059213375874697363e+02
3.614173065084398786e+02
-1.840880673972686736e+02
2.476574299441605831e+02
-1.321819296886259849e+02
2.790980420510534827e+02
3.654118437256175298e+02
4.644378242945589932e+02
6.348198569904592858e+01
2.564185845675547739e+02
-9.578119875935868777e+01
8.686812267310081381e+01
4.359774142810051956e+01
-1.978274410245053616e+02
-5.366244247347256646e+01
-5.097089228889855050e+00
1.225696509361197570e+02
1.617057488591801757e+02
-1.576030499747590738e+02
-5.162538437909878297e+01
-4.214497169971623407e+02
2.925364747851431275e+02
1.030149857803928768e+02
5.938448426880812292e+01
-5.420774363603695178e+01
-2.023446148307294266e+02
3.268265828337812877e+02
-5.656592834487105392e+01
6.086754403027908467e+01
1.394497714804359418e+02
-2.038484614845139618e+02
2.300235695352132552e+02
1.785244067085114921e+02
-2.877024231593758685e+01
1.291674705373338838e+02
8.466710884829390693e+01
-9.550611332132503151e+01
8.966744605041709804e+01
-4.592633110867777759e+02
2.305336794611316691e+02
