-2.557512551334314594e+03
4.872420865071805565e+03
3.841471727297546295e+03
-2.790847341199265657e+02
2.120021019960047852e+03
9.477904859798029520e+02
-1.447083428920995402e+03
-1.479449037825702362e+03
-3.223308838083319188e+03
-2.697693176945915184e+03
-8.190403504603001466e+02
-3.019129245218082929e+02
-6.498004411900338937e+02
2.086336456337472555e+03
-1.273692895591706474e+03
3.030003357264441988e+01
-1.319803492829847983e+03
-7.383740254031836514e+01
4.624303626436092145e+02
-3.466716176254772108e+02
-8.559683466483319592e+01
1.397939116778775769e+03
-6.656800195715426582e+01
-2.469202952468103263e+02
-4.784852031482968187e+02
7.159009619124940400e+02
-9.970379817990917672e+02
2.274166038300517812e+03
-8.892814085310716337e+02
2.275117497946614264e+02
-5.183787002175913585e+02
4.148108639506615987e+02
2.244769358855215842e+02
-1.303540369959094107e+02
3.057690907480986553e+01
-3.148379632882707142e+02
2.948757869369699165e+02
-1.094717753949387998e+03
8.411008900926801743e+02
-4.318506327302377201e+01
-4.281203167161570491e+02
7.984181066420591151e+02
1.955055536550562749e+02
2.253239221376501291e+02
-4.418620295166798542e+02
4.372082862973907140e+02
7.461917917700709495e+02
1.511209438576634909e+02
6.423071572840067347e+02
3.721750200835065669e+01
4.226585133881742991e+02
-7.919819996894684664e+02
2.328492959322302340e+02
5.488802085742648842e+02
-4.668593058709568595e+02
-3.065459554007312022e+02
-2.371674973653784377e+02
-1.108485896033054452e+01
4.364854513716145448e+02
9.048002543736014047e+01
-2.729907860508501471e+02
-5.669587268493016552e+01
-2.943865455713284405e+02
-5.147438525068798754e+02
8.364178080296086648e+01
4.491124319783270380e+02
-4.822479086416058749e+02
-3.155476893425613412e+02
-3.559071112479052204e+02
1.033989732369377919e+02
-1.041056710318174652e+02
-1.413896222360875470e+02
8.546999876939403862e+01
-1.492341767409632496e+02
1.255177209736959867e+02
3.885222120476121432e+01
3.409933027207532632e+02
2.573620599429560798e+02
-4.546195975650574042e+02
-4.386182886940043204e+02
4.297439377175894606e+02
-3.903649032547146476e+02
-2.064395984440983227e+02
4.372865698937543755e+01
2.567725153250863173e+02
-2.646332090327707078e+02
1.284794249645672437e+02
-1.672084657547087261e+02
-1.628899061370527477e+02
2.510379630504154136e+02
2.053690921943407375e+02
-2.900816276767415047e+01
-3.945045110905874139e+02
2.059316113302651274e+02
-2.481230264387380657e+02
-3.546020499614850792e+02
1.085503624289069080e+02
-3.097840057727936269e+01
3.319891243079769083e+02
2.150643323134636944e+02
1.255882669532576870e+02
6.209439345252553011e+01
1.221033291018849241e+02
8.826351588808451609e+00
-9.855741561337011092e+01
1.257561637982989708e+02
9.325046024027311375e+01
1.254598083690237189e+02
-1.936522817152566915e+02
1.709493965525174701e+02
1.886422451013251589e+02
5.401036380373292189e+01
6.944680155787844456e+01
-3.398980567214052826e+02
2.270053761692909404e+02
-2.028193746913788971e+02
-2.538844955032886617e+02
-1.003349732245141865e+02
2.304405475058844104e+02
1.076564824661209485e+02
-6.980174626911413327e+01
1.525639600693558009e+02
-4.301296407151862411e+01
1.670115128253157764e+02
-8.280920797449252291e+01
3.068858610197115411e+01
9.397304223682532154e+00
-1.357526586074458521e+02
4.653654735362837691e+00
-9.461692903218961703e+01
-9.890986873188160189e+01
1.544527323879870551e+02
-1.462742306305180193e+02
1.475795210867941023e+02
-1.162990524590874628e+02
2.911632061886006184e+01
-2.626133445340404293e+01
5.061942231280022186e-01
-1.641393460008559941e+02
2.408080674566307096e+02
2.468139739543609323e+01
-1.647249746435564077e+02
2.050285235976217564e+02
-3.780567762133517817e+01
-2.398019466449141532e+02
-2.032134013014679397e+01
9.941262775854963252e+01
1.883961352212264728e+02
8.163143682657192812e+01
3.575202524970474371e+01
1.194854556518828872e+02
-5.419110706781609821e+01
3.133993185628797917e+01
-1.226605831891366307e+02
9.354816451075201655e+01
3.423068077961114852e+01
3.753663125492937525e+02
-1.270820885451158375e+02
1.742254972101089834e+02
1.675834336879104001e+02
1.589479533342957325e+02
1.124914518643019505e+02
-1.988271573602488473e+01
7.688563613411963615e+01
1.936854688162793892e+01
-1.080246482977931066e+02
-1.553347732332816733e+01
5.397219536272903184e+01
-1.364955125607124842e+02
-5.672230316803064909e+01
-1.217211713731801552e+02
-9.041874042776105114e+01
1.546493448466288214e+02
6.622239279940139056e+01
-1.106401473413085199e+02
1.509014430543519723e+02
-4.590936975206718529e+01
-6.478883116609583226e+01
-4.301761440937764469e+00
-5.954392667379328685e+01
4.754962929972689523e+01
-2.910246917710957604e+01
1.462664780194379865e+01
-1.419151470118928060e+01
2.088136568633898804e+01
8.717557370315724086e+00
7.306661306139351097e+01
8.538186931288204562e+01
-1.225192898776465427e+02
-1.132819416193147646e+02
-6.348628037054044171e+01
-5.985995776212046593e+01
-8.713212733176412428e+00
3.338108612235793515e+01
-4.761390947329261536e+01
2.485653713303973689e+01
-2.735172920615871135e+02
2.982067222088901204e+01
-9.507854397026113347e+00
1.028310973444892227e+02
-1.048599893322121268e+01
2.881582446175915990e+01
-3.653175512742704001e+01
-5.309045864166002815e+01
1.454959345465709930e+02
-5.616843276468553370e+01
3.341259312018675587e+01
-2.313890495982927220e+01
6.165591366871431234e+01
-8.665970560765157416e+01
-1.855126403963101609e+02
1.795976704091177112e+02
7.196545101536005973e+01
-1.109771958147804867e+02
1.452555065623829655e+01
-3.730780269793029902e+01
2.885309213692660890e+01
3.151633188487396353e+01
1.456742376365550342e+02
1.226642969865038850e+02
1.235776227579836188e+02
1.152037948628821908e+02
3.475351125986692491e+00
-1.421475688750448008e+01
-8.817598860188788024e+01
4.041759074430898835e+01
-7.515201788930545490e+01
8.599200141849256340e+01
-8.439107316932219760e+01
-9.244076765189134903e+01
-1.000438141728704551e+02
-1.235609765946156244e+02
4.475077434906740592e+01
8.952887853802246809e+01
1.598964996105267176e+02
-3.707377207249026529e+00
-1.582158454236104888e+02
1.944263666272021140e+01
1.411401029418653081e+02
-9.019342368291631828e+01
1.639579452329711273e+01
1.446654998386467383e+00
-4.537997842844721674e+01
-6.707641967215336365e+01
-5.500226001390878139e+01
-2.873198974647044324e+01
3.550028107846857495e+01
4.097169229853787620e+00
-4.851544882179678098e+01
1.145417511190260598e+02
4.038541578785437736e+01
6.513858300971777737e+01
4.741096064741929439e+01
-7.009853930918379206e+01
9.632987612036987457e+01
-1.080009113198540120e+02
1.940725648766094125e+01
-5.756308893991907816e+00
2.640242800850438698e+01
-4.191916186689763180e+01
1.285909029967563129e+02
1.308667528340855490e+01
-2.365869234149517908e+01
5.060094650382152537e+01
8.408914870051930279e+00
-4.309878421175272223e+01
-1.069363899469852086e+01
-2.652421041202046936e+01
-4.441243579425610477e+01
-5.501747510213395032e+00
1.204636756988913788e+02
4.851045329068621292e+00
1.893644518939191101e+01
5.307617249077681976e+01
-3.390281445520895431e+01
-1.588930074947136575e+02
5.254604530368260917e+00
-6.501642067333114028e+01
4.645249800074657287e+01
6.689092121587418660e+01
1.484377562387100902e+01
2.109929120831487026e+01
2.971334942212475738e+01
-9.983159329238533530e+01
2.196311774166952091e+01
2.336701552007224336e+01
-8.724672738582292197e+00
-4.510009747233445410e+01
-4.318466472100071485e+01
5.783683674155121679e+01
-1.148777946830598751e+01
-8.921709945298846378e+01
6.056671877813392513e+01
-3.368445459752126681e+01
8.021911406064012340e+01
1.143272808699988907e+01
-1.567442215054564603e+00
-1.587615333264829154e+01
-7.797877461952475642e+01
9.500565997759673564e+01
