-7.202277497162860982e+02
-4.029057961364292169e+03
8.145041663825559226e+03
1.152856159537829171e+03
-3.305202805943318253e+03
-3.611523854869837578e+03
4.767100975199537970e+03
-1.476015844471657829e+03
8.898044671438020714e+02
1.878354296798326857e+02
2.231695789054670513e+03
-2.210934021326534094e+03
-1.479830543942821350e+03
-1.039180809351934158e+03
-3.926884747741910928e+02
-9.151752871246196719e+02
-2.362694612070248240e+03
4.243841829204307032e+03
1.364908514436646556e+03
2.388671650534137825e+03
2.136550508707490280e+03
1.487252926030595972e+03
-1.504399589056282821e+03
-2.979404411319305837e+03
3.607650333199974739e+03
-1.980654995626012123e+03
-8.924550687701221250e+02
1.237904098854111936e+02
-9.065053498449626659e+02
1.315381838322802651e+03
7.818637416349197338e+02
6.033183438824074756e+02
-1.651876029642069625e+03
-2.121285599783849648e+03
-2.200794217100354217e+03
6.435164713900619518e+02
8.903937053437186933e+02
1.620391508645108615e+03
7.438731780498077342e+02
-4.022219983452339989e+02
-2.415113370997575544e+02
-4.065084698872421427e+02
4.821791615888664637e+02
5.361349826838646777e+02
9.449782454450794376e+02
1.249974840598880064e+03
-6.714203835250876864e+02
-1.659562269744190189e+03
-1.199519750377654645e+03
1.693877247767407255e+02
-5.019477323902333410e+02
-8.365820989289231875e+02
-1.339885189573570642e+03
6.597205841725756272e+02
5.150999924485895463e+02
1.071160802224194185e+03
9.996232556299191856e+02
5.906075683588909442e+02
9.055308807376687241e+01
7.609630272625043972e+02
-8.209296406258877141e+02
-3.494220271064027088e+02
-7.871777371448634995e+02
1.126304281845489363e+01
5.565463821993271267e+02
-5.444262127148665513e+02
9.733440568184679478e+02
1.101611473237325526e+03
5.989435674778030716e+02
1.338199211053101862e+02
-4.723200704480975105e+02
1.392955098931335215e+03
3.550196172327093791e+02
-1.345613332378970426e+03
-1.600912460211781934e+02
-1.248981407191239668e+03
-1.073067404461299247e+03
9.432713373421927372e+02
-1.195387228710127829e+03
-2.074704222372393815e+03
-7.805842003418177910e+02
3.394473122368314648e+02
7.732223428421995095e+02
1.223489279583927328e+03
7.842612155246261807e+01
-5.904045040327453080e+02
-5.926452326962667883e+00
-4.487382952073168667e+02
7.238331078144665298e+01
6.178590774096844740e+01
4.232637556958639493e+02
-1.207807046669922556e+03
-2.444234159241637485e+02
-7.342594688441815265e+01
1.544297632714414021e+03
3.319575029181665968e+02
-3.328381265671995948e+02
2.931800439467312458e+02
1.267471879216853523e+02
-3.887052345276476899e+02
-3.118385631109057954e+02
8.649263722761526196e+02
1.365392996757810806e+02
1.680412780113458382e+02
-2.218385474081887594e+02
3.298617560396475028e+02
2.141298418096850753e+02
4.948828855953206585e+02
2.310031882301261135e+02
-7.181320779006895236e+02
-3.304303481947810042e+02
-5.440167825655283451e+01
2.554878109815517746e+02
-3.270971958120502165e+01
-6.389721800063971386e+02
6.013501414045085767e+02
-3.348096660022956712e+02
-9.378407736574272349e+02
-6.648414780175875194e+02
-1.433722327893135287e+02
9.640062503706008101e+01
-3.579614344414228526e+02
1.435644558845306733e+02
2.907997784878941729e+02
-2.346635448403842190e+02
3.140538463542049499e+02
-8.956740435416867285e+02
-4.713038577184599944e+02
-1.706860435107530805e+02
-2.200597730687587443e+02
3.638028915514315713e+02
-1.465816327028459227e+02
7.106709174584415223e+01
-6.880478123033745064e+00
1.605319393821396829e+02
-3.174953491299027064e+02
1.126213960101438261e+01
8.171556612541138520e+02
-5.713295673826271468e+02
1.136487129010773458e+02
2.742601655049138571e+02
5.833001296008811778e+02
1.023814935433996425e+02
3.384818245013031515e+02
7.212973272630114252e+01
3.489985650347779824e+02
1.380542372087535057e+02
-1.471045419582894631e+01
-1.782477922154414500e+02
-2.785717134823407264e+02
-6.307605520658523801e+02
3.332277636284451887e+02
3.004775351441594466e+02
4.341782677668703059e+02
-1.920013689223151800e+02
-5.412861611395151158e+02
1.001661714241531769e+02
3.515730610289487572e+02
2.913764707698852590e+02
1.956551522730827060e+02
-6.490205537016441539e+00
2.684689500193600793e+02
-1.157344541989611457e+02
7.607587201361657208e+02
-7.856333432683526041e+01
-5.599555498226662849e+02
-2.647440064246404745e+02
-2.454064019880677563e+02
4.284135657411640636e+02
2.802861542705375655e+02
-2.832602143309296494e+01
2.861872209258394832e+02
-3.543015357451823633e+01
-9.451662694025885969e+01
-3.729762426168624074e+02
3.904468655264105337e+02
3.720137805873825254e+00
-1.954077898066007606e+02
-2.601493382693713556e+02
1.152815233020330332e+01
3.079631512394607284e+02
2.190053405732161877e+02
3.722436314590762549e+02
-7.672393655692415493e+00
2.729209407682794222e+02
1.549767751946397425e+02
-2.937803763172393445e+01
-2.274984755365013598e+02
-3.076274933196406209e+02
-5.551424518297611854e+01
3.404433888183873478e+02
4.165472836195620943e+01
3.826848749185633665e+02
3.513133372159334726e+02
6.596008653191759663e+01
-4.837319547309549534e+02
-3.871035675325413195e+01
-2.230216049588893270e+02
-6.259699243978252525e+01
1.009820272685311124e+02
-3.796284393790846252e+02
1.981255921044655679e+02
3.396675358200305368e+02
-2.673921383814840880e+01
3.197789562679324149e+02
1.613417028927285628e+02
-1.030251048783974994e+02
4.944134973397182193e+02
1.880256179290735190e+02
-9.854360119415881059e+01
2.858240198325520964e+02
2.241079630255824497e+02
-2.072902512414825935e+02
8.951301818836438429e+01
-2.651469929466238682e+02
-2.032014710339014982e+02
9.318298583008004243e+01
1.411982708048228687e+02
-2.926215088243822606e+02
2.504898049349184816e+02
-1.462136490213706281e+02
1.426057075514382007e+02
-4.832432121494170474e+02
-1.795669948896492940e+02
-6.395774215331046975e+01
-7.151159096309363861e+01
3.368579793932917710e+01
7.713536307798359815e+01
-3.268157249832302682e+02
2.629863696297285856e+02
-3.328939374118463945e+01
-3.594058784649200788e+01
-3.287734350608021145e+02
3.034422701684376875e+02
2.804007367437871068e+01
6.920169844475705645e+01
-2.119052264133350434e+02
2.282492100063890064e+02
6.389368680353856433e+01
9.493882827134491720e+01
1.638124838231368230e+01
3.889977222109185959e+02
1.522522989814426069e+02
-1.924331527382308726e+00
-1.817704796408925745e+02
-2.538854636639554201e+02
-9.795390313665062365e+01
-1.335871430848134764e+02
3.320919985923857354e+01
-7.250427561073342986e+01
-1.705582103868947854e+02
1.989117426341133665e+01
1.602022537927312555e+02
3.795320086659529579e+01
8.263809913858288780e+01
2.729081777162075451e+00
-1.005449943755152731e+02
-6.877259074319661103e+00
7.526279832806879710e+01
4.169841557718178819e+02
2.034279100976392556e+02
1.828403551882101397e+02
-1.118053499916793214e+02
8.078688133698064178e+01
1.859701272634314648e+02
1.515846881397013703e+02
1.880651254657030904e+02
-2.054034970994493392e+02
-3.530779937166353477e+01
-2.507834372648027852e+02
4.629851583949362492e+01
-1.421804304598659314e+02
2.309198582532730484e+02
4.694857217460126009e+01
-1.523770887553446016e+02
-8.287702015887083462e+01
4.273333513209604462e+01
1.582449733870190869e+02
3.281754732204250047e+01
-1.598956160210067026e+02
-3.377532670020581662e+01
2.815271575997967943e+02
1.380190618300235599e+02
-5.273630925874014252e+01
-8.534698502442459755e+01
2.848390718507643555e+02
6.506194125012926577e+01
2.706019768082911696e+02
-5.383924021761941958e+01
3.874646724146915489e+01
6.475547929701873784e+01
2.730590670378705909e+02
-1.489142452508303620e+02
4.005407053872477974e+01
-2.369135943342224380e+02
1.621089007887472349e+02
-1.368176857519735279e+02
6.028905790947067089e+01
-7.577395704997579173e+01
1.558923251449535599e+02
