5.120729384322161422e+03
-2.897807458952640332e+02
-5.348147111702357506e+03
1.013347622087288642e+03
1.487688446775162674e+03
-3.604794621630139773e+02
5.584415323380395421e+03
-2.340914477240100950e+03
-1.249136572983900123e+03
3.090473642935290172e+03
-9.935593885568318910e+02
-1.808438469673498048e+03
-1.946672487553534893e+03
-8.634207791072835789e+02
-1.996963544478356653e+03
1.818552602801524699e+03
-5.396569409550879755e+02
1.638724500019471179e+03
5.340526096768153153e+00
-6.366654257774874850e+02
2.083774882632863410e+03
-1.271928082789941982e+03
-3.757394579964189774e+01
-1.035872369997432543e+03
-1.284655822988785303e+03
-3.460341149042288293e+02
2.620303171913658247e+01
5.734750013947768821e+02
-1.828433401501439903e+03
-9.900342357565276643e+02
-6.046968510892316999e+02
-5.980825732091453801e+02
-1.832154965728408911e+02
1.311547575868620243e+03
9.957396922160992290e+02
-3.363696595018316202e+02
-9.689667165510541054e+02
1.435856450475235533e+03
-5.170754974575226015e+02
5.959410254240530094e+02
6.400891809784042152e+02
7.878368329354269690e+02
3.985278911926316141e+02
-2.059705247392633680e+02
-1.012869677247191817e+03
-1.763355867460904392e+03
1.701012274979041763e+02
1.337945158139493060e+03
-6.397636805190437599e+02
7.770271507189087288e+02
-9.545849904503122616e+02
1.001541538343689353e+03
-5.162730946768696185e+02
3.451094256088665020e+02
-3.781083376242461895e+02
-8.634310182871471397e+02
3.433130642852991059e+02
-1.771733969471228818e+02
-4.493952705438293265e+02
-1.206299891597388523e+03
-7.179947827183499385e+02
7.057346146696298774e+02
-6.546516882088678813e+02
3.914056980558716958e+01
-2.313754370708909960e+02
7.492416708406071280e+01
-3.002542816078212695e+02
1.547888451677096810e+01
9.192254806697881975e+01
-7.362593749931227194e+02
1.290102465372814891e+02
1.267760847487916408e+03
6.285910638720297356e+02
-9.355365405749518004e+02
-6.873134930928828226e+02
-4.521194089819859414e+02
-1.763052814783103770e+02
1.386532566029347322e+02
-3.785910859880702901e+02
-1.188904940843183113e+03
3.203284371909281276e+02
-1.610448748160737296e+02
1.794548788483063220e+02
6.134251672649062357e+02
-6.078048796717849882e+02
6.420446871560947102e+02
3.303239521573398747e+02
-3.580128117845502516e+02
4.798350291596202055e+02
4.587810252625181988e+02
-8.945942100395380976e+02
-1.536930674846736338e+02
6.792973859696947159e+01
9.476762872062793122e+02
-2.629824484158482960e+02
4.987632623963379785e+01
5.734526186815531901e+02
-9.275260410958364332e+01
6.436709763897706580e+02
7.656118380244822674e+02
-3.100003349305985125e+02
-4.177877587883303931e+02
-2.338766575306102311e+02
1.873690813607027508e+02
4.736248470644722488e+02
-1.918358608054448098e+02
-1.339618661314480335e+02
4.171296926548751571e+02
9.662479825663153576e+01
1.307202714825985446e+01
2.806379929385106493e+02
-1.664113219537729549e+02
1.522176965234593524e+02
-5.025353006420600366e+01
-5.378334123182860367e+02
3.787965024516051358e+02
4.203241967671651196e+02
-2.064806922967398179e+02
-5.641825988587807217e+01
5.514615177954338776e+01
5.797195335833409899e+02
-5.529850963370702175e+02
-2.755032705491631972e+01
3.692650760885396721e+02
-2.958766152519342540e+02
1.908734467227756966e+02
-7.669215777559955427e+00
-1.835617362074027312e+02
2.011822325996290033e+02
-3.342485975199623454e+02
2.562350642680560142e+01
-5.379281077960940820e+02
1.586737102707118083e+02
-1.703147515357260602e+02
-1.918689277567365821e+02
-5.747400722704490761e+01
2.525916617621616069e+02
4.104755777298849750e+01
-1.284483275953130610e+00
-2.625648141355088683e+01
5.607244127973650620e+02
-1.759812391131497975e+02
3.743728719484488465e+02
1.441004988490134142e+00
-1.104917907103982486e+02
-1.577500887202402282e+02
-4.507899026630832964e+02
4.115344769056042082e+02
3.342901354686940749e+02
3.042496312505253968e+02
2.434683820456276635e+02
-2.338457513199082598e+02
2.423161732257340191e+02
-6.922272837799360445e+01
-2.951251597969093723e+02
-2.598649586850749529e+02
-8.895805810862063367e+01
-2.538336496705384775e+02
2.607616220074378361e+02
-2.305043428488154120e+02
5.752291951161151218e+01
3.412232551200697799e+02
1.780915454761241961e+02
1.915922774671180377e+02
-6.279617016897477555e+01
6.140169386930257645e+01
-2.639634194464236430e+02
9.085684482039715704e+01
4.260703049773741924e+01
-1.272838557491581071e+02
-8.400589587763317923e+01
-1.288810543528391861e+02
1.613966103165116124e+02
-3.302367476928503720e+02
-2.093675261867185213e+02
-2.689028252123371772e+02
1.415550964639142819e+02
-1.293684250735262822e+02
1.294625585149675260e+02
1.788758775073682443e+02
6.111644171681378168e+01
1.173455597604892660e+02
-9.321238102661138214e+01
-2.138846778669405069e+01
-1.836627122428483858e+02
-7.222751156350845747e+01
-8.524929139432293823e+01
3.260502869729974122e+02
1.721228810215236038e+01
-1.120053856214065746e+02
-4.244447482240502012e+01
4.894507781738810337e+01
2.219291787473599982e+02
2.511241506764059750e+02
8.808233166967676198e+01
6.824082595160130893e+01
6.943726177891414864e+01
1.314516806217663145e+02
2.115665043877121150e+02
2.081098682321868765e+01
1.671010717757611133e+02
-6.315775361710706903e+01
1.963365262848075190e+02
1.964779495692757791e+02
-1.466070055573520960e+02
5.178120705345340014e+01
-7.426423253623376297e+01
-1.032292307434781407e+02
2.845159967170370123e+02
2.233205079750185575e+02
-1.229557203260770422e+02
-4.898275650492922573e-01
-3.624670696973378625e+01
-8.891081770171927801e+00
5.899271336359777251e+01
1.457519076473884923e+02
6.301090355446053337e+01
-1.257061021924923381e+02
3.875110455449641478e+01
1.313903035663651053e+02
5.853555180251375845e+01
4.586884761055328852e+01
4.789944159699312110e+01
-1.311140334209399043e+02
9.053678947566328361e+01
2.951467832883261622e+02
-1.079013869730961943e+02
-2.939341027636968988e+02
9.458251805707642745e+01
4.597961844113403806e+00
2.236057741396621168e+02
-5.018011767774427057e+01
-2.012613185876578257e+02
2.144524934912429970e+01
-4.718613519023018199e+01
-7.928551429622926605e+01
-1.539732586804817913e+02
7.736269518046817950e+01
-1.465509142208325954e+02
8.106258734461100346e+01
-2.447620069652780330e+02
-6.210896347276923990e+01
-7.068966508859970688e+00
6.225896321578063919e+01
-1.154998941621189488e+02
8.869749708689141698e+01
-3.127864010909666348e+01
1.030428328709222967e+02
9.131475089680400004e+01
2.965362880580398652e+01
3.451367757449197171e+01
2.131554548603117993e+01
-1.252105754175868242e+02
8.109587017918111940e+01
-6.654662768933042116e+01
-8.631191093170032502e+01
-1.862537612803159845e+02
-2.006953099019046078e+02
6.900861630938109670e+01
1.148016835571390892e+01
-5.517098652281011084e+01
1.106993058111722661e+02
-6.131174099418930012e+01
-1.609726677986945163e+02
-5.415230458102483624e+01
-4.370901663290008798e+01
3.140903992714802939e+01
5.679189885200280230e+01
-7.580695964977735457e+01
-9.044803985370658950e+01
-9.123506303965905673e+00
-7.887772162693145184e+00
-1.030007466498701660e+02
-1.127588989971854119e+02
8.573247178719847739e+01
-2.614287936344391596e+02
1.597608363605195905e+02
1.371730802868091814e+01
5.827015729471523997e+01
4.966127143943142386e+01
-2.458775446160910150e+00
8.499449365757985220e+01
-1.304199023442683654e+02
6.008159683068549128e+01
-1.005828933399942429e+02
-2.046577873650629709e+00
2.111724881700568233e+02
-1.374816329164279409e+02
-1.221875289634086670e+02
-6.669802349653276963e+01
-1.532633928357601292e+02
7.543350095806958677e+01
-6.321946962636020828e+01
1.199678408931723084e+02
-1.801145925168929125e+02
-1.218940618088497274e+02
2.305839384330377015e+02
6.966279116829191764e+00
7.473599255575726374e+01
-4.614904473031536014e+01
