-5.199504151584665124e+03
-2.432191076965456887e+03
-1.665728462752055918e+02
3.641066920845831646e+03
-2.535867531500523455e+03
1.863299778765503561e+03
1.862098408022724016e+03
1.451521366405312676e+02
3.289204362638566636e+03
-2.515234996894627784e+03
-6.175950818310656359e+03
-1.694412375680193691e+03
-4.546157165890853058e+00
7.499634429466113943e+02
1.949392147935178400e+03
1.205658162765904819e+02
-3.117990280764036925e+03
3.494539812724658532e+02
-7.827323081911401914e+02
6.609378552557534192e+01
3.060831933818149082e+03
-2.268163847276859542e+03
-3.926694340565631478e+02
3.272750625282588430e+02
2.112879302515577251e+02
1.214500891838048801e+03
-1.774727588944460422e+03
6.261953767103676682e+02
1.415190987382342655e+03
-1.177287755232978952e+03
-1.840658663472026717e+02
-2.778190202862466549e+02
4.380374926552630654e+02
1.473344909294983836e+03
2.532667068408262367e+03
-4.851734612258138100e+02
-1.303741491876454802e+03
5.489137743241681164e+02
1.182997971238921053e+01
-4.100194934185980742e+02
-3.072605805275356374e+02
-1.728161929169411906e+03
4.597869759415778503e+02
-9.247256885948737590e+02
7.125949763210948049e+02
3.440083920821651873e+02
-9.873701372045016456e+01
-1.562817696024103498e+03
-7.827649174653653290e+02
1.682155797843535794e+01
-4.296048653441375222e+02
-1.488842844207760436e+03
-9.596183267037790756e+02
6.214796073072544687e+02
6.716929314654470318e+01
1.399052603747391458e+03
-6.098327351740307023e+01
7.072098766188165655e+02
1.012206205156587657e+03
6.124386016543757023e+02
1.574021162604579104e+03
-6.457990660889817036e+02
-1.080817535821153541e+02
2.289444817569181509e+02
1.408492772224582268e+02
-6.483783284927270074e+01
-2.642015966304492736e+02
5.901931765067072888e+01
4.284235438623090317e+02
1.635638045220405502e+03
-3.587789561117698440e+02
3.373063260186438015e+02
2.923476576842382997e+02
1.371959098806678128e+02
-3.056148520123431922e+02
6.202006770112307095e+02
2.598231489902056524e+02
-7.452320906771742557e+02
9.262391248218095541e+01
-1.285025587763290332e+03
-1.061932434869369075e+02
8.627889222260870383e+02
1.778552912320386099e+02
6.876153400840817085e+02
-9.909497033052477946e+02
3.156249201928418415e+02
-2.143894727577753372e+02
-8.992466716682231436e+02
8.093712612931385308e+01
-9.919323819416221966e+01
4.871591003924341976e+02
5.212109726960346023e+01
-5.253929253931744370e+02
1.579163191045117856e+02
-6.321101372802596643e+02
4.804971571879266889e+02
-9.066345969267426597e+01
-7.265355967764096476e+02
3.728274347415887178e+02
7.144215106074575488e+02
-1.871659203502397588e+02
-1.012487069732980416e+02
9.690918520088804655e+01
4.423754018112417441e+01
-6.041058306227138246e+02
-3.186331834582319402e+02
5.157688158148574331e+01
-2.381377674603938601e+02
5.405215148319435912e+02
1.824882955502166624e+02
1.817236320987135230e+02
-2.158441649343475532e+01
-4.818019329567727027e+02
-1.673070796953012973e+02
1.563488299073889607e+02
7.611426712485205144e+02
-1.817666248119380157e+01
2.037147381075650969e+02
-7.299473944838565558e+02
8.784483358296334643e+01
-5.470959392434008350e+02
6.773487491525081623e+02
1.432510604340910731e+02
1.293897183278934335e+02
-6.422065394727843568e+02
-4.120273940570989453e+02
-2.536724355050930342e+02
1.296767518871276081e+02
-1.493623913948250959e+02
-1.611188522078045935e+02
-4.457987639678265737e+02
2.167716701612669397e+02
-1.829290702617304305e+02
-3.267766149939095044e+02
-1.279869630834516414e+01
-7.455170940338888386e+01
-6.158652010563805561e+02
3.185225488120728983e+02
-3.238069731030893763e+02
-5.528524419528972658e+02
-2.904667428269992797e+02
2.880039005720452110e+02
2.854106499535664625e+02
-8.120855071557089104e+02
3.031083946614063329e+00
-3.124213173016775045e+02
2.207908332917245531e+01
-1.845849786930879688e+01
5.246726730373321743e+02
-6.630298119020432068e+01
-7.811143653198702168e+02
-1.721865578892734163e+02
-4.555592377603148435e+01
3.997151469472951248e+02
1.162845396447625888e+02
-8.496036219476066265e+01
-3.367227262040756273e+02
-4.435128007298350781e+02
2.157628712824536521e+01
4.624921109487782900e+01
7.704386954861854520e+01
3.848255971198177576e+02
-2.412379029379709436e+02
1.943290931868598648e+01
-2.661345455906690063e+02
9.484514100165623063e+01
3.692204146433257961e+02
-1.366156353801387695e+02
-2.870704110574023957e+02
1.858702028274729798e+02
-1.088991756808954534e+02
-9.521944312184430714e+01
-5.735026183616704287e+01
1.466892551134445739e+02
1.196730965385576155e+02
-3.369891612605420050e+02
-1.743212491506121467e+02
1.618293652196778964e+02
2.985060613557470788e+02
3.590719315288078519e+02
4.435257996602319253e+01
-3.569579799131156506e+01
3.654122459816009609e+02
8.794423257078278766e+01
4.875718943108132635e+02
-9.760036935948130576e+01
-4.630385838655084285e+02
1.623621843094963424e+02
-2.569708398410508607e+02
1.416113962977719609e+02
7.580083178173873648e+01
4.220164610120783664e+02
2.210568578620269307e+02
2.678800706158845060e+02
-3.288509756676572238e+02
-3.655630593124350867e+02
4.471682975939266953e+02
2.786101128395507658e+02
-6.389305228791344859e+01
-2.302068606360718945e+02
1.730833626522801865e+02
-1.393376365446036971e+02
1.628498281901381404e+02
-2.157963981362225638e+02
5.734171849549098852e+02
1.762519205630432850e+02
-1.086165373363494879e+01
-1.242355097013378753e+02
5.304189984970980376e+00
-4.948279134564335635e+01
1.471250828783473139e+02
-1.892916917994659229e+02
1.036668235678656345e+02
-1.331434120023810976e+02
-2.777361589984061396e+01
-1.251800101224590946e+02
-2.283578986885731865e+02
-5.183520642160660685e+01
2.918720546574073893e+01
-2.048698118163647308e+01
2.525307801089049775e+01
-5.445824139102074923e+01
-4.351538574959268999e+02
-9.135366821827715000e+01
-1.560788316043258988e+02
-1.299476499007826646e+02
-2.725367804165223902e+02
-1.591460766307145036e+01
-1.216887042164382962e+02
1.913799606453880813e+02
-3.232402633450209350e+01
1.807875224276671133e+02
3.887344047538596215e+01
8.271894959849413453e+01
-5.556828709996512572e+01
2.146077056932404048e+01
3.646747739046624304e+01
5.407633203036384373e+01
1.376723166659274398e+02
8.803135422246634789e+01
1.320489276302761006e+01
2.882097494408205876e+02
-1.138043383961858979e+02
-1.024965488024198095e+02
-2.692814328656031080e+02
-8.011061611293428086e+01
1.876716231145434932e+01
1.274959587870432216e+02
4.690846441204404194e+00
1.549102524819732594e+02
1.184550199884490596e+01
4.920325674063482069e+01
-1.137740953383519127e+02
1.144357466801657210e+02
-2.142342523300697223e+02
1.563870008896522847e+02
-5.135545855054494524e+01
1.356449082185587258e+02
1.630997502274395856e+02
-1.200634168423024875e+02
1.538809900556008756e+02
3.053994846438921940e+00
-2.918991759050908854e+02
-5.589465061967587189e+01
-1.657081887569799505e+01
-1.787707577085433854e+02
-1.832629967168914504e+02
-9.411489013838782114e+01
1.853045301512583478e+02
6.655745103758609105e+01
-8.252587108864544518e+01
1.475168034987218846e+02
8.780511285110272013e+00
-7.058002545356541191e+01
1.768037107090196400e+02
-4.639671779261804119e+01
1.363855948812992551e+02
-9.528210122390140313e+00
1.151123493890391529e+02
-3.473803944274753519e+01
-1.422962046191533547e+00
-1.885073181198479375e+01
-1.221087303638907855e+02
1.277167012555130157e+02
-9.878686633373440884e+01
1.811511652145916571e+02
2.291233650253123528e+02
-1.017805015674959535e+01
-6.466758631807614677e+01
1.279868797724095053e+01
6.199155191092448725e+00
-2.347103400151901997e+00
1.278631123558076865e+02
-1.565831135479007798e+02
-6.150920351097496308e+01
6.723724808099395034e+01
-2.764556567793952979e+01
-3.416431034362036456e+01
3.912212343351836097e+01
-7.854060565021829632e+01
