1.019901092077499129e+03
-5.763039329972260930e+03
3.938295899780412583e+03
2.778283474276675406e+03
-1.845038235140313645e+03
-3.616007842012780657e+03
7.444859641202762759e+03
-3.194496973384845205e+03
-1.005794452451629695e+03
-2.971950571186611114e+02
1.611938451442104679e+03
-1.260766418386604983e+03
1.823571098931957295e+03
-1.338299670965757059e+03
2.773195518257958838e+02
-3.108252047674920391e+02
-3.132054333210840014e+03
-1.667790164098678360e+03
3.924115353427948321e+03
1.612892704059267146e+02
1.873079857708227337e+03
-1.005483528400397972e+03
-1.659161651715128983e+03
1.010896039411570769e+03
-5.212892877319902709e+02
1.834475589730095180e+03
-1.169257142608368895e+03
-1.518829845733446291e+02
-1.498492347705174097e+03
1.495747730735016603e+02
-6.941568338851472220e+01
1.018260557824293073e+03
-1.168271871862656781e+03
-1.424351676019813056e+02
-1.428662833376791923e+02
-1.442218730032737994e+03
1.036679969891798464e+03
2.451693103386656730e+03
-3.391020569420717948e+03
-6.015978036137129266e+02
-4.884900884698288870e+00
1.114361861387306135e+03
4.256560777315235669e+02
6.119585419605651850e+02
-3.613712131327157522e+02
1.510525713556082110e+03
-3.765750417673342554e+02
1.013286514699980671e+03
7.798322551120078572e+01
3.696333819291464806e+02
-1.277524128741270260e+03
4.286464948152745364e+02
1.649814652369351961e+03
1.598340444755149008e+02
3.924779703543763958e+02
1.909467753281865328e+02
1.936525414671745239e+03
2.320487742986339583e+02
-1.256073278025609397e+03
-1.217570147604733165e+03
-5.475447547430092072e+02
-1.833990631545894701e+02
-8.153644164793739719e+02
-2.136562235280729055e+03
-4.592582767011132887e+02
1.933526916866018382e+03
1.427489069678419128e+03
3.259159418926948888e+02
-9.954534695114793976e+02
6.681789744072262920e+02
8.968331716866591705e+02
9.282975314270448735e+02
3.640647484475197189e+02
1.905819482269756236e+03
-1.310744270609631485e+03
2.490303302665327010e+02
9.434641240359284211e+02
5.272131863981499578e+01
2.140913380978837267e+03
-4.332727855234944059e+02
9.731746438867146765e+01
-6.842919285970778276e+01
6.380050675010777468e+02
6.239142318689292779e+02
8.229602084917190723e+02
-1.291299950068153066e+02
3.576441112501877910e+02
6.225967956706058430e+02
-1.326142961212789260e+03
5.059565884678990528e+02
1.033493534204300062e+02
2.379504479157518517e+02
1.147438043642692236e+02
3.106120165044088139e+02
3.124939726143066991e+02
3.463551443213884795e+02
-7.716289175302273406e+02
1.330359046675457364e+02
-1.010265674950725725e+03
-4.889300120616600793e+02
-4.249564578698331729e+02
-3.654146092167166557e+02
4.486637102429707369e+01
1.428500789035328751e+02
4.375073956122845971e+02
-6.239663921899519892e+02
-1.989011045093604935e+02
-4.137034412332956208e+02
-4.139300579579474970e+02
8.095729134796414428e+02
-9.593337213033156559e+02
-1.217955648215307747e+03
8.847638205992755047e+02
4.103280146293651569e+02
-1.735725014397062083e+01
-3.531884610285016493e+02
-6.974117204042290723e+02
-4.137499271892110073e+02
-8.630276931472935757e+02
1.128017481082039524e+02
6.609541733249914159e+02
3.878633062914381071e+02
-6.717793704612869305e+02
5.516045725948312111e+02
1.190516120961147863e+03
-3.947049786737642307e+02
2.692769489649641059e+02
-1.195376120920011317e+03
8.660855861370109778e+02
3.239242331897562366e+01
1.305314091289985186e+02
-5.572859668440237328e+02
-6.483833090316614971e+02
1.660827721430458155e+02
2.262499043939908177e+02
3.454313885494687497e+02
-6.677627754826891078e+02
-1.582495072147754627e+03
-2.507379395490280842e+02
-1.828304578145313286e+01
8.669109101467499841e+02
4.510991913523898802e+02
8.790992013649537284e+02
-2.265126059605778437e+02
-7.939318100117039876e+02
-2.954343339606049312e+02
1.796981697246991061e+01
1.486277215507292340e+02
9.617478105452144064e+02
1.163053768376718153e+02
5.219345921165173650e+02
2.785537638543596017e+02
-4.861909325889101297e+02
1.278312793930581677e+02
-3.113969936896280046e+02
-3.703133321601296046e+01
1.203586094076613790e+03
-3.548613966184543074e+02
-7.963703428892238811e+00
-6.704836508913933812e+02
2.147829584176017192e+02
4.223184913248283010e+02
-3.511576153249987442e+02
-4.743197404663256975e+02
-5.789263251745551315e+02
6.372106474550050734e+02
-6.044068239858291918e+02
-3.054185554651426742e+02
3.398780654361638653e+02
-6.522420667258207061e+01
3.052269786545788861e+02
6.027100764469203114e+02
3.025581450759797235e+02
6.962783526059170924e+01
-3.721223838256009913e+02
3.521049996857012587e+01
-6.383283143842480740e+02
-9.310730707733820566e+01
-3.498377105491152861e+02
-9.024622775117560991e+01
2.254171362425881000e+02
-5.293082982431766368e+02
8.171572697955118656e+02
3.923428448159803565e+02
5.580097651722544470e+02
-4.904343897727825663e+01
2.693588737338026817e+02
-4.494539092212673381e+01
3.150810332097657920e+02
2.053756699901224181e+02
-3.486090365690697013e+02
-2.055664146277893565e+02
1.946696720355288335e+02
-1.483328955199330608e+02
-6.972798658327374142e+02
-2.014774523973632654e+02
-3.159325433092722619e+02
-8.631309369689778066e+01
4.462455069264366614e+01
8.512429212287427163e+02
7.251573603858292927e+01
-1.135287347182956808e+01
8.601610261084271087e+02
-2.736929820899956098e+02
6.866160889204857654e+01
1.403468317258898992e+02
-1.819507579510937205e+02
2.057590774549665014e+02
3.712397137721171134e+02
1.103359819089104690e+02
-1.148187175600643855e+02
3.224399014949974429e+01
-6.730215981177785523e+01
-3.456540437252545530e+02
-8.931034934620971910e+01
-1.903448682485535812e+02
-1.561848168276511899e+02
4.086663346987100454e+02
-1.786046666949028747e+02
-9.976672950702732123e+01
-5.035855498662364766e+02
2.068084415898473480e+02
-4.900463282741977196e+02
-2.896351648967039409e+02
-1.618773438852492745e+02
-4.242610031828240125e+01
-9.141380143006774972e+01
2.288015457342961838e+02
-6.860614832359327409e+01
5.242366089044773858e+00
-3.505805194962534301e+02
-1.953116257156692939e+02
-1.723627140000530176e+02
1.317065196603912796e+02
-2.086582138795601509e+02
-1.032367512004855286e+02
-8.324238694768934010e+01
2.862373931973844492e+02
-3.110386285542667224e+02
-3.757995748718113873e+02
1.388714053972071838e+02
3.406164346863744754e+02
2.765066584542901751e+02
4.758167019971994982e+00
-2.272101676428213679e+01
-2.494007198823411215e+02
-1.487536199568280892e+01
-1.653106635777433837e+02
2.642549757280352196e+02
-6.216028885649463831e+01
-2.426276808616716494e+02
7.648747760282857655e+01
1.585849532424829533e+02
-2.870777711206671370e+02
3.744039182820912970e+02
8.529120406768491591e+01
-3.263207076330383529e+02
-1.167378794269805127e+02
3.732931406039792250e+02
1.366395112477525515e+02
-9.235549074323465391e+01
5.489381344246388750e+01
-8.982134025220108242e+01
-2.451428894879782945e+02
1.536496392821945562e+02
1.166564286134058364e+02
3.477316040203346006e+02
-5.872313846010808902e+01
-1.767478052220910456e+01
6.993213726606718694e+01
-1.169427774262239552e+02
2.203635233774916813e+01
2.210885412996577486e+02
7.794712611329222796e+01
-7.381085446382029147e+01
-1.134859750443607567e+02
1.045893471907821493e+02
-3.328009244390690924e+02
5.226196336741587345e+01
1.364967735810137484e+01
-1.960216384017455766e+02
4.386116454467579615e+02
-2.376438720372762248e+01
2.186945771623779535e+02
1.409970821092607878e+02
3.682108411263789662e+02
7.147099187084519656e+01
1.821160590288734795e+02
1.072971367288061231e+02
9.250778727558143544e+01
1.759741168043027244e+02
2.083002681218465284e+02
-6.301060120739370518e+01
7.539571340500320673e+01
-1.854854640667128933e+02
-1.214599305415645318e+02
-1.770081854789534646e+02
-1.110866067591748561e+02
-4.743667861260465770e+02
2.952889420877603470e+02
