3.964915840581980319e+03
-6.925868168155087005e+03
3.872368264690844626e+02
1.801857174026629309e+03
3.240508406277127733e+02
-5.687139995022622543e+02
-3.553105845108612357e+03
1.557788684333780793e+03
-1.878773868520307360e+03
9.523147684948196456e+02
-6.555039584811031546e+02
2.497987235244880466e+01
1.945414143750226685e+03
-2.789198588864510384e+02
-1.600320740442413125e+03
2.998515537470197501e+01
9.693634383225978581e+02
2.147377814889277374e+02
3.165260126019677500e+02
1.525979858543154705e+03
5.712532332732821487e+02
-7.936298058312657986e+02
9.209052936798617566e+02
6.721493554266837123e+01
6.578295228435795394e+00
-5.576400148594708526e+02
-4.725326318657425873e+01
2.595745102292097499e+02
1.098693302756940739e+03
4.530682647578673823e+02
-8.092617123701472792e+02
8.029992105520542509e+02
5.108453739282564356e+02
-7.581269227079627626e+02
3.547821719508416294e+01
-6.892474680100043827e+01
1.117565492042488131e+03
1.035281613453096497e+03
-3.347912458880957161e+02
1.211294843446615687e+03
-1.723618227073169180e+02
-1.112059653142972138e+03
-6.059399592933931444e+02
6.476682745373499301e+02
-1.860213591313653296e+02
1.257513007806610403e+03
2.427059324122602106e+02
-3.136654261644904977e+02
2.167632889313762234e+02
-7.508501332873424872e+02
-4.501005009775860231e+02
-7.692331723802291208e+02
4.882140492021779892e+02
3.357502084238256543e+02
-1.347632324042667165e+02
2.356415649867244611e+02
3.174865738640506265e+02
2.946123488127254859e+02
-5.997447732804041465e+01
3.603235871148334013e+02
-3.394593327644594751e+02
-3.803960847240552994e+02
-1.452592416886809268e+01
-1.662282634232660428e+02
-4.575309756812769706e+02
7.551891746396736380e+02
6.544426000581413518e+02
6.693330991752344516e+01
6.256563059428918905e+02
1.154514244865640080e+02
2.170748534409283934e+02
3.456957981632390329e+02
1.680422740239339134e+02
-1.415349223645141024e+02
4.723696636823351582e+02
-2.784734489668777542e+02
3.137488587601454242e+02
-5.219662090761850095e+02
8.018782046461229811e+02
3.757035251066736858e+00
-3.845289702332282786e+02
4.768767063644902748e+01
1.828565331690217022e+02
5.839610644087205173e+02
5.018708367695287365e+01
-2.257856865939812110e+02
-2.185601128463579528e+02
1.933210633199681467e+02
5.670796193259330487e+00
3.224813218522380254e+01
2.602693456722573160e+02
-3.560639762073819270e+02
-1.285746297409565564e+01
1.487903970917428182e+02
7.155775210303930862e+02
2.478674654704683178e+02
4.091950958489242396e+00
1.008805838360755587e+02
2.673390544046607431e+01
1.685294755580705157e+02
1.822680648073939551e+02
-5.154517970828958795e+01
-1.061706513053568983e+02
-3.907739624164737506e+02
-3.009603584920768071e+02
-2.327954776605926668e+02
-2.089057468525013519e+02
-1.343753319305315586e+01
-9.472576518681347579e+01
2.169886400656401690e+02
-3.785424765499420232e+02
9.685551709621182681e+01
2.087572688922005000e+02
1.497099815944482160e+01
-3.598104563729232552e+01
2.358303120235424046e+02
-5.594937377781538999e+02
-4.257509020586762176e+02
4.178384544784007915e+01
2.577272410294606857e+02
-1.177347777092987542e+02
1.419865706619679599e+02
1.107485312709637810e+02
3.302937197582731415e+02
1.910366177331056861e+02
-2.807217578552503756e+00
-1.113774255943540652e+02
-1.349638975697239118e+02
7.425684414347347229e+01
3.140495660665476976e+02
-1.632355447815682226e+02
1.558349351153434554e+02
-4.026099781597268930e+02
-2.422113158526457255e+01
3.723957736241740690e+02
1.694350348918229372e+02
-1.310682284939518283e+01
-1.063527377153317843e+02
1.397491031287155749e+02
6.740152164039142235e+01
-1.779863806475898116e+02
-3.721593287571096198e+01
2.799796114519159005e+02
-1.344924703631085379e+02
-1.637094278127019606e+02
-1.865745545109370482e+02
8.242821088475508873e+01
1.866564680032732895e+02
3.147063270967682911e+02
1.330431109242623791e+02
-5.376413932512305394e+01
2.099445921704902105e+02
2.893817273072700686e+02
1.058144669270858458e+02
-3.509851111877522101e+01
1.446627585343923883e+01
2.662895395816389623e+02
1.491853435430992079e+02
3.794321656343369931e+00
-6.848318266360696782e+01
1.329372496081631994e+02
-1.721353223271691206e+02
2.221153399509717303e+02
-7.457057923739752425e+01
1.195892542243595074e+02
-2.046727375819329211e+02
-3.717725653900514349e+00
-1.978719405221596332e+02
-8.050910273641464698e+01
-1.128982420724899356e+02
-4.819394962052463427e+01
3.531355886072472572e+02
1.239896634349064897e+02
-1.692389292759395971e+02
-2.636001794083259711e+02
8.528076423235123826e+00
1.641977492494380328e+02
2.708445990976262010e+02
-1.760431518538250941e+02
-4.062008936836559769e+02
2.576121373721974805e+02
-1.152341339451720756e+02
1.094066907507065451e+02
-8.488734590047201323e+01
-6.867093479051401061e+01
-1.682059309767743400e+02
-2.723229324618275982e+01
-1.077705961169117472e+02
-3.065532968211567209e+02
-2.041481613616545019e+02
-9.365843970275967934e+01
-1.784679526143080182e+02
-2.988622995357982859e+01
1.012664301417590735e+02
-1.407162197847879703e+01
1.747976103093634777e+02
-3.167495336256524041e+01
-1.849321970431930424e+02
2.154179513258538918e+02
2.183965356594922866e+02
4.846352466305266837e+00
-2.392150912378365604e+02
4.683705427040091536e+02
7.939773011681345416e+00
-1.438927006468708498e+02
-7.551519634104576717e+00
1.138127141497064798e+02
-1.057334079918344685e+02
7.970354875438991371e+01
-5.878958584399393317e+01
7.306370708899774513e+01
7.968227220886646478e+01
-3.737860787435404575e+01
8.481611836986621711e+01
-8.138871369744647666e+01
-7.651809848821069693e+01
3.779147268786066860e+01
1.925629826222966301e+02
-4.059994000170058257e+02
-4.663827014215246436e+01
5.700245783200004723e+01
-4.816438102918545638e+01
-3.711024576950412666e+02
4.011741914072802118e+00
-4.505015878084341807e+01
-4.661071980269569082e+01
-1.490469933486849641e+02
-1.435951724172335844e+02
-1.045399214121637357e+02
1.028866795701595649e+01
-8.016341288327178916e+01
-9.364071587192934487e+01
-9.288552252584057101e+01
7.416658178815858093e+01
-2.857915166446314359e+01
-4.770932394256821851e+01
-1.302437642969845228e+02
1.228602397524155663e+02
-4.024999178455510673e+01
-3.449932533181527674e+02
-3.501487791160844409e+00
1.437492044933839850e+02
1.857423670691651978e+02
-9.210259375628207579e+01
5.012968331935439892e+01
-1.348334074695852536e+00
6.203825812341658974e+01
-1.110720988610034397e+02
6.696711166806201732e+01
-6.892355462814219891e+01
2.962331797716589676e+01
2.660280769516033956e+02
1.128757812578917878e+02
-3.147765681408028513e+02
-3.094817066408587181e+01
1.302821246031182767e+01
-1.574520743757460934e+02
-7.856524511291317481e+01
1.264638319891542437e+02
-6.193843659577159144e+01
2.357834405774540301e+02
7.602287136137272228e+01
-7.475018294095737303e+01
-9.070642222108477881e+01
2.953572962212903690e+02
1.627172900841037233e+02
6.951414969205117700e+01
-2.418496917635826904e+01
5.100159462821351752e+01
-2.142941655306576081e+02
-6.524283409423208013e+01
9.294518116369980021e+01
1.885439004557700571e+02
8.832931637471904196e+01
3.600283590560884761e+01
4.109007213170586681e+01
8.696856130816378538e+01
4.838302871564852836e+00
5.926372822774561655e+01
9.735055037112668685e+01
-1.154749463464275010e+02
1.096653314196571927e+02
4.964891059684135399e+01
1.003499737177765070e+02
9.668333133698932613e+01
1.699936187097336528e+02
-1.770899736000382916e+02
7.189713715833161700e+01
-1.339546956677645539e+02
2.197890693318116462e+01
2.296027617234261413e+02
1.149159580710566928e+02
1.272753928734734927e+02
1.076953365105816296e+01
-2.985093509168912362e+01
-3.668095077153164141e+01
-8.308660287991195048e+01
-9.837702727159005178e+01
5.909778198998420606e+01
1.710731067961806104e+02
