-1.672794240270238504e+02
8.176106667045526137e+02
8.586703335079774888e+02
-1.342817770793720342e+02
-2.609632466649256003e+03
6.698947031772430819e+03
2.881718032987313563e+03
-1.935822093885109325e+03
-3.247501517945774481e+02
-8.030906429290131427e+02
-2.108530954334917169e+02
3.842979517424591336e+02
-5.930740274593944150e+02
1.299996104785969237e+03
2.979087696568899446e+03
8.448021823716364906e+02
-1.034602635963869034e+03
-5.819161008819169183e+02
-5.737495671058875359e+02
5.879344327272035571e+02
5.124725652402720470e+02
-2.753541997161321888e+03
-6.406672173291885883e+02
3.199360936545590903e+03
-1.117134257951340714e+03
2.987895734663545227e+03
-7.998625436044759454e+02
-2.376518545285458401e+02
2.637424635657163776e+02
-6.912686896834583195e+02
2.472844056428923523e+02
-7.311899630547821971e+02
-5.234722188519699557e+02
3.042632979173758940e+02
1.896735416714204121e+03
-3.853278065939032899e+02
-1.139186356812264648e+03
-2.579880430043352249e+02
-1.940753029264085399e+03
-1.148743922915972234e+03
-1.071732716680432759e+03
7.042327486123075460e+02
1.969715990642563668e+02
1.385203053844174690e+02
1.613519660714290467e+02
-3.198575271760868191e+02
1.325970499355692027e+03
1.089471689104181564e+02
1.091216804075945674e+03
8.335675621813926739e+01
4.188809448963099271e+02
-5.226375800344268328e+02
2.055773855421523990e+02
-1.592064252287558020e+03
2.122061341054067725e+03
8.413543323569293761e+02
1.213351945367272492e+03
2.680773323420424958e+00
5.278403751484366921e+02
-1.192699506422984769e+03
8.120684754918879662e+02
-2.197014320309300217e+02
-1.437428022564278933e+02
-1.731267851901573351e+02
3.901595134298232779e+02
2.631125860772449983e+02
6.053752468945884857e+02
4.267943661097496602e+02
-3.524376181146591307e+02
2.281887088500282971e+03
-3.878010376979738680e+02
3.976952261064287768e+02
2.139812818388301139e+02
-5.200072702802755202e+02
-1.326952483475103918e+03
-7.145064035847125297e+02
-6.757660918250521718e+02
5.559582377124125969e+02
4.887934151087480927e+02
-6.845512251006314273e+02
3.023244013671863399e+02
1.044509076683955300e+03
3.646396820846278501e+02
-1.086221564957369310e+03
-7.030723435945021720e+02
-5.765091297334202558e+00
4.654931440756832330e+02
-4.180559675360979099e+02
-9.185213767053271283e+01
3.088555608159348935e+02
1.922256334707527685e+02
-5.332421931680790976e+02
1.124123505885600594e+02
-1.083012358959024596e+03
-9.548748648268778538e+01
2.540567775435041256e+02
-8.205400203349151411e+01
-9.644233146629755993e+02
8.198730581856185751e+00
2.752888136137900119e+02
3.414084210624330922e+02
-8.382676185924315178e+02
-8.928681352666098192e+00
-6.670053046818851499e+02
-1.013836162099731268e+02
-1.411655696167911742e+02
-4.528258458855116828e+02
-3.046872854734472185e+02
4.780371652876855251e+02
-1.437959496154062151e+02
-6.052100944260945425e+02
-3.918412933769612891e+02
-1.111575297497852034e+03
-2.985710844405835473e+02
4.418278538234316102e+02
-3.986501186594566093e+01
-2.542337043958975755e+02
-7.439506254444191882e+02
-1.451940592819373137e+02
5.138825305796530074e+02
3.385067849044471018e+02
1.594814053755080749e+02
5.623244282246307648e+02
3.732581118405229770e+00
6.255929199561461473e+02
4.653486710353892022e+02
-6.483696795222480205e+02
4.805273435947296434e+02
4.603133437477762868e+02
4.614975635183523082e+02
2.882281060929664562e+01
1.157057351699484343e+03
1.088087319713123122e+02
5.742501793138099941e+01
1.027648273744408272e+02
7.378449711680264045e+01
4.677350889198138475e+02
-9.042461454456820320e+02
-7.858440622965376576e+01
-1.988251726953181446e+02
-1.151175329749968199e+02
5.851766428952961263e+01
4.336166133890642413e+02
1.633399012846156779e+02
-1.287965926014594515e+02
2.732863286404642054e+02
4.026011278166230341e+02
2.521410304558391431e+02
2.836309890792254009e+02
1.482486902037864240e+02
-1.421905175424866457e+02
2.508500302998323406e+01
3.205383205526858319e+02
1.482755806321636172e+01
6.399768837595654958e+01
-7.897089433685907878e+00
2.317272342403607865e+02
3.285089150186400957e+02
2.880054245314968853e+02
-8.076669063456066624e+02
2.502006862208439202e+02
-1.883515495231881971e+02
3.866458593519712394e+02
-6.359020246309311233e+02
1.611575469318797786e+02
-4.035198209316487805e+02
-3.694614463119038987e+02
-1.468816205178224834e+02
9.258121235026972329e+01
1.654408183632903331e+02
-1.243035151592626448e+02
-4.556752849952317774e+02
-1.423897081085117122e+02
-3.102242108837603496e+02
-4.371155945559944200e+01
4.940607676686194054e+02
2.326607609970736519e+02
-1.491043854965872413e+02
-1.078703556486137103e+02
1.727648844321295485e+02
2.188060670311882063e+02
-3.754444476214350743e+02
1.350086634032840323e+02
1.742926375296133870e+02
7.219696862033880507e+02
-4.080204527103039140e+02
2.183797503211152957e+02
-5.836838654656320813e+01
-4.366116820745229461e+02
2.926435860296578539e+02
7.056234988207583214e+00
-3.077410639527581111e+02
-1.240865204044986392e+01
-7.683230469609247848e+02
-1.008653568359396360e+02
-7.995546107095358934e+01
-3.939542426640726944e+02
3.871094332962957765e+02
-3.020602263109894920e+02
-1.970707583190968819e+02
8.660654918055934104e+01
-4.004363592275031181e+01
8.176605695470201454e+02
-1.593678048031695766e+02
-6.619537345029593567e+00
-2.260092556196134126e+02
-2.328255889916745502e+02
-9.760925069334000170e+01
-4.687517189201435599e+02
3.476957180527237483e+02
-5.097668557863340766e+02
-3.738220832343843369e+01
-3.960146240182684352e+01
3.330450586952062508e+01
-2.862460784683668749e+02
3.923379481023720246e+02
1.660217439314234298e+02
-1.898982397687800869e+02
-2.747272658172068986e+02
-8.521985593959846028e+01
-2.855007299331234094e+02
3.530649865826644600e+02
-4.051134097048967533e+02
-1.894488919748048090e+02
2.113423456863419858e+02
-6.272765185206054639e+02
-3.348867919318389568e+02
-2.966251405174483580e+02
1.151700661874060927e+02
8.372554873199764813e+01
-3.412411669500259315e+00
-9.475711143769954958e+01
-4.658740682090864311e+02
-1.104411974833421368e+02
-3.246005688113431802e+02
-1.122376600678537706e+01
-1.384330364829710049e+02
1.726439584100134539e+02
1.601727683257799697e+02
7.741668362997729957e+01
-3.168334207119578991e+02
1.572357628938243579e+02
-4.410441249085648678e+02
-5.934492045492747820e+02
1.566679642963688082e+02
2.824113290861772043e+02
2.576837108543004007e+01
7.588243789718676169e+01
-2.988946638552508830e+02
8.585009400946773894e+01
5.769110596402906594e+02
4.692752834984424908e+02
7.103840428158678151e+02
8.597086782711404851e+01
-3.035133584642460391e+01
-9.633420530856238884e+01
1.442360999157874346e+02
1.724545047931611066e+02
-4.578790000235209163e+02
2.200392693284211703e+02
9.382798095315759213e+01
4.207954244868163300e+02
-4.393857449446109626e+02
4.379680398163467316e+02
2.891259171699551089e+01
1.382721473196499176e+02
3.695894643912390052e+02
5.413015581910756282e+02
1.047522295249442976e+02
-1.911934913876885958e+02
-2.525935144436011512e+02
3.305943045570588197e+02
-8.144571498182062896e+01
-3.817333685485889418e+02
3.228614003403317412e+01
1.108593205101254711e+02
-5.365108735471970647e+01
4.615548995355816260e+02
-1.544388952938873842e+02
-3.242512759035157046e+02
-3.861995469210308443e+02
4.688757346961536427e+02
-9.980139511715508149e+01
2.698369874436468763e+02
-1.341147927691181962e+02
8.925550152776094137e+01
3.620862560419930674e+02
-1.211995156600749226e+02
-7.087949003446652796e+01
1.973765493011826777e+02
-2.788980124163675782e+02
1.343808605132033449e+02
1.394523374844361285e+02
9.056397146902848760e+01
8.771709855458939842e+01
3.213074251754801103e-01
-9.799834572344792605e+01
2.822447961390323599e+02
-8.673622741464478736e+01
3.732915354207486303e+01
