-3.041951942419285388e+03
-4.639648035926816192e+03
4.810804336503950253e+03
-3.969682516375340811e+02
-1.690038171463602794e+03
-3.581828897335610236e+03
2.346822468562781978e+03
-8.716266064922340320e+02
-2.017899179743431660e+03
3.031253187900557805e+03
3.024800936092034135e+03
-5.904623967190752865e+02
-2.127461803323875245e+02
3.376295342750165673e+02
1.325144632034882079e+03
1.287417411695847250e+03
-6.176578096148423356e+02
3.214185564995211280e+03
1.599105304601085209e+03
1.926823675226202113e+03
4.023780541039412810e+02
1.730351018331090472e+03
2.002178362883114232e+03
-1.875130203183238564e+03
-4.434294918571804374e+02
-6.048021273157816040e+02
-1.554380526369210202e+03
1.386944065037589553e+03
-1.462144413679125137e+02
1.121354147637248843e+03
-3.564025528468366133e+02
2.783521948744879069e+02
-8.685243208907812118e+01
6.079162217432809712e+02
3.435341666509401080e+02
-1.492931167444161474e+03
-1.829530359982916536e+02
1.542387501796345987e+03
-8.155569087509220481e+02
-9.392131148455099492e+02
1.819540281273733399e+03
-1.084012423274199364e+03
7.425854392330819564e+02
-4.157688801166550547e+02
-4.735747388445122965e+02
1.026408148191903365e+03
3.185405385615565024e+02
2.659676657651666005e+02
8.424281256944063898e+02
3.620582245799980683e+02
-1.505342342888294560e+01
-1.416482998289115812e+03
5.696239520504060465e+02
3.233251449574192975e+02
-2.821700514307870549e+02
-1.692060873182024352e+02
6.421575457172931465e+02
4.178345980896136780e+02
6.159830847350182239e+02
9.698000107938851500e+01
2.809293855526047423e+02
3.499421294440476800e+02
9.871588048121566317e+02
-2.834834043461913780e+02
-4.378289872692018889e+02
-2.611773491769809752e+01
2.053625722124907611e+02
-1.725787312894684646e+02
-1.260769899618521777e+03
1.981329524697636657e+01
9.554379216670240567e+02
-5.009047947190984473e+02
3.278821154644177227e+02
-6.707743201513285385e+02
2.318900615071046900e+02
-1.217884375164009185e+02
5.766146100225421378e+02
4.937648925390552677e+02
-6.865644481348545014e+01
2.947590720923126923e+02
-4.695233029086933811e+02
5.477423221592787286e+02
5.982283625194409069e+02
-6.671211973484978444e+02
-2.886716101564709902e+02
2.595419518934811265e+01
1.159143268757488556e+02
-5.401502266106056140e+02
-9.582504270523901369e+02
1.227189136173220732e+03
-4.390372904554553770e+02
3.395493729320597822e+02
1.429458034310467553e+02
-5.283715098018875551e+02
-2.040737057841782303e+02
2.367679472801432041e+02
3.084718407596658380e+02
-3.880672551906313856e+02
-5.060721633408082312e+02
3.636918711761157397e+01
-1.461251995062130504e+02
2.780257455764493670e+02
5.636407289521555413e+02
7.495437773224108469e+01
-7.254576314732826177e+02
-2.181154346878743411e+02
-2.482818974226776447e+02
5.278519114384922659e+02
7.139824319839564559e+00
1.453556062770404651e+02
-3.109263144321134860e+02
-3.750185672118742986e+01
-2.888002937850935155e+02
-8.345248998198469437e+00
2.745642300608624282e+02
1.618290006425976628e+02
-6.183149381728678406e+01
2.086035588886553853e+02
-1.499378328125238227e+02
3.279107373184614289e+02
3.808660991577579011e+02
4.989590974438050353e+01
1.330981558916716665e+02
-1.137844365330162510e+01
-4.188130995156978997e+02
-5.462122601519403986e+01
-1.473330195331691925e+02
-2.881147564765382754e+02
2.759737006894901583e+02
-4.431120006848407655e+01
1.202096165130182897e+02
1.430602457099629135e+02
-3.722852112606777837e+02
1.347757898497942790e+02
2.306817059413411926e+02
7.940141144207335344e+01
1.546505237086328464e+02
-4.347114826067875129e+02
-7.601942707390555443e-01
-3.216617932642497522e+02
3.415827253494725113e+01
-2.086357820000819174e+02
1.511750937650325000e+02
-3.662753690678681551e+02
4.042047158260025697e+00
-2.386864815908479613e+02
1.732559837171046127e+02
-1.082600083489560916e+01
4.333062240064110142e+02
4.374244603426682829e+02
-1.402198188677088240e+02
-1.936877993311836690e+02
1.416244968965138185e+02
1.054468139294575337e+02
2.274620132129134049e+02
-1.993989952240172272e+02
-5.530715569623210968e+02
3.288062108841385793e+02
1.594875106081227614e+02
-2.346895546064765199e+02
-1.976955396188416785e+02
-4.485288859911606210e+02
1.434819093451236505e+01
3.311204479501394360e+01
2.082379021978618141e+02
3.314418085709829143e+02
-1.271825020198476182e+02
-1.026100189148809072e+00
-3.684275201237846318e+02
5.122195072049107694e+02
3.562520053268193010e+01
2.274223960281267409e+02
4.906683612113523054e+02
-1.694101611214748004e+01
5.393676046613635577e+01
9.595863996516781924e+01
-3.716833259208544860e+02
3.017920499916285735e+02
2.579077979925534692e+01
3.628809532058698437e+02
-5.062812296262234391e+00
-1.031848610695241035e+02
-2.619286484474347532e+01
4.526333957975412545e+02
3.475456549023817843e+02
2.667777648245640307e+02
2.967088846388463139e+02
-3.972530444653237680e+01
1.343006663848260018e+02
-8.345340188734398623e+01
-9.699123989655572586e+01
4.108072145692190702e+01
-7.579735406216261850e+00
-2.136902871526739318e+02
-2.179071537459803309e+01
7.363925100944875624e+01
2.421227285433613474e+02
6.371534218388158877e+01
-5.483007221524630381e+01
-2.899661375587433199e+01
1.042590242223298986e+02
1.048765271427116801e+02
-3.814291757360124535e+01
-4.058010379617900298e+01
2.467058858964626324e+02
1.588750950325212159e+02
-2.566250100443980386e+02
-1.034739702942942330e+01
-2.962063175440654916e+01
1.138889504166776305e+02
2.367652707571699295e+02
4.507548436486695209e+01
-2.157003067594611423e+01
5.030153309459443989e+01
1.934530797086390521e+02
-5.774530216685990780e+01
-1.478551005319122247e+01
8.629991893979776307e+01
4.723395850731932200e+01
-7.783189871502586010e-01
-1.019419247128793131e+02
4.830163134233563582e+00
2.803695815712225325e+01
4.954462411309818037e+01
5.649643184438053822e+01
-1.620860040489679363e+02
6.912914897685122639e+01
1.492735136962591866e+02
1.072347190027897597e+02
-1.099763515316029441e+02
1.498001271817403506e+02
4.521509028508219075e+01
-2.037571975916786755e+02
2.613659389172582337e+01
1.160223864510619620e+02
-2.878459265370534581e+01
-3.919382294533312461e+01
-5.202814241786719407e+01
7.689663440688133278e+01
-2.285087984268995598e+01
7.428216076857412986e+01
5.648887290094139502e+01
-6.810857019027594106e+01
-5.314399749056990174e+01
-7.014959465912484404e+01
-2.131058461075467676e+02
-1.580570076194782132e+02
-3.249056800708785886e+02
1.888285977493999068e+00
-4.053622704820829625e+01
-4.694518040628403810e+01
-4.721847967818742831e+00
-5.907595291683185934e+01
1.738176009244524494e+02
-1.323050830753979312e+02
8.455104569621423138e+01
-6.655476641493382317e+01
4.872878549813738580e+00
3.932910055504088831e+01
-1.073628612226898440e+02
-2.007026531965646825e+02
1.200596995629737052e+02
-1.417509732840339609e+02
2.650222630286178216e+00
4.479802667032576124e+01
9.367275448854636011e+01
3.150238774245963924e+01
1.319673735112548627e+02
-2.098864219388091867e-01
-6.606490750115952437e+01
3.859409783615684830e+01
7.360044088773564397e+01
-9.914100820425383631e+01
1.753404599656597043e+02
-1.301828735146477243e+02
-5.722942862180605772e+01
1.783570800225862456e+02
-1.755025943466932503e+01
1.073546348838513325e+02
-3.071195124969247559e+01
2.464451184956892149e+01
5.182427253745971285e+01
3.017947261667333336e+01
1.176772460142737486e+02
1.789275288990288573e+02
-4.557463215901670139e+01
-5.844803980695773227e+00
-1.061124647910220453e+01
6.811051479809083276e+01
5.036611606716473233e+01
1.071628254411969152e+02
1.301594646413306222e+01
-2.988277592112544312e+01
-7.318905053972891039e+01
7.888898926349314422e+01
-1.419071841376341752e+02
8.676502345739801569e+01
-4.770428589789577956e+01
-1.485783251108486525e+02
5.226894345952477750e+01
