-3.411205139169017912e+03
-5.584587046219271542e+03
-4.346191670343856458e+03
-1.329951971157903472e+03
-2.743568422911753714e+03
9.803925577667990865e+02
3.251287116571358183e+03
-4.223163440553908003e+03
3.342936441748725542e+02
3.361888570897907869e+01
5.741942896332766395e+02
7.917789076589510842e+02
-3.266245631156176842e+03
-5.232657042606008417e+02
-2.396822241619624492e+03
-9.312104466499185946e+02
1.013640713363119175e+03
9.226149531196108455e+01
-7.669868521223228299e+02
2.433769296369051176e+02
1.578122572161859125e+03
6.601042929264731356e+02
-7.911145033232246533e+02
5.176097004416993741e+01
1.739700338876218439e+03
-1.164328086081382935e+03
-9.417173477654720273e+02
-5.286208969321709361e+01
1.711086960980466301e+03
-1.593643043883876317e+03
-5.371312558684186342e+02
3.975929594448231228e+02
-6.798216929006209739e+02
-7.628459801522276393e+02
-1.487692130134632862e+03
1.141289471863427707e+03
-2.423519937004263056e+02
-3.150885903339276410e+02
-3.650423730728445548e+02
-4.548554413026932366e+02
2.363570198626135266e+02
-3.467030773622403217e+01
1.679086545742385624e+03
7.990164512410447060e+02
1.639498727656539074e+02
-3.601487849347695942e+02
-1.179242367175667852e+02
-1.785740636169815048e+02
3.227056685101550215e+02
-2.657393729655657921e+02
2.408379134083582187e+02
-1.743731300064844163e+02
1.633131176967705187e+03
4.661530879313052083e+02
-9.342902500246132149e+02
5.299908582689756713e+02
9.443013901411535471e+02
-7.391466104787873519e+02
-6.867400684689430079e+01
-1.291329458343595320e+02
8.789840664898028990e+02
-3.947440174007459177e+02
5.749752409968067468e+02
9.151278309176989012e+01
-5.165558504372302195e+02
-2.087630185736104238e+02
-1.403181064971766716e+02
-4.057146846142836125e+02
1.188822006778093737e+03
-5.168957351105657381e+02
4.688698066924407044e+02
-9.160430874162193504e+02
7.202873804444891448e+02
-2.434174770890102764e+02
4.041449620575492077e+02
4.091951139012942349e+02
4.896439341032834136e+01
1.366094083679949733e+02
1.714724797280816517e+02
6.402287383645584669e+02
4.225312078522711658e+02
5.774867109742938283e+02
-9.062893104180824366e+01
8.056884359412811136e+01
1.169175184775055598e+01
-2.007585008146465100e+01
-2.791234979474311899e+02
5.113294707906896264e+01
-1.399716169309756992e+02
-2.940269318086450880e+02
-5.965560611894914018e+02
2.411706168061767812e+02
7.564622930122014566e+01
-6.863077411581965634e+02
-2.358429769527141673e+02
-1.095153666626299582e+02
-5.010415481805603690e+02
-1.851692696117358139e+02
6.231963565398886296e+00
-5.783869451646070274e+02
-5.299450679335719627e+01
-5.777646541661414403e+02
-3.185597420019663559e+02
-7.079479439847496280e+01
3.177094142068167315e+01
1.090089710603846918e+01
3.571565066359815432e+01
-1.722215997015677544e+02
4.001149921362401756e+02
1.671855659734495987e+02
4.544742285278525742e+02
-8.372887300031656821e+01
2.688102092276447479e+02
1.604732953990293254e+02
9.614169250488275509e+01
8.051734856896213444e+01
-2.394394423316549876e+02
-3.485572192271029479e+01
1.572540203714670213e+02
-2.819752330309634658e+02
-3.722256962944032352e+02
3.238196769002524622e+00
1.155547952357059103e+02
-2.568668259202451054e+02
-1.251152156777057343e+02
2.981014503604879451e+02
2.841892555909637963e+02
-7.798413260439912165e+01
1.639669698822140447e+02
-8.686395913213301512e+00
2.728945780083873274e+02
1.797081515516296406e+02
-3.182520370421707980e+02
-1.161629760241276443e+01
-2.731975143722245889e+02
-4.145113565858694926e+01
4.785183969315722408e+01
-2.593955485622478818e+02
1.166558592127061758e+02
-1.289147053552664488e+02
-2.310709403231695944e+02
1.595415759749027131e+02
-3.365183116642551795e+02
-1.152549582420029672e+01
-2.451976411224748986e+01
1.334438112744610407e+02
9.249004343754657498e+01
-1.549793669407416132e+02
-1.222008181120188084e+02
3.191603418382358015e+01
-3.117593841594374737e+01
-4.922932358261041941e+02
2.895609253542240253e+02
-7.059014142569924388e+01
-4.177746262914703834e+01
1.018800292718660216e+02
3.379438685184206861e+02
1.008017406160507790e+02
-7.511375126304331218e+01
-3.194437723259907784e+02
-2.618083119397035219e+01
4.441755109301844868e+02
-2.314021197121943771e+02
1.894106970579157121e+02
-1.229302828916362067e+01
1.043465980900279177e+01
-2.464664411981501502e+01
1.382664780471932033e+02
-9.699795815521857989e+00
8.941827922548515062e+01
-1.777537176370278758e+02
-2.340810802051916539e+01
6.135115520214640839e+01
2.378927950393070319e+02
-1.306258171783356481e+01
-2.154877450921464188e+01
1.273375655299415286e+02
-2.677273024241271742e+02
6.377093191000455619e+01
5.989202624641601602e+01
-3.970507261593040482e+01
2.571596395629122611e+01
1.734758109076801391e+00
2.405682225981422846e+02
1.142469175863512874e+02
6.884923138133340004e+00
8.567157835947939759e+01
5.462701515838620026e+01
-2.568745026159143094e+02
5.248226771767952670e+01
4.816484459831212206e+01
-7.394245613691306573e+01
-2.397320796545997013e+01
6.142592413573434129e+01
-8.840765090308395635e-01
-6.523253116034942423e+01
7.182078357089424969e+01
-9.513054147143749617e+01
-2.861699940090496952e+01
-1.732378330885581761e+02
1.305870457030407010e+02
5.218540332427929584e+00
3.481030323738686860e+01
8.008199647850281622e+01
1.232326518252370420e+02
1.056284871879818610e+01
2.632568699450070326e+00
-1.302233893575028389e+01
-2.756296962700253772e+01
-1.103633549165792402e+02
-3.577281774896562183e+01
-1.008012378692869362e+02
1.595386273164689612e+02
-1.196585193043396629e+02
-4.963798979503108910e+01
-1.404032646043186787e+02
-1.282212755821134920e+01
1.053969544064700727e+02
-1.111950809505565303e+02
-4.951009189187512050e+01
9.599825772493568365e+01
-1.017091344270497366e+01
-5.652495353955956148e+01
-1.091351753444686778e+01
1.825807217268975080e+02
3.816703036938642413e+01
2.788674564218068497e+01
-7.946093831219930337e+01
7.425165965919532596e+01
-3.497991518972088265e+00
2.407581454759180950e+00
1.278988820175001280e+02
7.514780209581655868e+01
9.084036120509409784e+00
-1.025424275434389187e+02
-4.859572417553928858e+01
6.854199170322560519e+01
-7.247573916477628586e+01
5.708358130587107837e+01
2.979951741309898949e+01
-8.020776325247817340e+01
-5.508407943730843925e+01
-2.628171238358798689e+01
-3.361252663199942248e+01
-5.727172886665500329e+01
-8.580602845193669737e+01
-2.398035848764324030e+01
-6.522264527715313420e+01
4.454464370772997484e+01
1.245852885619595085e+01
-3.434540821628082341e+01
1.186201919921027752e+02
-2.307252289405142776e+01
-1.956431002564615884e+00
-2.371775773532140974e+01
5.478611560736863062e+00
1.485650271831020497e+01
3.209821453372420308e+01
-3.301611886105075655e+01
-8.507444896669656975e-01
6.720295471784237407e+01
-9.331683475424267726e+01
-1.525932998116054318e+00
5.582950721500611024e+01
5.056676949053458259e+01
3.599182966702856845e+01
4.856544889222290351e+01
1.578098734156037608e+02
-1.068557836512027706e+02
-1.185154325155626651e+02
-9.464634808651821629e+01
-2.509233967276666988e+01
-6.913636122464467348e+01
4.139961491605635757e+01
-1.259301014449598028e+02
1.536270319453684507e+01
8.858819152768887761e+01
2.919140932882827144e+01
8.838171744013285647e+00
1.183176964761509424e+02
1.007885025362133433e+02
-9.838777872184705586e+01
-3.018315411980740492e+01
-2.430443911063953877e+01
7.999525949282177351e+01
-2.194284836272992223e+01
-7.126760568497984139e+01
1.094242553198927084e+02
3.214512216043002013e+01
-2.191991948075503771e+01
-6.677174181101547035e+00
3.189836077931626335e+01
2.408066083929697143e+01
-2.236200341458336638e+01
-7.001546207754680040e+01
-6.805576823772788941e+01
-3.925400092341889291e+01
2.686348685641303291e+01
2.397186782425921692e+01
5.764506462204119330e+00
