6.502979458722204072e+03
-7.422789849963917277e+02
-2.142244782249927994e+03
-5.458513493157179255e+02
1.393428615150104633e+03
2.458577021012019031e+03
8.003495790701393844e+02
1.351797179296948343e+03
-1.041536889782683147e+03
-6.245360500986942043e+02
-3.369447490459633627e+02
2.001412750206634655e+03
2.843622285502776322e+03
3.006824075323086163e+03
-4.984150607884025703e+02
-2.010235629455150672e+02
8.994032378090128077e+02
-1.166966596403661470e+03
-5.568255154906880762e+02
3.470625383156053090e+01
1.603856535244074166e+03
-1.977023364268275998e+02
-5.398593945466645891e+02
-1.565141831514460478e+02
-3.110503054616660279e+02
-8.338956354779746789e+02
3.709570502613100302e+02
2.077772530483916398e+03
-2.232622165949447606e+02
-9.999777894078755480e+01
-4.051299530751343525e+01
-1.370872278608480201e+03
-8.220355471321158802e+02
-3.885183346711675654e+02
8.241447802819620847e+02
-3.729557530663869898e+02
-3.125975874263573360e+02
-4.864307012524871539e+02
8.387925375339771961e+01
-5.692821196327435018e+02
4.100780738030395582e+02
-3.318930050397034961e+02
-1.911644948878598882e+02
5.875889495499779258e+01
-1.571066597372645219e+02
-1.196846166997152352e+02
7.286525643752047472e+02
5.586020128471492399e+02
6.982317523089392353e+01
-1.995274609937084733e+02
5.138880614155029889e+02
-2.846390087290928932e+02
-6.639583076386162475e+02
-1.302514416905225119e+02
-4.178987133411030896e+01
5.196158887152305397e+02
-4.693724473739633396e+01
4.300836228554403107e+01
2.667467525417989691e+02
-1.819426382850270727e+02
2.629730771746382629e+02
-9.187691249805665450e+01
7.646192538509188807e+02
-5.936353129918468596e+01
1.999032864930256039e+02
2.685866386449642960e+02
-8.927469312574287130e+01
2.835156221951917246e+02
-1.157738483050012093e+02
2.106386632519920568e+02
-2.722317411725618967e+02
-5.590300929491834125e+01
-1.653826888986878600e+02
-1.500925416293014507e+02
-7.659546726861910315e+01
4.289234135712996476e+01
-3.860302833665298294e+02
-3.278178418684742610e+02
3.496691507719135643e+02
-1.330357664646583657e+02
2.082177578183637081e+02
2.063634136246757294e+02
9.252911972931849505e+01
-1.374072513350997156e+02
-1.542810801531678919e+02
2.971165742643177623e+02
-1.933489180072797069e+02
6.656382209172521698e+02
3.852085570084622077e+02
1.320118654271572609e+02
-1.201902494559859349e+02
6.729884379611475254e+01
-5.092813939877240159e+02
4.038684296146947759e+02
-1.335846076398150331e+02
-9.649359009730099501e+01
-4.285232392509703914e+01
-1.693094971869462597e+02
-2.122636130476469134e+02
-4.729527834567418543e-01
-2.594257820008541557e+02
-2.256282921711894289e+02
1.020478588472678609e+02
4.149385073836463675e+02
1.338115222553927595e+02
8.499141103899663108e+01
-1.786439282997198745e+02
-1.108260084913593033e+02
-1.728117594001220070e+01
3.558955731954780077e+01
2.358801788623188713e+02
2.767669181338206954e+02
-2.152690535933296019e+02
-7.915248867581910375e+00
1.588595098059847430e+02
3.014189728052094779e+02
1.861070451283033549e+02
-7.168538281477573548e+01
-4.372280726560442332e+01
2.052540981770668509e+02
-1.340848838946501473e+02
2.667577958546504036e+01
3.977160611240022803e+01
-2.162097819410539046e+02
-1.657422494704053406e+02
-3.887032915095066699e+01
-1.537816738393979108e+02
-2.258007466844310329e+02
-2.076735430146885335e+02
-6.452335390036226670e+01
1.946958721882648717e+02
-7.259763774410620840e+01
3.609457189610944283e+01
3.220691446294363800e+02
-8.192501695838150511e+01
-4.638259677276627002e+01
-2.667572780190675275e+01
-9.724438357467558092e+01
8.778802028052292883e+01
-2.072629266199238884e+02
4.231089519418618039e+01
-1.187786725730180706e+02
9.550086379499326483e+01
-1.553459357455299141e+02
8.896101663653944058e+01
-6.213722364106051543e+01
9.471717423321996421e+01
-2.173602592046748043e+02
1.295529644402903102e+02
-2.017338052938414421e+02
5.706063354392320974e+01
-1.005683849320617327e+02
-8.441956657674778342e+01
4.658326768630622894e+00
-1.456556736198102442e+02
-1.200814344739916919e+02
-1.116678331074737827e+02
-6.867030361883315948e+01
2.192753056117887240e+02
-5.087884932159903428e+01
-6.308243118991807563e+00
-7.005442993961125353e+01
-7.466238410693931371e+01
-2.406866587573118466e+01
8.346438016517755898e+01
-8.779895608907843041e+00
-5.597086288874184845e+01
-2.539244901720407910e+01
-7.179811797718090816e+01
4.221077915342105058e+01
1.051774587525254745e+01
1.192630677839860098e+01
-9.628881542467507870e+01
5.000685071510727653e+01
-3.330268350966973490e+00
-1.679671802037269970e+02
-5.385207367523673838e+01
5.315602517447167941e+01
-2.505807031182520461e+01
1.602212157323547501e+02
-5.063462498258741107e+01
3.539782640149209669e+01
-2.887661681177588235e+01
-1.943279072546232200e+01
-6.606496827333639033e+01
-1.610682673363619131e+02
-8.588221846881170052e+01
-1.264039618869946979e+00
-2.194107712733052153e+02
-1.590426386465272515e+02
1.906159926684514971e+02
3.737060527173375846e+01
-3.791145131070578600e+01
5.537420615893330478e+01
-1.145670438546827370e+02
-8.161832425594400320e+01
-1.277510414544210704e+01
3.703642806139697541e+01
-6.106709167111159786e+01
1.448861905292938168e+01
-1.241968569770417901e+02
1.015993687102535290e+02
7.176704569895555608e+01
8.350626263439237107e+01
-5.109576892042483820e+01
-2.535529582985844854e+01
-6.829276111346999301e+01
5.754293551867944245e+01
3.842172163065412605e+01
-1.415948764012913408e+01
-3.811418615472558002e+01
4.266348607095993373e+01
4.946696644388577369e+01
-1.525323008425828846e+02
-1.376694976307475571e+01
-2.423899423564607858e+01
-1.453174942262021707e+00
-9.339914878165798484e+01
-4.105485440351812798e+01
6.752225611741084776e+01
-4.009739850538674943e+01
-1.044882779234474413e+02
7.452245365065169835e+01
-2.852035195645627041e+01
6.145457750543928910e+01
-6.592676414949897890e+01
-2.877404238340023923e+01
-1.055550482880768648e+01
-1.478711831696518075e+01
1.572395423342818788e+01
3.814812806556631841e+01
-5.538433843104582621e+01
-4.275444400263817002e-01
-1.302691883911826665e+02
-2.816585778024901643e+01
-1.008657602619772291e+02
1.072237060488954370e+02
-3.435639103125193117e+01
-2.365354059182629598e+01
4.758359204758737349e+01
8.575762992392634487e+01
-5.656252110258030541e+01
-4.682259646702199518e+01
-3.433794416048554865e+01
-5.332575461941025452e+01
1.430878303674553109e+01
1.177003164495947658e+02
-3.025623639061694092e+01
-4.257761839034377971e+01
7.719426824024457900e+00
7.520080434400126990e+01
-2.644475667674096897e+01
-2.395950751301573334e+01
5.011135870645809121e+01
9.346259599561113873e+01
-3.484285806453482337e+01
1.186318030988147143e+02
5.106095748169222048e+01
-7.081645611287045483e+01
-6.276492331055811036e+01
-7.722110450443244645e+01
-6.948927311598719569e+00
-1.089567478904882947e+01
4.472237351110610604e+01
-1.897701960960425893e+01
3.023219644842470188e+01
-7.856809337675362315e+01
-7.931608322362247065e+01
-1.063356931519777220e+02
8.759525092096406240e+01
-9.230454878430924381e+00
-6.487627533987890160e+01
2.562940421392361667e+00
1.411969646209837137e+01
4.998642253168502947e+01
2.419804125736281009e+01
1.379391658741709392e+01
2.681027762258868208e+01
-6.825713313946528160e+01
-4.110914272414441939e+01
6.677897651986606320e+01
4.710512478393927438e+01
-8.290470792636155295e+01
-3.093054056812829700e+01
-6.043683669091587163e+00
-1.922103797237427258e+01
-3.350039816439985274e-01
3.202681047590444052e+01
6.374092286315693912e+00
8.414622048594863202e+01
-1.917477713702480102e+01
-1.011991437018603435e+01
-7.065266927970152722e+01
-2.445464167832933811e+01
-9.230553047570140279e+01
1.418629690681676792e+01
-3.088711193951024114e+01
5.139305901414243039e+01
2.920312861432984963e+00
-4.684043930262453159e+01
