-1.536079913786855968e+03
-3.624206563561157509e+03
2.042106205787725344e+02
2.904547947529496469e+03
-3.011345782970935943e+03
4.934437333575713637e+03
-4.666627497056846551e+03
2.282458111663466752e+03
-8.145468481017215936e+02
-1.067280386605057629e+03
-7.734248263783794073e+02
1.725053860615003487e+03
-1.642219856199957064e+02
-1.954435729664448445e+03
-1.044996907221553556e+03
-1.836356197443316773e+02
-3.535188825873480596e+02
1.154553846826355993e+03
-1.184692296377518005e+03
-3.196185378576631138e+02
-1.331880626513417155e+03
1.425583746469385176e+02
4.389251649759456768e+02
-8.454601647209807425e+02
-1.714589847144516170e+03
2.755101043985985712e+02
5.142637485604525409e+02
3.162920716095951548e+02
-1.675634628761029489e+03
5.809151448668957300e+02
8.166027180592918739e+02
-9.130846964354988131e+02
4.727599023227221551e+02
5.181882214758162490e+02
-9.505577930067879606e+02
2.019966461962779078e+02
-7.783709366050737799e+02
-6.149165343031305611e+02
-9.967473751642188518e+02
-7.013389259058108109e+02
6.638355344301373862e+01
7.605756701386922032e+02
5.090130526324288667e+02
2.985757276269759473e+02
-5.772943178398033979e+02
3.086612142586964751e+02
4.483787478228743453e+02
9.216219185179239730e+02
4.819304265183276925e+01
-1.438841351573098109e+03
-7.337004733325748873e+01
-7.779975274011626425e+02
-3.991678453039867236e+02
2.273917232717072920e+02
-6.896579862134198038e+02
5.054900727353925731e+02
-3.654012381026502112e+02
-3.707103393498700825e+02
-1.268388752431107349e+02
1.477619327808530670e+03
1.320963780898121058e+02
5.953417759317213722e+02
8.967949928149708967e+02
-3.610383783467813146e+02
9.253597124773526161e+01
1.714915237892344066e+02
4.158637400929978867e+02
-6.250243907359907780e+02
-2.280621703869523742e+02
4.324393993366767859e+02
4.161972548400446499e+02
2.883674881095883507e+02
8.094909343195403153e+02
-4.085538229370773138e+02
-5.010340591252265767e+02
6.131515882852393133e+02
4.797845365793448877e+02
1.544146602318896271e+02
7.060995599699180048e+01
1.517252383939628260e+02
-1.096549250353866910e+03
-5.266644346127842482e+02
-3.590114238262522690e+02
1.573179924935590634e+03
-5.720543196202589797e+02
-3.469829464444864584e+02
-1.918186592541296420e+02
6.615478106669734188e+02
-2.138329735830467087e+02
3.300946551193886762e+02
3.030496426809609716e+02
-6.342234147341640664e+02
1.854788096607494765e+02
2.593688829190927549e+02
-2.459749519827338986e+02
5.873126844414496190e+02
-8.049352171557353586e+01
-1.715127753985590289e+02
1.003394984490882848e+03
-3.756277243712382869e+02
1.183013085596626752e+03
6.696975857146691169e+02
-2.826571329399980641e+02
7.619345831546521595e+02
1.363439690866497145e+01
-2.230502300894951020e+02
4.531326782289016251e+02
4.010013307320134857e+01
-2.261832704519367780e+02
-2.267608161017077748e+02
5.306993830792376343e+01
-2.947486290039857408e+02
-8.737581213455450779e+01
3.151436866287148320e+01
2.998219358909013295e+02
-3.123117951294840395e+02
7.851792966183759859e+01
6.031196512090050987e+01
6.353289803761028054e+01
-5.724385568263187452e+01
-7.896646662738183409e+01
-8.066673641893031288e+01
-9.004763811508283311e+01
-1.799265841281788596e+02
-1.655714939889334971e+02
4.416942335577941492e+01
-2.878867760988270561e+02
2.389582028739324926e+02
-3.144238930409369859e-01
-4.938107157974244643e+01
5.111301818390091967e+01
-1.360873183390693839e+02
1.340648363847745372e+02
-2.028087689250735082e+02
-2.522052491162839658e+02
-5.134365168040656044e+02
7.404398987303464708e+01
4.547537242486084779e+02
-2.363299078020174449e+01
5.289460298955829103e+02
-1.766184693364716622e+02
1.109472738473042028e+02
1.077154192534013362e+02
-6.586194630511968739e+01
4.426001420713504331e+01
-3.350347699205620984e+02
-8.039306253809089142e+00
8.307924820403476929e+01
9.183024642316527775e+01
3.174035300250790215e+02
-4.926048442503886093e+01
1.449989563323856601e+02
6.852653361561381473e+01
-2.071895577550794201e+02
2.409737931547941514e+02
-9.067265426290674668e+01
-5.309435490660484191e+01
3.104509964490312086e+02
1.507421531916281481e+02
1.731351902122452771e+02
-2.045873061515980567e+02
-2.349415118454479057e+02
-2.229724437677363937e+02
5.409752824371726376e+01
3.151560169724934326e+02
-4.883864261809148566e+00
-3.400793102894357389e+01
-1.558127238735640105e+02
8.248743845857006818e+01
1.488639106580082796e+02
-6.068025629130936238e+01
1.774142916369929708e+02
-6.715439131662188288e+01
5.997808509249246356e+01
1.759036817291045907e+02
9.858120185969053750e+01
4.223461993116728053e+01
5.030518965471058834e+01
1.802147061179271930e+02
3.418367636387546327e+02
-5.560617601175039937e+01
1.439583533027239639e+02
1.546438805115020614e+02
4.625482485719195402e+00
6.829917738967249363e+01
6.443792833555998811e+01
-2.329033249296124950e+02
1.035698899628718692e+02
-1.681727621874545946e+02
1.064462283624220760e+02
-1.238997663036644212e+02
-2.759725726340848837e+02
6.414093178275570040e+01
-1.955145137441550105e+02
1.208438993918821325e+02
-2.889448705539091975e+02
1.072170169095043377e+02
4.505545139048577141e+01
3.099530239508811746e+02
9.788291185526111349e+01
3.176892361545537469e+01
-8.670978692052344172e+00
-3.977477936537863457e+01
1.192779623402846880e+02
-8.470390711738853895e+01
2.347192157281803304e+02
-1.330200838503979242e+02
1.760406265905017733e+02
3.705786235429347641e+01
-1.415151127116939733e+02
-5.947328660491367458e+01
-3.412691792561515172e+02
3.423079333737358638e+02
-1.366752727356059438e+02
-4.601607592946636771e+01
-2.272408762911756526e+02
-1.293815666657744998e+02
-1.082270975929758521e+02
1.028096496349546243e+02
1.124947864079240389e+02
4.533202554271906592e+01
-1.390555804319931212e+02
-2.547912502188015935e+02
-2.190689593278838743e+01
-5.607755113742934583e+01
1.354950331618877613e+02
7.313372644872090156e+00
-2.179261196375069289e+02
-2.179128418241852927e+01
-1.320583080859804426e+01
2.224251076184101237e+02
1.616049954776903519e+02
-1.664533661465379737e+02
5.708656913380627529e+00
4.983471069003687148e+01
-6.290083220143770859e+01
2.345781097731852327e+01
1.093861423324075162e+02
-1.989480885551111840e+02
7.791043866483371438e-01
1.124931335973943050e+02
1.325745558763896099e+02
-1.280026147770622913e+02
1.272191013539210047e+02
-2.419336547217867306e+01
-5.118079301941712345e+01
1.462836437050928282e+02
-9.847704719932455930e+01
-4.521965954907993357e+00
7.401357057550107754e+01
3.250203671737288857e+01
8.790616753902561697e+00
-1.121644911582104953e+02
-6.040202005603168800e+01
2.469839840114590572e+02
-2.045888119132782990e+01
-1.059837457794472613e+02
4.941540780190879190e+01
1.168962778508437879e+02
8.526555860539245302e+00
8.305698759663407316e+01
-1.852547649022073415e+02
-9.525099471889183178e+01
1.861372597924364314e+01
-2.149586324003881259e+02
6.753040209123199134e+01
1.523534311145454190e+01
1.078305725923682132e+02
4.007668079400986727e+01
-8.091965706321897045e+00
1.137365229840171992e+02
3.581258354718834624e+01
-5.809743007278171945e+01
2.820018242113243545e+01
2.535600118236261125e+01
1.171063023722335288e+02
3.028940949536572447e+01
-3.218112607538763115e+01
-1.857245321949379502e+02
-3.490272929184541795e+01
5.782961874789116763e+01
-2.848965658702317683e+01
2.932566331734781073e+01
8.604798887258841944e+01
-9.172683949776411794e+01
6.349852381918148581e+01
1.501483261860006166e+02
7.490177461287191818e+01
-9.885163654899006502e+00
-2.725541162153332309e+01
-4.086384816418364352e+01
-8.063357711884461310e+01
1.451091758016896094e+01
7.335477950224833421e+01
5.867940172212130534e+01
-1.811426759297369182e+00
1.488544992150569968e+01
-1.352686632988608721e+02
-4.779764033110776467e+01
1.101059849520779750e+02
