-5.594392321526067462e+03
4.153456151575238437e+03
2.687991118609345449e+03
-3.732808682897838935e+03
1.948784880150703202e+03
4.405867518389385395e+02
1.734700723486811853e+02
2.599338018058099351e+03
1.551778817582915735e+03
-1.474604561397236466e+03
-8.344293964812962372e+01
-1.867151341132009293e+03
-1.215225347756901556e+03
-1.597087662345116087e+03
-3.330073536689786238e+02
1.790271559219990195e+03
1.650948224105465556e+02
-7.217135604864549236e+01
-9.781547042636289007e+02
5.470181063352448518e+02
-5.205960787696371881e+02
-9.427439719691110440e+02
-3.260065889752565909e+02
-1.222922825986942144e+03
4.677885386433063104e+02
5.358357834280546683e+01
-8.070137871891558916e+02
6.956313110617295479e+02
9.585578542493875887e+01
-1.259416803266249872e+03
-1.148459275207752626e+03
-6.676616331104032724e+02
-1.756517523826518357e+02
-2.632338263095614934e+02
3.123363738449880884e+02
1.064072373685281718e+03
-1.166023496656106460e+02
-5.118196710606139277e+02
-3.556558319762874589e+02
-7.305305884892116808e+01
-1.546788372510085765e+03
-3.009732134476598731e+02
-5.512009713669370967e+02
-5.174781103564782825e+02
-2.348798157431127720e+02
2.405064886035457903e+02
4.418695332445806230e+02
3.689432152909184310e+02
-1.027114235028757548e+03
4.959726742300012461e+02
1.497058190398573970e+03
6.595281587798628209e+01
-8.634219704843561161e+00
7.122173508035145915e+02
-1.188382669976325019e+02
7.221547577909900895e+01
-3.038582441976799942e+02
4.849964658442846144e+01
-3.104619956387232378e+02
2.956249351969455574e+02
9.457054554990581892e+02
3.561570161078392402e+02
-9.836110813595294644e+01
2.409390047976087601e+02
4.795575555635402765e+01
-1.363304853647298387e+02
-1.120185223162727652e+02
-1.050686695668914439e+02
-9.622237503637045108e+01
-4.646729689978072315e+02
-5.258942047314641286e+02
-1.124417978887501732e+02
3.662177415528760349e+01
2.817952630906946752e+02
1.812751248182136976e+02
-2.446895397021655327e+01
4.434636702990928825e+02
-5.084891689278010176e+02
-3.116985429704471926e+02
-2.331828661842571933e+02
4.621233350563340423e+02
1.330553634414247597e+02
3.499146173734384320e+02
4.150621144124863235e+02
2.079907971695744351e+01
-2.076307538452323342e+02
-3.091816953546850755e+02
1.837345019791341656e+02
-2.745999477867844263e+01
2.794792352586347874e+02
-4.150478808420189125e+00
2.700658786942357779e+02
1.676391260513707380e+02
5.236640752003847155e+01
-2.092504650790352727e+01
-1.934890630499722022e+02
3.049202454009010239e+02
-4.370240512761701552e+02
2.273791261110595769e+02
1.652401838182907170e+02
1.787969398773781791e+02
-1.358544140043169364e+02
1.095724524302529233e+02
5.020056901855355846e+01
1.557242558078088734e+02
-3.534641666321968501e+02
-9.476338739249888476e+01
-2.180613272561275551e+02
-2.276667085507011166e+02
1.782832895026176629e+02
-9.233470059507989447e+01
-4.096389859341219335e+02
3.551380966637583469e+01
-4.528558809700700039e+01
7.839690746511328712e+01
2.366878615685988052e+02
8.639941577346647250e+01
6.812530778969413348e+01
1.790928704402135452e+02
-1.086490183898939108e+02
-1.087473975166625806e+01
-5.278476856100039072e+01
8.664605624405996309e+01
-4.231573148711987642e+00
-3.005215738867516961e+02
3.226659178178434786e+02
-2.835899192736941643e+01
-4.366208451636890686e+01
3.117328060834649506e+01
3.293150499313717319e+02
1.949101568567830043e+02
-2.881509516981986252e+01
2.064395112443373819e+02
2.114562972247066597e+01
2.740795638046573686e+02
1.083896072067720269e+02
1.739319775342176513e+02
-1.582351515512778803e+02
-1.211437682604841370e+02
-1.142643059085480530e+02
2.229259550363296682e+02
-1.057422302069115183e+01
8.121213004268133773e+01
-7.116143527692469206e+01
9.048769277559293300e+01
-5.497590086606087567e+01
-5.010829093264274547e+01
1.036555987798190515e+01
2.695042766367747333e+01
2.686383206805507839e+01
-1.236936014537371449e+02
-1.432650764190581469e+02
7.763069249972808450e+01
-9.040130441591837496e+01
7.663076639121049638e+00
-1.455504143117192939e+02
2.615215474922454177e+02
-3.597840402199814935e+00
-1.957037064414726615e+02
2.195139344785874869e+01
5.527278378665310044e+01
2.009152280949044780e+02
1.157968522103777218e+02
3.761609257010669172e+00
1.030866019882100488e+02
9.099446121824469458e+01
-1.057767614568453780e+02
-5.597752441331146400e+01
-8.015483626986802790e+01
-3.630999190717280811e+01
2.198724433187516638e+02
1.840094397203986887e+01
1.829465762360433985e+02
-5.701952811405752897e+01
1.287958919885707303e+02
-2.346261532041405360e+02
-1.078345703940585452e+02
2.119651822842155298e+02
-3.806203129860794121e+01
-3.908824802323936609e+01
8.427076922247854895e+01
-1.647305892519700592e+02
8.666462475979042779e+01
5.307003908103217071e+01
-2.813675334817288558e+02
-1.273792840858790640e+02
8.958962313205248051e+01
5.714592174649848744e+01
7.324316027570053222e+01
-2.112210572402808850e+01
2.223995768426510722e+01
2.908615419174287009e+00
-1.269036015634922743e+00
-2.537060070183459004e+01
1.342465335301805283e+02
3.405148613543985903e+01
1.109696160735177273e+02
6.218872025883001697e+01
1.963078799407377950e+00
9.058389259152141904e+01
1.003322996564610037e+02
-6.358281791832917662e+01
1.458098294814974452e+02
1.698178373669569510e+02
-3.700286347053619238e+02
-6.593059134470314575e+01
-6.880198582832250942e+00
5.710859693185466490e+00
-3.215231879636053058e+00
6.289941100820334441e+01
4.507977547942830654e+01
-1.688024421652674505e+02
-5.084938522736709388e+01
3.095923697647606900e+02
-1.279628987066049177e+02
-1.616515536183573332e+01
1.830663138937935486e+01
6.255077671122554506e+01
9.307801108039670623e+01
-7.391972661616638618e+01
-3.420164855645582236e+01
8.524016659518192540e+00
-1.342818628696467727e+02
-5.365826419207160747e+00
-1.951529764322440386e+01
-7.793074507556414687e+01
-3.332630462327269072e+01
4.739699628662534536e+01
1.957232821953503503e+02
-1.751294801094193758e+02
7.030925371152839887e+01
-1.721054066566090626e+02
-1.713531102719712607e+01
-5.352300442423285887e+01
3.733913745429021702e+01
1.054965540756595175e+02
-1.211322330164386614e+02
-4.062071099196797874e+00
8.421728667975537519e+01
3.433060543309297685e+01
3.321497016594580032e+01
1.367083389756085694e+02
1.493778737876034768e+02
1.424408893052438430e+02
1.202723112572067379e+02
-4.340090526937072468e+01
-1.959487542195824972e+01
-3.595486013837684958e+00
-5.273269728456198635e+01
-1.822830694425391584e+01
6.947335904442520871e+01
7.085665638639257224e+01
-5.649786284880127596e+01
-4.062793214512193885e+01
-1.105462105255022109e+01
1.035441690267620345e+02
7.641390976994867401e+01
1.972900450997065747e+01
1.093181639833394136e+01
-6.286588112758452951e+01
8.681853612534929709e+00
-2.502036026678564617e+00
7.738277994938848048e-01
4.912616513390910455e+01
2.875684051607751712e+01
6.928489021487041555e+01
-3.488504032997641957e+01
-6.499285686113991289e+01
6.445624004327449086e+01
1.222711388563671875e+02
5.190869580711817832e+01
5.946804993185695309e+01
-9.218200990254936755e+01
9.166983589901249729e+00
4.666985291934069835e+01
-8.133980613853161401e+01
-3.349604647340283492e+01
8.442924520782622722e+01
3.945084292087135225e+01
-1.335569958248597544e+01
9.075491016289701918e+01
-7.746724486796087206e+01
-3.451344274861484962e+01
-5.296609071934178559e+01
4.619188391687745820e+01
1.334542769247596254e+02
1.055429596188710661e+02
1.828975083580367667e+01
-1.588000295683970720e+01
-1.537368122467352727e+01
-2.704565597878620409e+01
5.383843514212448866e+01
3.408544426448036546e+01
-7.765673216763292430e+01
4.626925590953513989e+01
-1.158307084340104964e+01
-5.095289859859287418e+01
3.039194102850192891e+01
-3.350427219096962261e+01
-7.069642290798635997e+01
