5.769708555964992769e+00
3.862258275355257410e+03
-2.764150756383608950e+03
-4.522538456997813228e+02
-3.423927923023668427e+03
-1.464456500746152187e+03
-3.978264884897848219e+01
1.676689701640453222e+03
-1.443871790753280720e+03
1.272351006722610464e+03
-1.894086980237465013e+03
1.380358842707959639e+03
-4.087171440520589272e+02
-1.126651943328933839e+03
6.679228062444309444e+02
7.120034032965101005e+02
-3.083759277725471861e+02
8.299975068135493075e+02
-5.113647725254355692e+02
-2.889898622028779300e+02
-4.802031589872743780e+02
-1.305581027713088531e+02
-1.696003621272665285e+01
-2.018333138059308567e+02
2.527380943613654551e+02
4.594175721999671396e+02
-6.602730430327640079e+02
1.284808327237786330e+02
-4.319422886530437040e+02
6.520081460309326360e+01
2.344248051280637313e+01
1.283721253283865963e+03
7.796905286347030142e+02
2.708525357464847048e+02
-2.909866686947455605e+02
7.167777950110304630e+01
-2.675995108944454159e+02
-3.423595415181363819e+02
6.327231055567811779e+01
5.972296403036991705e+02
2.342356357334278698e+02
-4.314142373783610651e+02
-3.160852516308150939e+02
-1.407116912392589825e+02
-7.336004518761183135e+01
-2.903032467935788077e+02
1.447781383473241590e+02
1.264049382228212011e+02
-1.071315762983828819e+02
4.031978907087776633e+02
3.387495925798984899e+02
4.483100564319747150e+02
4.361375743420306321e+02
-1.340606517860726399e+02
-2.601101312330051201e+02
8.659798023783918097e+01
4.640400612441869725e+02
-9.044825070996051863e+01
-5.997143941040798154e+01
-3.892962878663860806e+02
-4.658614631887130031e+01
-1.682197164680438561e+02
6.366865351510631044e+00
-1.263604388625552843e+02
1.756959512523687295e+02
1.410295931370967821e+02
-7.462268079245826868e+01
-1.548088917086107870e+02
1.863546523067809062e+02
3.460392606798862403e+02
-1.213276993045915475e+02
3.713389538137779482e+02
2.556230099783722665e+02
-3.514865603474409994e+01
-2.364444945693976479e+02
-1.117006455364408701e+01
-1.559813593991313780e+02
-1.039927662631620962e+02
5.331977453609166417e+01
-2.926772030040422692e+02
-5.170508152750262099e+01
-1.539086811162365791e+02
1.015135198829278522e+02
-8.645001211139553732e+01
3.289897482563595190e+02
9.734256632093533312e+00
4.673893868630464681e+02
-1.684170218161088712e+02
2.168413943838367572e+02
-9.069271124767691106e+01
-1.349688128776044209e+02
-2.297599187926733748e+02
1.743814433716136705e+02
-4.971034684229322664e+01
1.634949259880747832e+02
5.514030792947838222e+01
-7.819757238765589591e+01
1.024221244170289111e+02
1.606615367145739981e+02
-7.446423923301809111e+01
-1.240182184381186801e+02
-9.024315880524106603e+01
1.708129149470439074e+02
-7.762992090961645886e+01
1.839517177936683368e+02
2.572061896509223402e+02
-1.532235463698421185e+01
-1.532118906106931036e+02
-5.654448046298234232e+01
5.444398303858236687e+01
6.263118535967984712e+01
2.924247460024487211e+01
3.604744448828002987e+02
1.304438143746943979e+01
-1.366296749382021005e+02
1.781488209135062206e+01
1.050472582126116947e+02
3.085591855732862854e+01
-2.452290977852573661e+01
2.512566562522837721e+00
-1.173031300548830842e+02
-4.493345464072622519e+01
-1.107139145221364203e+02
-4.012221519354554999e+01
-5.071498148579379972e+01
1.201002325582053629e+02
-2.177986148235929065e+01
6.455213608766051436e+01
-1.882083599675560848e+01
-9.642433011038275481e+01
3.188555533644709428e+01
1.617508489675950329e+02
-1.901871460509625820e+02
5.214864244480919808e+01
1.462310199448800745e+02
4.522352620040470583e+01
-5.896279501268151790e+01
-1.095803116525366789e+02
-1.074429698600593355e+02
1.205311445890992417e+01
7.932343195688939375e+01
5.428626171852891957e+01
1.290001941123552456e+02
5.219768107580192407e+01
-8.969237271651917354e+01
-2.077136008858889227e+01
1.894385624830005668e+02
-8.354236454953846192e+01
8.899588750342546462e+01
1.317354591700369326e+02
5.555142683559351013e+01
6.757094078157103922e+01
1.315474160442529410e+02
8.117842186752356781e+01
1.017043309460740090e+02
1.020170064428660055e+02
-1.766670098219924512e+02
-5.616121309529677319e+01
8.722112648583664907e+01
-9.372751881375261007e+01
-7.402316916800326396e+01
5.458850881689483003e+01
1.552624756596117273e+01
-1.382425878615160570e+02
3.671434340770572646e+01
6.424530354953860467e+01
5.006632838324188289e-02
4.596475651770293069e+01
4.784118513991843002e+01
4.927793304459904533e+01
-9.966772831006375100e+01
2.981223421158974674e+01
-1.101927754407396876e+00
1.179054136854562671e+02
-2.154843430170047469e+01
6.079723656038898838e+01
-2.967053195609474781e+00
2.364453019977190351e+01
4.136166635863478547e+01
5.058755993207563861e+00
2.694433049458532992e+01
-4.925229261039298478e+01
1.968685616160691154e+01
-2.561149612864990743e+01
-5.071257523847970106e+01
1.350457796444806604e+02
-1.063136160733705964e+02
-1.531050611874934830e+01
9.158938646053942989e+01
-7.618697225444117649e+00
-1.556134437900096543e+02
-7.590909947523510937e+01
1.129753680326795973e+01
3.997761761797657698e+01
6.681133554015211473e+01
-4.077231819117520217e+01
2.156730919136004943e+01
5.994074054585028399e+00
-5.836864874034503003e+01
1.368098187177819796e+02
-1.219116182106886015e+01
-1.859113355394918443e+01
3.707582764221567828e+01
1.581210845950704158e+00
3.331895750420525104e+01
-6.800239083223803505e+01
-7.775461747909566235e+00
5.442418515095900489e+01
1.026382416132087343e+02
1.564240069283717460e+01
-4.660635482892514858e+01
8.746556837547453256e+01
-5.187707366485824423e+01
6.486817061936824302e+01
-6.780681716590074792e+00
6.863374924609072991e+01
2.016544481048931203e+01
-1.047553407236998346e+01
9.582306737024210008e+01
3.960821610534114257e+01
6.199146367316700434e+01
-4.863424443956797205e+01
4.798575028628101080e+01
4.702522640593731040e+01
4.953598654296034454e+01
-3.846125203224523403e+01
-3.883957941986646034e+01
-5.821963660119076422e+01
-1.026200903142234111e+01
1.844854360710803576e+01
4.650262406260516457e+00
-3.883570381644000236e+01
-5.660792661617933419e+01
-3.116972254613390891e+00
-8.223748458988440646e+00
-3.086373914373259808e+00
7.253750396696732139e+01
4.676472846651434168e+01
-5.069639171678635847e+01
9.543227723605986057e+01
3.869301081205171045e+01
-4.389993944511544299e+01
-3.355291451802638392e+01
9.463311745164748601e+00
1.069895270527142195e+01
5.736780819438281753e+01
7.557511459117375807e+01
-8.123727611217815081e+01
-6.182673180665980794e+01
-4.682704574662434283e+00
1.344736051626282247e+01
-2.150282832497467922e+01
-8.349728724181504802e+00
-2.432442762318701668e+01
-2.080738048153962083e+01
1.120672171727941731e+02
-7.845876694467227708e+01
-2.811713204456911441e+01
3.078013265533693499e+01
3.341240894606766432e+00
4.824262784795122627e+01
-9.855044358747635158e+01
-4.483760522813756211e+01
-4.024705946177042648e+01
-3.095154636077600330e+01
7.370449827065382919e+01
-3.348294617897831671e+01
2.890711177531109044e+01
-2.365382949637388066e+01
-1.461464105401944735e+01
1.486210817026130542e+02
-3.796930150024520145e+01
3.114332655816657791e+01
6.954692679565447122e+01
-8.742784392354168688e+01
5.647112264268310611e+01
5.488693413354921447e+00
-2.746225381140934729e+00
-9.124976558153106154e+00
-4.907151105605153418e+01
2.043476712594200961e+01
6.320667511128336713e+01
3.594989163526874254e+00
3.115554602613151758e+01
4.870592545766811554e+00
-1.997687636013668921e+01
-1.365446556846447379e+01
3.416157520797992930e+01
4.100044589505852599e+01
-3.336812585042282819e+01
-2.108241468718876988e+01
-8.477040584472129936e+00
-8.854405366194805538e+01
2.581295989995797413e+01
2.366993897031134253e+01
-2.534761478034271320e+01
6.064547669822879783e+01
-5.978335074782183511e+00
-1.349335047813089261e+01
7.395115620239097609e+01
