-3.904623629557734148e+03
-3.766096854794504907e+03
4.610633040624773002e+02
1.823329906660509778e+03
-2.092287268454049808e+03
-4.112447206430411484e+01
6.867051452684817150e+02
4.256741387445289547e+03
4.009387450294340738e+02
-1.053028164285568664e+03
-1.662983590947692846e+03
6.148094996548213658e+02
1.177829813456407919e+03
-1.870291817260519110e+03
-6.068320567727944308e+02
3.353140065053743797e+02
-1.220258909057487884e+01
1.032685427493040379e+03
-1.115819781209775101e+03
-8.411321085408195586e+02
-1.015940030769153246e+01
-8.175084902304589605e+02
-3.219481178477120125e+02
-3.410982929646321509e+02
1.616286345497861475e+03
-9.639778490901870782e+02
-1.031913090291021490e+03
8.951761251935243990e+02
-2.249048953217899509e+02
7.214821612392289580e+02
4.047963096889683925e+02
-3.417960327262173905e+02
1.575571650442870180e+02
-4.838529483648141394e+01
-5.501619652516254746e+02
-1.218670669493037394e+03
5.603472794522220823e+01
-4.084277521256020123e+02
2.213178704516689876e+01
-1.871987515987734980e+02
-1.691087349460310065e+02
2.190183194654692045e+02
-6.041300768471151059e+02
-4.336833126017893392e+02
2.029526871075736381e+02
4.273873215102826748e+02
-6.331490494284010992e+02
-6.574030116622699893e+01
2.332121324713780837e+02
3.281344767679516394e+01
3.098615737540246755e+02
4.548769615037392100e+01
6.369153238537047628e+02
1.289054367634597895e+02
5.101929397998439981e+02
-7.689910710889982681e+01
-4.046039148015799469e+02
-7.524416368471521537e+02
-5.435996134907738906e+02
-2.804691032181768833e+02
-1.822950272049819489e+02
1.940435467882889853e+01
4.003009479980523793e+02
3.514833785852860046e+02
5.681712378228379521e+02
2.196788162983328903e+02
2.170231241831776003e+02
3.911363455065540506e+02
-1.985045912554116683e+02
-1.719171470964367927e+02
1.823970252063880650e+02
-1.761827424307059857e+02
-8.498576056845500659e+01
5.330060708503372098e+02
2.066509153227558215e+02
-5.528629977503375130e+02
-2.306839588164253030e+02
1.336338177598569388e+01
-5.584276992951838565e+02
-3.150377421272711942e+01
1.453415345200475031e+02
-1.767452350545565594e+02
2.578306940348142007e+01
-2.927009423185398518e+01
2.882614613329507591e+01
-3.178212960457858571e+02
1.502986182894041178e+02
-1.038656385780553961e+02
1.359782060660074023e+02
-6.887663024874252748e+00
-2.251546912083531709e+02
1.358065757249806182e+01
-1.152070815709638651e+00
3.869250051328992157e+01
7.522613680310568895e+01
-5.260828239828347463e+00
3.638702689944884696e+02
-1.220017309619168913e+02
3.809584709783445078e+02
-1.152529863031479920e+02
5.138088855748573991e+01
4.618987659318973726e+01
-2.131583495913635318e+01
-4.235796078518504828e+02
4.018122514309729922e+02
1.390539979361126086e+02
-3.635293938536802330e+02
1.079239851434398361e+02
-1.661148061520351575e+02
-2.969778276535574335e+01
1.640193964388432732e+02
-1.293383340906489920e+01
1.368292112649560295e+02
3.562751014068916788e+01
-1.113235518709422820e+02
-1.504017840537181350e+01
-6.301485238006738143e+01
-7.455267713881256952e+01
-2.358799335320902912e+01
2.157077981453443840e+02
2.191264956446925396e+02
-6.913618908492158255e+01
-1.061355980965104351e+02
-2.751431395396313064e+02
1.644895190934178686e+02
5.853320356814049319e+01
8.548773085655662385e+01
2.176360860954261796e+02
-1.414339354766613042e+02
1.809876631845455108e+02
4.453370368378192978e+01
8.991416944515158605e+01
-1.453347840623637524e+02
-6.924540652492910908e+01
-1.097017877128172358e+02
1.134250073375465178e+02
-2.507800465727115125e+02
-4.092248819598363241e+01
6.906643473843350023e+01
8.690107205848801186e+01
3.802754686275551421e+01
-1.988779016804151070e+02
-1.210186393958283588e+02
1.738253851593727006e+02
5.196457851547388884e+01
1.206674575865020245e+02
1.666634853311521525e+01
-1.562334936830840348e+01
-7.206235004800197430e+01
-1.793790275702266115e+02
-1.602444149681712986e+02
-2.036889957513727012e+01
5.368005857931344593e+01
-1.423108830357302281e+02
-9.325002444642957755e+01
-1.101749658877059233e+02
-6.002976461874221314e+01
1.785923350401065761e+02
6.072905212256053886e+01
-7.184746725269774004e+01
3.757382701742884734e+01
3.080468315634441865e+02
-2.935841530242584341e+01
9.677956061791462616e+01
-6.367732442763558254e+01
4.110339780733180959e+01
1.978260408994636066e+02
-3.513814505221000672e+01
1.338421507647275632e+02
-1.140736436544647034e+02
2.259111522442150033e+02
1.928226726403828195e+02
-9.406691107150336961e+01
-1.168056835414701453e+02
-1.666043976339745925e+01
-4.267090578513062837e+01
4.682124580374375711e+01
9.581679948145662706e+01
1.841777150208362102e+01
9.478608218806312991e+00
2.634885757794572925e+01
7.695037261373839499e+01
-1.005295947645836350e+02
-2.026392883215266494e+01
-1.008181659968575161e+01
-1.195647762864798693e+02
2.326198918558491258e+01
2.007840283845950182e+02
4.893042676538925662e+01
1.369257579581531274e+02
-1.944615857482196830e+01
-2.266900278728061480e+01
-8.275499581606287336e+01
4.915251974170574023e+00
-3.689183951647004278e+01
-1.783507557297679398e+02
4.025895614508331022e+01
-5.458231172990472224e+00
-5.730430726525573704e+01
-1.526972534007315403e+02
1.123853275509209340e+02
2.088749719153280182e+01
1.661287626097811554e+01
3.108260450607576431e+01
8.367795557418357077e+01
-1.659172368423348303e+02
-2.509152592554334760e+01
-3.248744234762033756e+01
9.533363214119300721e+01
-4.727962141860655976e+01
-2.324922781514991144e+01
-2.247585974501911465e+01
1.425584592284691476e+00
9.825104746495739505e+01
8.158490054661039892e+01
-1.109938431621814630e+02
-1.221330892111951866e-01
-6.971124988481314233e+01
-1.037379418093332930e+02
3.320726956606475966e+01
1.275396150534297135e+02
5.264053473691041773e+01
4.422005235549712410e+01
-2.950018058416075561e+00
1.448142931487705454e+01
-5.949690830263976693e+01
-3.753066263170195072e+01
3.111554675489166399e+01
1.246355404366272879e+01
6.722317229908205150e+01
-1.898481325547017207e+02
-4.232220941253628865e+01
1.261840078347369420e+01
-2.562430396831405588e+01
-5.849616600583512849e+01
-2.288989887769290910e+00
1.045892670696533884e+02
-2.445507645711634126e+01
2.054101729097203943e+01
7.287053721897225955e+01
-3.109048479183452329e+01
3.429377282856227538e+01
-1.046525989640669536e+02
5.065430139884088589e+01
-6.607545141465563177e+01
5.058659916722390903e+01
-6.469940253306421596e+01
1.436403230990194757e+01
3.601213836826296366e-01
-7.834430403147490729e+00
-8.083290708345312225e+01
-7.118047023941146634e+00
7.980292597952248101e+00
1.823040199545974005e+01
1.677305041120081341e+01
-9.739419508157541827e+01
2.110749738519382745e+01
2.836480672677878800e+01
-4.754371360145574243e+01
6.363354203919036678e+01
-2.464826056122716480e+01
5.841459038649373525e+01
-2.038595828541303945e+01
2.655879226167935769e+01
-6.827216459640080615e+00
-4.819394030272298579e+01
-3.788495999793116020e+00
6.171122940240814359e+01
-9.768813458562432217e+00
-5.552332653996877809e+01
-8.155833822332886029e+01
-1.038759631179141962e+02
-1.617744658996175033e+01
-1.943579955561573911e+02
5.085357217560171783e+00
-5.188227684886884816e+01
3.392094539044342838e+01
5.109952431756443758e+01
-5.291951075402849369e+01
6.670781689008944682e+01
1.037209226227639114e+01
-7.830568659890843719e+01
-3.135753304653079709e+01
-1.127638339333943804e+02
-3.287074830795275204e+01
7.401608082251779308e+01
-5.386166989562359930e+01
5.382240098687537255e+01
2.523551589527644623e+01
-9.254083236015635539e-01
4.038573945082699623e+01
4.897656100169599114e+01
6.325653807474531654e+00
-6.064236343999926504e+01
1.316505543703975150e+02
3.613479748641017952e+00
9.549715384570642840e+00
1.835021531946475903e+01
2.645908745146724783e+01
2.770870386942524632e+01
