-3.513934589493208478e+03
-6.156109480666800664e+02
-2.742155642228390207e+03
1.193115221077873457e+03
-2.111033644718214418e+03
-2.479001147352412318e+03
-2.988996147367507092e+03
-2.169299199785154087e+03
-2.156965427262481171e+03
3.437011193135344911e+02
-9.367753255552717064e+02
-2.556784767647837270e+03
1.403802181306860575e+03
-3.906332389879196967e+02
1.007401422360211996e+03
-2.253047914003012465e+03
-9.196345275913196247e+02
7.157589192368866406e+02
-1.491844283922710474e+03
-1.014270998379290518e+03
1.199522298339010831e+03
-2.616592437722682121e+02
-5.508074289302169291e+02
-7.683028103613919413e+00
-8.374442978615735456e+02
-9.569024784265627659e+02
1.454737808449247495e+03
-1.104056542744891658e+03
-8.215510886294528348e+01
-1.474325227916106371e+02
-3.838597662690906986e+02
7.182537349716180870e+02
-1.484341055542052345e+03
1.086284718015557246e+03
7.135473105312546522e+02
8.381023913203293887e+02
-6.918909446188903303e+02
1.764515145222970432e+03
-5.379248539753663181e+02
-8.634365576694910942e+02
-5.123589579246075800e+02
5.458446472782168257e+01
-1.184602405743161853e+03
1.018660618013944372e+02
-6.675883393008524536e+02
4.208676486176651110e+01
1.500790270246712055e+02
-2.876742510619505993e+02
-5.501266035663691127e+02
8.370945417354606661e+02
1.166497087351464614e+02
6.844805524304008486e+02
-9.379473242343088657e+01
-4.113489076123083805e+02
5.805449357460781812e+02
-6.329154639572357155e+02
2.909749482379760934e+02
4.841110325388979163e+02
-1.288905683381958056e+02
1.102809174620279009e+03
-4.657296457884365850e+02
-3.647725281524105299e+02
3.813339630235147837e+01
-4.565373729438423425e+02
-5.371570309294189656e+02
2.205497946518468382e+02
4.843586063954315932e+02
-1.846145678212059522e+02
5.540393730835148745e+02
2.220982924734151425e+02
5.103553951708614704e+02
5.344414022225928420e+02
-5.544836039907545455e+02
-8.814771533746545629e+01
-1.583616341271859369e+02
-4.639155466227165903e+02
4.748823110821483340e+01
-1.248359326309442991e+02
2.690871480828793096e+02
2.110046284367560361e+02
2.873269002728058013e+02
-4.741092600218335917e+01
3.145368477667718139e+02
1.024689109530388009e+02
7.388164575162535357e+02
-2.487744859795865295e+02
6.163414958238090158e+00
7.488026774625714097e+02
2.313196938382933183e+02
-3.008395466606996749e+01
4.793817113290659222e+02
2.951090025503604011e+02
6.930262197755313025e+01
1.603226306790596993e+02
-1.251560642459741644e+02
3.506798054084333103e+02
-2.119371902011717523e+01
-1.660323145525029815e+02
1.844607182871413613e+02
4.869325531159671527e+01
3.968630526939439278e+02
-3.459300096570349581e+01
-9.677009703801199691e+01
-2.850974818289064387e+02
1.354940286159176424e+02
-4.204687374967962654e+01
1.913473938456649392e+01
-1.092022940267122806e+02
-1.140032680565795005e+02
2.063587719540462899e+02
-1.860468536874151084e+02
-2.177963520489196583e+02
-2.493886963796048235e+02
1.002376417705595770e+02
-1.489791883025810648e+02
1.337532596866577137e+02
2.710607756880536385e+02
1.607935926895585794e+02
6.128691469339953102e+01
-2.516855158462705617e+02
-1.508494252716842254e+02
-1.018583400735997628e+02
1.678585669685670894e+02
-3.358958182644384465e+02
5.425351720865407401e+01
1.683365713817718756e+02
1.017149677804409151e+02
-1.110520768577282702e+01
-2.164478769255653674e+02
1.274232396362326192e+01
-2.131327370991625969e+02
7.045703635075038385e+00
-3.480392230178254067e+02
1.227317991671640129e+02
1.951772231742611723e+02
-4.384159650381057105e+01
1.406234243579687586e+02
8.759167471370497537e+01
4.808973337562498784e+01
-6.661867356201624624e+00
5.814902178096867402e+01
2.454745933731368837e+02
-3.802241007473911694e+00
6.665324301222433689e+01
-7.283959924613590431e+01
-8.533078530962174568e+01
-6.105120013927515998e+01
-8.719720285525563952e+01
2.083695514163778171e+02
-1.294836128640660320e+02
-1.781611150587359589e+02
1.073682758045997616e+02
-6.093710928209159050e+01
4.082797612431485277e+02
-6.807025162083849068e+01
-2.670343852468969814e+01
-6.420824646895880505e+01
1.554435130223567967e+02
1.598217014006440309e+02
3.115351181047988405e+01
-8.073347693629123967e+01
1.157612042007661302e+02
-1.200619854705686436e+02
6.011750008566140480e+01
-3.504563188807050267e+01
-7.643989722415039978e+01
1.550813973818781051e+02
2.543212233942646208e+02
-1.324248852035709660e+02
-1.818567619048324104e+02
3.264832837476076293e+02
-4.005800189951649060e+01
2.268265048000811817e+02
-2.286154713093030111e+01
-2.191584906905287937e+02
-1.174036734916146258e+02
1.080296282819789866e+02
-5.414834355100806107e+01
2.426155265898979394e+02
3.438527815685830546e+01
-2.847573609090301261e+01
-1.377376932756502299e+02
6.298849386851818366e+01
1.501733741810688798e+02
-1.460052567755932671e+02
6.348565486678947423e+01
4.114108774534279434e+01
-5.551598644781199710e+01
6.973479060854924683e+01
-1.231677122207968296e+02
3.644246879223690172e+01
1.215666377981176822e+02
-9.892093650474912181e+01
-6.732430469187677602e+01
1.566654578265630846e+02
-6.772996361164206292e+01
8.385692705023743088e+01
1.592022660825544733e+02
-6.831937472430260527e+01
1.706617348997658041e+02
-8.118535201440481330e+01
-8.978236237172347955e+01
8.455192285777434336e+01
-7.953440696185656122e+01
-3.510634980215628786e+01
1.811602588663130575e+01
-5.620080555854279680e+01
-4.354085445580680158e+01
3.402851106818285842e+01
1.020160241111264732e+01
-5.363879059366902879e+01
-1.376468578939315250e+02
-3.754437536056977365e+01
1.791194546839828092e+02
-8.878826332515937736e+01
1.484669048054049654e+02
-4.419431653150645900e+01
-4.215604538682794278e+00
-5.170299411564077019e+01
2.409711540039720390e+01
9.617690291399992475e+01
-4.317079564388861002e+01
2.487025979591425440e+01
8.393971772780186313e+01
1.690375930394767412e+00
-8.222292437890234851e+01
-1.159504328973486480e+02
-1.293874981711810790e+02
-1.194758955625259205e+02
8.815675606734146186e+01
6.571633000025732940e+01
1.192472224556737217e+02
-3.454260699240672494e+01
-7.290279178742578381e+01
5.732054255363927098e+01
5.407186456387388773e+01
1.771584004647645827e+01
1.328660916857581320e+01
-8.365243725851600232e+01
1.129338336295876957e+02
-5.667665449383155618e+01
-8.307482596387185225e+00
-9.559583913619293938e+00
-5.875463230190088382e+01
1.014738055487878796e+02
3.307267682469245784e+01
3.731609394853359873e+01
1.035376350450647465e+02
-4.066942572103867803e+01
3.057912456553792424e+01
5.636243498739943902e+00
-6.947100382426984311e+01
-1.380001232036804311e+02
3.089737384072359916e+01
-4.964105212492843577e+01
-2.144421491968091331e+01
-5.534918520850454371e+01
4.219660964113891310e+01
-5.386748533606195366e+01
6.959083478387817934e+01
-3.999845504981949063e+01
-9.550370907140883503e+01
-5.739632315053940781e-01
2.407611442804125801e+01
-1.020904479753846203e+02
9.515514071815401209e+00
-7.328616479793454630e+01
1.844767840473466265e+02
-1.446105673737517350e+02
4.444058520330899653e-01
-2.000787379218626327e+01
-5.663977564991451885e+01
5.490365125404751723e+01
2.113202911108193049e+01
-7.372473400601407434e+01
-3.031409008761254142e+01
9.092618888553667489e+01
-1.306059427533035944e+01
1.313755268455780723e+01
-2.104653716083398507e+01
-2.468002170114332472e+01
-1.558259810140553441e+02
-1.587594198231140865e+02
4.829625235299916497e+00
-3.312096618266020442e+01
-3.995678283396038477e+00
-1.314896357623714493e+02
5.364350187765744238e+00
5.513730535819505008e+01
-4.501138100778609541e+00
3.934196428904265019e+01
-3.225442897981614010e+01
-4.189446729490681776e+01
5.780221565192596955e+01
1.499197953046117959e+01
2.847666923618111667e+01
-2.852007212223204746e+01
7.435304667766585851e+01
7.331423115110081312e+01
-7.676706033570663124e+01
