-7.372311687325048297e+03
2.262820944114939266e+03
4.936795593414187351e+03
-1.967014590719609259e+03
2.621504210969985706e+03
-7.933930872316046816e+02
4.356465586737760418e+02
6.349310943421814954e+02
-1.821364920501823235e+03
-3.738811894202860913e+02
-5.577288546815974541e+02
1.268061107088694257e+02
-2.001677254517938536e+03
-4.994783631314929835e+02
6.627775499879867027e+01
-9.854882802972670106e+02
5.107922728736548947e+02
-3.113629840786923637e+02
8.394915686505047461e+02
-6.538725542857973778e+02
-8.083646163776069216e+02
-1.391869933444156004e+03
-5.645712363819912980e+02
-1.245872408943159144e+03
-4.112247781441198669e+01
-5.146025180136503963e+01
5.543027358582749002e+02
-5.952686895521538872e+02
2.179647632407331628e+02
1.076073456733675584e+03
-3.587622642446444843e+02
2.978329216992336796e+02
-1.186543843909892985e+03
-1.166447048644248298e+03
1.547351083079685736e+02
3.632077501110426283e+02
-1.531210770986814680e+02
-5.711401497937089289e+02
-3.579708495063907776e+02
-3.392005214404956632e+02
2.649908377257269763e+02
6.652878658365776801e+02
2.176300868079237461e+01
-2.664132131628757634e+02
-1.124164601795723001e+03
5.309670061905844705e+02
-3.394709658189926813e+02
2.803772880774459395e+02
-6.015777039668772659e+02
-2.615491363182221676e+02
3.455782211942544109e+02
-1.184500488498382538e+02
-1.125442675680450748e+03
5.670256780915369177e+01
-4.629284685915141608e+02
-6.022791832079252572e+02
5.296180879374450114e+02
4.774374041181913526e+02
1.408040576202351417e+02
-3.667520157227684194e+02
2.423307794269326223e+02
1.285361079765472994e+02
-2.465455368220491721e+02
-5.385784956450944492e+02
1.348451574729621996e+02
-1.045696261903345601e+02
-6.008358551970710693e+01
-3.453937473573005832e+02
4.147445581065850888e+02
2.519151710497295937e+02
-3.621187487011229678e+02
-2.270071515521264871e+02
-7.162503382399371787e+01
-7.250734817476951548e+02
1.177742311570004574e+02
-5.867514813283016792e+02
-4.811887857006865943e+01
8.257934996107771042e+00
3.560742091386010770e+02
5.279634174263251225e+02
-1.708958217046433106e+02
-2.012430468172602502e+02
-2.979507630845909034e+02
-8.116516246194116775e+02
-3.509478550927726701e+02
-2.810051453543692901e+00
7.207525857781405421e+01
-5.039956931538726508e+02
4.081280728738798871e+02
-3.221854754282111912e+02
-1.081089422655843890e+02
-2.961295431564278147e+02
1.729310122388317552e+02
-1.344290906405910562e+02
1.918082146367873406e+02
2.380926474810686670e+02
-2.731012251946527414e+01
1.782573835278883507e+02
-3.559023112785499876e+01
-4.566198757894864002e+01
-1.134251274749810712e+01
1.126378901415876186e+02
6.804051135095886593e+01
3.911670394076315205e+01
5.403814570288255936e+01
1.585122411732063163e+01
1.285655549019309092e+02
1.453122192281870468e+02
2.266615709069633908e+02
-1.801986930456376399e+02
2.749170062586110816e+02
6.655896224186973598e+01
2.174352401774892201e+02
-1.468622138905369034e+01
-4.790231915886638348e+01
-7.512082096446374635e+01
1.530488082909052139e+02
-1.030683645921407958e+02
5.850809362877615882e+01
7.699502381559301512e+01
1.357941809691504602e+02
-1.325085721918033244e+02
3.046415698809309447e+02
1.191447147800013653e+02
-1.521461361602329134e+02
2.452752091106466139e+02
2.437538714279783392e+02
-3.000519832543552070e+02
-2.225134465664266088e+02
-2.254800136269249435e+02
-1.200697559875344211e+02
4.007962753238482492e+02
2.451016695373940024e+01
-1.973013066351341251e+02
1.544095480271035399e+02
-1.214042805346349496e+01
-9.922935238402919822e+01
2.261181054148077578e+02
3.015918409380831235e+02
8.650312083784929484e+01
-2.650441915998487019e+01
6.472989313338518969e+01
1.541518707118432872e+02
7.414991782848892932e+00
-7.503718890668064034e+01
5.073727076242887080e+01
-2.683995917084585017e+02
1.842715524783770604e+02
4.740581467060879106e+01
-1.255405411101074087e+01
8.029390838153754828e+01
2.878245237066246176e+01
1.918535076892346183e+02
-6.910671070121576776e+00
9.841508552166438051e+01
1.126914360795517211e+01
-1.470506561804085948e+02
-2.329074181935694980e+02
1.183719966580218284e+02
-1.544947044875288498e+02
-6.119102207297951068e+00
1.586338971313475099e+02
1.335047670822376631e+02
4.015611392997351459e+01
-9.523091312642445416e+01
1.447634441081313810e+02
-1.096038017036353835e+02
-5.330579949973039788e+01
-6.061197929284237063e+01
1.065537490573330217e+02
1.198987985277613006e+02
3.516261995334048862e+01
-6.616494991424534078e+01
-5.672899551222372594e+01
-2.294851522774623902e+02
-1.152245289711825222e+02
1.738900138589813764e+02
7.669127942644466600e+01
-7.894423035930884680e+01
1.756005197399661597e+02
-1.436508887881458065e+02
8.868182633630597422e+01
-1.230656995722790441e+02
1.109369036008578036e+01
-1.652721294641963823e+02
1.330577337540974270e+02
4.841538978219517730e+01
-1.769646633212097413e+02
3.923453109852954590e+00
2.400384899279705309e+01
-2.281142390773172792e+02
-1.267124686378700744e+02
2.685259612372567162e+01
-6.714109616598089758e+01
5.842308522952674821e+01
9.300650250026928134e+00
4.239480515149136153e+01
-6.045023389010942161e+00
-2.139051631671407350e+01
-4.706425534253087051e+01
-6.990928431505993501e+01
-1.986463709191205851e+01
6.474709946573361208e+01
1.562441238043869518e+01
1.019776213140821284e+02
1.470719007828786857e+02
1.617053417377885793e+01
1.360220498445613657e+02
2.053289563715817323e+01
1.449073586314420936e+02
-1.839728071748085014e+01
1.544779882261939186e+01
4.093791207223733153e+01
1.943712092520452757e+02
3.880556420663010897e+01
-8.943595094271294954e+01
-2.787514116069322156e+01
-1.429833794681787538e+02
-7.995208823811226750e+01
7.515572629141901473e+01
1.200143470815324349e+02
1.209110920318879181e+02
-1.459160765357973730e+02
-7.175021383982104339e+01
8.851823609237696644e+01
1.401216267799657089e+02
9.958352377978472703e+01
8.382756181580027999e+01
9.816548272295590039e+01
-5.319669568490373024e+01
-4.903563144271250707e+01
2.210672133557093844e+01
9.856080201779407446e+01
-9.987420433532636821e+01
-1.002200094947796174e+02
1.775705585935466502e+01
2.444256810077423125e+01
2.322030509614447169e+01
-5.649705248686074555e+01
6.330179843461995404e+01
1.039379676797825880e+01
1.355241705519904940e+02
-6.246060059992112201e+01
4.141001905063875199e+01
1.155014202155767151e+02
-6.755479333870052017e+01
1.087385656881430407e+02
-1.022220363601942807e+02
2.185334123672523443e+00
4.715287855749072321e+01
6.330776173272775509e+01
-1.603800605723774879e+02
-4.499290594839896329e+01
-1.260523628476743312e+02
-8.031129634404843287e+00
-7.488227848478578608e+01
-9.036579228027393995e+00
6.213144864697681413e+01
-2.651339476954890984e+01
5.586729350524275439e+00
7.257387429908868626e+01
-3.629423665808896970e+01
-3.255784725738647722e+01
1.362607665738289597e+02
-1.003907653559030280e+02
-6.164667615432608727e+01
-1.416510595137104929e+02
-3.933340330607326507e+01
1.139966344912626965e+02
-4.908957135622974022e+01
-2.708308202212031546e+01
-4.163746939988337203e+01
7.063898900718475815e+00
5.343489970244560539e+01
9.615791469493250077e+01
1.466960023493247149e+02
-6.342878218372315047e+01
-2.753063250155695485e+01
-5.407464008594264726e+01
-7.061044951989424590e+01
-3.986027809254379406e+01
-1.081428111221434740e+01
1.115487732704807122e+01
-8.483077197626863608e+01
-9.166970948571172073e+01
1.974893635189880214e+01
3.603379945513628257e+01
-2.426373954328572502e+00
4.854183889717108968e+01
-7.429027131182012411e+00
-1.873307577114452371e+01
-1.056399171392744840e+01
2.891324614449768404e+01
-1.040521974630911899e+02
-8.065887184948523725e+01
-1.915379220503195867e+01
9.934167204107968985e+01
-4.400782268046614121e+01
7.596889902873829215e+01
-6.195227536324566131e+00
