1.691282396458660969e+03
-2.514180821728146839e+03
5.001647418517934966e+03
-2.992822902606088974e+03
-1.631768861510033048e+03
4.487677585880069273e+03
-4.541603093936822006e+03
1.031332026270269353e+03
1.856426289196225298e+03
3.012169369158053541e+03
1.821148014886375449e+03
1.635450586487829980e+02
6.703179951733311555e+02
5.092242481268505685e+02
8.048404868387538045e+02
-5.036973744427817792e+02
-1.771124221620058506e+03
4.770443573636222936e+03
5.297378843540020625e+02
3.023544757948105598e+03
-4.907356263753588337e+02
2.542800600164002844e+03
-2.522548339594701758e+02
-2.176944898098552130e+03
-3.927086004634780693e+03
-1.877879497144794868e+03
3.816568085546406905e+02
3.056454527179867569e+02
6.624002022657092539e+02
-1.916692923571998790e+02
4.800088073724525373e+01
8.149610995647049094e+02
4.554074824066348697e+02
-1.613886636814701792e+00
-6.684494078586923251e+02
-3.971416479164154794e+02
2.741129133219927553e+03
-1.432020671174840345e+03
7.414171996976206174e+02
2.351890525360421123e+02
-1.109663629188317600e+03
-8.124465314634727520e+02
5.392214114049878617e+02
-8.820874913294238695e+02
1.173110627661358876e+03
-3.323666435186568719e+02
8.008291676041444873e+01
9.970557675851075601e+02
3.532614775075031730e+02
5.859432217330017920e+02
5.821252552945911418e+01
9.654425017558354227e+01
-1.009251968157552938e+03
-1.177697438390679281e+03
-4.708048177853590914e+02
-6.969289454574103502e+02
1.685853130478027651e+03
6.652189144520805257e+02
7.810128157523377013e+02
3.775888770529917338e+02
2.974762705357192658e+02
4.172196081911977217e+02
-8.022393625373891837e+02
7.778164318960165247e+02
1.414852130590435877e+02
-4.823998607934098715e+01
-1.426492214450920315e+01
9.668386674525969511e+02
-1.222558407423005292e+03
-6.357081134818395185e+02
7.568264300266308737e+02
1.610129436246119440e+03
1.808659530535947413e+00
4.248604302219979445e+02
4.600573763067146160e+02
-2.048479995645621727e+02
6.764396790934615638e+02
-1.312069773977414343e+03
-1.077329835273419576e+02
1.387753864847909881e+03
-1.457336012709600084e+02
1.851524469596499500e+02
5.924035404535505904e+02
4.092941328682869653e+02
9.065312745394760441e+01
1.070274868842369642e+03
-1.848688717299034181e+02
-5.460182710959657015e+02
3.279997235515000398e+02
7.134427769532388766e+02
-6.032400735132561067e+02
-8.753204249793752751e+02
2.588005350233899104e+00
6.784775470544662994e+02
8.672817043219183120e+01
-6.808722585473675508e+02
-9.869120381939468416e+02
5.871633275432226355e+02
1.452775520477901523e+02
2.053573026970631759e+02
4.693307858488651050e+02
-2.953232608692070471e+02
-1.053648257975339675e+02
3.433708097601754616e+01
-3.051517075806143566e+02
2.381231330439784983e+02
-1.490419190284632691e+02
-6.413915595732282782e+01
-1.238091305812626075e+02
1.615770042926709849e+01
-1.494610466452658954e+02
-1.242276487134120515e+02
2.451167880910956569e+02
-3.280310906943560099e+02
-1.935186741790005840e+02
-1.863515931105981451e+02
-4.385306627032535687e+01
3.898884027421767087e+02
8.326259824944409615e+01
-2.408496674795004537e+02
-4.409198706986841785e+02
-3.715255081203570739e+02
-5.595251746703560514e+01
-2.805561154337351581e+02
-5.094488058047827117e+00
-1.672546434548468994e+02
3.068351988783859952e+02
1.290391826195851799e+01
-6.660178474988178721e+01
-6.817853271854744435e+01
3.553926692473437470e+02
2.237773664179352977e+02
-2.441398998666785758e+01
-5.985156816157110597e+02
2.541488801205194079e+02
-4.520570226478690667e-01
3.178723381222861804e+02
2.197542742864632004e+01
1.310361911464330831e+01
1.252531820024416618e+02
3.284601255071317496e+02
-1.994830014478349867e+01
-4.720262865363699234e+02
-5.098190879879795290e+01
8.077350240973933637e+01
1.163644576806361499e+02
-1.898483895136635624e+02
2.819035880353881112e+02
-1.738168194857707647e+02
-1.691076977837630011e+02
-1.058440465503877093e+01
1.874972032977630931e+02
-2.884165337332961485e+02
-2.375648194648227900e+02
-5.797282503078506011e+01
-4.975259774035302485e+02
-1.014189334165552054e+02
-1.347570586917372637e+01
3.857866739700410363e+01
3.125296826774361492e+01
-2.217354530561381694e+02
2.381641386864235699e+02
-1.276431598349975260e+01
-7.649707034190522847e+01
1.718103413294402628e+02
-1.496842685967281454e+02
-1.508162837284012596e+02
1.345235717102301294e+02
1.138139938352841227e+02
1.447362239907081118e+02
1.905695824306754105e+02
-5.005446335667867430e+01
-3.023912515933289455e+02
1.507095075820061822e+02
1.015908192150378682e+02
2.381966422329302446e+01
5.001768553534439121e+01
-2.696765982941561219e+02
1.596836321425131473e+02
-4.416575853273442931e+01
-1.721406928224579644e+02
6.363987494385497001e+01
-7.767495720844499907e+00
9.673881769037228651e+01
1.552312164215819621e+02
-4.756092003554312697e+01
1.687116419864795205e+02
7.769223535845323170e+01
7.799349738951130462e+01
8.252572097998853451e+01
-1.873816540017830050e+02
-1.074261782743092795e+02
-1.468034314057659913e+02
-2.805589005919107990e+02
7.391541781123679300e+01
2.204561364251577515e+02
7.197285626362946331e+00
-2.424645072101212406e+02
3.081735915045581464e+02
1.971951844100416622e+02
-2.732003945900574422e+02
-9.725670475663346792e+01
2.605161820873296392e+02
2.060608116460076928e+02
2.627361376472562426e+01
-1.597714599231029808e+02
-8.860396473064940892e+01
-9.791086986962382355e+01
-2.242892849323041560e+01
-1.077123290990460163e+02
1.701294824483146897e+02
3.698591426901252532e+01
-6.088183915109704003e+01
6.660703502364275330e+00
8.124941909313703547e+01
1.050311069945839506e+02
-5.581443309602429537e+01
-4.149955407172421928e+01
-9.922459789587294665e+01
-6.161286974207323652e+01
-3.296096978635351888e+02
7.624623679115174468e+01
3.694443354969619264e+01
2.088725985198596220e+02
1.683789930746876564e+02
6.499574095891563275e+01
-3.131239630859570298e+02
1.758404987239671300e+02
1.572016304522206553e+02
9.356657573798976557e+01
5.889775609039460136e+01
-1.703506981631052497e+01
-1.031160586747166548e+02
2.659896132006350200e+01
1.779825173179008146e+01
-1.371268437547545602e+02
1.051491052389566505e+02
-1.815288700361310248e+02
-1.581997562676979996e+01
6.094941380828904443e+01
7.900828769011937425e+01
5.285496214154798622e+01
-4.936288533239681442e+01
-1.011193848637392563e+02
-1.081964172404617983e+02
3.793791312146610295e+01
-1.582279730987704625e+02
1.244432639815475881e+02
-1.345138238779695428e+02
3.126258193594014756e+02
1.062457872092149245e+02
8.764262615125895195e+01
-2.700505419798442119e+01
-2.544632159828013229e+01
1.938126373278339187e+01
4.465876771179846116e+01
-9.847882989287205646e+01
6.706846631361358391e+01
-3.727154897206990114e+01
3.691612636556192228e+01
7.451126504055123689e+01
-3.662763665784150469e+00
-3.779236993537741007e+00
6.985476205957306206e+01
1.600069018486610162e+01
-6.158469819034586834e+01
4.022923664649614039e+01
2.694697490235549964e+01
-1.571774309730186125e+01
-1.480690818556796557e+02
-8.598887811970374173e+01
-3.933561521649915704e+01
1.975795730072453864e+02
-2.312944779112448401e+01
-1.330473292650242989e+01
1.233898875232115415e+02
3.180834576583526285e+01
6.715178111754069334e+01
-2.774120095904518379e+01
-2.002022461702010219e+02
-1.120114367269771378e+02
-1.388239827723719486e+02
-5.025126863412761935e+01
-8.016155745409787414e+01
-2.411147834810945767e+01
1.178428362642197058e+01
1.580029521856508978e+01
1.079282266494410720e+02
-5.616400616465514872e+01
3.076165888144803073e+00
-8.787287837579042105e+01
-1.008964611807718796e+02
1.035396673507665497e+02
-5.633817704045097940e+01
-5.651107423122891049e+00
-1.132627365146255016e+02
-2.355571693568587577e+01
8.366247657620826317e+01
-1.239334209844340684e+01
8.520226048680048336e+01
